39 282
-0.19619 1.0311 0.22788 1.1074 -0.64094 0.80679 0.37587 0.796 -0.34915 0.61561 -0.81916 1.5433 -1.5387 0.16588 0.031657 0.29291 0.57291 0.6521 0.22554 -0.74894 -0.89674 0.35596 0.35854 0.51447 -0.9092 -0.03593 -0.049341 -0.032274 -0.011385 -0.26261 -0.15579 -0.074255 0.27411 0.80111 -0.19959 0.010173 -0.10512 -0.11257 0.017437
-0.32246 1.2667 1.1367 2.0885 -0.072158 0.068866 0.053638 0.29182 -0.96842 0.97788 0.21083 1.4931 -1.4294 0.23515 0.12717 0.4059 0.68977 0.5364 -0.052844 -0.51369 -0.22809 0.17561 0.46527 0.52349 -1.1559 -0.083388 -0.083584 -0.062584 -0.18087 -0.6675 -0.38389 0.028559 0.44913 1.1476 -0.37182 -0.23797 -0.51031 0.024617 0.062604
-0.0029452 0.90033 0.57659 1.5933 -0.34562 0.5327 -0.29269 0.022903 -0.7518 1.3743 0.39706 0.54392 -1.5183 0.038953 -0.07449 0.20728 0.017094 0.40106 0.22401 -0.25996 0.36633 0.050806 0.32257 0.29254 -0.9882 0.019456 -0.14349 -0.13008 -0.51872 -0.94484 -0.41472 0.14547 0.46996 1.1698 -0.33369 -0.30813 -0.97733 0.39596 0.093348
0.07976 1.0982 0.37523 1.7354 0.29234 1.7012 -0.61501 -0.38801 0.83265 0.72646 -0.87315 0.12968 -1.66 0.069638 -0.025665 -0.031148 -0.40751 0.033922 0.29554 -0.019789 0.7528 -0.21802 -0.09218 -0.40064 -0.79437 0.044813 -0.256 -0.10508 -0.39255 -0.69439 -0.32609 0.12076 0.51074 0.74642 -0.31778 -0.33297 -0.83376 0.70974 0.13322
0.068917 1.2666 0.95319 2.0643 -0.27414 0.20498 0.19906 1.3583 -0.64755 1.2424 -0.069378 0.15713 -1.6332 -0.029012 -0.11813 -0.52868 -0.658 0.10088 0.35933 0.021447 0.93764 -0.10045 0.031117 -0.98161 -0.26302 0.060666 -0.2574 -0.0013894 0.13155 0.0078735 -0.41652 -0.20116 0.2638 0.054568 -0.2811 -0.22676 -0.30223 0.76303 0.12681
-0.42064 0.79073 0.48616 0.63637 -0.19128 1.1265 0.17814 1.3923 -0.63871 0.94604 -0.32602 0.6443 -1.3565 -0.23 -0.034322 -0.014815 -0.28153 0.052964 0.137 0.44846 0.97574 -0.37138 -0.043817 -0.51103 -0.056436 0.12448 -0.24945 0.070013 0.31868 0.29493 -0.35818 -0.059479 -0.029179 -0.93267 0.28141 -0.35332 0.35195 0.61788 0.047965
-0.0015289 1.1779 0.48172 1.0282 -0.50683 0.81811 0.084328 1.161 -1.0161 0.50499 -1.1374 0.40457 -1.4547 -0.31311 -0.075562 0.45481 -0.03492 -0.41434 -0.096599 0.090908 0.37925 -0.4246 -0.14835 -0.26306 0.2127 0.1972 -0.11342 0.24747 0.50618 0.49941 -0.1622 0.067587 -0.27555 -1.4487 0.40827 -0.59372 0.99449 0.34013 -0.07585
-0.21821 0.96325 -0.023038 1.387 0.4095 0.80623 -0.42192 0.86568 -0.48487 1.5582 -1.0066 0.79826 -1.4461 -0.27455 0.070159 0.10571 -0.16857 -0.40315 0.41295 -0.083955 -0.79154 0.47374 -0.69712 -0.06512 0.24386 0.060098 -0.17006 -0.023628 0.28548 0.13111 0.25138 0.26464 -0.49122 -1.0267 0.62961 -0.58548 1.1956 0.17597 -0.064807
-0.27999 0.95535 0.98208 1.5593 -0.2294 1.2117 0.53507 1.2577 -0.46205 0.98777 -0.22262 -0.12719 -1.4626 -0.22518 0.25121 0.41329 0.22028 0.007819 0.37028 -0.25846 -1.0205 0.25064 -0.80784 0.77256 0.30076 -0.034063 -0.20903 -0.37872 0.076589 -0.36196 0.45398 -0.087246 -0.32868 0.15451 0.61416 -0.73186 1.0524 -0.20031 0.21077
-0.43521 1.1067 1.5767 1.7559 -0.75928 0.95143 -0.456 0.62587 -0.15752 0.40258 -1.0853 0.74161 -1.337 -0.60392 -0.24127 0.56838 -0.16656 0.30914 0.4549 -0.37527 -0.33348 0.4903 -0.86354 1.3496 0.2812 0.13196 -0.12182 -0.76522 -0.33893 -0.67044 0.28271 -0.86977 -0.44623 1.1525 0.48318 -0.51156 0.57264 -0.46625 0.55255
-0.4247 1.2605 0.31633 0.77926 -0.78701 1.0349 0.29499 0.1871 -0.21639 0.042419 0.0085444 0.8146 -1.5179 -0.55508 -0.57266 0.36965 -0.72001 0.082957 -0.28483 -0.42097 0.47179 0.7367 -1.5014 1.1222 -0.18588 0.52156 0.12971 -0.82189 -0.65351 -0.90148 -0.22555 -0.81958 -0.36643 1.1241 0.6989 -0.001273 0.073438 -0.46841 0.61665
-0.55486 1.156 1.0198 1.1781 0.41122 1.6918 -0.48636 -0.0019658 -0.77938 0.013906 0.58122 1.0653 -1.4181 -0.34458 -0.83385 -0.5543 -0.96227 0.08625 -1.0248 -0.90674 0.753 1.1484 -1.355 0.89529 -0.43097 0.72357 0.62456 -0.30442 -0.48806 -0.48736 -0.78443 -0.48147 -0.14076 0.42354 0.19752 0.67893 -0.15691 -0.1148 0.46234
-1.0421 0.49711 1.3178 1.0704 0.30902 1.2159 -0.5683 1.3936 0.067309 0.11108 0.59013 0.54328 -1.1818 -0.094651 -0.86567 -0.3341 -1.0799 -0.3226 -0.55265 -0.72942 0.67084 1.2541 -0.56713 1.1387 -0.26568 0.72038 0.7632 0.3849 -0.24169 0.057122 -0.83624 0.089919 0.44535 -0.84755 -0.6105 1.2618 -0.1705 0.33376 0.066903
-0.87717 0.18354 0.79615 0.32392 -0.16263 -0.0090893 -0.5458 1.947 0.81895 -0.75857 0.2791 -0.19606 -0.53414 0.40024 -0.6201 -0.058774 -0.90637 -0.99528 -0.3835 -0.48447 0.4194 0.59994 -0.0031704 1.0206 0.11426 0.82049 0.48684 0.86561 0.16905 0.49822 -0.19718 0.43457 1.0676 -1.4169 -1.2294 1.1565 -0.49219 0.39326 -0.26438
-0.52818 0.26923 -0.075646 0.29926 -0.80891 -0.26938 -0.98579 1.519 1.0447 -0.99533 0.57793 -0.41261 -0.6234 0.57981 -0.022167 -0.36619 -0.64443 -0.98223 -0.41092 0.33361 -1.017 -0.17461 0.29197 0.71165 0.24254 0.58885 -0.29249 0.72964 0.10051 0.94508 0.96569 0.66066 1.5833 -1.076 -1.3962 0.51508 -1.0719 0.040785 -0.53605
-0.46329 0.47631 1.1692 -0.017374 -1.1907 1.2809 -1.0862 0.46257 0.92742 0.21387 1.0536 1.3579 -0.74804 0.28145 0.22655 -0.20783 -0.24749 0.028283 -0.19727 0.83243 -1.1821 -0.51294 0.47852 0.11889 0.13638 0.34194 -0.98805 0.20762 -0.017057 0.87803 1.7801 0.46307 1.293 -0.11807 -0.66043 0.0019239 -1.3357 -0.37776 -0.5868
0.21585 0.63224 0.56404 -0.16073 -1.3344 1.0387 -0.16613 0.68992 -0.49732 0.28246 1.8663 1.1863 -0.46552 -0.60622 -0.040128 -0.065722 0.36298 0.99448 0.71429 1.9643 -0.63477 -0.88604 0.19852 -0.55735 -0.16867 0.050453 -1.1504 -0.25259 0.079509 0.81476 1.6744 -0.040675 0.55775 1.1456 -0.01619 -0.24995 -1.184 -0.71529 -0.47951
-0.2676 0.92643 0.58152 0.69813 -0.11226 0.55929 0.10773 -1.1542 -0.76683 0.17801 0.98867 0.66066 -0.61421 -0.94701 -0.25791 -0.24944 0.23628 1.3976 0.010457 1.4434 0.012034 -0.32592 0.044794 -1.0182 -0.4192 0.094215 -0.88982 -0.24984 0.13163 0.41555 0.82747 -0.33611 -0.46127 1.346 0.76945 -0.036357 -0.68232 -0.38164 -0.44724
-1.0822 0.30296 0.79145 0.43799 0.5178 0.012159 0.43061 1.2799 0.65102 0.041219 -0.047278 -0.26198 -0.47731 -1.0658 -0.21633 -0.19338 0.64112 1.5129 -0.58694 1.2295 0.66309 -0.31076 0.016652 -1.0904 -0.90187 -0.10038 -0.1403 0.14206 0.21252 -0.15586 -0.32982 -0.34103 -1.1141 0.94943 0.85132 0.4487 0.37644 0.30573 -0.38449
-1.8913 -0.064359 0.281 0.80739 0.60063 1.4972 2.1473 1.3196 -0.068907 -1.0245 -0.44488 -0.4641 -0.57022 -1.2357 -0.11702 0.11186 0.39059 1.3345 -0.22212 0.26423 0.8416 0.66764 0.4957 -0.98394 -0.24392 -0.34088 0.53337 0.61741 0.36968 -0.35111 -0.88304 0.064056 -1.0645 -0.13204 0.39213 0.79419 0.97104 0.60081 -0.35384
-1.2037 0.25781 -0.11019 0.083966 0.19616 -0.040355 -0.37612 0.76284 0.70338 0.012377 0.079436 0.31083 -0.54234 -0.73324 0.13016 0.17067 -0.010916 0.38545 0.14506 0.2492 0.84049 0.24284 0.84953 0.16917 0.38799 -0.38357 0.9483 0.67786 0.20726 -0.50747 -0.96413 -0.23576 -1.0387 -0.881 0.26209 0.72482 1.0726 0.48135 -0.098475
-1.2944 0.65212 1.2955 1.2129 0.59942 0.51137 0.89836 0.94761 -0.6989 0.83946 0.4349 0.23666 -0.91491 -0.058414 0.62516 0.29877 -0.10141 0.2662 -0.21382 -0.26696 -0.32049 0.13989 1.1816 0.28231 0.17741 -0.36366 0.78076 0.25296 -0.06044 0.015065 -0.55047 -0.37683 -0.39444 -1.1031 -0.10614 -0.3993 0.87443 -0.040692 0.2216
-1.7477 0.61135 0.65957 0.48963 0.98823 0.64919 0.11511 1.1885 0.7547 0.86637 0.13026 0.70562 -0.94005 0.21732 0.57259 0.11974 -0.070442 0.1973 -1.0616 -0.6514 -0.47745 0.44564 1.0911 0.4094 -0.11279 -0.25437 0.1709 -0.57402 -0.56666 0.24332 -0.38865 -0.70166 -0.50372 -1.2037 0.37996 -1.4121 0.58536 -0.075645 0.54405
-1.6176 0.72431 0.736 0.51573 0.35886 0.76625 1.2429 0.75585 -0.13959 0.73871 0.94827 0.65731 -0.97504 -0.16908 0.092767 0.010442 0.44484 0.36732 -0.3774 -0.080916 -0.65919 0.35062 -0.40982 0.63345 -0.050372 -0.026782 -0.23988 -1.0622 -0.87612 0.18222 -0.66326 -0.54179 -0.29935 -0.81736 0.39534 -1.9099 0.63224 0.34805 0.66653
-1.2089 0.82504 0.92763 0.2842 0.95986 -0.15265 0.31693 0.83806 0.96661 0.98602 -0.38294 -0.74832 -0.81825 -0.33664 -0.59154 -0.82082 0.16942 -0.41789 -1.1951 -0.86844 -1.3484 0.85666 -1.1235 1.1542 0.3743 0.37482 0.29461 -1.1564 -0.96139 -0.34807 -0.8377 -0.28967 -0.064028 -0.65068 0.079131 -1.2296 -0.14885 0.57693 0.86296
-1.3054 0.60106 0.064496 0.7618 0.57825 -0.64852 0.227 0.33296 0.451 0.58145 0.57059 -0.17023 -0.88548 -0.24884 -0.61828 -0.98328 0.11731 -0.70243 -1.2426 -0.75445 -1.481 0.68314 -1.455 1.1641 0.66382 0.45678 1.266 -0.92184 -0.50583 -1.1606 -0.92069 -0.018752 0.20945 0.07412 -0.55237 0.0041662 -1.1769 0.25027 1.0294
-1.7425 0.39316 0.66139 1.4488 0.96769 0.24735 -0.16615 -0.0868 0.56267 -0.67484 1.5113 0.93774 -0.65503 0.84203 -1.059 -1.3056 -0.56466 -0.87658 -1.2097 -0.41715 -1.3337 0.42005 -0.79763 -0.1606 0.7233 0.9728 1.731 -0.59315 0.63923 -1.702 -0.47141 1.0934 0.73957 1.3627 -1.1232 0.75449 -2.5501 -1.0126 1.0468
-2.1333 -0.26534 -0.3324 0.87768 -0.28867 -1.1546 -0.36525 -0.86279 0.91563 -0.346 2.0907 1.2017 -0.36359 1.7387 -1.2582 -0.76158 -1.3732 -1.1703 -0.39752 0.16444 -0.50359 -0.50484 -0.56716 -1.0655 0.30719 1.4261 1.4981 -0.40656 1.435 -1.9069 -0.31534 1.7344 0.65868 2.32 -0.82268 1.0015 -3.1007 -2.3288 0.85944
-1.7663 0.26119 -0.75946 0.13103 0.017338 -0.70491 -0.20712 -0.49991 1.5309 -0.79383 1.2087 1.2879 -0.46281 2.0822 -1.2923 0.33571 -2.2879 -1.0945 0.62606 0.25485 0.86838 -0.72079 -0.091997 -2.828 -1.4712 1.6716 0.42053 0.066822 2.2186 -0.99218 0.072335 2.2234 0.37697 2.7616 -0.029867 0.53106 -2.3547 -2.8038 0.27187
0.86461 -0.58708 -0.96027 -0.65876 -0.47346 -1.1317 0.92794 -0.72463 0.16131 0.6294 -0.94438 0.48603 0.61164 2.0851 -1.2022 1.0491 -2.6088 -1.2065 1.3924 0.32265 2.0122 -0.34003 0.15162 -3.6981 -2.9267 1.5703 -0.7898 0.17653 2.0056 0.2459 0.13254 1.6781 -0.048739 1.9275 0.60142 -0.05229 -0.77082 -1.9478 -0.28326
1.1392 -0.68645 0.36866 -1.3565 -0.36158 -0.30659 0.19751 0.62637 -0.13468 -0.14437 -1.5072 -0.61237 1.047 1.5015 -0.97537 2.2036 -1.8154 -0.73251 2.4467 0.32607 2.8741 0.2687 -0.11921 -3.5514 -3.3089 1.3648 -1.8908 0.33569 1.0304 1.3144 -0.013547 0.52834 -0.44058 0.085603 0.53769 -0.76805 1.3882 0.0025711 -0.80891
0.30893 -0.98322 1.2491 -1.9066 -0.66115 0.98829 0.073627 1.5942 -0.22548 -0.27274 -2.3609 -2.2826 1.0855 0.47907 -1.1168 2.2947 -1.1512 -1.1105 2.1299 0.058377 2.3135 0.1455 -0.65852 -2.2498 -2.6907 1.1 -1.9691 0.42427 -0.094139 1.9057 0.085346 -0.70737 -0.3177 -1.833 -0.012676 -0.55575 2.5682 1.7158 -0.95762
0.20195 -1.0556 1.6339 -1.9599 -1.0698 1.5099 0.065928 2.048 1.2283 -0.62202 -2.408 -2.8249 1.0988 -0.83219 -0.76208 1.7598 -0.55032 -1.1802 1.3472 -0.50521 0.90337 0.05897 -1.1941 -0.78916 -1.5585 0.53371 -1.1068 0.45187 -1.1474 1.7466 0.3962 -1.7171 -0.12277 -3.0959 -0.85029 0.10904 2.5976 2.5182 -0.82901
0.010253 -1.0755 2.3643 -1.3177 -0.96174 1.6168 0.40406 2.5963 1.7831 -0.39038 -2.5087 -2.728 1.2391 -0.6196 -0.58393 1.077 0.33638 -0.83189 0.50858 0.10378 -0.6023 -0.27104 -0.4022 0.03861 -0.30368 0.36009 -0.069865 0.51427 -1.4684 1.4058 1.048 -1.5592 0.062108 -2.9756 -1.3953 0.86102 1.8469 2.3071 -0.56275
0.16024 -1.374 1.8385 -1.7642 -1.6405 1.1716 0.30209 1.5834 0.2919 -1.2779 -2.1833 -2.01 1.3601 -0.12324 -0.46952 0.51954 0.71956 -0.12853 -0.23822 0.077647 -1.7598 -1.1697 -0.036292 0.481 0.61989 0.32761 0.60728 0.28128 -1.4741 0.82364 1.2763 -1.0766 0.15024 -2.0075 -1.2704 1.1249 1.0187 1.5379 -0.30769
-0.19337 -1.5201 1.7073 -1.7895 -1.88 0.40578 -0.29475 0.15843 -0.6648 -0.98387 -2.0962 -2.0181 1.4487 -0.0080983 -0.38371 -0.017762 0.8522 0.34929 -0.25066 -0.071047 -2.2093 -1.935 0.44678 0.79342 0.91505 0.24846 0.47371 0.18057 -1.3698 0.30732 1.1351 -0.68031 -0.017063 -0.37065 -0.25844 0.66073 0.47991 0.65559 -0.35738
0.1406 -1.3122 2.4612 -0.74419 -1.0187 1.2322 0.57385 0.47985 -0.045436 -0.25554 -1.663 -1.7697 1.4587 0.062421 -0.3826 -0.63688 0.73589 0.6501 -0.46094 -0.070965 -2.2373 -1.5637 0.58255 0.85888 0.97022 0.068502 0.62456 0.31057 -1.2362 0.26248 0.5376 -0.65754 0.090127 1.3197 0.80837 0.3486 0.27351 0.12984 -0.51802
0.15095 -1.5403 2.1148 -0.95644 -0.63677 1.1056 0.12368 -0.20009 -0.82865 -0.3818 -1.9656 -1.8161 1.4501 0.22497 -0.32059 -1.0809 0.90196 0.93061 -0.75843 0.17406 -1.0782 -0.58254 0.58021 0.79984 0.87356 -0.11584 0.85401 0.75978 -0.78468 0.34631 -0.62084 -1.1515 -0.31699 1.7094 0.80179 -0.37606 -0.061981 -0.027571 -0.83242
0.098623 -1.4826 1.5688 -0.64386 -0.78193 1.3339 0.012233 -0.30179 -0.67882 -0.052407 -1.2545 -1.4301 1.4373 0.99459 0.028772 -1.4188 1.1842 0.59366 -1.3162 0.17586 0.29512 -0.30289 0.57736 1.016 0.92894 -0.36878 0.77146 1.3166 0.12465 0.76048 -1.3649 -1.0907 -0.73857 1.5245 -0.034919 -1.0103 -0.51067 -0.2724 -1.0588
0.074009 -1.7106 0.97615 -0.70273 -0.63278 0.35373 0.30797 -0.66708 -0.5518 -0.21688 -1.3443 -0.97271 1.3301 1.2119 0.71118 -1.1969 1.2751 -0.81786 -2.1636 -0.82749 -0.085972 -1.035 -0.28985 0.58352 0.9054 -0.94589 0.40679 1.514 0.99786 0.82359 -1.4043 -0.61888 -1.0723 0.6224 -0.94845 -1.2269 -0.98776 -0.75231 -1.0277
0.48732 -1.7887 0.18139 -0.51516 -0.67191 -0.35048 0.44149 0.15165 -0.69554 -0.67051 -1.1182 -0.83232 1.2112 1.0925 1.3574 -0.33691 1.9747 -1.0893 -1.9747 -1.0873 0.29126 -1.4161 -0.96418 -0.059756 0.42848 -1.3142 -0.18174 1.157 1.56 0.44937 -0.68615 0.24469 -1.1332 -0.076016 -1.1063 -0.88982 -1.2465 -1.2924 -0.62702
1.768 -1.0925 0.39616 0.60458 -0.91008 -0.93856 0.089752 1.1302 -0.90156 0.41853 -0.5076 -0.80943 0.8998 0.98168 1.6097 0.36021 2.0507 -0.91667 -1.6821 -1.4113 0.16853 -1.8614 -1.055 -0.64121 -0.37334 -1.388 -0.58339 0.35019 1.3071 -0.24647 0.35014 1.0059 -0.57993 -0.32919 -0.54911 0.0030919 -1.0504 -1.385 0.088653
1.573 -0.1825 1.3635 1.0048 -2.5049 -1.2062 -1.2521 -0.74894 -1.9969 -1.1593 -1.4346 -0.57937 -0.036627 0.75677 1.5616 0.90494 1.6371 -0.6768 -1.0463 -1.877 0.034595 -2.0288 -0.78571 -0.86695 -1.022 -1.2116 -0.79532 -0.74033 0.1728 -1.4322 0.99522 1.2888 0.050319 -1.0085 0.08147 0.63827 -0.32262 -0.57012 0.85105
0.98343 -0.081355 1.6952 1.8892 -1.5724 -0.75125 -1.2005 0.088239 -2.5822 -1.7981 -2.2365 -1.4696 -0.11681 0.23613 1.2069 0.78041 0.9769 -0.3686 -0.56271 -1.6171 -0.59044 -1.7962 -0.37556 -1.1168 -1.147 -0.8445 -0.57822 -1.7152 -1.116 -2.2691 1.3211 1.2382 0.65725 -1.0295 1.1077 1.1682 0.71202 0.91787 1.5796
1.2692 -0.10186 1.5313 1.6701 -1.3746 -1.0338 -1.3235 -0.16964 -2.5086 -0.96182 -1.8937 -2.0521 -0.026368 -0.095565 0.28556 -0.2091 -0.18387 0.52183 0.10843 -0.84712 -1.3024 -1.3035 -0.056082 -0.47348 -0.31307 -0.13728 -0.22492 -1.9796 -1.8004 -2.5333 1.2819 0.99126 1.3322 -0.94267 2.0423 0.84413 1.3762 2.3518 1.8378
1.4633 -0.25968 1.7181 1.0457 -1.292 -1.3579 -1.9489 -0.047062 -2.7264 -0.86469 -2.0669 -2.2945 0.011624 0.27439 -0.69813 -1.313 -1.3073 0.99027 0.27999 -0.51608 -1.1775 -0.10522 0.86613 0.57544 1.1554 0.76191 -0.16198 -1.5241 -1.6764 -1.9521 1.0692 0.71093 1.6535 -0.50914 2.4544 -0.33567 1.4479 2.881 1.5493
1.3073 -0.11984 1.0358 1.1418 -1.5237 -1.2557 -1.5048 -0.49067 -2.7984 -0.63078 -2.269 -1.9928 0.070327 0.29969 -0.88546 -1.6424 -1.9858 1.0753 0.56749 0.398 -1.5151 1.0418 0.24455 1.0258 2.6123 1.1113 -0.43631 -0.53826 -1.0637 -0.7555 0.75402 0.14018 1.5916 -0.025598 2.1644 -1.6734 0.83411 2.1568 0.80491
1.5786 -0.54263 0.14788 0.39899 -0.59949 -0.4743 -1.2382 -1.7034 -2.8484 -0.34763 -0.99325 -0.32306 0.5066 -0.27554 -0.82547 -1.85 -1.7947 1.3809 0.67047 1.2597 -1.472 1.7397 -1.186 1.0156 3.2468 1.1669 -0.77849 0.2771 -0.37617 0.23139 0.51862 -0.44047 0.9402 0.36117 1.248 -2.6353 0.23181 0.73425 -0.055207
1.7624 -1.1718 -0.40983 -0.70658 -1.1051 -0.74108 -2.2317 -1.8956 -1.9152 -0.47091 -0.90949 1.27 1.0806 -0.67469 -0.5773 -2.0668 -1.3638 1.7519 0.21037 1.6346 -1.189 1.9248 -2.3107 0.9635 3.032 1.0305 -0.68901 0.73519 0.26388 0.96952 -0.090302 -0.83823 -0.017299 1.0417 0.32107 -2.0664 -0.29469 -0.88585 -0.62725
1.2702 -0.92604 -0.20665 -0.693 0.18653 -0.084162 -0.01745 -1.3553 -0.89259 -1.7913 -1.071 1.6297 1.2618 -0.76615 -0.37979 -1.8569 -1.1872 1.6286 -0.43002 0.8691 -0.61123 1.8418 -3.0213 1.0616 2.4572 0.71048 -0.099031 1.0117 0.88709 1.2306 -0.84187 -0.61666 -0.74005 1.261 -0.4288 -0.61282 -0.37527 -1.9789 -0.9528
0.64793 -0.84736 -0.89508 -0.51422 0.28318 -0.68962 0.21745 -1.8861 -0.6202 -2.7892 -0.85282 1.6692 1.1991 -0.80657 0.15008 -1.1196 -0.47127 0.76737 -0.58311 0.58876 0.12662 1.5967 -2.8883 0.40701 1.2397 0.27526 0.49908 0.93828 1.3538 1.0167 -1.8869 -0.082089 -1.4083 0.93633 -0.91616 1.2661 -0.19755 -2.2661 -1.0545
0.53843 -0.72431 -1.5611 -0.4925 0.76934 -1.4303 -0.14667 -1.7046 -1.0642 -3.615 -0.93707 1.5461 1.1233 -0.39972 0.54357 -0.56231 0.067886 0.25647 -0.18117 0.26233 0.37497 1.0676 -2.1002 0.53725 0.16338 -0.073103 0.94475 0.92057 1.6544 0.75839 -2.0853 0.52075 -1.478 0.61336 -1.1681 2.8664 -0.32903 -2.1704 -1.1041
0.70583 -0.81586 -1.8702 -0.9433 0.38145 -1.4947 -1.2657 -1.77 -0.81505 -3.7901 -0.070194 2.2441 1.0793 0.12945 0.56786 -0.022741 -0.084311 -1.1708 -0.070788 -0.98364 0.18209 0.53853 -0.2935 0.82379 -0.3821 -0.36813 0.92586 0.72169 1.6666 0.46778 -1.558 0.56539 -1.4481 0.31164 -1.0591 3.4715 -0.65778 -1.5367 -1.0723
0.77252 -0.56773 -0.95713 -0.54138 -0.2336 -0.69173 -0.63243 -1.4218 -0.39805 -3.3677 -0.72416 1.882 1.1207 0.63056 0.98777 0.88503 0.04085 -1.3892 0.38816 -1.4126 0.58798 0.11304 1.2938 0.18892 -1.0993 -0.84261 0.34962 0.57017 1.7208 0.44101 -0.6814 0.19896 -1.0601 0.38642 -0.88728 2.9212 -1.2671 -0.8341 -1.0059
1.2062 -0.40769 -0.84697 -0.50308 -0.3324 -0.42392 -0.79186 -1.1276 -0.085241 -3.3304 -0.2534 1.2709 1.0672 0.50581 1.1632 1.4714 0.41756 -1.3917 0.29771 -1.5788 0.65172 0.025704 2.2128 -0.73922 -1.2138 -1.1607 -0.29569 0.47698 1.106 0.3878 0.65928 -0.06799 -0.59093 0.62221 -0.67674 1.6652 -1.0899 -0.47366 -0.87425
1.1034 -0.21253 -0.47526 -0.85932 -1.4092 -0.64067 -1.2093 -1.5918 -0.40829 -2.0966 0.21147 0.89424 0.59807 0.10521 1.2212 2.1134 0.64195 -0.94392 0.051796 -1.6315 0.91932 -0.39382 2.3667 -1.2176 -1.0834 -1.3847 -0.82795 0.17693 0.24057 0.2708 1.1812 -0.15369 -0.26961 0.62457 -0.4141 0.63041 -0.27927 -0.029577 -0.5569
1.4788 0.51755 0.069536 -0.31468 -0.80545 -0.77864 -2.1407 -0.9726 -1.0675 -1.3224 -1.1445 -0.10389 -0.1724 -0.18515 1.2665 1.5606 0.34015 -0.14868 -0.03054 -2.0817 1.2608 -0.52098 2.4296 -0.65578 -1.3232 -1.5812 -0.75858 -0.12278 -0.60483 0.1245 1.409 0.16508 0.42355 0.61328 0.028626 -0.37211 0.82091 0.41581 -0.058518
1.0156 0.43776 0.34838 0.12961 -0.83138 -1.3132 -2.6216 -0.84485 -0.82955 -1.1898 -2.0791 0.64612 -0.24606 -0.64907 1.2367 1.3134 0.58467 0.22904 0.24935 -1.6948 1.5325 -0.42147 2.4179 -0.41777 -1.0789 -1.577 -0.60056 -0.63879 -1.6607 -0.37058 1.0283 0.72792 1.8147 0.34498 0.47585 -0.69255 1.6546 0.73924 0.60553
0.68354 0.48292 1.7776 -0.021734 -0.94721 -0.84762 -2.8488 -0.31821 -0.95517 -1.1055 -1.4261 1.0305 -0.4338 -0.60558 0.94178 0.65966 0.67636 0.69575 0.54695 -0.62716 1.5719 0.083077 1.4557 0.49155 -0.34898 -1.162 -0.35809 -0.88059 -2.0496 -0.86252 0.60543 0.878 3.0221 0.052681 0.22389 -1.1152 1.5732 1.0436 1.1185
0.74873 0.98393 0.58489 -0.42798 -0.30445 -0.23694 -3.075 0.38396 -0.68084 -0.21997 -0.54902 -0.91998 -0.83781 -0.86202 0.28452 -0.75199 -0.22644 0.5821 1.2605 1.4787 1.4612 0.20775 1.4944 1.5033 -0.048821 -0.56295 -0.1496 -1.0117 -2.1615 -1.3333 0.48634 0.59634 3.083 -0.71762 -0.12921 -1.0727 0.90467 1.0605 1.3806
0.29625 1.1127 0.8808 0.41667 -0.55135 -0.15627 -2.801 0.49329 -0.7501 0.25578 -0.52032 -0.38319 -1.1203 -0.77878 0.22871 -1.4975 -0.87915 0.81692 1.2678 2.7012 1.4171 -0.41653 0.70409 1.5159 0.29959 -0.18497 -0.22917 -1.0582 -1.3575 -1.4048 0.2523 0.047475 1.9133 -1.417 -0.50957 -0.72809 -0.13018 1.3413 1.3099
0.66386 0.96502 0.42204 0.3468 -0.34684 -0.29907 -1.9115 0.25905 -0.49465 -0.51177 0.33707 0.78934 -0.95346 -0.85213 -0.14559 -1.9217 -1.1472 1.0836 1.1176 3.1383 0.21066 -0.43165 0.68972 0.86796 0.76881 0.28337 -0.091323 -1.0511 -0.16095 -0.67425 0.22599 -0.6344 0.053548 -1.6561 -0.48208 -0.61843 -0.94761 1.0737 1.0373
-0.032715 0.48637 -1.3746 -1.0953 -0.08124 0.87206 0.40676 1.0296 -0.94119 0.81051 0.13023 0.14639 -0.62409 -1.0568 -0.66173 -1.4672 -1.5073 0.91401 0.72622 2.5873 -0.58205 -0.58867 0.42919 0.54177 1.9825 0.64359 0.058683 -1.1118 0.75294 0.096103 -0.097948 -1.1936 -1.4744 -1.5188 -0.044489 -0.082785 -1.0066 0.13476 0.7799
-0.17253 0.86789 -0.88561 -1.3468 0.25613 0.13314 0.37088 1.2158 -1.7004 -0.93237 -0.19799 1.3385 -0.45755 -0.89793 -1.0768 -1.0943 -1.1834 0.95241 0.24665 1.6797 -0.79018 -0.64477 0.41783 0.091487 1.3083 0.78799 0.47378 -0.87415 1.2464 0.96244 -0.30073 -1.6791 -2.12 -1.0606 0.26118 -0.26966 -0.44602 -1.1921 0.61195
-0.44622 0.49693 -0.84488 -1.4321 0.70849 0.83147 0.23409 -0.62894 -1.0407 0.5929 -0.030677 1.0961 -0.26907 -0.63551 -1.2162 -0.41724 -0.68426 0.68388 -0.72332 0.37022 -1.0624 -0.40703 0.67533 -0.11251 0.32811 0.89048 0.72672 -0.67031 0.87896 1.5183 -0.089401 -1.489 -1.5792 -0.50244 0.26313 -0.46104 0.14569 -2.5761 0.64444
-0.77672 0.19184 -1.1494 -1.9545 0.5003 0.43803 -0.54277 -0.4035 -1.2203 0.576 0.46068 2.4393 -0.24816 -0.12524 -1.3712 0.030647 0.2463 0.61348 -1.5757 -0.16736 -1.625 -0.031706 0.035867 0.29733 -0.79119 1.2022 0.58744 -0.31148 0.68656 1.6544 0.34418 -0.62323 -0.71816 -0.075854 -0.15669 -1.3945 0.89897 -2.4106 0.66462
-0.55883 -0.38456 -0.72079 -0.54379 0.54338 -0.12581 -0.20591 -0.15924 -1.4777 0.46064 -0.34185 1.1841 -0.090241 -0.0076862 -1.6676 -0.28456 0.62756 0.90113 -1.3924 0.23084 -1.1393 -0.40069 -0.28551 0.72198 -2.1562 1.534 0.30767 0.050118 0.44647 1.407 0.77548 0.82829 -0.11188 0.3777 -0.32584 -1.7602 1.279 -1.7056 0.45172
-0.16599 -0.49837 -0.85842 -1.3209 0.53891 -1.1874 -0.44117 -0.61868 -1.0779 0.59789 0.20885 0.46874 0.44961 -0.050553 -1.3885 0.201 1.2662 1.4879 -0.68061 0.27506 -0.88471 -0.96078 -1.8361 1.4608 -2.3029 1.598 -0.037179 0.497 0.24436 0.61457 0.7601 2.0714 -0.30269 0.93657 0.077041 -1.4314 1.1757 -0.28585 -0.1019
-0.27064 -0.86738 -1.3479 -0.85233 1.0275 -1.103 0.7467 -1.2775 -1.2595 -0.081936 0.6045 -1.1294 1.1796 -0.062317 -1.1246 0.38084 1.4463 1.7129 0.53153 -0.053869 -0.67063 -0.58061 -1.8393 1.8507 -2.3425 1.4624 -0.050797 0.77352 0.23071 0.21701 0.085982 2.4057 -0.73518 0.78245 1.0572 -0.82251 0.36376 1.2963 -0.77453
-0.50833 -1.1039 -1.278 -0.54463 1.8504 -0.83954 0.46601 -0.6491 -2.3706 -1.0573 1.0007 -1.4746 1.4926 -0.16628 -0.79297 0.17846 0.98811 1.6445 1.7033 -0.62805 0.0053121 0.1949 -1.9939 2.0717 -1.251 1.0667 0.31878 0.71221 -0.084986 -0.52401 -1.2564 1.6164 -0.75206 0.2889 1.8374 0.79926 -1.0063 2.1175 -1.2496
-0.82971 -1.069 -0.076417 0.54368 2.6451 0.64331 -0.19429 -1.935 -2.2074 -1.8465 2.3916 -0.8132 1.427 -0.044983 -0.64122 0.18001 1.1706 0.9748 2.3393 -0.82764 -0.023697 1.043 -1.8204 1.1349 -0.032923 0.48504 1.0145 0.7736 -0.3199 -0.8546 -2.6194 0.11559 -0.023197 -0.42555 1.6139 2.1213 -2.3179 2.324 -1.5004
-0.61613 -1.2484 -0.55637 0.27315 2.1118 0.89342 -0.96762 -0.60937 -1.4224 -1.0497 2.2954 -0.96191 1.3944 0.57319 -0.41124 0.12561 0.41538 -0.54978 1.7273 -0.88348 -0.62142 1.7495 -0.28239 -0.19727 0.85357 -0.035366 1.4546 1.3525 -0.28972 -0.74651 -3.238 -1.6449 0.77337 -0.45629 0.49306 3.0078 -3.2439 1.2801 -1.6987
-0.43282 -1.2971 -0.92353 0.1258 2.268 1.3571 -0.83669 0.051707 -0.53922 -1.8815 2.0587 -0.84737 1.3877 1.5699 0.0088154 -0.23666 0.12272 -2.195 0.76646 0.056959 -1.1802 1.7343 1.458 -1.6484 1.3344 -0.53491 1.1631 2.1236 0.0057155 -0.48873 -2.6556 -2.5555 1.0357 -0.028555 -1.1193 2.6265 -3.073 0.043868 -1.8061
-0.11831 -1.3604 -0.95587 0.35584 1.5924 1.3325 -0.61354 -1.5801 0.17251 -1.8821 1.2176 0.020805 1.3408 1.8946 1.1995 -0.19698 0.10524 -2.9547 -0.85835 0.58327 -0.30003 0.78595 2.2565 -3.0183 0.68172 -1.3088 0.10719 2.5159 0.62872 0.25263 -1.1673 -2.3605 0.76001 1.0794 -2.3848 1.127 -1.8263 -0.89802 -1.7484
0.58647 -1.388 -0.97801 -0.38296 0.23165 0.71186 -0.14014 -2.6172 -0.086543 -0.081485 0.16852 -0.17294 1.2238 1.5889 2.194 0.34626 0.40333 -2.8968 -1.5756 0.64272 -0.22402 -0.6392 2.0528 -3.5952 0.16731 -1.9463 -1.1163 2.13 1.0685 0.52169 0.73347 -1.4633 -0.42993 1.9174 -2.1117 -0.23764 0.030811 -1.3515 -1.3124
1.8009 -0.83797 -1.0656 0.32844 -0.76438 0.52728 0.42508 -2.3245 -0.92134 1.0084 -0.62366 0.81456 0.55137 0.77955 2.8098 1.0806 0.74605 -2.436 -1.9112 0.44925 1.047 -1.6614 1.6255 -2.8763 -0.35492 -2.2998 -1.8868 0.84857 0.9334 0.53635 2.0254 -0.24824 -1.4653 1.8115 -0.48889 -1.2349 1.9027 -0.74114 -0.44411
1.3454 0.92478 -0.15032 0.9206 -0.68098 -0.62233 -0.15947 -0.53551 -1.1469 0.76414 -1.3897 -0.67405 -0.63812 -0.065413 2.8553 1.2474 0.77896 -1.0681 -1.6845 -0.7459 1.9462 -1.1145 1.3054 -1.6655 -0.85714 -2.2683 -2.3231 -0.92533 0.32473 0.14471 2.7911 1.0516 -1.1708 1.1842 1.3775 -1.4955 2.7476 -0.14474 0.62653
1.0193 1.1886 -0.23115 0.65615 -0.94254 -0.693 -0.4476 -0.44605 -1.8864 0.39307 -2.3672 -0.97232 -0.98114 -0.98783 2.3218 1.206 0.92161 -0.020217 -1.2999 -1.7636 2.2058 0.071902 0.20849 -0.1934 -0.28057 -1.9008 -1.8138 -2.5337 -0.48464 -0.41453 2.3902 1.9203 -0.071619 -0.40729 2.2607 -1.2124 2.6222 0.82206 1.5873
0.25445 1.4736 0.79184 1.1531 -0.61852 -0.70038 -0.021011 0.75403 -2.0402 -0.37597 -1.0897 -0.84498 -1.158 -2.096 0.84735 0.92421 0.58368 1.2037 0.27708 -0.67433 1.55 1.1316 -0.17089 0.53933 -0.13729 -1.0788 -0.70998 -3.1127 -0.98621 -1.0472 1.1628 2.0419 1.2624 -1.4811 2.0437 -0.82647 1.8988 1.258 2.0993
0.22271 1.3822 0.44005 0.95741 0.08432 -0.71377 -1.9398 -0.4419 -0.3639 1.175 -0.86421 -0.91291 -1.21 -1.771 -0.53651 0.27 0.060797 0.97236 1.0404 0.29503 0.45825 1.5516 -0.014008 1.2468 0.97448 -0.19432 0.71478 -2.8126 -1.4225 -1.6332 -0.13589 1.2085 2.1547 -1.9609 0.74597 -0.29419 0.40097 0.55095 2.244
-0.14675 1.2797 0.46385 1.1707 -0.38514 -1.052 -2.2403 0.24645 -0.007394 0.62083 -0.16524 0.37929 -1.3245 -1.0667 -1.0592 -0.25626 -0.76262 0.64022 1.326 0.90387 -0.085723 2.0644 -0.20492 1.3962 1.087 0.44914 1.8161 -1.7756 -1.3053 -1.5823 -1.1468 -0.22363 2.1519 -1.261 -0.50286 -0.79877 -0.88834 -0.43052 2.0176
-1.5003 0.44108 0.41996 1.3641 1.1234 1.3905 0.91908 0.34517 0.031103 0.50801 -0.78834 -0.23561 -1.1248 -0.090483 -1.5537 -1.045 -1.4784 -0.0094303 0.65443 1.9977 -0.82871 1.0286 -0.35333 0.17077 0.24791 1.1519 1.9956 -0.83336 -0.86776 -1.1258 -1.2009 -1.1414 1.2502 -0.46637 -0.96392 -1.377 -1.9017 -1.7817 1.5731
-0.69504 0.48642 0.15559 0.58865 -0.17327 0.21827 0.27189 0.04084 -0.064266 0.33783 -0.10427 0.64573 -0.88293 0.64384 -1.6936 -1.0259 -1.6243 -0.50328 0.024288 3.019 -0.27799 0.41461 -1.5685 -0.70317 -0.61984 1.6798 1.8675 -0.045632 -0.32553 -0.23443 -1.2048 -1.7858 -0.42151 0.070205 -0.70339 -1.3846 -1.7629 -1.9136 0.86897
-0.094043 0.18409 -0.36665 -0.77908 -0.28983 0.68281 0.25888 -0.42325 0.70321 -0.26465 -0.087966 0.28491 -0.26931 1.3072 -1.6522 -1.0809 -1.628 -0.75696 -0.62865 1.891 -0.3491 0.51129 -2.0321 -1.5064 -1.7527 1.8664 1.0268 0.80761 0.47906 0.70396 -0.65427 -1.3297 -1.8922 0.57971 0.15491 -0.71876 -0.72459 -1.3688 -0.13924
0.45295 -0.36212 -0.92799 -0.75498 -0.44823 -0.7224 1.7797 -0.91666 -0.71399 -0.026736 -1.2529 -1.178 0.43257 1.9157 -1.0913 -0.89346 -1.1322 -1.2945 -1.6684 0.10497 -0.17029 0.95887 -2.0805 -1.2912 -1.7603 1.5711 -0.056747 1.7193 1.3008 1.2578 -0.19892 -0.60364 -2.836 0.60727 0.15294 0.79717 0.39271 -0.29164 -1.3114
0.75737 -0.59746 -0.6868 -0.62684 -0.40266 -0.63863 1.8043 0.0017503 0.70446 -1.3026 -1.8428 -1.482 0.78113 1.2998 -0.47224 -0.163 -0.40524 -0.87291 -1.2038 -0.48181 0.278 1.0429 -1.5079 -0.98895 -1.9267 0.9716 -1.3617 2.2332 1.9407 1.6358 0.57247 0.57307 -2.4047 0.67784 -0.20113 1.7379 1.5119 1.2688 -2.2231
0.81277 -0.82768 -0.87909 -0.64483 -0.78558 -0.64626 0.55163 0.059612 0.77013 -2.1567 -2.2452 -2.2112 0.7966 0.54063 0.6634 1.1009 0.12449 -0.83642 -0.90996 -1.7103 0.6234 0.43144 -0.27154 -0.18577 -1.0976 -0.09998 -2.3475 2.0413 1.7049 1.639 1.3852 1.5706 -0.98261 0.38947 -0.72256 2.4382 1.9867 2.3521 -2.4778
1.3828 -0.45855 -0.79926 -0.35813 -1.0195 -0.95459 0.42937 -0.1742 1.3571 -1.687 -1.4876 -1.7886 0.62999 -0.68111 1.2991 1.7829 0.81406 0.093319 0.17331 -2.2126 0.60822 0.3767 0.46531 0.95064 0.50938 -1.0751 -2.206 1.3386 0.78123 1.2824 1.4825 1.8409 0.11955 0.14124 -0.75907 2.26 1.9393 2.7753 -2.0214
1.0318 0.18857 0.073458 -0.61395 -1.3166 -1.1383 -0.42709 0.11125 1.0516 -1.048 -0.91391 -2.0553 0.39135 -1.7104 1.5224 1.5245 1.3347 0.85095 0.86141 -1.0585 0.44978 -0.1091 1.7068 1.6963 1.8078 -1.6155 -1.5404 0.19306 -0.43035 0.76747 1.2431 1.6664 1.0435 -0.14741 -0.36941 1.4604 1.0334 1.8628 -0.99365
0.4901 1.0077 1.5238 -0.67587 -1.1743 -0.76368 -1.3324 0.22628 0.16275 0.0051587 -0.81041 -1.5563 -0.39404 -1.9127 1.392 1.1755 1.396 1.0973 1.6807 -0.5252 0.66021 -0.15813 1.9276 1.9327 2.2632 -1.7047 -0.33043 -0.70513 -1.1529 0.28565 0.44673 0.75153 1.2253 -0.19868 -0.093359 0.4083 -0.06033 0.64645 0.050678
-0.92313 0.65203 1.3526 1.0799 0.44099 -0.11487 -0.35666 0.16122 0.30072 -0.31446 -0.36408 -0.026906 -0.85141 -1.8712 0.94521 0.54051 1.2721 1.0192 1.7502 -0.33374 0.32327 -0.023065 1.8556 1.378 1.8212 -1.4723 0.64221 -1.2689 -1.2422 -0.19878 -0.26377 -0.35265 0.97492 -0.046077 0.067023 -0.46232 -0.72515 -0.46265 0.85215
-1.5099 0.76681 0.53524 1.2936 0.55023 0.69422 0.81645 0.71764 1.2156 0.37401 0.27232 1.1126 -1.0898 -1.2464 0.3749 -0.028951 1.3784 0.84883 1.2745 0.02647 0.29619 0.14264 1.1882 0.98177 1.8366 -1.0586 1.1812 -1.1429 -0.8488 -1.005 -0.75853 -1.458 0.35375 -0.1092 -0.15376 -0.76573 -1.0081 -1.2172 1.2802
-0.76959 0.79711 0.49521 0.78946 -0.20421 1.3199 -0.81383 0.80068 0.81921 0.14105 0.49227 0.35009 -1.1363 -0.77447 -0.14915 -0.35506 0.96606 0.46049 0.35526 0.74192 0.5576 -0.1421 1.1683 0.71694 1.1102 -0.48802 1.1636 -0.7633 -0.2524 -1.6535 -0.91864 -1.8381 -0.016687 -0.26677 -0.40987 -1.251 -0.71022 -1.2555 1.3646
-0.82181 0.97879 0.49504 0.87565 -0.27916 0.4675 -0.7193 -0.14211 1.1289 1.1678 0.137 -0.12303 -1.1367 -0.13081 -0.024759 -0.074585 -0.34368 -0.081137 -0.58836 -0.28941 0.3443 -0.40581 0.76873 0.24366 0.18059 -0.018552 0.60367 -0.41878 0.13109 -1.6485 -0.65488 -1.5028 0.1059 -0.59753 -0.062363 -1.3636 -0.54853 -0.83104 1.1051
-0.8566 0.85833 0.99574 1.5096 0.016449 0.14827 -0.63293 0.74318 0.52562 0.44334 0.25561 1.0577 -1.1872 -0.13351 -0.16761 0.053919 -0.97831 -0.27886 -1.061 -0.17904 -0.21043 -0.54856 -0.38794 0.32199 0.13367 0.32944 0.87594 -0.78455 -0.36198 -1.0431 -0.26221 -0.36625 0.4828 -0.75818 0.13759 -1.3339 -0.45291 -0.67308 1.1418
-1.4681 0.52076 0.98396 1.3258 0.32023 -0.13569 0.88541 1.265 -0.22261 1.6132 0.3491 0.66247 -1.153 -0.37359 -0.33741 0.021351 -0.7515 -0.041749 -1.0753 0.7408 -0.48207 0.21444 -0.70742 0.076872 0.6684 0.41319 1.3651 -1.3948 -1.174 -0.29794 0.17816 0.81175 1.0387 -0.82608 -0.0080474 -0.7576 -0.59947 -1.0861 1.4144
-1.2052 0.74896 0.73347 0.06937 0.36827 -0.35022 -1.062 0.51449 0.57878 0.32704 0.19209 0.43747 -0.82791 1.0762 -1.3419 -1.1308 -0.79423 -0.070961 -0.13829 1.2711 -0.50846 -0.19913 -0.70924 -0.11119 -0.47048 1.239 1.7454 -1.574 -1.583 0.27394 0.53674 1.3318 0.78256 -0.67823 -0.48904 -0.12752 -0.73105 -1.6029 1.5525
-1.2932 0.63842 0.3526 -0.52957 -0.58073 -0.12561 0.074886 -0.0087864 0.7694 -0.67346 1.0956 1.0852 -0.61186 1.9566 -1.8338 -1.8281 -0.99948 0.14259 0.61888 1.1955 -1.1199 -0.6075 -0.55727 -0.74376 -1.69 1.933 1.2105 -1.406 -1.1694 0.90753 0.90652 1.1063 0.35865 -0.65707 -1.5483 0.21086 -0.56668 -1.5855 1.3231
-1.1509 0.43054 0.74268 0.55499 -0.19385 -0.28176 0.31912 -0.22191 1.4721 -0.014954 0.050784 1.2691 -0.75611 2.1423 -2.1231 -2.1824 -0.3433 0.64017 0.82261 1.2665 -1.213 -1.0895 -0.71536 -0.73431 -1.9058 2.2107 -0.17538 -0.58384 0.14346 1.4219 1.3123 0.21483 -0.41155 -0.5864 -1.5399 0.43294 -0.18172 -0.62615 0.50089
1.6605 -1.2791 -1.6814 0.3846 0.029297 0.48122 1.526 -0.13864 -0.20829 0.80959 -0.19588 -1.4964 0.93904 1.4813 -2.3622 -1.7896 0.72483 1.3188 0.71435 1.527 -1.4095 -2.3295 -0.29382 -0.75014 -1.7975 2.1784 -1.2681 0.2642 1.2745 1.3582 1.121 -0.37756 -1.067 -0.21224 -0.90186 0.3612 0.45017 0.48393 -0.31979
1.3007 -1.257 -1.3722 -0.22486 0.6945 0.97479 0.93406 -0.40458 -0.95361 -0.024952 -0.88991 -1.6658 1.3611 0.97342 -2.0825 -0.87064 1.012 1.8305 0.26359 0.27401 -1.504 -2.311 0.0046184 -0.4783 -1.6585 1.9697 -2.0185 1.2336 2.1505 0.76305 0.40002 -0.77188 -1.7568 -0.16315 0.49663 0.099915 0.52525 1.3693 -1.1493
0.5421 -1.4638 -1.8818 0.46898 1.1952 0.45103 1.6714 -0.60054 -0.98706 -0.084803 -0.035065 -1.4546 1.4071 0.049399 -1.4038 0.049339 0.87161 1.6724 0.13829 -0.51416 -1.3765 -1.7427 -0.21221 0.019047 -0.80865 1.5119 -1.5871 1.5779 2.0124 0.15425 -0.50551 -0.70804 -1.8955 -0.074116 1.7983 -0.25105 0.3073 1.6837 -1.4869
-0.019587 -1.6942 -1.1261 1.2787 1.5465 0.30006 0.80473 -1.9581 -1.9716 -0.64638 -0.31 -1.0227 1.5906 -1.1106 -0.48873 1.177 1.0136 1.2139 -0.45472 -1.3655 -1.5347 -0.43938 -0.56296 -0.078257 0.39667 0.59234 -0.62078 1.3699 1.2799 -0.17451 -1.0055 -0.17926 -1.0121 0.18958 2.1397 -0.24172 -0.18594 1.4894 -1.3662
0.44617 -1.7688 -0.29857 1.2104 1.5562 0.039158 0.26219 -1.8206 -1.169 0.06594 0.28691 -1.2143 1.7099 -0.59637 -0.45488 1.1904 1.0101 0.6515 -0.36149 -1.5967 -1.5237 0.18156 -0.50435 -0.3445 0.60829 0.34161 0.29639 0.81572 0.1413 -0.60998 -0.75777 0.22373 -0.055925 0.70192 1.7022 -0.08139 -0.3762 0.80278 -0.99505
0.20785 -1.7165 -0.13248 1.4431 1.8727 0.52721 0.14356 -1.4424 -0.93364 0.26897 -0.41006 -0.99961 1.7568 0.079051 -0.20951 1.103 0.61097 0.4123 0.15832 -1.2756 -1.0396 0.83033 -0.32536 -0.67525 0.67304 0.23459 0.68965 0.36424 -0.85045 -0.84978 -0.3076 0.9948 0.78968 1.088 0.8509 -0.14393 0.092015 0.51714 -0.54621
0.0047415 -1.7833 -0.34183 1.2794 1.5713 0.0077977 -0.28913 -2.2269 -1.005 -0.5662 -0.77419 -1.1254 1.7917 0.042893 -0.14686 0.3615 -0.077322 0.61687 0.29955 -0.64467 -0.22238 0.88443 -0.49299 -0.44088 0.70347 0.0013294 0.18832 0.34269 -1.1309 -1.0535 -0.18279 1.1693 1.1221 1.3941 0.34522 -0.33068 0.92746 0.5995 -0.45512
0.28636 -1.8857 -0.0058932 1.4264 1.6536 0.47387 -0.82587 -2.6562 -0.92077 -1.02 -1.0769 -0.51294 1.7524 -0.067755 -0.020812 -0.10972 -0.043604 0.63296 1.2572 -0.15371 -0.021925 0.83404 -0.85313 0.14595 1.4213 -0.164 -0.21591 0.30078 -1.1977 -1.2028 -0.41555 0.95054 1.1763 1.7638 0.020432 -0.1173 1.7507 0.43012 -0.3706
0.65893 -1.7227 -0.088858 1.7107 1.957 0.67544 0.31536 -2.1626 -0.11025 -0.27323 -0.5814 -0.2957 1.7555 -0.14739 0.03573 -0.46323 -0.64633 0.18082 1.4878 0.22724 0.73501 0.8321 -0.8908 1.0883 1.4731 -0.23073 -0.29011 0.40355 -1.0825 -1.5461 -0.92023 0.27831 1.1845 1.9441 -0.01199 0.34006 2.0924 -0.23322 -0.20523
-0.092666 -1.9431 -0.46934 0.79102 2.6013 0.5089 -0.23715 -1.7984 -0.9442 -0.97844 -0.42541 -0.19923 1.5668 -0.24602 0.21225 -0.87778 -1.3689 -0.17372 1.5162 0.78702 1.9786 0.88428 -0.35877 2.0465 1.1843 -0.27733 -0.16268 0.52354 -0.88259 -1.8091 -1.1804 -0.77697 1.0635 1.8618 -0.033024 0.58105 1.6688 -1.2272 -0.074254
0.2825 -1.6773 -0.39136 1.4162 2.2232 2.3794 -0.0055214 -1.6631 0.17902 -0.9176 0.55508 1.2182 1.5147 -0.43425 0.42599 -1.418 -2.3241 -0.74584 0.74926 1.4009 2.63 0.82474 -0.076524 2.7771 0.37545 -0.28885 0.22952 0.70806 -0.47616 -1.0746 -1.1836 -1.4954 0.76575 1.0422 -0.01558 0.73736 0.64195 -1.8424 0.013954
-0.1703 -1.7019 -0.98211 0.14499 1.4957 1.9511 0.2216 -0.59725 -0.079705 -1.3044 0.79798 0.69466 1.5325 -0.23975 0.67931 -1.3976 -2.6086 -1.1657 0.050677 1.5215 2.7208 0.7627 -0.12455 2.6245 -0.48825 -0.25914 0.6659 0.72751 0.056271 -0.063699 -0.79589 -2.2379 0.00034346 -0.15239 -0.24135 0.59753 -0.81285 -2.0358 0.036361
-0.09939 -1.5255 -1.5703 -0.78561 1.2495 1.5291 0.73397 0.31267 0.075103 -0.87771 1.9311 0.26458 1.4522 0.30617 1.014 -1.1586 -2.05 -1.5913 -0.82234 1.4976 2.437 0.85142 0.43403 2.0728 -1.3941 -0.21409 1.1225 0.61621 0.62962 1.1554 -0.25825 -1.978 -1.1289 -1.2504 -0.2631 0.57949 -2.2232 -1.4996 -0.065564
-0.12605 -1.3033 -2.0562 -1.825 1.0067 0.94812 1.6189 0.71909 0.28863 -0.65242 2.7167 -0.33784 1.3761 0.69952 1.1634 -0.90177 -1.6295 -1.28 -2.2572 0.77113 1.7912 0.39529 0.55396 0.76872 -2.0259 -0.25089 1.1886 0.41718 0.99801 1.8135 0.023469 -1.2639 -2.0352 -1.9235 -0.21747 0.4547 -3.0023 -0.6143 -0.26882
0.28809 -0.93303 -1.8003 -1.5717 1.0146 0.77834 1.9563 1.114 0.60265 -0.74524 2.4196 -1.0176 1.3745 1.3108 1.2382 -0.41767 -0.64608 -1.1928 -2.1251 -0.55972 0.64436 0.49098 0.7169 -0.73966 -1.8653 -0.40242 0.83713 0.20803 1.4386 1.9162 -0.04172 -0.1618 -2.5276 -1.9931 -0.077964 0.1843 -3.0014 0.25972 -0.57951
0.55695 -0.68093 -1.7909 -1.0846 0.38537 0.25854 1.0649 0.93807 0.32377 -0.42036 2.0817 -1.5721 1.2758 1.6026 1.28 0.21429 0.093984 -1.3321 -1.8681 -1.6861 -0.16138 0.5132 0.62223 -1.9687 -1.4704 -0.61992 -0.036972 0.29087 1.9538 1.6824 -0.35482 0.81802 -1.9782 -1.4624 0.026634 -0.01737 -2.064 0.88932 -0.88881
1.1929 -0.38559 -1.8101 -1.0961 0.48191 -0.79379 0.6066 0.73735 0.51785 -0.41782 1.1733 -1.4982 1.1996 1.5075 1.3097 1.1435 0.68583 -1.6567 -1.3364 -2.5427 -0.50258 0.63103 0.7584 -2.5561 -1.1206 -1.0127 -1.1875 0.37881 1.9983 1.1135 -0.038154 1.0025 -0.7451 -0.83366 -0.53389 -0.50363 -0.57364 1.1829 -1.0405
1.5957 -0.36005 -1.8442 -1.313 -0.17015 -0.55537 -0.66372 0.36616 0.58368 -0.22495 -0.032432 -2.0059 0.91147 0.53323 1.6237 2.2046 0.86261 -1.7364 -0.97015 -2.3541 -0.50418 0.36498 0.49665 -2.4498 -0.57274 -1.4546 -2.0368 0.2756 1.6605 0.86667 0.61923 1.3444 0.75388 -0.12624 -0.93954 -0.75292 0.89858 1.3974 -0.93607
1.9417 0.050493 -1.2044 -1.0662 -0.4526 -0.70993 -0.76559 0.32676 0.92026 -0.00021832 0.037609 -1.8456 0.55127 -0.48736 1.7132 2.5629 1.0585 -1.0753 -0.5159 -1.7565 -0.81243 -0.47313 -0.20944 -1.6516 0.10542 -1.7517 -2.3642 0.0094811 0.8125 0.53697 1.2232 1.3781 1.9915 0.010562 -0.87186 -0.64668 2.024 1.5997 -0.49469
1.7087 0.37667 0.18188 -0.55711 -1.1461 -0.47933 -1.2228 0.38223 1.2336 0.33325 -0.37245 -2.2223 -0.028098 -1.4048 1.5481 2.8071 1.5327 -0.45431 0.47792 -0.46647 -0.23882 -0.75305 -0.37133 -0.63523 0.77033 -1.8396 -1.8631 -0.61651 -0.61393 0.22597 1.5593 1.513 2.1341 -0.074746 -0.6382 -0.19651 2.062 1.5104 0.077745
0.43311 1.245 1.7137 -0.013434 -1.129 -0.70845 -0.90596 0.56579 0.58649 -0.36966 -0.72319 -1.7941 -0.52103 -2.1729 1.3608 2.4549 1.3562 0.02204 0.76478 0.72165 -0.5977 -0.49812 -0.07698 0.56843 1.4711 -1.6591 -0.86787 -1.0548 -1.8419 -0.096205 1.4845 1.3711 1.7244 0.10755 -0.25197 0.46771 1.1454 1.1249 0.57139
-0.033623 1.1819 1.0305 0.29491 -0.36412 -0.85644 -1.3563 -0.64603 -0.8485 -1.0519 -0.012893 -1.0748 -0.85403 -2.2869 0.73919 1.0288 1.1346 0.67536 1.4901 0.91412 -0.74231 -0.86134 0.042935 0.54788 1.827 -1.3668 0.29297 -1.3723 -2.6325 -0.4519 1.1538 0.70224 0.71611 0.32852 -0.084683 0.58752 0.0094999 0.58575 0.85918
-0.27484 1.0756 1.7023 0.88352 -0.065108 0.38216 0.15198 0.82557 0.12817 -0.48473 0.087043 -0.38488 -1.0364 -1.75 0.30482 -0.2249 1.0728 1.1777 1.7889 1.2013 -0.33176 -0.91505 0.49712 0.035199 1.8793 -1.0148 1.2046 -1.2132 -2.0544 -0.35974 0.32023 0.16267 0.075226 1.025 -0.10992 0.53601 -0.79137 -0.075815 0.90833
-1.0749 1.2261 1.5356 0.11513 -0.63446 0.39774 0.24907 -0.87268 0.84719 0.41478 1.0288 -0.0054575 -1.155 -1.0347 -0.28143 -1.1053 0.82121 1.1553 1.4109 0.82723 0.29312 -0.71894 0.49003 -0.35728 1.7773 -0.69921 1.2763 -0.86751 -0.82161 -0.5845 -0.42687 -0.97246 -0.71038 1.091 0.18815 0.046205 -0.61789 -0.63441 1.0321
-0.94363 0.91913 0.25343 0.70838 0.21816 1.3631 -0.22372 -0.47133 -0.33626 0.081739 0.0040167 0.37895 -1.3264 -0.42282 -0.21349 -0.57838 0.83295 0.38055 1.1475 0.95461 0.92379 -0.79221 0.74696 -0.56599 1.368 -0.44678 1.2202 -0.66529 -0.04262 -1.0963 -0.97585 -1.8517 -1.403 0.8119 0.6699 -0.28598 0.084387 -1.1463 1.21
-0.83476 1.1473 0.49202 1.4067 0.42103 1.3466 0.25358 0.4501 -0.48809 0.56155 -1.1161 0.26445 -1.4697 -0.43315 -0.49311 -0.4382 0.15225 0.2483 -0.16418 -0.42053 0.79933 -0.57244 0.0059936 -0.3923 0.82412 0.10567 1.2722 -0.52307 0.19796 -1.9237 -1.3187 -2.213 -1.499 -0.078354 1.3042 0.093725 1.008 -1.482 1.5178
-1.0609 0.79473 0.058122 1.1321 0.58327 0.35701 -0.15689 0.86049 -0.88819 -0.63036 -0.70016 1.1168 -1.4455 0.35609 -0.73384 -0.64983 -0.65688 -0.2409 -1.1942 -1.0854 1.0338 0.28848 0.17637 0.2135 0.061259 0.64158 1.3366 -0.69978 -0.45054 -2.4895 -1.1473 -2.0078 -1.3124 -0.96725 1.7092 0.37322 1.663 -1.3547 1.6471
-0.50858 0.99661 1.1755 1.553 -0.37368 1.173 0.80712 0.78712 -1.2579 0.52058 0.046199 0.95481 -1.3902 1.0852 -0.92173 -0.68153 -2.0531 -1.0595 -1.9266 -1.2647 0.10023 1.2373 0.9564 1.2571 -0.54324 1.3387 1.2824 -0.51781 -0.80912 -2.0889 -0.90994 -0.99278 -0.31295 -1.2077 1.4722 0.92725 1.5078 -1.1393 1.3694
-1.5547 0.34965 1.0273 0.13194 0.14831 -0.12121 -1.111 0.91509 0.61204 -0.29479 0.16282 0.60351 -0.62065 1.4542 -1.2029 -1.361 -2.747 -1.1645 -2.0606 -1.3438 -0.61843 1.5783 1.0004 1.9206 -0.66473 1.7386 0.59207 -0.32102 -0.81107 -1.2024 -0.092714 -0.086191 0.41156 -0.99018 0.57692 0.37956 0.64852 -0.63807 0.80269
0.00056455 0.28649 -0.6697 -0.99136 -0.79627 -0.95831 -1.5798 0.21561 1.047 1.0477 1.0003 -0.25854 -0.33366 1.5473 -1.1501 -1.7014 -2.7325 -1.0363 -1.7474 -0.91588 -0.74066 1.6024 1.4079 1.7556 -1.0933 1.887 -0.21169 0.15704 -0.27746 0.31966 0.67464 1.0277 1.4071 -0.042325 -0.77193 -0.38611 -0.25732 0.036185 -0.080615
1.0283 -0.078587 -0.82884 -1.8907 -0.9423 -0.82463 -1.288 -0.13896 0.56603 1.5944 0.9733 -0.35952 0.3894 1.2955 -1.1735 -1.7626 -2.5808 -0.44114 -1.4489 -0.36496 -0.48274 1.2039 0.69162 1.2509 -0.9296 1.7339 -1.1471 0.67138 0.80829 1.4159 1.0791 1.6858 1.7606 0.69516 -1.6418 -1.259 -0.96453 0.54955 -0.75884
0.77021 -0.27813 -1.3807 -1.7965 -0.74882 -1.3097 -0.96403 0.014984 0.8647 0.94037 1.5187 0.11656 0.52312 0.75268 -0.67 -1.0401 -1.5392 -0.14715 -0.12289 1.2284 -0.03441 -0.071492 0.35185 1.0708 -0.31205 1.206 -1.6886 1.094 1.4415 1.8589 1.0102 1.7727 1.2533 0.86241 -1.7744 -1.7018 -1.032 0.979 -1.3321
0.59569 -0.3586 -1.4726 -1.9951 -0.87355 -1.2751 -0.80442 0.1819 0.84972 1.3235 1.7682 -0.52187 0.81482 -0.40178 -0.29397 -0.087384 -0.68647 0.43586 0.5807 1.308 0.41679 -0.7537 -0.9405 0.33044 0.082414 0.79118 -1.3352 1.4898 1.685 2.0518 0.5649 1.261 0.18864 0.63716 -1.3946 -0.90661 -0.86405 0.90741 -1.7401
0.62314 -0.53263 -0.91346 -2.4593 -0.5836 -0.8589 -0.35694 0.33146 1.0049 0.88971 1.4579 -0.56335 0.92584 -0.92339 0.28422 0.32702 -0.18982 0.43893 0.86875 0.90774 0.52793 -0.84253 -1.1122 0.14858 0.40764 0.096007 -0.39731 1.4497 1.1923 2.1047 0.15024 0.077008 -1.0239 0.38893 -0.58024 0.080514 -0.77099 0.74353 -1.9328
-0.18541 -0.26131 -0.94485 -2.2488 -0.30142 -0.27583 0.43471 0.64672 0.41888 0.62468 1.8674 0.13231 0.87386 -0.49016 0.9026 0.9052 0.59688 0.3307 0.64127 0.22276 0.50999 -1.104 -0.35489 -0.020024 0.57263 -0.66704 0.75969 1.194 0.51648 2.1047 -0.39334 -0.6623 -1.5013 -0.046805 0.15391 1.2246 -0.49771 0.51285 -1.8787
-0.014436 -0.055777 -0.93035 -2.0391 -0.39302 -0.29098 -0.24481 0.43522 -0.35869 -0.18339 1.1362 -0.18457 0.83425 0.019552 1.216 0.8332 1.7708 0.17989 0.014987 -0.34444 0.70311 -1.0237 0.21423 -0.30026 0.97324 -1.3483 1.2297 0.52187 0.079333 1.693 -0.68948 -1.0807 -1.512 -0.50422 0.93256 1.77 -0.77657 0.20758 -1.3507
-0.197 0.27043 -0.54463 -2.053 -0.47847 -0.071223 -0.31783 0.50467 -0.10499 0.33409 1.523 0.54351 0.36166 0.62714 1.2858 0.68228 2.285 -0.19634 -0.334 -1.1825 0.25356 -0.37862 0.79277 -0.44608 0.86311 -1.6783 0.93636 -0.19367 -0.29756 0.83707 -0.70651 -0.88606 -0.87896 -0.79829 1.5448 1.4065 -1.0168 0.0098817 -0.51267
0.44564 0.82682 0.081762 -0.56601 -0.4013 -0.99565 -0.87167 0.80684 -0.18435 1.2496 1.7613 0.57838 -0.50984 0.94371 0.985 0.59012 2.1442 -0.62375 -0.83957 -1.5287 -0.32203 0.5767 1.7789 -1.1959 0.70806 -1.6925 0.51844 -0.59548 -0.4168 -0.27104 -0.39931 -0.15518 -0.15069 -0.81931 1.7154 0.67788 -1.0006 -0.3929 0.39148
0.76201 0.82569 -0.35774 0.60671 -0.56446 -1.2119 -0.92265 1.3533 -0.16637 1.6254 1.061 0.79607 -0.82009 0.89594 0.68278 0.42733 1.9796 -0.62615 -0.72998 -0.99669 -0.53583 1.0551 1.6156 -1.6091 0.75074 -1.3644 -0.10065 -0.76201 -0.46678 -1.2414 0.12365 0.63295 0.85542 -0.23617 1.0943 -0.23683 -0.45457 -0.56349 1.0822
1.205 0.84662 -0.073794 0.21296 -0.78929 -0.66507 -1.6786 0.24787 0.61142 1.362 0.85957 0.70367 -0.93643 0.9106 0.49277 0.12367 1.4103 -0.3783 -0.093002 -0.7216 -0.50207 1.5467 1.1283 -1.7233 0.25974 -0.83772 -0.68604 -0.54057 -0.52703 -1.9156 0.71522 0.73651 1.6256 0.2611 0.22107 -1.476 0.49739 -0.66482 1.4849
0.73801 0.78898 -0.21937 0.1186 -1.2506 -1.3331 -1.5552 -0.19023 0.93001 2.779 -0.30445 1.0646 -1.0204 0.45039 0.22148 -0.021113 0.31503 -0.09528 0.59618 0.23967 -0.10568 1.2293 0.65162 -1.0972 -0.027688 -0.26397 -0.99567 -0.24489 -0.59385 -2.0934 1.1893 0.18235 1.8834 0.5987 -0.46615 -2.0528 0.8705 -0.77647 1.5286
1.0612 0.86512 -0.10682 0.64471 -0.99576 -1.0253 -1.2044 -0.036297 0.75632 1.4333 -0.72759 1.1327 -0.89802 -0.17923 0.28514 -0.24234 -0.62749 0.46224 0.012292 1.2939 -0.0052092 0.90323 -0.6331 -0.46677 -0.22279 0.28353 -1.0324 0.044191 -0.64645 -1.6934 1.5537 -0.47673 1.7039 0.8616 -1.0379 -2.376 0.7851 -0.61932 1.2489
1.3846 1.1759 -0.16721 0.4343 -0.60261 -0.18912 -1.373 0.52999 1.9315 2.1239 0.013775 0.66595 -1.0284 -0.51441 0.36342 -0.5795 -0.93974 1.2086 -0.39935 1.977 0.41375 0.46885 -1.5277 -0.50767 -0.55402 0.67545 -0.78965 0.2224 -0.64883 -1.067 1.4008 -1.0102 0.99501 0.55991 -1.1496 -1.8294 0.15147 -0.59332 0.78496
1.0606 0.99986 -0.065748 0.11339 -0.48793 -0.34269 -0.24064 1.2189 0.77874 2.2247 0.68642 0.44509 -0.92268 -0.63452 0.49461 -0.89178 -1.1487 1.9195 -0.55786 2.0147 0.95497 -0.080528 -2.4392 -0.4588 -0.70505 0.81765 -0.38146 0.078803 -0.21773 -0.45532 0.69142 -0.92256 0.31312 0.0080741 -1.3277 -0.79127 -0.26703 -0.43723 0.3202
0.25413 1.126 -0.91519 -0.80914 -0.042824 -1.7734 0.71478 0.4421 1.1624 -0.0030404 0.099146 0.57732 -0.24262 -0.87165 0.49532 -0.99579 -1.4335 1.8344 -1.1708 1.9977 0.53571 -0.50124 -2.0316 -0.80652 -0.96189 0.80532 0.082645 -0.12298 0.44891 -0.13811 -0.35769 -0.40485 -0.29209 -0.58764 -1.0672 0.3586 -0.16293 -0.26092 -0.08809
0.40947 1.2545 -0.92522 -1.0593 0.67345 -1.3962 0.54829 0.25053 1.3761 -0.13132 -0.93838 -0.025193 -0.058991 -0.74672 0.35138 -0.47451 -1.2402 1.4554 -1.475 1.972 -0.033538 -1.1766 -1.9338 -0.8579 -0.87828 0.76491 0.46872 -0.36903 1.086 0.079943 -1.4289 0.56641 -0.60398 -0.88947 -0.80329 1.5423 0.34572 -0.20822 -0.39219
0.16947 1.4682 -1.4364 -0.86108 1.3145 -1.6752 0.71946 1.6097 0.62894 -0.39981 -1.1468 0.23712 -0.16231 -0.29077 0.22101 0.09997 -1.1574 0.74691 -0.7566 1.4176 -0.23475 -1.0469 -1.0805 -0.6409 -0.96999 0.55409 0.59116 -0.54449 1.1616 0.23272 -1.7669 1.2936 -0.8134 -0.86618 -0.2242 1.7078 1.0078 0.054322 -0.40735
0.19223 1.5088 -1.2227 -1.2612 1.0328 -2.0397 1.2417 0.66151 0.46089 -0.204 -1.1007 -0.64203 -0.10921 0.0026134 -0.0044289 0.71792 -1.1403 -0.2725 0.40263 1.0699 -0.39811 -1.364 0.10406 0.14074 -1.0969 0.2786 0.3798 -0.64115 0.5876 0.29555 -1.4246 1.2748 -0.98112 -1.0818 0.39701 1.4841 1.1018 -0.00119 -0.20411
0.36767 1.3774 -0.28498 -1.3645 0.86376 -2.0616 1.6884 0.43 0.039508 -0.031567 -0.17637 -0.52169 -0.02626 -0.077703 -0.26401 0.71636 -1.0499 -0.68162 0.543 0.7747 -0.97436 -0.85022 0.29254 0.6979 -0.71711 0.35805 -0.0083747 -0.59737 -0.22813 0.63079 -0.44052 0.51634 -0.93256 -1.0621 0.62653 0.63763 0.63362 0.19919 0.075365
0.42584 1.1592 -0.14281 -1.9985 0.298 -1.4552 1.7902 0.59147 -0.19641 0.089788 -0.41459 -0.85254 0.088676 -0.10073 -0.50918 0.38178 -0.74227 -0.55791 0.48926 0.26766 -1.7815 -0.52299 0.28442 0.664 -0.98161 0.51798 -0.22079 -0.38665 -0.91052 0.99303 0.63331 -0.45409 -0.7069 -0.82755 0.92985 -0.10384 -0.16237 0.35731 0.2275
0.18439 1.211 -0.17109 -2.5269 -0.17903 -0.78171 1.76 -0.22826 -0.23987 -0.051399 -0.26229 -1.1449 0.18743 -0.25075 -0.55458 -0.19301 -0.17474 0.037978 0.26542 -0.10525 -1.622 -0.27407 0.075884 0.3544 -0.59897 0.56452 -0.22885 -0.064305 -0.92223 1.2392 1.0806 -1.0307 -0.38795 -0.18968 0.93198 -0.33639 -0.44798 0.51478 0.10932
0.15405 1.0495 -0.48276 -2.0146 0.55586 -1.0795 1.2609 -0.52882 0.52919 0.14213 -0.26938 -0.69023 0.37869 -0.34067 -0.52556 -0.64827 0.28456 0.56298 -0.37497 0.059164 -1.6904 0.12462 0.0064373 -0.019174 -0.40729 0.56411 -0.14856 0.12523 -0.56661 1.1194 0.80117 -1.2956 -0.099655 0.49633 0.80364 -0.45285 -0.26395 0.87964 -0.046959
0.038288 0.87957 -1.0827 -1.6023 0.87024 -1.7434 1.2293 -1.0746 -0.33055 -0.036741 -0.25655 -1.7855 0.506 -0.4034 -0.36917 -0.61283 0.76182 0.80589 -1.1187 0.097112 -1.3775 0.60676 -0.22999 0.13781 0.063148 0.52285 0.067046 0.16631 -0.094157 0.45085 -0.048231 -1.0825 -0.12048 0.55029 0.46067 -0.54705 0.10517 0.79604 -0.16194
-0.041917 0.84227 -1 -1.4726 1.0292 -1.8308 1.5039 -1.3293 -0.055946 -0.053287 -0.33344 -1.2394 0.59954 -0.31202 -0.39003 -0.54386 0.88947 0.57339 -1.4535 -0.010753 -0.90777 0.57056 -0.45229 0.2379 0.4932 0.46101 0.22504 0.16463 0.18577 -0.14731 -0.71738 -0.37743 -0.43752 0.60003 0.15853 -0.59244 0.26127 0.80239 -0.23795
-0.011894 0.71827 -0.86763 -1.3824 1.1673 -2.2386 2.1739 -1.5161 0.2319 0.08294 -0.25876 -0.99693 0.68639 -0.12824 -0.34 -0.43928 0.36632 -0.07109 -1.395 -0.2912 -0.91082 0.37736 -0.76894 0.42813 0.58745 0.34281 0.19229 0.062558 0.026923 -0.51296 -0.89691 0.30741 -0.73162 0.36575 -0.32059 -0.50125 0.05662 0.35784 -0.27163
-0.25466 0.86756 -0.88343 -1.2453 0.87119 -2.4845 1.629 -1.1447 0.88016 -0.38962 -0.090569 -0.63703 0.75721 -0.03038 -0.2607 -0.3713 0.20163 -0.37792 -0.99667 -0.63247 -0.72309 0.53269 -0.88719 0.34947 0.98007 0.25166 0.18902 0.10844 -0.085797 -0.4688 -0.45655 0.6438 -0.96053 0.086617 -0.52549 -0.31753 -0.095251 -0.12107 -0.28854
-0.20413 0.65792 -1.1962 -1.1338 0.67343 -2.6076 1.1736 -1.5607 0.4641 -0.64217 0.13554 -0.32686 0.82292 -0.16083 -0.32952 -0.6519 0.13785 -0.44006 -0.70848 -1.0946 -0.73144 -0.0023288 -0.997 0.1874 0.56948 0.16781 0.31378 0.2069 0.022443 -0.17856 0.097886 0.88125 -0.78233 0.026486 -0.77969 0.09125 -0.37249 -0.59629 -0.373
0.10893 0.55406 -1.4286 -1.5809 0.60742 -3.0948 0.65355 -2.1628 0.43607 -0.88905 0.30615 -0.5312 0.82039 0.081231 -0.21223 -0.61497 0.11882 -0.12432 -0.4712 -1.5917 -0.80984 -0.26167 -0.96283 0.16054 0.28266 0.060048 0.60833 0.65227 0.38887 0.16428 0.026245 1.1893 -0.2657 0.37043 -1.0201 0.50585 -0.37294 -0.78824 -0.72036
-0.062785 0.605 -1.5155 -1.1555 0.56768 -2.7821 0.82513 -2.0124 0.31563 -1.0244 -0.062538 -0.24923 0.83185 0.43851 -0.012262 -0.27917 0.068317 -0.023229 0.15277 -1.4205 -0.79847 -0.73638 -0.5549 -0.22843 -0.24519 -0.19342 0.46911 0.90566 1.2476 0.82583 -0.26556 1.7846 0.24239 1.5274 -0.86864 1.0163 -0.48422 -0.26116 -1.1977
-0.47776 0.40706 -1.8527 -1.1956 0.64374 -2.687 0.47349 -2.1848 0.044514 -1.1576 -0.18678 -0.48206 0.82812 0.87238 0.69679 0.21081 0.54133 -0.54823 1.0122 -0.99497 0.058043 -1.0735 -0.11983 -0.19453 -0.18243 -0.79024 -0.27985 0.7385 1.7863 0.99542 -0.50773 2.1357 0.65731 2.3703 -0.34277 1.1336 -0.29627 0.25608 -1.3656
0.26812 0.6465 -1.4973 -1.134 1.115 -2.9878 -0.21651 -2.36 0.34099 -1.2174 0.22441 -0.49211 0.76175 0.37195 0.76685 1.4149 1.4748 -0.74624 2.2051 -0.85286 1.865 -1.2784 0.56984 -0.60908 0.29897 -1.4409 -1.2912 0.14865 1.6436 0.66155 -0.283 1.8412 0.86493 2.2231 0.47995 1.0007 0.018752 0.83883 -1.0785
0.58229 0.90079 -1.1598 -1.211 0.52847 -2.0483 -0.30913 -2.2688 -0.33047 -1.0299 -0.45359 -1.1186 0.40118 -0.43157 0.66229 2.0911 1.2825 -0.74257 2.8749 -0.46527 2.552 -0.66135 0.69294 -0.24805 0.5544 -1.6355 -1.8965 -0.58595 0.8784 -0.10736 0.13698 0.81324 0.93004 1.1182 1.2567 0.56914 0.23105 0.75293 -0.3553
1.2708 1.7123 -0.88545 -0.17844 -0.54675 -1.1811 0.11268 -1.2672 -1.114 -0.71575 0.14984 -0.28587 -0.4925 -1.4465 0.25702 2.0495 0.93722 -0.47744 2.9923 0.1603 2.3576 -0.030978 0.99647 -0.17187 1.1097 -1.602 -1.4513 -0.82616 -0.22797 -0.81454 0.59165 -0.4171 0.7821 -0.47064 1.5322 0.039167 0.39268 0.058195 0.43765
-0.32215 1.0813 1.1551 1.0474 -0.099141 0.09119 -0.36831 1.2121 -0.96602 0.028105 -1.0181 0.37676 -1.1072 -1.9471 -0.056652 1.6375 0.60454 -0.43344 2.2902 0.48063 2.0347 0.70809 0.77924 0.040353 0.96164 -1.3116 -0.38101 -0.81996 -1.0262 -0.81839 0.75052 -1.1446 0.38772 -1.5682 1.0817 -0.11753 0.32011 -0.81047 0.95757
-1.4387 1.0352 1.0484 -0.12036 0.13629 0.58357 0.31591 0.62325 0.19741 -0.56716 0.0070431 0.36605 -0.81175 -1.7225 -0.29419 1.181 0.27915 0.21507 1.6566 0.34613 1.2117 0.97187 0.60089 0.022788 0.23866 -0.85693 0.91468 -0.33749 -1.3977 -0.38496 0.49299 -1.2097 0.064805 -2.2458 0.083385 -0.067722 0.35282 -1.506 1.1142
-2.1859 0.56668 0.35681 -0.53917 0.55719 0.27615 0.46396 -0.47142 0.30447 0.08608 -0.20239 0.97612 -0.90327 -1.0388 -0.47198 0.47394 0.069644 0.32989 1.2163 0.28669 0.047471 0.90588 0.65797 0.28586 -0.62493 -0.37831 1.4995 -0.017602 -1.0497 0.15406 0.16748 -1.0707 -0.22131 -1.7671 -0.6332 0.062836 -0.064164 -1.4601 0.87634
-1.2207 0.98872 0.5881 -0.25235 0.0083003 -0.48742 0.18477 0.0063734 0.8742 -0.4212 0.20384 0.083709 -0.94984 -0.095156 -0.1174 -0.1604 0.47735 0.068696 1.0699 0.42493 -1.0633 0.018984 0.92191 0.40188 -1.1196 -0.17268 1.2698 0.25011 -0.48127 0.3444 -0.31488 -0.89333 -0.16061 -0.50489 -0.85719 -0.0085513 -0.2205 -0.68916 0.52832
-0.88399 1.0054 0.82664 -0.0039099 0.38191 0.78526 0.073206 -0.063911 -0.17141 -0.017187 -0.69929 -1.0316 -1.117 0.19593 -0.17826 0.21003 0.79116 -0.052943 0.40805 0.0088703 -0.29764 -0.044667 0.73929 -0.28488 -1.289 -0.16209 0.3209 0.11043 0.14492 0.090564 -0.17477 -0.7409 -0.2347 0.51602 -0.91262 -0.25442 -0.35441 0.41724 0.27157
-0.68723 0.89741 0.58151 0.73186 -0.15199 1.1812 0.44764 -0.12572 -0.089996 0.60982 0.48924 -0.69823 -1.2134 0.16477 -0.014923 0.34742 0.56183 -0.20566 0.24733 0.17996 0.40478 -0.21282 0.54094 -0.13954 -0.79865 -0.064947 -0.45363 -0.26598 0.31932 -0.48576 -0.24319 -0.90849 -0.27818 0.81792 -0.18844 -0.46975 -0.014598 1.3341 0.35244
-1.4627 0.80745 0.96143 1.3683 0.29983 1.6951 0.54399 -0.63635 -0.56597 1.1566 -0.31149 -0.8231 -1.1199 -0.53214 -0.33677 0.50237 0.19379 0.122 0.1255 -0.051269 0.34829 -0.74477 0.34751 -0.15836 0.084595 0.031485 -0.51225 -0.41761 -0.063753 -0.92166 -0.3461 -0.7358 -0.12071 0.18431 0.24619 -0.62852 0.30704 1.5131 0.49433
-1.6706 0.57207 1.1417 0.041744 0.26542 -0.084073 0.18924 0.1487 1.0248 -0.11576 -0.60261 -1.1405 -0.90943 -0.61932 -0.49751 0.3233 -0.14073 -0.49426 -0.6332 -0.096629 0.24427 -0.0048625 0.19504 0.30186 0.9193 0.33165 -0.093614 -0.37292 -0.24071 -0.78106 -0.39734 -0.61687 0.051021 -0.22383 0.47765 -0.69264 0.73721 1.1921 0.36045
-1.3328 0.88208 0.74956 0.061782 0.010617 0.21368 0.67017 0.44857 -0.066633 0.5981 -0.074484 -0.12058 -1.06 -0.41562 -0.6565 0.088599 -0.59355 -0.58031 -0.64338 -0.074235 0.16299 0.3133 -0.32154 0.099566 0.94004 0.48194 1.1235 -0.3382 -0.83616 -0.28669 -0.52521 -0.24423 0.37063 -0.21795 0.45391 -0.096912 0.79694 0.54529 0.3166
-1.7507 0.55064 1.612 0.37401 0.37208 0.57889 -0.23644 0.28048 -1.0068 0.1255 -0.16893 -0.19597 -1.0221 -0.072945 -0.49791 0.068175 -0.51626 -0.62383 -0.61704 0.3302 0.072502 0.16521 -0.48392 1.1952 1.212 0.32456 1.9962 -0.79589 -1.3204 -0.078211 -0.38159 0.19704 0.31687 0.14943 0.34953 0.51747 0.38138 -0.083314 0.46002
-1.5651 0.2831 0.9622 0.37015 -0.85307 0.4108 0.28456 -0.20423 0.27668 0.89799 0.31182 0.492 -0.58182 1.4114 -0.91985 -1.0428 -0.16108 -0.82629 -0.37042 0.54434 0.020858 0.031598 0.49461 0.97788 1.0674 0.57522 2.3209 -1.1327 -1.5623 -0.025279 -0.44611 0.29776 0.2533 0.56505 0.46493 1.0038 0.16307 -0.28418 0.78431
-1.4956 0.028932 0.64231 -0.015348 -0.57373 0.52604 0.6059 -0.13368 0.64921 0.061355 0.15343 0.25028 -0.54369 2.4019 -1.7344 -1.7486 -0.50778 -1.1106 -0.35639 0.29037 0.6269 0.79666 0.79813 0.61623 0.71251 1.069 1.8762 -1.1241 -1.0042 -0.16891 -0.1568 0.43055 -0.061207 0.81031 0.30282 0.66501 -0.39313 -0.73829 0.97969
-1.6592 0.43986 1.3951 0.1727 -0.095016 -0.01447 1.0698 -0.093584 -0.095057 -0.030862 1.5927 0.80872 -0.85504 2.9209 -1.9846 -2.1228 -0.64912 -1.1992 -0.15474 0.50863 1.0174 0.88018 1.0014 0.70685 0.64014 1.445 0.59865 -0.52056 0.22075 -0.16026 0.087138 0.50242 -0.18757 0.65142 -0.076938 0.009754 -0.43527 -0.90592 0.78088
1.5362 -0.67566 -1.3208 -0.24745 -0.99758 -0.65308 0.75744 0.6783 0.56614 1.338 0.25683 0.52309 -0.023333 2.8706 -1.8971 -1.3993 -0.5935 -0.74818 0.16526 0.25145 1.1898 0.31176 0.56289 0.53845 -0.043118 1.5571 -0.67559 0.28901 1.1027 0.16902 0.32958 0.68818 0.0023893 0.020501 -0.39974 -0.5229 -0.51648 -0.87454 0.29324
1.7379 -1.5886 -1.4004 -0.57023 -1.5485 0.46639 0.33899 1.4299 0.57499 1.7274 0.52965 0.91329 0.56013 2.3604 -1.7347 -0.78396 -0.42323 -0.85332 0.40566 0.2022 1.0415 0.11459 0.62881 0.14044 -0.36282 1.6606 -1.9263 1.0374 1.8521 0.45714 0.62853 0.54558 0.2421 -0.59334 -0.47323 -1.1145 -0.31865 -0.62435 -0.40608
1.3973 -1.6695 -0.97057 -0.34656 -1.4205 0.63204 0.71874 1.0114 0.55123 1.1868 1.1576 0.88524 1.0091 1.357 -1.3665 -0.22702 -0.3069 -0.66722 0.77966 0.48035 0.67204 0.39922 -0.04245 -0.13895 -0.53053 1.4617 -2.0639 1.5095 1.5178 0.56774 0.76349 0.0010966 0.52194 -0.90868 -0.22924 -1.1514 -0.14851 -0.078934 -0.99436
1.625 -1.448 -0.19711 -0.4632 -1.2959 0.52372 0.96606 0.97198 0.73941 0.71297 1.1475 -0.078544 1.1071 -0.10966 -0.47294 0.97525 0.062902 -0.05355 0.66311 0.93366 0.12227 -0.085122 -0.88173 0.40198 -0.35429 0.8044 -1.3315 1.6208 0.8086 0.47139 0.86621 -0.37897 0.17359 -0.69522 -0.33156 -0.73481 -0.19815 0.35951 -1.4429
1.5015 -1.6177 -0.17961 -0.48345 -1.3351 0.56858 1.0998 1.1856 0.33412 0.90079 0.46057 -0.12376 1.2123 0.047322 0.059006 0.73911 0.22662 0.29536 0.04968 1.0121 -0.12684 -0.040749 -0.93987 0.10366 -0.18162 0.29689 -0.47642 1.6367 0.099336 0.39783 0.55374 -0.59927 -0.81834 -0.45279 -0.4858 0.2378 -0.39932 0.67962 -1.6635
1.3573 -1.5288 -0.26664 -0.37331 -1.2835 0.73752 1.6164 1.0976 0.79613 0.5237 0.97176 0.34147 1.1391 0.39883 0.33052 0.33786 0.19211 0.30462 0.0076606 0.33215 0.085883 -0.31456 -0.3645 -0.38396 0.21587 -0.20779 -0.46778 1.5515 -0.28682 0.32734 0.43632 -0.29518 -1.5334 -0.58494 -0.42391 0.6469 -0.53558 0.41004 -1.6199
1.518 -1.6156 -0.10547 -0.18257 -1.2998 0.53733 1.6948 1.0816 0.33788 0.46036 1.0571 0.41534 1.1752 0.16967 1.0369 0.28318 0.37235 0.1973 -0.10549 -0.90332 -0.18644 -0.4318 0.16224 -0.55055 0.58543 -0.85791 -1.5395 1.4225 0.089597 0.38069 0.76288 0.1373 -1.359 -0.78091 -0.5979 0.28156 -0.39242 -0.053927 -1.4368
1.8512 -1.4881 -0.25628 -0.19676 -1.0296 0.56854 1.5487 1.0659 0.63165 0.38158 0.88817 0.65684 1.0501 -1.0869 1.697 0.62522 0.6014 0.81526 0.14883 -1.2927 -0.98536 -0.71632 -0.16806 -0.34743 0.1176 -1.3698 -2.4083 0.98181 0.35686 0.33822 1.244 0.36508 -0.27843 -0.76649 -0.071676 -0.048967 -0.24328 -0.43673 -1.0034
2.1108 -1.0274 -0.17082 -0.18807 -0.98775 0.63793 0.81106 1.148 0.021185 0.82706 0.33526 0.69627 0.63578 -2.2356 1.8133 0.76754 0.73362 1.4823 0.27038 -0.99376 -1.1153 -1.0012 -0.48905 -0.70541 -0.21611 -1.5625 -2.3595 0.063529 0.46278 0.029115 1.2411 0.46303 1.0342 -0.50647 0.4496 -0.059556 0.01511 -0.69495 -0.28092
1.4251 0.078645 0.45423 0.11623 -1.2055 0.33049 -0.68034 0.60902 0.17361 1.1492 0.11081 0.59732 -0.23591 -3.1348 1.6238 0.80038 0.64331 2.0216 0.57617 -0.17478 -0.94533 -0.17921 -0.13731 -0.79968 -0.24177 -1.5592 -1.245 -0.76425 0.18667 -0.12606 0.43668 -0.067452 1.5212 -0.068296 1.2238 0.19718 -0.015766 -0.35606 0.43929
-1.106 0.2799 0.80023 0.534 0.15626 1.117 0.26346 -0.56156 -0.5294 0.032059 0.55585 -0.13214 -0.49811 -3.4465 1.1795 1.1114 0.4023 1.948 0.6373 0.73833 -1.1891 0.15276 0.027661 -0.30189 -0.61592 -1.2387 0.33212 -1.116 -0.19214 -0.23592 -0.39034 -0.58241 1.0403 0.29667 1.5196 0.45723 0.26857 -0.082949 0.97717
-1.6168 0.067481 0.65508 0.67916 0.79114 0.98669 1.2662 0.025801 -0.41262 -0.42648 0.090079 0.21757 -0.51887 -2.9275 0.69969 0.81883 0.52633 1.4029 -0.16147 1.0632 -1.0665 1.0487 -0.042679 -0.58828 -0.37763 -0.78294 1.8833 -0.93607 -0.35049 -0.25877 -1.1862 -1.0828 -0.37023 0.50767 0.93492 0.49789 0.25697 0.21667 1.0431
-1.9209 -0.059707 0.80033 0.42749 1.1745 1.2731 1.7023 0.37688 0.88091 0.99685 -0.15834 0.41682 -0.59618 -1.6806 0.35759 0.36897 0.3449 1.0357 -0.53923 0.60071 -0.45263 1.2957 0.3568 -0.28274 -0.29055 -0.28755 2.3334 -0.45063 -0.38378 -0.31761 -1.3854 -1.2487 -1.7699 0.56288 0.20777 0.42003 0.33676 0.26786 0.74107
-1.9487 0.070275 1.5738 0.10667 0.78516 1.2242 1.82 -0.69757 0.5646 0.86062 0.60097 -0.45499 -0.57234 -0.30545 0.42569 0.46669 0.18185 0.2047 -1.0358 -0.85063 -0.29513 1.0357 0.67095 -0.30404 0.059598 -0.25955 1.9047 -0.10769 -0.30236 -0.40681 -1.1419 -0.91946 -2.0434 0.38738 -0.84293 -0.023134 0.59866 -0.2287 0.35877
-1.7401 0.39613 0.96183 1.0297 0.17293 -0.32634 0.84697 -0.5123 1.3482 0.62233 -0.98116 0.33604 -0.71054 -0.15899 0.54026 0.51623 -0.026207 -0.10572 -1.4645 -1.9847 -0.44742 0.54728 0.49114 0.22046 -0.26688 -0.23866 0.92718 -0.17253 -0.34871 -0.13985 -0.64274 -0.1059 -0.82501 0.4688 -1.1456 -0.48533 0.3128 -0.458 0.10987
-1.6987 0.66679 0.89606 0.75107 0.87528 0.1337 -0.022621 -0.13176 1.1358 1.0605 0.38246 -0.16988 -0.66377 0.066124 0.42057 0.13623 -0.056495 -0.21496 -1.5656 -1.8976 -0.28807 -0.20965 -0.1577 0.34728 -0.82684 -0.1955 0.063298 -0.53008 -0.34992 -0.14566 -0.057373 1.0509 1.004 0.38855 -1.23 -0.66544 0.37091 -0.5787 0.13752
-1.775 0.52202 1.6638 0.69904 0.85544 0.13541 -0.34533 -0.78347 0.31515 0.53592 0.0075172 0.27603 -0.89326 -0.036285 0.061108 -0.16713 0.19742 0.008375 -0.47972 -0.5742 0.48555 -0.29609 -0.18216 0.0082427 -0.74879 -0.1308 -0.023183 -0.63151 -0.10446 -0.083795 -0.13545 1.6338 2.1149 0.58772 -0.814 -0.51449 -0.096127 0.15061 0.13366
-2.142 0.48816 1.4961 0.23669 0.77194 -0.84117 -0.83969 -0.32752 0.8542 0.82021 0.53183 -0.40865 -0.77736 -0.23735 -0.24724 0.10463 -0.20753 0.026358 0.62876 0.58137 0.021759 -0.91946 -0.29852 0.53469 -0.8452 -0.0777 0.36765 -0.59402 -0.39142 -0.13917 -0.41909 1.4905 1.8772 0.90022 -0.14403 -0.039454 -0.30397 0.96307 0.26974
-1.6349 0.40379 0.94453 0.33738 0.53461 -0.65794 -0.033143 -0.38818 0.63615 0.74405 0.3054 -1.502 -0.7971 -0.048055 -0.21236 0.31742 -0.112 -0.49651 0.78554 1.2428 0.57401 -0.67472 -0.44886 -0.072722 0.072657 -0.068332 1.5288 -0.85666 -1.0696 -0.15201 -0.99339 0.82739 1.0217 0.95192 0.37223 0.22055 -0.31965 1.7488 0.62754
-1.9486 0.23819 1.0217 1.1878 0.60572 0.8106 1.4944 0.27602 0.56853 0.50147 -0.27502 -0.87915 -0.74257 0.80062 -0.46491 -0.89249 -0.16716 -0.77331 0.8565 1.1625 1.4606 -0.30883 -0.10417 -0.22652 0.73718 0.2338 2.1435 -1.3432 -1.9487 -0.2242 -1.3202 -0.16727 0.23435 1.2842 1.0613 0.51646 -0.30476 2.2586 1.0418
-2.1355 0.25954 1.3724 0.41127 0.52292 0.76743 0.92312 -0.88393 -0.1609 0.33178 0.50069 -0.54845 -0.84696 2.4592 -1.3029 -1.8065 -0.11227 -1.4973 1.1069 1.3097 1.6611 0.10293 0.15019 -0.25672 2.0251 0.78222 1.9828 -1.592 -2.0789 -0.51404 -1.0656 -1.0353 -0.13962 0.76467 0.90277 0.40151 0.12344 1.4406 1.3123
-1.626 0.52843 1.987 0.38942 0.16585 0.75918 0.90539 0.90806 0.24537 0.40437 0.18323 0.68947 -0.84392 2.7336 -2.0095 -2.7231 -0.63257 -2.0017 0.13738 1.0712 2.0289 0.72122 0.41116 0.010831 2.7754 1.27 0.9102 -1.2279 -1.0841 -0.43043 -0.38484 -1.4601 0.041319 -0.094698 0.28275 -0.014917 0.11127 0.15535 1.1994
-0.20762 -0.32452 -0.81962 0.2141 -0.2789 0.33421 0.55906 1.5656 0.39727 0.75048 -0.28924 0.90141 -0.3503 2.8938 -2.1746 -2.9164 -0.84921 -1.9255 -0.95815 1.0274 1.8154 0.53487 0.077481 0.047334 1.9948 1.6464 -0.72401 -0.2846 0.47537 -0.02407 0.99145 -1.1774 -0.17055 -1.2903 -0.90522 -0.77259 0.076504 -1.2275 0.66396
2.1544 -1.5541 -1.7422 0.34796 -1.5351 0.7615 1.651 1.5813 1.3347 1.1635 0.24769 2.0923 0.56529 2.38 -2.1388 -2.5042 -0.61145 -1.3047 -1.0818 1.422 1.2133 0.0074605 -0.099573 -0.16411 1.0923 1.8426 -1.8201 0.84492 2.3531 0.56436 2.1861 -0.052684 -0.41106 -2.1031 -1.8846 -1.5273 -0.14572 -1.9809 -0.13978
0.93991 -1.9559 -2.6597 -0.42522 -1.7796 -0.19329 2.1825 2.1078 1.3586 1.0071 0.25721 2.3787 0.77251 1.2155 -1.7296 -0.97512 -0.17189 0.032171 -0.67693 0.80834 -0.46033 -1.2925 -1.1105 -0.024191 0.40773 1.6266 -2.5259 1.599 3.0222 0.7711 2.6417 0.84344 -0.9298 -1.8649 -2.0216 -1.662 -0.38438 -2.0328 -0.96986
1.0425 -1.6478 -1.6643 -0.10827 -1.1479 -0.47619 2.5151 1.7983 0.24828 -0.033842 -0.020158 1.2585 1.0871 -0.0055971 -0.7854 0.98888 0.085604 1.1747 -0.099907 0.3504 -0.96628 -2.0009 -1.9893 -0.25186 -0.41489 1.0443 -1.7556 1.8018 2.4545 0.80959 2.0146 1.0802 -1.0512 -0.96326 -1.161 -0.82639 -0.36831 -1.5211 -1.4043
0.88607 -1.7361 -1.2597 -0.38535 -0.7103 -0.40961 2.2291 0.83801 -0.45593 0.34763 0.12182 1.0686 1.2729 -0.88108 -0.11075 1.3532 0.24764 1.8585 0.28421 -0.35492 -0.75772 -2.3602 -2.236 -0.68354 -1.3404 0.39888 -0.44034 1.3716 0.73114 0.56064 0.36632 0.78744 -0.62407 0.31021 0.42547 0.67718 -0.30857 -0.67643 -1.4342
0.66338 -1.7262 0.052934 0.57217 0.39941 0.30946 1.1623 0.35582 -1.3314 -1.1668 -0.038481 1.7765 1.2385 -0.022954 0.14016 1.2164 0.6965 1.6103 0.65438 -0.169 -0.52185 -1.703 -1.1582 -0.57712 -1.0868 0.071318 0.61246 0.86214 -0.73457 0.28863 -1.2376 0.21993 -0.4827 0.71704 1.3059 1.5235 -0.090591 -0.033193 -1.2666
0.79371 -1.7487 -0.2172 0.25209 0.44408 0.51565 1.586 0.79461 -1.1097 -1.4955 -0.57087 0.58452 1.1783 0.36218 0.158 0.36166 0.57251 0.50073 0.56488 -0.20897 -0.05375 -0.63476 -0.20197 -0.48502 -0.59985 -0.32285 0.87264 0.84702 -1.0333 -0.053816 -2.1643 -0.22715 -0.47867 0.64445 1.5557 1.9408 0.12764 0.27021 -1.1027
0.46164 -1.8732 -0.84852 0.22887 0.20877 0.61124 1.7659 1.3576 -1.0831 -1.3096 -0.62296 0.031184 1.0648 0.58333 0.55642 0.014392 0.4618 -0.51735 0.21979 -0.70311 0.11326 -0.36373 -0.024333 -0.53954 -0.82684 -0.74597 0.12545 1.2209 -0.56496 -0.20036 -1.856 -0.60091 -0.92927 0.33234 1.2794 1.3629 0.16105 0.13767 -1.0475
1.3095 -1.5406 -0.7677 0.68993 0.17483 0.1057 2.5449 1.3239 -0.84412 0.13639 -0.31419 0.85467 0.9676 0.53853 1.1314 -0.11141 0.26002 -1.2151 0.048543 -1.06 0.21301 -0.049518 0.99655 -0.45521 -0.89801 -1.0649 -0.39104 1.3309 0.30315 -0.14845 -0.79919 -0.50315 -1.0187 0.015419 0.77633 0.55873 0.18008 -0.18876 -0.74801
1.6175 -1.435 -0.85266 0.56737 -0.65866 0.23116 1.6697 1.0163 -0.80075 -0.24362 -0.54441 0.595 0.68881 0.14068 1.7452 0.32066 0.47236 -1.0816 -0.30365 -1.6606 0.017229 0.45321 0.90989 -0.27823 -0.63359 -1.3362 -0.76848 0.70442 0.68014 -0.22731 0.17017 0.017942 -0.53096 0.13223 0.36621 -0.22943 0.08718 -0.12599 -0.21466
1.3495 -0.9622 -0.42317 0.505 -0.94354 0.23331 0.12143 0.44246 -1.5948 -0.85011 -0.75129 -0.14171 0.18209 -0.18147 1.8441 0.80618 0.28441 -0.75248 -0.18998 -1.8349 0.041406 0.43821 0.42293 -0.26391 -1.053 -1.2972 -0.70147 -0.30722 0.58291 -0.23342 0.8078 0.53968 0.36353 0.22487 -0.2974 -0.7075 -0.078339 0.012589 0.41563
1.0815 -0.28659 -0.045247 0.87738 -0.81569 0.73236 -0.012841 1.1318 -1.1859 0.077596 -0.8912 0.0016831 -0.15367 -0.56469 1.4057 0.90449 0.018574 -0.4362 0.3866 -1.3974 0.47667 0.085154 -0.1895 -0.46882 -0.97883 -0.99269 -0.32871 -1.4026 0.10362 -0.34345 0.85646 0.87216 1.2911 0.064004 -0.56715 -0.35106 -0.19682 0.22978 1.041
0.67495 0.25597 -0.12165 0.93786 -0.66148 -0.21143 0.16099 1.2615 0.10565 -0.23708 -0.81957 -0.52888 -0.48561 -0.48488 0.77104 0.75182 0.044406 -0.0098823 0.81641 -0.39741 0.44369 -0.44892 0.15774 -0.52388 -0.6744 -0.52816 0.029455 -2.1007 -0.33435 -0.54054 0.63556 0.60112 1.3995 -0.54636 -0.39524 0.076683 -0.19409 0.56073 1.3854
0.66985 -0.014141 0.30189 0.60087 -0.68182 0.28153 0.13889 1.4333 -0.72052 -0.29987 -0.71344 -1.2748 -0.3436 -0.34988 -0.12777 0.54788 -0.05694 0.16775 0.98512 0.36016 -0.040907 -0.20542 0.35225 -0.54867 -0.3323 0.050781 0.2416 -2.0409 -0.43309 -0.79968 0.27515 0.16308 0.58466 -1.1058 -0.076524 0.35736 0.0079637 0.66106 1.3799
0.93834 -0.27216 0.43596 0.57576 -0.76916 1.0116 0.67479 1.7456 -1.2856 -0.40341 -1.1543 -0.025922 -0.15506 -0.22604 -0.99653 0.31177 -0.69754 0.14511 0.74922 0.25297 -0.76112 -0.18809 0.29975 -0.61897 -0.21584 0.53805 0.020283 -1.0751 -0.31989 -0.86127 0.037224 -0.30126 -0.39047 -1.2952 0.58268 -0.041973 0.28041 0.67759 0.93601
0.9748 -0.54799 0.18547 0.72198 -0.82896 1.5224 0.42908 0.95159 -2.0247 -0.085059 -1.4268 -0.61541 -0.10388 -0.21365 -1.2152 0.25504 -1.1172 -0.0011259 0.76414 -0.4647 -1.0862 -0.20392 0.43701 -0.41301 0.15536 0.82181 -0.27697 0.36021 -0.035284 -0.59928 0.036396 -0.56564 -0.78721 -1.1677 1.1398 -0.43584 0.58483 0.24202 0.23582
0.57272 -0.85076 0.49987 0.61468 -0.55156 1.2997 0.39222 0.30365 -0.95967 0.038393 -1.4268 -0.67289 0.14532 -0.50822 -0.53291 0.25433 -1.048 0.13358 0.3226 -0.77209 -1.5726 0.65938 0.030593 -0.039712 0.47871 0.67944 -0.32957 1.3171 0.012746 -0.22279 0.012508 -0.65889 -0.31249 -0.48585 1.5975 -0.6773 1.0149 -0.2175 -0.2745
0.55745 -1.2303 0.30488 -0.47951 -0.53815 0.83533 0.25254 0.34396 -0.39501 0.4406 -1.5411 -0.63019 0.45177 -0.74921 0.25544 0.49984 -1.0118 0.23096 0.054224 -0.74644 -1.9224 1.5514 -0.36951 0.32126 -0.16422 0.38297 -0.10047 1.3101 -0.40418 -0.013232 0.016175 -0.74966 0.60059 0.47706 1.4585 -0.59962 1.2036 -0.46669 -0.43979
0.40818 -1.0078 0.45169 -0.81537 -0.82165 0.8775 -0.78009 0.2092 -0.60486 0.018363 -1.0347 -0.40059 0.57196 -0.60223 0.5249 0.20832 -1.1728 0.040981 -0.23044 -0.22974 -1.2849 1.9949 -0.62634 1.0317 -0.47074 0.29287 0.36641 0.51735 -0.88125 0.09793 -0.13084 -0.69588 1.1064 1.3139 0.7585 -0.1334 1.1806 -0.32728 -0.28412
0.057539 -0.29091 0.84664 -0.37851 -0.46514 1.2618 -0.42395 -0.60502 -0.41889 -0.68332 -0.82478 0.063106 0.38246 -0.35959 0.50075 -0.53382 -1.0835 0.064082 -0.47931 0.55541 -0.27198 1.9216 -0.41168 1.4457 -0.28895 0.26953 0.83086 -0.37535 -1.2726 0.32813 -0.25978 -0.63338 1.2704 1.9018 0.24612 0.57036 0.83472 0.2251 -0.060438
-0.024819 0.084799 1.1647 -0.44128 -0.44752 1.4455 0.095385 -1.1737 0.56374 -0.73556 -0.99405 -0.95888 0.1664 0.023136 0.22907 -0.99138 -0.8319 -0.044304 -0.82078 0.92903 0.21137 1.9214 -0.21218 1.7466 -0.095802 0.2552 0.9938 -0.92072 -1.12 0.42553 -0.39535 -0.5815 0.65028 1.7666 -0.29743 1.0578 0.15422 0.42643 0.047842
0.23027 -0.50616 0.05203 -1.1912 -0.82996 0.82723 0.37612 -0.41741 0.87076 -0.45246 0.23804 -1.748 0.50827 0.57862 -0.24367 -1.4427 -0.56939 -0.23351 -0.93313 1.3702 1.0987 2.0499 0.5382 1.6221 0.12942 0.30108 0.92871 -0.86566 -0.42777 0.47586 -0.46775 -0.3667 -0.27118 1.1931 -0.97815 1.0326 -0.5349 0.47802 -0.006179
0.15389 -0.7641 -0.76693 -1.4215 -0.34265 0.15697 1.1562 0.69671 1.567 0.061974 0.43953 -0.41722 0.79808 0.88995 -0.68564 -1.5756 -0.63389 -0.57576 -1.1801 0.75838 1.5321 1.3473 0.96844 1.2437 0.20867 0.36043 0.64185 -0.1159 0.58175 0.60252 -0.42411 0.02848 -1.0663 0.20144 -1.8296 0.77711 -1.5281 0.37205 -0.35664
0.72132 -0.89421 -0.85631 -1.6338 -0.81441 -0.18835 0.60147 0.38051 1.487 -0.084345 0.82285 -0.2485 0.78495 1.0401 -0.53016 -1.1006 -0.29199 -0.57374 -1.0376 0.10379 1.4384 0.31607 1.0183 0.622 0.55182 0.20843 0.13924 0.92687 1.6219 0.75818 -0.27921 0.42419 -1.4922 -1.1653 -2.5286 0.24466 -1.9177 -0.030501 -0.85987
1.1673 -0.77768 -1.0342 -0.90023 -1.0822 0.39783 0.99625 1.1878 1.8005 0.45457 0.82736 -0.090498 0.71302 1.0608 0.17044 -0.0096031 0.15795 -0.69454 -0.69948 -0.64226 0.4557 -0.74156 1.0676 -0.81067 0.47152 -0.30269 -0.51881 1.6886 1.8916 0.93717 0.10471 0.65139 -1.1764 -1.8171 -2.3553 -0.2717 -1.6822 -0.060293 -1.2347
1.0381 -0.86611 -0.95199 -1.3162 -1.1929 -0.076326 0.4559 0.71008 1.1913 0.3736 0.40553 -0.55116 0.6675 0.77216 0.91556 0.99988 0.45579 -0.71828 -0.29629 -1.027 -0.64558 -1.78 0.96539 -1.1855 -0.038229 -0.82701 -1.2012 1.7587 1.4281 1.1579 0.42958 0.4071 -0.57507 -1.4912 -1.3529 -0.47093 -0.64532 0.21123 -1.3447
1.3648 -0.66022 -0.56374 -1.1664 -1.1007 -0.11943 0.305 0.87261 0.90137 0.65698 0.092143 -0.61498 0.51852 0.0074382 1.4858 1.1372 0.7497 -0.31583 -0.20965 -1.1115 -0.99446 -2.1456 0.46013 -1.2174 0.40718 -1.2187 -1.5988 1.176 0.55341 1.4822 0.96422 0.38474 0.19676 -0.67477 -0.39087 -0.7647 0.41726 0.62442 -1.0462
1.6283 -0.26734 -0.056856 -1.1063 -1.5826 -0.42959 -0.33254 0.28482 -0.020278 1.1721 -1.0884 -0.44853 0.11544 -0.79303 1.8266 1.1654 1.5845 0.043847 -0.44025 -0.83587 -0.76211 -1.5951 0.39697 -0.47019 1.037 -1.6174 -1.5981 0.33097 -0.098572 1.39 1.1273 0.34812 0.53368 0.099346 0.52346 -0.64328 0.85366 0.57255 -0.55231
1.166 0.48627 0.83413 -0.66466 -1.2562 -0.098691 -0.10657 -0.48249 -0.5869 1.1237 -0.52967 -0.21022 -0.38444 -1.2993 1.7297 1.004 2.3755 0.75046 0.16909 -0.29345 -0.80071 -1.5972 -0.14878 -0.34322 1.2232 -1.6839 -0.94195 -0.62856 -0.68329 0.51035 0.92956 0.40883 0.53394 0.9467 1.4131 -0.27603 0.87014 -0.16776 0.14543
0.54323 0.83472 0.20302 -0.19069 -1.1923 -0.1534 -0.68995 -0.43375 -0.68903 0.14658 -0.33017 0.71638 -0.79649 -1.7157 1.3585 0.86361 2.2515 0.88544 0.23614 -0.28507 -0.52972 -1.0591 0.0071428 0.073467 0.73808 -1.5313 0.30344 -1.9672 -1.3301 -1.3556 0.28014 0.32196 0.25618 1.2045 1.6634 -0.21742 0.34821 -0.56416 1.3935
-0.16138 1.1132 0.39712 1.6993 -0.93231 -0.43755 0.17458 0.81303 0.45227 1.2656 0.54665 1.2919 -1.3246 -1.3807 0.63837 -0.079951 1.3715 1.0234 0.29794 -0.23534 0.77401 0.29245 0.11178 0.23977 0.24263 -1.0125 1.4604 -2.8339 -1.636 -3.0214 -0.23365 0.06128 0.4335 1.1871 1.7624 -0.26787 0.20947 -0.53094 2.5672
-0.40987 0.81042 0.62107 1.7355 0.082037 0.3953 0.05461 -0.67956 -1.3882 0.019242 -0.86064 0.57816 -1.2508 -0.15012 -1.006 -0.94964 -0.46501 0.42947 0.16372 -0.29592 0.84376 0.64744 -0.16177 -0.074374 0.41101 0.41779 2.0495 -2.9244 -1.8136 -3.6334 0.010094 0.18342 0.77362 0.63525 1.0593 -1.2877 0.16431 -0.2723 3.1851
-0.56762 0.94594 1.1109 1.144 -0.53011 -0.069284 -0.63696 -0.02478 -0.58557 1.4037 -0.2493 -0.12274 -1.3953 0.79779 -1.9534 -1.3559 -1.9485 0.52113 0.34135 0.65283 0.87162 0.92738 -0.59161 0.14113 0.33767 1.7075 1.5351 -2.0302 -1.333 -2.6649 0.3228 0.1826 1.0885 -0.11308 0.16393 -1.5019 0.75287 -0.12045 2.7425
0.097392 0.62466 -0.54603 0.0918 -0.42621 -0.020092 -0.715 1.6492 0.79501 1.2653 -0.57827 0.081505 -1.1334 1.2346 -2.3662 -2.1189 -2.9209 1.1439 0.59991 0.92498 0.6916 0.6491 -2.1663 0.44309 0.16496 2.525 0.36403 -0.57963 -0.61735 -0.50949 0.99397 0.3945 1.0825 -0.68472 -0.66437 -1.2882 1.1355 -0.46639 1.3881
1.2733 -1.1952 -1.0479 -1.6854 -1.0282 0.030429 -0.4318 0.14 0.045063 0.015078 -0.24184 1.6126 0.72304 0.95384 -2.1679 -2.1581 -2.4127 1.2695 0.46365 1.4686 0.64369 0.59537 -1.8307 1.4759 0.14739 2.5977 -0.69922 0.61857 0.33862 1.5429 1.1799 0.44496 0.21541 -1.3171 -1.2894 -0.29978 1.1214 -0.97965 -0.13273
1.156 -1.209 -1.5121 -1.6861 0.097863 0.37282 1.3093 1.0282 0.67596 -0.62277 0.4134 1.4281 1.3037 0.49335 -1.8963 -1.7852 -1.1942 1.938 0.9191 1.5981 -0.37658 -0.47569 -2.0684 1.5167 -0.41229 2.3344 -1.2953 1.5163 1.4121 2.9082 0.96301 0.36955 -0.84221 -1.3418 -0.99788 1.3176 0.79271 -1.3224 -1.4921
0.87037 -1.2414 -2.2642 -1.5278 1.5303 0.76647 1.1678 1.0368 0.14453 -2.2216 0.64426 0.51113 1.4472 -0.20325 -1.13 -0.85437 0.084075 2.3611 1.1013 0.79977 -1.1764 -1.0015 -1.2304 1.8348 -1.331 1.5792 -1.0872 1.5446 1.9172 2.7954 0.31429 0.14448 -2.0296 -1.371 -0.28354 1.909 0.04608 -1.0928 -1.9298
0.3567 -1.1647 -1.6991 -1.2177 1.0932 0.65406 1.1927 0.13785 -0.66147 -0.63256 1.3429 0.030788 1.372 -0.73197 -0.28651 0.036793 1.2925 2.4218 1.0466 -0.47507 -1.0292 -0.48301 0.11218 1.8381 -1.7468 0.49988 -0.5238 1.1552 1.9834 1.9472 -0.52037 -0.41329 -2.2851 -0.83008 0.89197 2.3389 -0.45078 0.057977 -1.6624
0.46944 -1.3838 -1.7591 -0.66652 1.5058 1.1033 0.84032 -0.10792 -0.5626 -0.76505 1.3903 -0.67994 1.4831 -0.56903 -0.32561 0.74506 1.5937 1.6148 0.70585 -1.7193 -1.7184 0.042258 0.81609 1.3996 -1.3717 0.23664 0.0022403 0.45745 1.4596 0.93741 -0.78281 -0.73979 -1.5506 -0.22262 1.4546 1.473 -1.373 1.3522 -0.93009
0.45885 -1.3729 -1.9364 -0.54622 2.304 1.4066 0.11647 -0.33452 -0.29422 -0.69314 1.9111 -0.98725 1.5784 -0.3501 -0.31947 1.3611 1.7068 1.3073 0.28376 -1.9028 -1.7267 0.70628 1.4877 0.82702 -0.24908 0.18178 0.13534 0.08678 0.79097 0.086205 -0.82351 -0.97971 -0.31167 0.14477 1.2579 0.56849 -2.0035 1.8962 -0.25791
0.2798 -1.5734 -0.83322 0.1386 2.3824 1.3541 -0.50821 -0.71137 -0.0015662 -0.18529 2.4052 -0.39582 1.5556 -0.38494 -0.33171 1.3857 1.6349 1.4143 -0.017069 -1.7064 -1.2502 1.1896 0.96489 -0.40744 0.68247 0.15923 0.02617 0.23083 0.2125 -0.43253 -0.77792 -0.99321 0.85462 0.97105 0.80794 0.0030865 -2.1098 1.3154 -0.13262
0.27846 -1.5261 -0.67577 0.51654 2.379 1.1666 -0.75395 -1.2156 0.74614 -0.29576 2.0186 -0.78405 1.6504 -0.55275 -0.13758 1.2862 1.4301 0.9404 -0.58168 -1.1034 -0.96095 1.3508 1.1489 -1.2644 1.0895 0.1022 0.18536 0.2951 -0.40612 -0.96941 -1.0501 -0.86749 1.3251 1.4706 -0.016814 -0.080931 -1.6944 0.43911 -0.15446
0.22511 -1.5337 -0.14254 0.83535 3.0163 0.92451 -1.0016 -1.4435 0.40922 0.38565 1.6154 0.3754 1.6128 -0.41134 -0.023516 1.1995 0.9153 0.3035 -0.87878 -0.29497 -0.16859 1.2622 0.989 -1.773 0.64691 0.053006 0.49426 0.22575 -0.69928 -1.4277 -1.2004 -0.54394 1.2901 1.5857 -0.74616 0.021921 -0.67746 -0.087535 -0.20101
-0.25676 -1.633 -0.028544 1.0554 2.9113 0.8286 -0.8021 -1.2765 0.67657 0.43369 0.31102 0.8095 1.5906 0.032859 0.029742 0.63847 0.24083 -0.15097 -1.046 0.20229 0.65088 0.62614 1.3146 -1.8793 0.68296 -0.025652 0.89833 0.22969 -0.87686 -1.6329 -1.148 0.0021864 0.87991 1.489 -1.144 -0.3785 0.46951 -0.46737 -0.27565
-0.23707 -1.4808 -0.3191 1.2089 2.7882 0.46608 -0.65572 -1.2362 1.3002 0.63207 0.065251 0.34774 1.668 0.30011 -0.031046 0.30965 -0.4575 -0.34023 -0.88479 0.37815 1.0894 0.10552 0.92247 -1.4597 0.73411 -0.11653 0.75002 0.48148 -0.51654 -1.6604 -0.96939 0.022209 0.19809 0.89789 -1.4848 -0.23404 1.296 -0.25722 -0.42218
0.087873 -1.4434 0.25004 0.59712 2.4758 0.34513 -0.37963 -0.32603 1.3354 0.53349 0.31174 -0.54562 1.6346 0.86486 0.25726 -0.022656 -0.95625 -0.93787 -0.56331 0.43711 1.3648 -0.28244 0.43816 -0.4917 0.12551 -0.27958 0.1132 1.0223 0.016122 -1.4146 -0.99062 0.049904 -0.27234 0.26067 -1.5002 -0.44526 1.4034 0.052957 -0.86258
0.63401 -1.5912 0.077199 0.50456 2.1012 -0.049496 -0.46099 -0.040558 0.54243 1.854 0.10674 1.0056 1.4976 0.65401 0.68581 0.4943 -1.6106 -1.1628 -1.0639 0.034802 1.2628 -1.1504 0.96619 0.11206 0.43054 -0.53567 -0.66418 1.6302 0.23321 -0.54145 -0.86055 0.41138 -0.4786 -0.35688 -1.268 -0.4078 0.84629 -0.029474 -1.4052
0.5459 -1.6094 -0.19427 -0.11106 2.4616 0.19886 -0.48147 -0.22797 0.65629 0.57194 -0.043042 0.91585 1.476 0.083594 1.4223 0.57182 -1.845 -1.6399 -0.84364 -0.1654 1.0952 -1.6425 0.41793 0.12801 0.96744 -1.2804 -1.4284 1.8045 0.20379 0.45327 -0.67072 0.67504 -0.30805 -0.58173 -0.79991 -0.76967 0.14874 -0.41706 -1.7025
1.2841 -1.0332 -0.19916 -0.2566 1.6725 0.38766 -0.3853 0.26839 0.13735 0.78484 0.81377 0.35917 1.175 -0.61195 2.1804 0.4707 -1.0346 -1.6415 0.10639 -0.29253 0.53672 -1.6644 0.13117 -0.088155 0.279 -2.0028 -1.512 1.3037 -0.2153 1.4315 -0.69238 0.83463 0.15338 -0.53767 -0.22504 -0.95183 -0.27638 -0.89322 -1.4704
0.0018636 -0.59717 1.1805 -1.2836 1.3355 -1.2105 -0.8808 0.28623 -0.55245 2.2875 0.18094 1.2875 0.87594 -1.3094 2.603 0.38881 -0.3962 -1.989 0.24099 -0.013481 0.59675 -1.5752 -0.65463 -0.10237 -0.61732 -2.438 -1.2714 0.13445 -0.18914 1.6577 -0.10467 0.47279 0.48595 -0.58572 0.36126 -0.79548 -0.28287 -0.875 -0.41257
-0.21287 0.4217 0.46993 -1.3544 0.409 -0.33763 -0.69089 0.5045 -0.49645 0.67683 0.20112 1.544 -0.3422 -1.6212 2.3292 0.15033 0.35151 -2.32 0.10914 0.31227 0.46785 -1.6283 -0.36467 -0.33197 -0.55939 -2.4543 -0.49896 -1.3393 -0.37526 1.2026 0.69591 -0.10985 0.4031 -1.0249 1.2284 -0.99195 0.28133 -0.14169 1.1187
-0.4969 0.94419 0.61714 -0.050411 0.69372 1.2319 -0.69873 0.23611 -0.80214 1.0232 0.0021794 -0.40284 -1.044 -1.9099 1.5756 0.34865 0.57361 -1.5121 0.13137 0.58306 -0.0093452 -0.97734 -0.895 -0.32224 -0.3588 -1.7539 0.34347 -2.2786 -0.4915 0.44889 1.651 -0.86741 -0.35182 -1.7308 2.0577 -0.77733 0.75356 0.58772 2.5237
-1.0209 1.0768 0.21413 -0.035205 -0.28225 0.00049143 -0.24595 0.79241 -1.3331 0.27392 0.078829 0.06182 -1.3143 -1.2891 0.39317 -0.26347 0.73697 -0.56534 -0.052224 0.28631 -1.1658 0.38747 -1.6944 0.57563 -0.11152 -0.44113 1.0176 -2.093 -0.5122 -0.28911 1.595 -1.5308 -0.69089 -1.8736 2.6766 -1.0168 0.81214 0.61777 3.0283
-1.2791 0.81471 0.076433 0.11936 -0.66927 -0.1267 0.0031195 0.39388 -1.4428 0.60613 -0.18015 0.38234 -1.2556 -0.79442 -0.3414 -0.39017 0.2509 0.26881 -1.4388 -0.70656 -1.9847 1.3626 -1.5151 0.94013 0.37378 0.84738 1.4286 -0.96824 -0.41654 -0.38963 0.69433 -1.5653 -0.55108 -1.2323 2.6507 -0.4438 0.42413 -0.0039488 2.3275
-1.749 0.74578 1.4317 -0.35114 0.21371 -0.17221 0.072133 0.068303 -0.88333 0.23775 0.42914 0.62104 -0.67466 -0.17088 -0.30641 -0.50739 -0.034316 -0.18206 -2.221 -0.46006 -2.2246 2.3376 -2.049 0.65006 0.35018 1.3949 1.0938 0.18103 0.089745 -0.13704 -0.3742 -1.1081 0.0028699 0.28675 1.9745 0.26821 -0.20987 -0.70355 0.89273
-1.5183 -0.037126 0.13676 -0.36708 0.79534 -0.96358 -1.0386 -1.8995 0.68743 -0.70261 1.3189 1.372 0.26582 0.34817 0.26106 -0.36589 0.22316 -0.39214 -1.9699 -0.16769 -1.8947 3.1336 -1.5896 0.47937 -0.57212 1.2865 0.64925 0.64418 -0.016489 0.42869 -1.0189 -0.058992 0.62667 1.5834 0.9096 0.87856 -0.43883 -1.2657 -0.55415
-1.0172 0.54886 -0.48662 -0.47147 0.72609 -1.7142 -2.0272 -1.9476 1.0305 -1.2192 1.2052 1.0171 0.31172 0.29766 0.39952 -0.10322 0.48946 -0.96009 -2.0387 0.054652 -0.62829 3.2877 -1.1342 0.37953 -1.037 0.85885 0.13504 0.5798 0.15131 0.48597 -0.56433 0.86957 0.88276 2.23 -0.45642 1.5337 -0.32172 -0.91087 -1.2967
-0.7901 1.008 -0.073382 0.33801 -0.82186 -1.8247 -0.11395 -1.7863 1.4833 -1.6855 0.13794 -0.5809 0.22803 0.25428 0.40788 -0.63156 0.79088 -1.2964 -1.6395 0.38206 0.35818 2.6253 -0.25392 0.19196 -1.4689 0.17541 -0.2941 -0.17438 0.20388 -0.052446 0.46989 1.4059 0.48692 1.5405 -1.33 1.3647 -0.076518 0.36701 -1.1719
-0.83129 1.5001 0.13772 0.36425 -1.1283 -2.3248 0.18312 -1.0135 2.2019 -0.92225 0.63413 -0.75242 0.0088191 0.14675 0.61196 -0.079472 0.59134 -0.81757 -0.59956 1.1481 1.0657 1.7025 0.28516 0.14406 -1.0195 -0.25177 -0.45927 -0.7211 0.15265 -0.49112 2.1761 2.1967 -0.28483 0.28317 -1.8873 0.86352 0.1234 1.0965 -0.70128
-1.484 0.70827 0.79088 0.5017 -1.1529 -2.5149 -0.27064 -0.235 2.6592 -0.57988 0.89214 -0.44048 0.065277 -0.15051 -0.14736 0.022074 0.069826 0.42038 0.19233 0.33848 0.31455 1.3571 0.3715 0.43677 0.18746 -0.14825 -0.46563 -0.88578 0.31403 -0.72859 2.9786 2.6955 -0.79847 -0.5254 -1.726 0.16323 0.1236 1.4271 -0.27708
-1.2786 0.69215 -0.63252 0.55229 -0.46196 -2.238 -0.3949 -0.62508 2.544 -0.44653 1.3234 -0.95968 -0.077782 -0.39923 -0.56311 -0.13228 -0.07685 2.3177 1.5423 -0.48913 -0.031045 0.28086 0.24214 0.49578 0.37966 -0.1694 -0.024073 -0.85325 -0.17482 -0.72059 2.0548 2.3509 -0.82308 -0.65909 -1.7365 -0.17674 -0.069857 0.95376 -0.072235
-0.79166 1.1083 -0.2183 0.21557 0.066542 -1.5862 0.28237 -1.1074 2.6193 -0.99755 1.307 0.2937 0.065822 -0.38454 -0.52738 0.014169 -0.24816 2.8019 2.8051 -0.44208 -0.11338 0.0053085 0.084817 0.25516 0.74552 -0.33477 0.42212 -0.45757 -0.3396 -0.60917 0.03174 1.425 -0.14795 0.097085 -1.6573 -0.17912 -0.20026 0.24764 -0.040588
-1.1931 0.47584 -0.066529 -0.28668 0.76621 -1.5036 -1.4066 -1.8922 2.8184 -1.0728 1.1322 0.91902 0.14712 0.22122 -0.66502 -0.43033 -0.60776 1.8966 2.9058 -0.15597 -0.0040353 -0.97264 0.079733 0.087822 0.65735 -0.27929 0.81374 -0.55841 -0.64163 -0.43079 -2.1747 -0.18426 0.271 0.54484 -1.3032 0.22555 -0.20794 -0.10636 0.15922
-1.6473 0.50644 0.11482 0.70866 2.1727 0.44514 -0.24819 -0.98686 1.6461 -0.94442 0.7283 -1.0837 -0.20932 0.37511 -0.8845 -0.51209 -0.81341 0.67949 2.4314 -0.10661 0.50932 -1.2147 0.099288 0.23345 0.57535 -0.16028 1.044 -0.40782 -0.89813 -0.098256 -3.1899 -1.7154 0.25216 0.30695 -1.2042 0.20061 -0.1219 -0.19742 0.3637
-1.5866 0.72239 0.44851 -0.03178 1.8815 1.1359 -0.40761 -0.33734 2.809 -0.28767 1.3598 0.74459 -0.56722 0.82773 -1.3457 -1.1542 -0.60768 -0.77853 1.3638 -0.056776 0.74935 -1.6267 0.67423 0.084018 0.27499 0.016033 0.68356 0.28534 -0.47259 0.14502 -3.0281 -2.4074 -0.32829 -0.27132 -0.41645 -0.27648 0.080524 0.30747 0.31516
-0.51038 -0.35234 -1.0032 -0.60662 0.40133 0.44119 -0.40998 -0.48838 0.92305 -0.531 1.2602 0.3749 -0.08706 1.3723 -0.8898 -1.4201 -0.43669 -1.9531 0.083862 0.06889 0.13229 -1.9949 0.17803 0.0061397 0.56266 0.13784 0.10053 1.066 0.28452 0.56683 -1.7891 -2.1764 -0.76564 -0.68285 0.32828 -0.78658 -0.065032 0.21204 0.054785
-0.51681 -0.066782 -1.4292 -0.77291 0.31783 0.45426 -0.48949 -0.51582 1.322 -0.80715 1.7856 0.3489 -0.064022 1.0731 -0.17581 -0.92452 -0.5274 -2.5711 -0.82569 -0.90044 -0.33415 -1.3949 -0.50379 0.35456 1.3115 0.10941 -0.73974 1.8409 1.3837 0.90462 -0.049449 -1.2087 -0.88259 -0.39779 1.3258 -0.74607 -0.23228 0.1049 -0.45978
0.18208 -0.75445 -1.546 -0.35503 -0.59687 -0.12409 -0.39581 -0.65456 0.69849 0.064504 0.88556 0.804 0.20117 0.45516 0.35654 -0.0664 0.20792 -1.8466 -0.90734 -1.2587 -0.27954 -0.71082 -0.85513 -0.039236 0.51178 -0.11183 -0.99489 1.7814 2.0201 1.0286 1.2847 -0.19821 -0.57011 0.47959 1.2267 0.20722 -0.79899 -0.33059 -0.87697
0.2199 -0.080913 -1.547 -0.28535 -0.77733 -0.71753 -1.1432 -1.7937 0.068396 -1.2006 0.91252 1.0679 -0.0091223 -0.16512 1.1867 0.91996 0.76634 -0.93798 -0.59807 -1.2122 0.18711 0.26948 -0.27326 -0.36449 0.53825 -0.63869 -0.75205 1.3406 1.9242 0.74176 1.8254 0.85389 0.60299 1.2103 0.56207 1.288 -0.96855 -0.82763 -1.0076
-0.74461 0.84753 -0.46028 -0.36171 -0.87408 0.21039 -1.6181 -0.66459 0.84053 -1.544 1.9139 1.5489 -0.45062 0.037719 1.4823 1.6768 0.84575 -0.33272 -0.42382 -0.9391 0.83467 -0.4796 0.46617 -1.2366 0.30571 -0.97685 -0.23533 0.48442 1.0498 0.15733 1.3434 1.1687 1.4347 1.2952 -0.30702 2.1409 -0.86504 -0.61517 -0.70375
-0.68357 0.59179 -0.0086507 0.11381 -0.60044 -0.14343 -1.9765 -0.38501 1.9085 -1.2027 1.1463 0.88118 -0.57004 -0.19383 1.5585 2.0318 0.54393 0.13964 0.68721 0.23608 1.5135 -0.44114 1.3563 -0.98741 -0.23502 -1.1689 0.25267 -0.60315 -0.17218 0.088139 0.83197 0.6975 1.5092 0.52119 -1.1112 2.2945 -0.59104 -0.88713 -0.14724
-0.44824 0.88794 -0.20304 0.51137 -0.76702 -0.47064 -1.5078 -0.19833 1.023 -0.27379 0.58829 0.99133 -0.83989 0.011083 0.99881 1.4631 0.61099 0.16343 0.84749 1.0577 1.6296 -0.95744 2.5216 -1.4618 -0.32115 -1.041 0.25968 -0.94917 -1.1293 0.096659 0.53941 0.36314 1.134 -0.34175 -1.1261 1.4316 0.097308 -0.53219 0.27312
0.28822 1.3787 0.99321 0.39906 -0.28535 -0.35272 -1.4055 0.42352 -0.43022 0.37451 -0.6904 0.97308 -1.184 0.35045 0.39063 0.67723 1.0455 0.38791 0.20155 0.98614 0.83472 -1.64 3.1914 -1.4391 -0.9183 -0.85491 0.1662 -1.0403 -1.3732 0.16241 0.23989 -0.054431 0.20597 -0.99599 -0.69555 -0.29155 0.36019 0.027945 0.53168
-0.38269 1.1658 1.3129 0.11249 -0.66974 1.2584 0.22378 0.82865 0.12261 1.3498 0.32579 0.50105 -1.2808 0.28163 0.43467 0.097192 0.77278 0.55943 0.5715 1.0958 0.51644 -2.0573 2.3506 -0.82415 -0.40427 -0.66757 -0.27497 -0.86111 -1.08 -0.039027 0.12837 -0.044485 -0.74566 -1.148 0.59967 -1.7518 0.71009 0.3529 0.58742
-0.31963 1.3074 0.28152 0.66663 -0.68003 0.37617 -0.39033 0.29822 -0.52773 1.4641 -0.48821 0.98648 -1.3835 0.0029288 0.052564 -0.028024 0.76445 0.38699 0.72496 0.68076 0.12155 -1.2403 0.86809 -0.59501 -0.11138 -0.44982 -0.41433 -0.58905 -0.48092 -0.3408 0.084192 0.057088 -1.0337 -0.77645 1.2763 -2.5496 0.65163 0.66705 0.56699
-0.24459 1.0061 0.39791 1.7274 -0.06415 -0.29515 -1.2288 0.25077 -0.42066 2.6137 0.067431 -0.47539 -1.5122 -0.35164 -0.31263 -0.34278 0.67437 0.39665 0.50585 -0.32158 -0.26229 -0.015576 0.24891 -0.4743 0.015166 -0.24294 -0.4067 -0.45535 0.227 -0.55385 -0.19104 -0.12898 -0.63968 -0.29063 1.7576 -1.8541 0.61161 0.34869 0.50079
-0.0020375 1.3472 0.065545 0.93511 0.19622 0.66146 -0.25149 0.41234 -1.0956 1.2824 -0.29949 0.91473 -1.422 -0.14375 -0.2494 -0.06757 0.45043 0.61786 0.36187 -0.44126 -0.29122 -0.21797 -0.75481 -0.32111 0.24758 -0.10139 -0.18181 0.05106 0.51577 -0.75682 -0.28357 -0.17349 -0.18174 0.054095 1.2685 -0.9511 0.56217 0.24068 0.34554
-0.29284 1.0597 0.67317 1.3184 -0.50248 0.84609 -0.39693 0.2401 -0.75828 0.46937 -0.82813 1.0869 -1.5242 -0.44083 -0.19863 0.56287 -0.11494 0.067919 0.50057 0.34705 0.16609 0.80017 -0.47252 0.25189 0.14751 0.011506 -0.047554 0.30037 0.65786 -0.42498 -0.43943 -0.39428 0.042093 0.024648 0.65915 -0.069361 0.73662 -0.16106 0.13285
-0.64152 0.85241 0.72849 1.009 0.1179 0.85925 -1.7031 0.22242 0.32876 1.5373 -0.97115 0.62757 -1.5047 -0.30554 0.080154 0.54051 -0.26709 -0.0011094 0.38422 -0.0029203 0.030812 0.77968 -0.6369 0.15623 0.3351 0.012354 0.057207 0.24559 0.1305 -0.018479 -0.41603 -0.69671 0.23088 -0.033875 0.42282 0.48611 0.46391 -0.33682 0.053883
-0.4634 0.9854 0.78595 1.0285 0.19541 1.2971 -0.089619 0.26748 -0.74812 0.49753 0.28253 0.77319 -1.4015 -0.35951 0.034941 0.65767 0.23059 -0.14343 -0.29958 -0.42072 -0.35795 0.74171 0.051549 0.74952 -0.32906 -0.07196 0.45028 0.15407 -0.34847 0.49339 -0.18725 -0.60001 0.38716 -0.15608 -0.46808 0.24965 0.0047579 -0.0943 0.0072412
-0.91875 1.115 1.0987 0.86496 -0.68018 0.27023 0.043815 0.68084 0.78899 1.8436 0.13812 0.57417 -1.4037 -0.066944 0.052164 0.13863 0.23911 -0.081429 -0.64992 0.45856 -0.079316 0.61288 -0.067094 0.3483 -0.17033 0.033957 0.56648 -0.06209 -0.42824 0.55952 -0.071742 -0.070483 0.56301 0.011496 -0.60324 0.29569 -0.35284 0.14135 0.01462
-0.24022 1.3347 0.91752 1.2912 0.29567 0.60169 -1.5381 0.11334 -0.14722 0.95081 -0.25063 0.61036 -1.5375 0.33115 0.076683 0.06295 0.5554 -0.26079 -0.19675 0.95999 -0.070093 -0.028089 -0.27089 0.15772 0.23488 0.015031 0.62938 -0.11984 -0.42064 0.2884 0.1682 0.75195 0.58979 0.14771 -0.86204 -0.065165 -0.54624 0.53141 0.049695
-0.72583 1.141 1.2917 1.5228 -0.34743 0.42517 -0.94213 -0.40923 -0.19723 0.9748 0.54208 0.48275 -1.5919 0.46915 -0.050265 -0.02195 0.61825 -0.09111 0.19978 0.5192 -0.073717 -0.0070216 0.10104 -0.25967 0.36473 -0.0042709 0.31319 -0.15582 -0.1256 0.057236 0.11102 0.9423 0.28397 0.15679 -0.59949 0.23515 -0.16178 0.3727 0.029625
-0.45521 0.8477 0.58569 1.4287 -0.37876 0.063712 0.51757 0.53553 0.60006 0.56832 -0.90986 0.83392 -1.3486 0.61629 -0.12248 -0.10671 0.57921 0.17011 0.82205 0.81759 -0.052589 -0.61763 -0.16271 -0.04428 0.50447 0.033647 0.024009 -0.13199 -0.047893 -0.19383 0.0905 0.612 0.23089 0.22667 -0.17783 0.37178 0.079139 0.13306 0.059195
0.011212 1.0781 0.95737 1.7631 -0.12345 1.2421 0.19086 0.24911 -0.28327 1.2419 0.03618 1.1421 -1.444 0.41189 -0.11862 -0.033271 0.33095 -0.097174 0.77588 1.157 0.23801 -0.25673 0.33693 0.1188 0.47472 0.077025 -0.083461 -0.036955 0.015979 -0.21688 -0.067033 0.26547 0.36994 0.22315 -0.030033 0.24923 0.23432 0.034385 0.059397
