39 250
-0.30789 0.92713 0.39983 1.4797 -0.062165 1.2914 0.36421 1.0906 -0.41597 1.0265 0.4185 0.61928 -1.2157 -0.060983 0.10402 0.63756 -0.27777 -0.39607 -0.23509 -0.32773 -0.14159 0.22028 -0.751 -0.56903 0.19427 -0.031743 0.091078 -0.055611 -0.19185 0.31703 -0.086595 0.15886 0.63336 -0.069199 -0.31556 0.1697 -0.097778 -0.20921 0.11207
-0.70334 1.0088 0.21072 1.0567 0.016867 0.80189 -0.28439 1.5585 0.25211 0.7819 0.11924 0.69339 -1.199 0.036757 0.10186 0.7077 -0.043522 -0.45976 -0.31567 0.01826 -0.10748 -0.23868 -0.87796 -0.69766 -0.076637 0.018765 0.16614 -0.098058 -0.39673 0.27332 -0.017944 0.28444 0.95292 -0.14793 -0.31713 0.60805 0.08575 -0.074429 0.13626
-0.14833 0.93287 1.3114 1.0163 -0.21443 0.18092 -0.79941 0.68517 0.22385 1.0605 0.22492 0.66855 -1.209 0.067729 0.0068511 0.21175 0.25542 -0.52332 0.17025 0.7828 -0.29208 -0.20167 -0.34621 -0.71718 -0.078615 0.12512 0.30366 -0.1128 -0.60619 0.15218 -0.0062485 0.28893 0.77936 -0.080431 -0.1465 0.90031 0.55077 0.19464 0.096315
-0.40115 1.1046 1.1909 1.3488 -0.80367 1.6946 0.65548 0.8904 -0.58107 -0.40415 -0.50365 0.9331 -1.2824 0.19892 -0.019539 0.044512 0.017913 -0.35515 0.19346 1.0458 -0.34943 -0.22336 0.25941 -0.31908 0.17801 0.11124 0.090847 -0.12916 -0.74289 -0.027467 0.48034 0.14361 0.22636 -0.10972 0.13412 0.829 0.73001 0.25902 -0.0097227
-0.23618 1.0111 1.0505 1.6262 -0.46558 0.71883 0.59449 1.1174 -1.0697 0.22783 -0.30885 0.24617 -1.1399 0.4509 -0.033088 -0.26128 0.0097912 -0.44784 0.15108 0.73683 -0.1754 -0.096609 0.47419 0.40152 0.42458 0.078548 -0.12517 -0.078819 -0.34381 -0.2305 0.8006 -0.44864 -0.78496 -0.15792 0.36353 0.46636 0.93141 0.56233 -0.11993
-0.33621 0.85242 0.087653 1.8091 -0.59978 1.7487 1.5632 0.66028 -0.16951 1.2668 -0.33441 0.63686 -1.0148 0.022303 -0.10445 -0.56325 0.035709 0.4698 0.02665 0.50297 -0.37628 -0.032419 0.36392 0.2821 0.15152 0.026351 -0.44394 -0.019387 -0.042371 -0.1269 0.59952 -0.54702 -1.1944 -0.054374 0.52025 -0.1031 0.67484 0.62731 -0.20154
-0.15963 0.96548 0.66866 0.80682 -0.29931 0.90404 0.89399 0.78799 -0.21969 1.4933 0.24475 1.138 -1.1627 -0.08892 -0.089341 -0.18307 -0.20602 0.6678 -0.66887 -0.52611 -0.58071 0.42602 0.53264 0.94749 0.98966 -0.027129 -0.52287 -0.059456 0.4728 -0.1436 0.46503 -0.57896 -1.2697 0.3479 0.34348 -0.51711 0.10253 -0.0031272 -0.17466
0.114 1.0041 0.4695 1.058 -0.91834 0.63354 -0.1481 1.1801 0.18037 0.87447 0.8279 1.2917 -1.1787 -0.39899 -0.026598 -0.082401 -0.11805 0.29111 -0.52761 -0.7297 -0.25203 0.55572 0.029121 0.8303 1.0738 -0.16318 -0.43915 -0.082347 0.53252 0.11466 0.24914 -0.24622 -1.0654 0.54891 0.088927 -0.23922 -0.33332 -0.79829 0.0071269
-0.48138 0.80454 0.75285 1.5521 0.78218 0.89019 0.70592 -0.21273 -0.65265 0.50587 -0.30639 0.42174 -1.2234 -0.36051 -0.17696 0.45453 -0.19083 0.57837 -0.77055 -1.206 0.42177 0.2919 -0.38259 0.3388 -0.053995 -0.11028 -0.511 -0.18063 0.10334 -0.028821 0.47332 0.05633 -0.31272 0.5816 -0.19119 0.33445 -0.88549 -1.865 0.27648
-0.55832 1.0116 0.88757 1.2163 -0.1439 0.51691 0.028189 0.35372 -0.027789 0.59523 0.97084 2.4925 -1.2206 -0.70037 -0.20544 0.19521 0.27081 1.0225 -0.41601 -1.3037 0.16383 0.20196 0.34983 -0.12441 -0.85228 0.079594 -0.26451 -0.179 -0.38661 -0.53947 0.54222 -0.16451 -0.23698 0.10639 0.0080825 0.848 -0.30827 -2.0278 0.58291
-0.72698 0.9046 0.32451 1.5231 -0.52428 0.4139 0.12325 1.1055 0.22047 1.061 0.63532 1.3036 -1.2741 -0.93708 -0.31582 -0.11438 -0.44676 1.2555 -0.57693 -0.86588 0.31483 0.20321 1.0411 -0.45441 -1.5961 0.30064 0.034802 -0.25591 -0.63033 -0.8572 0.25684 -0.10958 0.43234 -0.83965 0.12232 0.40019 -0.057836 -1.4601 0.79336
-0.40858 0.53418 1.132 0.87806 0.49237 0.46008 -0.55389 1.6099 0.252 0.88859 0.011205 0.022039 -1.1237 -0.62793 -0.27022 -0.58339 -1.065 1.0428 -0.94475 -1.3736 0.0017395 0.60374 1.0071 0.56904 -2.0128 0.57822 0.46145 -0.43696 -0.27496 -1.0091 -0.041454 -0.33381 0.5859 -1.4435 -0.068048 -0.53274 0.23907 -0.11243 0.86478
-1.0349 0.83181 0.78363 1.4927 1.3152 0.28818 -1.4216 0.39828 -0.11566 1.9906 0.20818 0.057428 -1.0402 -0.32912 -0.59151 -0.43553 -1.2378 1.0914 -0.71009 -0.29339 -1.0949 0.32593 0.088312 -0.13587 -2.2546 0.92909 0.55379 -0.44126 -0.039641 -0.43029 -0.55704 -0.33886 0.49965 -1.5994 -0.11886 -1.2388 0.56965 1.0897 0.7307
-1.3118 0.50955 0.13617 0.27906 1.116 -0.1832 -0.38312 1.012 0.17476 1.8484 -0.11836 -0.69963 -0.79571 -0.10308 -0.82973 -0.20339 -1.3544 1.0351 -1.0286 -0.40225 -1.8768 -0.0098259 -0.22902 0.21662 -0.7478 1.17 0.54561 -0.53932 0.14297 0.10012 -0.73761 -0.17946 0.49615 -0.66941 0.053292 -1.6682 0.35077 1.609 0.45732
-1.0475 0.61968 -0.10801 -0.025801 1.4907 -0.63081 -1.4342 -0.42497 0.67291 1.3547 1.6734 -0.89038 -0.55101 -0.11781 -0.8057 -0.38665 -1.157 0.16555 -1.2249 -0.33801 -1.7876 0.25671 -0.79979 0.92159 -0.17332 1.1916 0.91898 -0.405 0.041305 0.71413 -0.86739 0.14852 -0.20675 0.31017 0.2023 -1.5748 0.035251 1.2329 0.22545
-0.65999 0.020012 0.60725 -0.12256 0.56721 -0.096165 0.38206 -0.77249 0.4186 0.25298 0.032037 -0.12312 -0.15112 0.33214 -1.1035 -0.32003 -0.89195 0.053181 -1.0394 -0.34481 -0.9261 0.73353 -1.8616 0.77697 -0.013089 1.1898 1.2176 -0.39513 -0.20301 1.0611 -0.71223 0.82635 -0.092594 0.8666 0.084505 -1.3676 -1.2507 0.22547 0.12744
-0.75203 -0.35057 0.55475 -0.11653 1.513 -1.1193 -1.356 -1.0435 -0.18807 1.2414 0.54378 0.28342 0.0060337 1.2485 -1.1611 -0.29544 -0.018865 -0.12803 -0.36155 -0.73492 -0.98269 0.35104 -2.2225 -0.34703 -0.29505 1.2855 1.0311 -0.40084 -0.51769 1.2602 -0.234 1.3208 0.35143 0.4467 -0.29326 -0.27313 -1.8123 -0.040961 0.081584
-1.0386 -0.13473 0.32884 -0.31886 0.88932 -1.2639 -1.5753 -0.65583 0.78523 0.33361 1.5494 -0.65344 0.094155 1.5926 -1.3413 -0.66235 0.22558 -0.22026 0.31956 -0.3861 -0.63413 0.10137 -2.2328 -1.8012 -0.27082 1.3302 0.44591 -0.17122 -0.55021 1.1705 -0.34035 1.4907 1.4276 -0.37778 -0.74756 0.76193 -1.8517 0.085115 0.073358
-0.7045 -0.63424 -0.22565 0.067352 1.5722 -1.0621 -1.39 -0.26974 1.4055 -0.65196 0.99749 -0.3904 0.30782 1.2663 -1.386 -1.2666 0.83427 -0.14969 0.92345 0.39688 -1.0865 -0.033509 -1.1533 -1.6297 -0.13367 1.254 -0.27572 -0.0090876 -0.059788 0.5188 -0.34576 0.94976 1.9644 -0.66882 -1.2688 1.6736 -1.0869 0.23639 -0.0022208
0.8978 -0.93789 -0.30125 0.23811 0.69247 -0.27934 -1.3285 -1.237 0.34306 -1.2461 -0.88318 -1.422 0.84793 1.1942 -1.2905 -0.95145 1.0509 -0.59925 1.5061 1.9765 -1.5941 -0.60008 -0.87741 -2.5055 0.056129 1.3248 -0.86166 0.39909 0.52229 -0.12648 -0.52217 0.092345 1.4661 -0.51847 -1.6132 1.9919 0.38764 -0.14843 -0.18825
0.84882 -1.3444 -0.61551 0.13491 0.93466 0.16709 -1.1076 -1.7372 0.40816 -1.4406 -1.4679 -0.31926 1.0603 0.90862 -1.2038 -0.27399 0.62522 -0.61255 1.0865 2.055 -1.7758 -1.8793 0.43111 -2.3003 -0.021697 1.2847 -1.204 0.79712 0.91585 -0.78293 -0.32608 -0.8618 0.29956 0.5579 -1.2332 1.2961 1.8152 -0.57584 -0.47102
-0.027655 -1.8368 -1.0351 1.2484 0.71167 0.71425 0.97756 -2.4443 0.08052 0.28073 -1.0754 0.27813 1.1366 0.087406 -0.7391 -0.10211 0.087082 -1.0133 0.4621 1.7497 -1.2768 -2.2538 0.93905 -0.65122 -0.61986 1.0092 -1.1125 1.0239 0.64515 -1.0297 -0.03193 -1.3754 -1.1527 1.8 -0.35643 0.41354 2.802 -1.1023 -0.75169
0.26732 -1.5742 -0.38182 0.98935 0.60665 0.40403 1.0574 -2.7715 -0.75103 -0.20059 -1.8848 -0.25454 1.4285 -0.53325 -0.27547 0.16285 -0.2491 -0.57756 -0.35277 1.1198 -0.18676 -1.7156 0.51918 1.2784 -0.89939 0.64687 -0.40295 1.0129 0.16852 -0.87125 0.30385 -0.94136 -1.9737 2.6084 1.1954 -1.1494 2.0413 -1.1829 -0.86386
0.30305 -1.6291 0.1136 0.0206 0.26185 -0.2249 0.40099 -2.3821 -1.9386 0.37652 -1.0574 -1.353 1.5474 -0.25901 0.026402 0.13564 -0.57426 -0.66724 -0.66094 0.12125 1.0306 -1.4161 -0.095347 1.6286 -1.6072 0.42286 0.38023 0.61022 -0.19925 -0.3606 0.83795 -0.32474 -2.3983 2.815 2.3531 -1.6449 0.20577 -0.54844 -0.80856
0.042562 -1.5833 -0.78586 0.1029 -0.12575 -0.17537 0.46152 -1.895 -1.7803 -0.28778 -0.061733 -1.6459 1.5229 0.29411 0.17533 -0.053292 -0.78725 -0.16896 -0.31879 -1.1114 2.0261 0.10878 -1.3329 0.87355 -1.7831 0.17485 0.60736 0.24761 -0.51761 0.19475 1.1117 0.20288 -2.2776 2.1441 2.7487 -1.5182 -1.7579 0.2984 -0.63773
0.32973 -1.4022 -0.22413 0.14718 0.35701 -0.49196 0.20148 -1.5633 -1.4049 -1.0193 0.69476 -1.7171 1.5589 0.4163 0.096408 -0.39976 -0.35842 0.46015 -0.21482 -1.9727 2.9649 1.5845 -1.4013 -0.018967 -1.2298 -0.06794 0.35711 -0.052945 -0.41408 0.55022 1.2209 0.52189 -1.3313 0.74525 2.3422 -0.53843 -2.3915 1.0551 -0.47838
0.19919 -1.5786 -0.73172 -0.031063 0.037274 -0.25371 -0.13551 -0.43363 -1.4632 -0.73523 -0.03818 -1.6042 1.5031 0.31546 0.11915 -0.62036 0.046987 1.0805 -0.11746 -2.4275 2.9191 2.3352 -1.8423 -1.623 -0.53367 -0.14344 0.23654 -0.14933 -0.31758 0.47464 0.47468 0.77237 0.15974 -1.1132 0.46783 1.0418 -1.913 1.3191 -0.31759
0.54929 -1.5576 -0.79323 0.24936 0.71296 0.561 -0.53127 0.028529 0.6102 -1.5403 -1.1739 -2.1164 1.3955 0.4277 -0.039116 -0.42194 0.12862 1.1467 0.37289 -1.9042 1.9986 2.199 -0.90723 -2.189 -0.24231 -0.19488 0.51402 0.032113 -0.27254 -0.14722 -0.56511 0.81504 1.4472 -2.7681 -1.5009 1.8653 -0.62022 1.0379 -0.2317
0.81818 -1.4302 -0.62138 0.13332 1.2072 -0.5505 -2.3279 1.4388 1.0036 -1.5518 -1.8725 -2.1155 1.4148 0.75022 -0.018316 -0.68775 -0.063004 0.44385 1.0527 -0.81844 0.39168 0.73582 0.49514 -2.0949 0.21353 -0.27741 0.86541 0.37149 -0.61817 -0.62437 -1.7231 0.46663 2.0833 -3.1921 -2.9028 2.1388 1.1316 1.0745 -0.4385
0.29285 -1.4404 -1.0921 0.058493 1.4943 -0.57271 -2.6701 1.0718 0.78565 -2.2593 -2.4734 -1.9296 1.4175 1.2029 0.21962 -0.92033 -0.58823 -0.33133 0.95591 0.14961 -1.0342 -0.6667 1.1424 -1.101 0.35359 -0.37718 0.76284 1.1205 -0.33922 -0.33313 -1.9744 -0.02237 1.7573 -2.3822 -2.6642 1.5512 1.8861 1.1918 -1.0446
0.64922 -1.6865 -1.1163 0.36868 1.1027 0.78714 -0.9532 -0.030378 0.88174 -0.98812 -1.7092 -1.7986 1.2983 1.6184 0.63508 -1.6259 -0.84046 -1.5911 0.60841 0.75675 -1.6333 -2.1205 1.389 0.22189 1.1949 -0.76441 0.050956 1.7492 0.90369 0.47782 -1.3333 -0.48504 0.71797 -0.89316 -1.2107 0.83584 1.8086 1.4495 -1.6568
1.5022 -1.4068 -1.2944 -0.19147 0.30816 1.4668 -0.28677 -1.3582 -1.3804 0.36862 -1.9421 -1.2416 1.1923 1.4838 1.5834 -0.64229 -0.14192 -1.7456 0.57599 0.86122 -1.5185 -1.7783 1.7337 0.63801 1.5159 -1.6479 -1.2791 1.8914 2.0072 1.2012 -0.17522 -0.5393 -0.13242 1.149 0.78744 0.30586 0.98323 1.5783 -1.8763
1.8476 -1.1528 -2.1436 -1.0402 -0.3407 0.76265 -0.44026 -1.2359 -1.611 0.066532 -1.7888 -1.6166 1.0032 0.70899 2.3436 1.0027 0.68802 -1.4851 0.243 0.28012 -1.0656 -1.1717 1.8652 0.85693 2.37 -2.3329 -2.4281 1.3109 2.7317 1.4999 1.115 -0.36711 -0.22067 2.4087 2.318 -0.21255 0.33288 1.0042 -1.3527
2.4586 -0.47759 -3.0923 -0.63241 -1.15 0.32301 -0.97393 -0.87126 -1.7174 -0.7443 -0.98554 -0.39053 0.3785 -0.84204 2.6566 1.8311 1.0787 -0.71952 0.023912 0.12522 0.86371 0.44013 1.5163 0.65642 2.7481 -2.6404 -2.8018 0.020697 2.0847 1.2102 1.487 0.12373 0.21322 2.5519 2.2402 -0.4715 0.32164 0.39673 -0.22044
1.7236 0.93277 -0.27699 0.76419 -0.15897 0.10795 -1.7968 -0.11235 -0.51812 0.52068 -1.5895 -0.29954 -0.73997 -1.9634 2.3791 2.6714 1.5821 0.12404 0.13471 0.68384 1.7516 1.4498 1.079 0.91148 2.4719 -2.4651 -2.1265 -1.2015 0.76065 0.49216 1.39 0.28312 0.53685 1.6674 1.263 -0.54086 0.43762 -0.58378 0.9602
0.56836 1.2148 1.0443 1.3629 -0.24935 0.79123 -1.2841 -1.3192 -0.82248 0.80021 -1.1885 1.3258 -1.1229 -2.655 1.6002 2.7462 1.8603 0.41715 0.92073 1.0946 1.921 1.4329 1.1933 1.2857 2.2059 -1.9397 -0.57191 -2.0359 -0.83314 -0.44182 0.6425 0.069128 0.5166 -0.14071 -0.36721 -0.71138 0.7568 -1.2078 1.9021
-0.25535 1.2109 0.52552 0.96202 -0.072387 1.5135 0.42835 1.3966 1.1253 1.5759 -0.99304 1.3134 -1.2974 -2.5401 0.77874 2.0848 1.3003 0.72119 0.42302 0.88409 1.5729 0.8758 0.95526 1.4627 1.5223 -1.1236 0.65394 -2.0656 -1.6573 -1.4141 -0.12777 -0.63734 -0.11823 -1.1428 -1.2322 -0.85234 0.58664 -1.9229 2.2044
-0.11566 1.2358 1.1217 1.0831 0.08897 1.1067 0.6924 0.75547 -0.24711 0.98412 -0.61294 0.96654 -1.1803 -1.6716 -0.088888 0.43407 0.34145 0.27138 0.054628 1.0729 0.68372 -0.028879 0.16777 1.9766 0.9206 -0.22165 1.085 -1.752 -1.2679 -1.6945 -0.43604 -1.1618 -0.76439 -2.2615 -1.0626 -1.3842 0.26872 -1.9113 2.0781
-0.71033 0.82883 0.50969 1.6015 -0.32893 1.762 0.037181 1.2569 0.078879 0.92559 0.29993 1.1653 -1.2393 -1.1777 -0.37373 0.4669 -0.495 -0.043988 -0.75474 0.46063 0.19633 -0.32615 -0.09891 1.8018 -0.54415 0.25642 0.71893 -1.3027 -0.60387 -1.6004 -0.41621 -0.76088 -0.6315 -2.3234 -0.12931 -1.3619 0.042598 -1.4195 1.6108
-0.4112 1.1498 0.70923 1.5929 0.34647 0.032947 -0.97385 0.86291 -0.34534 0.81583 0.45068 1.6676 -1.278 -1.2165 -0.87505 0.98374 -0.64332 -0.053637 -0.92452 -0.23249 -1.6907 -0.12971 -1.0278 1.6792 -0.39748 0.74567 0.34626 -0.68741 -0.037193 -1.2613 0.125 -0.25667 -0.064864 -1.5871 0.53001 -0.89462 -0.49188 -1.0707 1.0094
-0.57998 0.92425 0.86335 1.1003 0.094207 0.65457 0.41057 -0.076589 -0.56497 1.058 0.79599 1.2845 -1.0521 -1.3632 -1.0975 0.5842 -1.4192 0.069715 -0.67174 0.26631 -1.6577 0.65178 -1.1507 1.6959 -0.52254 1.0092 0.30732 -0.18376 -0.47051 -0.47753 0.22554 0.64892 0.54221 -0.48889 0.77691 -0.31078 -0.81801 -0.097775 0.39073
-1.3082 0.68271 1.9367 0.06944 -0.53415 0.10157 0.26244 0.03255 -0.41059 1.0041 0.82598 0.068525 -0.79541 -0.90261 -0.92514 0.2981 -1.7252 0.47582 -0.50254 1.0437 -1.4076 0.54231 -1.0811 0.98315 -1.1325 1.0415 0.63723 0.45516 -0.8642 0.40184 0.04766 0.74564 0.55333 1.096 0.5753 0.42105 -1.2413 0.30382 -0.38127
-1.7674 -0.21193 1.9215 0.46608 0.094108 0.56668 0.092801 -1.2922 1.144 -0.51957 1.2004 1.1104 -0.28339 -0.73453 -0.67002 -0.14574 -0.90415 0.15233 0.43802 0.92201 -0.8763 0.89777 -0.68625 0.41337 -0.3736 0.74323 1.0789 0.94715 -0.69075 1.4885 -0.045896 0.52871 -0.11405 1.2157 -0.2541 0.73046 -1.5597 0.79401 -0.97858
-1.6478 -0.12171 0.99587 -0.59932 0.24794 0.43935 0.80839 -0.81322 0.52141 -0.39688 2.013 0.53466 -0.17443 -0.28614 -0.29785 -0.40458 -0.079704 0.012697 0.12934 0.56159 -0.0001855 0.89914 -0.419 -0.31157 0.092771 0.25948 0.9738 1.1484 -0.20248 1.7299 -0.21614 0.20604 -0.76528 1.179 -0.65222 0.93869 -1.4095 0.51687 -1.2563
-1.171 0.1947 0.59418 -0.30716 0.72485 0.44364 1.1766 -0.23259 0.14146 0.11632 1.058 -0.19118 -0.36948 0.43624 0.23628 -0.46626 0.76792 0.22304 0.16129 0.28174 -0.052866 -0.053657 -0.025584 -0.96251 0.35927 -0.18913 0.72432 0.93324 0.42736 1.2638 0.081214 -0.39289 -0.90966 0.9412 -0.83722 0.15135 -1.1506 -0.14531 -1.0002
-1.2729 0.55666 0.90559 0.87472 -0.016205 1.0111 0.29584 -0.63113 0.88442 0.54933 0.68217 1.7797 -0.61147 0.41439 0.61944 0.046083 0.9349 0.023989 0.10087 -0.17675 0.41948 -0.31488 0.45878 -1.3168 -0.53015 -0.53272 0.1806 0.44816 0.77423 0.44626 0.16572 -0.35836 -0.83291 0.49723 -0.37775 -0.24722 -0.34971 -0.50683 -0.43198
-1.3389 0.27337 1.1571 0.65082 -0.4319 0.37417 1.2214 -0.00056659 0.92034 0.31749 0.30016 0.75452 -0.68219 0.33013 0.49459 0.49307 1.1458 0.32098 -0.35213 -0.54092 0.70079 -0.2026 -0.82031 -1.5242 -0.34927 -0.48518 -0.19264 -0.13598 0.49335 -0.38608 0.2695 -0.43123 -0.51411 0.37919 0.068797 -0.32132 0.33657 -0.45092 0.10158
-0.91459 0.6075 1.5117 1.0416 0.36939 0.39311 0.27894 -1.0147 -0.51589 0.078487 -0.063328 0.57815 -0.72198 0.11942 0.35177 0.68286 0.64196 0.30592 -0.34514 -0.70421 0.56611 0.19628 -0.50923 -0.77629 -0.52579 -0.29403 -0.044466 -0.52585 -0.32653 -0.77811 0.22929 -0.14038 -0.26655 0.10004 0.44502 -0.1355 0.74737 0.46248 0.54689
-1.4366 0.52047 1.493 0.98563 0.45153 0.84425 0.051899 -0.35424 0.85364 0.0040659 0.19984 -0.24991 -0.76645 0.20693 0.13196 0.21323 0.14848 0.63046 -0.50135 -0.48794 0.5926 -0.18267 -0.17651 -0.52618 -0.50968 -0.1434 -0.016623 -0.59987 -0.91302 -1.0198 -0.18362 0.14317 0.20666 0.24031 0.73783 0.39013 0.91324 0.80896 0.60907
-0.98297 0.63792 1.2292 0.85324 0.96917 -0.37433 0.40888 0.87606 0.044209 -1.792 -0.21596 0.3047 -0.74029 0.38872 -0.11613 -0.47768 -0.12199 0.33775 -0.093695 -0.73678 0.66179 0.56328 -0.12861 -0.24 0.41571 0.18475 0.6061 -0.72535 -1.4462 -1.0489 -0.61172 0.056983 0.41902 -0.050634 0.13646 0.26614 0.55611 1.2698 0.69737
-1.1156 0.76481 1.6966 0.92116 0.40983 0.47301 -0.011828 0.073868 1.1539 0.77118 0.12731 0.11925 -0.78115 0.16261 -0.31722 -0.7789 -0.51451 -0.046811 -0.14605 -0.1027 1.1078 1.0947 -0.23108 0.1345 0.7028 0.26477 1.2129 -0.91783 -1.5869 -1.1443 -1.1039 0.042667 0.32406 -0.73766 -0.22261 0.073527 -0.034485 0.80997 1.1373
-1.0204 0.48363 1.0915 1.0599 0.53085 0.12685 0.032586 -0.061198 0.11779 0.51915 -0.21749 1.3175 -0.79575 1.3255 -0.68784 -1.7538 -1.1275 -0.55787 -0.37367 -0.0461 0.21038 -0.17887 0.051102 0.064522 1.2648 0.63465 1.2728 -1.0706 -1.4815 -1.2593 -0.77919 -0.14178 0.48352 -1.0941 -0.59784 -0.7182 -0.86852 -0.577 1.5522
-0.65935 0.040482 0.38091 0.40206 0.17661 0.47973 -0.16547 0.6183 1.6552 -0.48831 -0.069789 0.93405 -0.29786 2.1082 -1.1815 -2.3667 -1.6419 -1.102 -0.24258 -0.17429 -0.58559 -0.27488 -0.11627 -0.75698 0.59049 1.479 0.70169 -0.99036 -0.91351 -0.8231 -0.35463 0.19473 0.34412 -1.3896 -0.36171 -0.93956 -1.2958 -2.0453 1.7082
-1.1239 0.34063 0.68284 0.29006 0.60503 0.16055 0.32811 0.99683 1.3806 -0.82304 0.36445 0.79658 -0.54257 1.9026 -1.5493 -2.6881 -2.083 -0.66981 -0.31758 0.27998 -0.57281 0.025239 -1.61 -1.6376 -0.63404 2.0988 -0.68926 -0.58429 0.16712 0.10429 0.2565 0.50427 0.4313 -1.2321 -0.21833 -0.74457 -1.0038 -2.9612 1.1271
0.96016 -0.4233 -1.3521 -0.80826 -0.37954 -0.31359 0.056396 -0.18082 -0.62006 -0.12233 -0.012984 1.5723 0.075167 1.2447 -1.612 -2.165 -1.6829 -0.68248 0.26699 0.43376 -1.1436 0.24779 -1.2646 -1.7619 -2.2386 2.3072 -1.4416 0.0047034 1.0918 1.0644 0.75363 0.6308 0.26296 -0.83721 -0.72195 0.060058 -0.061258 -2.6378 0.17349
1.5753 -0.89814 -1.5273 -1.146 -0.80718 -0.37769 -0.10882 -0.56739 0.17377 -0.98085 -1.841 0.63986 1.2483 0.41003 -1.4912 -1.5179 -0.88516 -0.24506 0.4687 0.5254 -1.8543 -0.89484 -0.85114 -1.5625 -2.9486 2.0513 -1.5953 0.72562 1.975 1.8223 0.96635 0.6413 -0.11286 -0.18683 -1.1133 0.8076 1.0448 -1.3806 -0.85188
0.14023 -1.2748 -1.5748 -1.5279 0.10395 0.39566 0.60277 -0.55564 1.9194 -1.5425 -2.0843 -0.85679 1.4837 0.037287 -1.2038 -0.74109 -0.085054 0.1959 0.72961 0.23861 -1.538 -1.2889 -0.37239 -0.92972 -3.2669 1.7846 -0.88928 1.1878 2.0746 1.7991 1.0576 0.16028 -0.2985 0.77835 -1.4137 0.75606 1.9456 0.72113 -1.6094
-0.14827 -1.468 -1.3728 -0.66856 -0.35949 0.94386 0.58804 -1.2067 0.89006 -1.2328 -1.6615 -1.7246 1.544 -0.61124 -0.49165 0.60045 0.80041 0.82391 0.83871 0.15432 -0.73265 -1.4725 -0.44656 0.15159 -2.75 0.97657 0.28984 1.2724 1.6572 1.1605 0.57853 -0.59204 -0.54583 1.3787 -1.2224 0.37747 1.9941 2.4853 -1.7141
-0.28088 -1.4684 -1.3308 -0.55908 0.15436 0.73733 0.59638 -1.7515 -0.894 -1.4298 -1.1544 -2.2234 1.5085 0.017347 -0.045381 0.97827 1.1099 0.89732 0.45004 0.021245 -0.22703 -2.3376 0.040172 1.4924 -0.98173 0.23059 0.92928 0.94882 0.81872 0.24303 0.18149 -1.2388 -0.53378 1.4326 -0.59892 -0.17131 1.2632 3.2995 -1.3818
0.34168 -1.1934 -0.92031 -0.21671 0.50851 0.59789 0.24196 -1.0327 -1.5936 -0.60682 -0.80232 -2.1423 1.5935 0.98596 0.14329 0.97882 0.8665 0.5666 -0.61799 -0.46337 0.10859 -2.8576 -0.30305 1.4403 0.61123 0.044274 1.0226 0.34842 -0.14636 -0.40729 -0.33684 -1.3155 -0.5865 1.1885 0.45415 -0.36503 0.27814 2.9219 -0.69893
0.78288 -1.1509 -0.57977 -0.096701 0.43508 0.73571 0.15119 -1.0459 -1.8361 -1.2956 -0.73387 -1.3849 1.5825 1.0541 0.12911 0.72699 0.38316 0.6981 -1.1393 -0.52568 0.76233 -1.8214 -0.78083 1.0933 1.2991 0.0064456 0.19745 -0.13696 -0.71063 -0.62685 -0.537 -0.66012 -0.28872 0.81171 1.8614 -0.11183 -0.4911 1.5999 -0.29494
1.0103 -1.1641 -0.29576 0.044915 0.54324 0.48694 0.35053 -0.79513 -1.7768 -1.276 -0.080961 -0.74978 1.5781 0.86819 0.026234 0.42754 0.35517 0.26723 -1.1265 -0.7518 1.0295 -0.82405 -0.7579 0.93412 1.64 -0.046477 -0.45173 -0.39039 -1.1048 -0.61361 -0.6513 0.38387 -0.091529 0.65447 2.6956 1.1666 -0.63078 0.19892 -0.33316
0.83792 -1.2957 -0.49626 -0.3666 0.58451 -0.6247 -0.08021 -0.84671 -2.4431 -2.1604 -0.43499 -0.61622 1.5155 0.46167 -0.22672 -0.18817 0.11473 -0.0069688 -0.66647 -0.41285 0.85332 0.40086 0.049161 0.70076 1.5268 -0.20298 -0.40623 -0.33405 -1.2757 -0.58752 -0.77453 1.0039 -0.10433 0.53342 2.608 2.1458 -0.73614 -0.78903 -0.45899
0.83407 -1.3339 -0.61521 -0.09498 0.7903 -0.56002 -0.11959 -0.27763 -2.1345 -2.0713 -0.22822 -0.77289 1.556 0.39912 -0.35986 -0.80446 -0.2235 -0.36194 -0.012424 -0.69993 1.3051 1.4751 1.6052 0.29628 0.86314 -0.39203 -0.12509 -0.083269 -1.1155 -0.56472 -0.70354 1.0782 0.030363 0.48608 2.1598 2.2482 -0.82703 -1.2742 -0.4652
0.97855 -1.2743 -0.66397 0.18081 0.47298 -0.45867 -0.68979 -0.14051 -2.2011 -1.6685 0.2002 -0.25227 1.4728 0.49447 -0.26083 -1.2443 -0.49916 -0.51321 0.45971 -0.75762 1.6365 2.2956 2.3077 -0.15103 0.17943 -0.56617 0.13817 0.1984 -0.47827 -0.35869 -0.60439 0.49618 0.17154 0.23549 1.2274 1.1489 -0.7647 -1.2516 -0.29959
1.1214 -1.5109 -1.1428 -0.12243 0.38962 0.31315 0.077251 -0.0034486 -0.33974 0.0027771 -0.00282 0.033778 1.3112 0.607 -0.10311 -1.3071 -0.46362 -0.86451 0.62392 -0.51345 1.5599 2.5878 2.5865 -0.39553 -0.11465 -0.62037 -0.08913 0.24126 0.18022 -0.08043 -0.37159 -0.2715 0.67677 -0.14706 -0.054125 -0.62913 -0.45194 -1.0532 0.020802
1.3973 -1.6509 -1.6287 -0.6361 -0.17135 0.77567 -0.95725 0.95875 0.43803 0.86717 -0.42859 -0.37615 1.0739 0.62733 -0.011145 -0.90806 -0.47596 -0.94355 0.095357 -0.15507 1.1716 2.3162 1.8466 -0.57698 -0.36971 -0.57532 -0.59475 0.19058 0.70572 0.26468 -0.10732 -0.86869 1.0944 -0.64609 -1.3505 -2.0137 0.39371 -0.47186 0.397
1.4539 -1.3932 -1.9511 -0.80619 0.12157 0.25917 -0.74713 1.3838 0.86661 0.58556 -0.48042 -0.83576 0.94202 0.15815 -0.066132 -0.6093 -0.38537 -0.87211 -0.37734 0.36996 1.2561 1.3425 0.58887 -0.45261 -0.87147 -0.35358 -1.1304 0.13817 0.69945 0.47541 0.21256 -0.96252 1.6004 -1.1003 -1.7727 -2.3738 1.186 0.19714 0.62035
1.4063 -1.3385 -2.001 -0.58641 -0.54118 -0.23155 -0.66913 0.98999 0.49776 0.34691 -0.86333 -0.7533 0.94876 -0.4436 0.05103 -0.16494 0.0065798 -0.7097 -0.85249 1.015 0.55849 0.17187 -0.69306 0.70501 -0.34866 -0.054665 -1.0102 0.15723 0.47827 0.4795 0.21912 -0.71044 1.4266 -1.3486 -1.562 -1.5221 1.4122 0.82421 0.58729
1.597 -1.3533 -1.3398 -0.3474 -0.39414 -0.48174 -0.19134 0.98968 0.87312 0.048452 -0.52676 -0.85782 0.99995 -1.0666 0.1049 -0.26306 0.26443 -0.54617 -0.91387 2.1375 -0.22678 0.05899 -0.85925 1.4674 0.2372 0.12696 0.022105 0.41734 0.345 0.37049 0.023687 -0.48952 0.36141 -1.4034 -1.125 -0.29682 0.85659 1.0548 0.11604
0.94653 -1.617 -1.6713 -0.4898 -0.68327 -0.39993 0.17924 1.8505 -0.015692 -0.36011 -0.22512 -1.2019 1.0899 -0.73465 0.17563 -0.11386 0.1767 -0.65821 -1.1138 1.8463 -0.65214 -0.21642 -0.45153 1.4456 0.62769 0.13838 1.0187 1.0758 0.56793 0.42931 -0.23177 -0.16732 -1.3626 -1.0583 -0.87624 0.50485 -0.50888 0.54981 -0.81671
0.54528 -1.4448 -1.6548 -0.36442 -0.56305 -0.487 1.295 0.71056 0.33557 -0.37479 1.2586 -0.076809 1.1835 0.34649 0.59669 0.062385 0.28757 -0.83784 -1.2559 0.68876 -0.80771 -0.75326 -0.11811 0.98402 0.62937 -0.26154 1.2153 1.7798 1.2812 0.57248 0.06462 0.42966 -2.6079 -0.54164 -0.88111 0.61219 -1.5398 0.20388 -1.709
0.17093 -1.3133 -2.4773 -0.41982 -0.79494 -0.63387 1.9511 0.62472 1.0837 0.038972 1.0964 -0.27896 1.0928 0.8399 1.6766 0.82136 0.87148 -1.0114 -1.0078 -1.0071 -1.1644 -1.2084 -0.055992 -0.13566 0.48655 -1.1868 0.25622 1.858 1.6859 0.80298 0.65578 1.2743 -2.5731 0.17657 -0.32862 0.73927 -1.8009 -0.040626 -2.1275
1.2589 -1.027 -1.7588 -0.55045 -1.0122 -1.8649 0.94245 0.31803 0.15482 0.035739 0.4718 -0.21084 1.0322 0.52029 2.4514 1.8638 1.0819 -0.22824 -0.027859 -1.6969 -1.002 -1.2413 0.16403 -1.0057 0.68295 -1.9861 -1.1848 1.153 1.7228 0.65173 1.1814 1.9582 -1.2656 0.59465 0.2807 0.87947 -1.2301 0.16004 -1.7122
2.5279 -0.45823 -1.3159 0.11659 -1.823 -1.9316 -0.55025 0.11253 -1.1004 -0.013168 -0.033342 -0.28756 0.45875 -0.32129 2.4815 2.4001 1.4087 0.35285 1.0015 -2.1517 -0.22132 -0.6503 0.88109 -1.3758 0.51232 -2.4547 -2.178 -0.1139 0.71847 0.188 1.5163 2.2922 0.50851 1.0392 0.88069 0.70541 -0.091681 0.35721 -0.6254
1.8584 1.1051 0.17673 1.1117 -1.575 -1.1668 -1.7359 -0.21456 -1.08 -0.43212 -0.68186 -0.49156 -0.65051 -1.3884 2.2 2.7625 1.3435 0.84023 1.9182 -1.2898 -0.15096 -0.47679 1.1658 -1.0044 0.9085 -2.4084 -2.2019 -1.3072 -0.53282 -0.27078 1.1194 1.5094 1.6533 0.87543 1.1806 0.2081 0.7049 0.30806 0.64591
0.24573 1.3259 0.61179 0.58488 -0.13527 0.43204 -0.58459 0.49015 -1.1546 0.019033 -0.57382 0.38476 -1.0265 -2.4619 1.6026 1.8261 1.1311 1.4799 2.9058 -0.17926 0.38338 0.17941 0.84952 -0.33584 1.0398 -1.9913 -1.0143 -2.2232 -1.5472 -0.72631 0.069789 0.080588 2.2935 0.21098 1.155 -0.24945 1.0752 0.19974 1.7924
-0.3063 1.0733 0.64948 1.3267 -0.081751 0.73409 -0.70921 0.4934 0.76095 1.5389 0.0020286 0.55481 -1.2309 -2.7122 0.61378 1.069 0.68701 1.4452 2.2476 0.65987 0.35756 0.72101 0.59746 -0.039661 0.992 -1.1686 1.2353 -2.6819 -2.242 -1.0109 -1.514 -1.6463 1.2693 -0.011796 0.88002 -0.44619 1.0453 -0.33556 2.545
-0.60752 1.1142 1.0388 0.95248 -0.2355 0.98537 0.31289 0.047438 -0.38958 1.3347 -0.4267 0.72581 -1.2088 -1.6418 -0.59725 0.10941 0.28567 0.20198 1.036 1.509 -0.07651 1.076 0.67321 0.41136 0.83789 -0.16336 3.0133 -2.6231 -2.2118 -1.3435 -2.659 -2.8646 0.28242 -0.3513 -0.044576 -0.35742 0.84495 -0.43192 2.8191
-0.50461 1.1567 0.32646 1.1602 0.49814 1.8249 -0.35952 0.92945 -0.5407 0.16203 -0.18133 0.75548 -1.2225 0.61492 -1.3704 -0.92474 -0.25825 -1.5159 -0.60784 0.43361 0.054649 0.84359 0.37075 0.82816 0.36146 0.81124 3.3212 -2.0758 -2.0135 -1.4101 -2.5598 -2.7827 -0.079829 -0.17419 -0.55028 0.17898 0.95255 -0.61299 2.5556
-0.65228 0.81133 0.6769 1.3807 -0.17712 0.73898 -0.36324 0.24644 -0.10197 0.33459 -0.51474 0.66662 -1.1882 1.762 -1.9733 -1.6613 -1.0907 -2.3095 -1.7097 0.50878 -0.13476 0.015205 0.25618 1.0126 0.52428 1.5976 2.1784 -1.192 -1.0178 -1.4098 -1.3826 -1.789 0.047476 -0.11038 -0.80266 0.53761 0.37589 -0.81309 1.935
-0.52974 0.21905 0.47607 1.2237 -1.3191 0.50358 1.2131 -0.3733 1.0653 1.1489 0.13774 0.85771 -0.83758 2.075 -2.3135 -2.128 -1.4534 -2.372 -2.2492 1.0034 0.053711 0.12483 1.1657 1.6697 -0.025379 2.1019 0.43529 -0.23098 0.21353 -1.2246 0.4017 0.11281 0.38966 -0.070249 -0.40252 0.12927 -0.50418 -0.85602 1.0521
1.5455 -0.75929 -1.0721 -0.02972 -2.4644 -0.6358 -0.71911 1.1052 0.43593 1.3455 0.99142 0.89414 0.15459 1.8842 -2.2023 -1.3536 -1.9446 -2.104 -1.9067 1.3246 -0.28774 -0.20208 1.3485 0.78037 -0.52239 2.3343 -0.90408 0.8046 1.3339 -0.79092 1.855 1.6876 -0.36895 0.22056 0.089642 -1.3596 -1.4662 -0.70564 0.014968
1.5319 -1.3328 -1.4483 -0.30581 -2.7672 -1.4228 0.53641 -0.077517 -0.30288 1.7088 0.9432 1.4119 0.58787 1.404 -1.6594 -0.64777 -2.2861 -0.80758 -0.24188 0.81715 -0.0042924 0.12477 0.085524 -0.12814 -0.75034 2.1517 -2.0089 1.6868 2.1277 -0.22643 3.0397 2.7245 -0.86994 0.35631 0.37268 -3.0315 -2.2906 -0.11067 -0.96733
1.1484 -1.3542 -1.6228 -0.61796 -2.2027 -1.2319 1.9701 0.53409 -0.45848 2.275 1.6208 0.16303 0.89413 0.33064 -0.90098 0.29986 -2.2557 0.60675 0.89197 -0.13838 0.31152 0.184 -1.903 -1.1965 -0.46315 1.5971 -2.247 1.9421 1.8419 0.31863 3.4848 2.5314 -1.2105 0.92848 0.58055 -3.3836 -2.1706 0.30522 -1.471
1.0998 -1.3104 -0.3129 -1.0338 -2.0207 -0.32165 1.1307 0.013161 -0.31499 1.3524 -0.34213 -0.094746 1.0871 -1.0738 -0.029025 1.3553 -1.7422 2.3249 2.1545 -0.016976 0.42935 0.67348 -3.2318 -2.1943 -0.27644 0.89944 -1.8326 1.5864 1.0473 0.74156 2.7922 1.2253 -0.8615 0.88781 0.20153 -2.2557 -1.6563 0.45455 -1.3996
0.9943 -1.3075 0.043535 -1.6624 -1.4651 0.97281 0.53422 0.15718 1.3851 0.057146 -0.67918 0.10751 1.1288 -1.2677 0.36217 1.3756 -1.5631 3.2663 2.2889 -0.69797 1.2582 0.68602 -3.7161 -2.785 -0.19197 0.57143 -0.92942 1.0004 -0.16665 0.92023 1.6315 -0.33974 0.056358 0.5946 -0.30936 -0.34834 -0.37506 0.051131 -0.97045
0.59001 -1.2349 -0.014165 -2.1263 -0.97512 0.99247 -0.11775 0.87942 0.83881 -1.6457 -0.71823 0.99661 1.2017 -1.378 0.4693 0.9348 -1.127 3.4231 1.685 -0.63791 1.2078 0.26901 -3.4887 -2.8441 -0.035309 0.39142 0.010191 0.49013 -1.1213 0.90149 0.18183 -1.8389 0.67011 0.10862 -0.9384 1.3384 0.78265 -0.60789 -0.53233
0.22604 -0.89907 0.24785 -2.0846 0.91036 1.6681 0.15713 1.4949 0.56604 -2.0842 -1.516 0.65939 1.2751 -1.3337 0.58999 0.17044 -0.69797 3.3121 0.43496 0.29054 1.0505 -0.25266 -2.4632 -1.6707 -0.49827 0.27502 0.53922 0.29629 -1.3193 0.8148 -1.1212 -2.5652 1.2751 -0.84757 -0.84879 2.5754 1.7275 -1.1628 -0.38522
-0.041965 -0.93386 0.078847 -2.2093 1.5729 1.1444 0.6716 1.6612 0.16354 -1.7508 -2.396 0.34888 1.3172 -1.0213 0.70889 -0.31641 -0.34717 2.6762 -0.78787 0.8465 0.73773 -0.76936 -1.1933 -1.1009 -1.2878 0.18312 1.0297 0.18964 -1.1841 0.51716 -2.2453 -2.6172 1.0246 -1.2972 -0.34149 3.1411 2.4732 -0.85751 -0.36448
-0.39778 -0.79847 0.0031101 -2.035 1.6985 1.1963 1.0403 1.5502 0.089499 -1.857 -2.4044 -0.385 1.3917 -0.39285 0.75675 -0.6744 -0.30003 1.4251 -1.8832 1.1391 -0.11958 -0.52561 0.26036 -0.0068359 -1.7827 0.050002 1.2306 0.11761 -0.81103 0.24837 -2.7071 -2.0507 0.18573 -1.6156 0.2451 2.8987 2.4021 0.19117 -0.38227
-0.24265 -0.5645 0.045296 -2.2098 1.8798 0.4222 1.1471 1.0493 0.19183 -2.2188 -1.9736 -0.5055 1.365 0.16314 0.71463 -1.0443 -0.27252 -0.081388 -2.6747 1.0113 -0.67451 -0.29845 1.3983 1.5515 -1.031 -0.087964 1.0898 -0.006347 -0.52088 0.17304 -2.3636 -1.3289 -0.53881 -1.6281 0.64759 2.2028 1.9344 1.4145 -0.41059
-0.14393 -0.36332 -0.56689 -2.3481 1.9115 -0.18136 1.1981 1.5845 0.22848 -2.0025 -1.7544 -1.0101 1.3084 0.47815 0.79043 -1.1112 -0.22328 -0.67471 -2.9398 0.58779 -1.3159 -0.0046713 2.0081 2.0802 -0.27557 -0.21023 0.58198 -0.13833 -0.086183 0.42782 -1.5491 -0.5073 -0.91769 -1.3743 0.5718 1.2555 0.80467 2.1028 -0.36604
0.16883 -0.19436 -0.85824 -2.5776 1.2082 -1.5859 1.4548 0.75598 -0.14293 -1.0297 -0.73351 -1.0206 1.2529 0.67223 0.67957 -1.1556 -0.025256 -0.95707 -3.0478 0.03887 -1.7605 0.26833 2.3162 1.943 0.63 -0.35355 -0.053799 -0.15998 0.56901 0.64407 -0.74469 0.30004 -0.93982 -1.1219 0.63422 0.29363 -0.10958 1.8738 -0.34962
0.2982 -0.10097 -1.1068 -2.3048 0.91722 -1.8101 1.7351 0.63686 0.038771 0.25293 0.22316 -0.19465 1.1885 0.48939 0.53203 -0.79537 0.4498 -1.202 -2.7436 -0.22296 -2.1905 0.33575 2.3015 1.4945 1.3635 -0.41164 -0.37914 0.0034894 1.04 0.7602 -0.14009 1.0364 -0.89473 -0.34466 0.4467 -0.53642 -0.61321 1.1919 -0.43504
0.23892 0.06629 -1.1887 -2.3749 0.9242 -2.5107 1.356 -0.44876 0.28596 0.42386 -0.44588 -0.13481 1.1142 0.052013 0.5639 -0.05101 0.69999 -1.2844 -2.1085 -0.47629 -2.3714 0.80244 1.8393 1.6069 1.6918 -0.55502 -0.16567 0.12403 1.1975 0.6096 0.15105 1.4049 -1.0337 0.29154 -0.29052 -1.3202 -0.97716 0.18017 -0.39765
0.37609 0.059216 -1.3955 -1.9969 0.68907 -2.867 0.80247 -0.89903 0.68242 0.2175 -0.23961 0.30197 0.96675 0.047058 0.8529 0.4422 0.95705 -0.77645 -1.1843 -0.95657 -1.6674 0.61978 1.1839 0.94517 1.4427 -0.816 0.23329 0.25328 0.98618 0.38643 0.22914 1.603 -1.2207 0.86279 -1.1888 -1.5028 -0.97573 -0.50591 -0.4142
0.29021 0.13597 -0.94267 -1.5843 0.30459 -3.385 0.96633 -1.5736 0.49067 0.37567 -0.1285 0.93533 0.90305 0.5693 0.73363 0.65043 0.96074 -0.85678 -0.8214 -1.6769 -1.4698 -0.47446 0.25418 0.14446 0.92063 -0.79715 0.56052 0.31605 0.6053 0.12893 0.24615 1.5575 -1.1291 0.93211 -1.9766 -1.1837 -1.1677 -0.82275 -0.35652
-0.15978 0.49618 -0.51362 -1.667 -0.065461 -3.1671 0.81741 -1.4161 1.388 0.71561 1.1709 0.75991 0.62334 0.68621 0.88666 0.85054 1.1095 -0.94756 0.038879 -2.0828 -1.0034 -1.4449 0.11008 0.1555 0.77803 -0.96323 0.55704 0.21335 0.12745 0.051313 0.0079587 1.6753 -0.92243 0.81581 -1.8049 -1.0832 -1.1215 -0.73072 -0.34252
0.5389 1.0984 -0.40707 -1.2875 0.46581 -2.9357 0.15581 -1.0659 0.27406 1.0225 0.38787 0.74864 0.24134 0.82729 1.0958 0.96957 0.89518 -0.69682 0.60944 -2.1884 -0.93377 -2.179 0.026713 -0.47471 0.45208 -1.0604 0.18812 0.090168 -0.020445 0.24512 -0.036439 1.647 -0.25495 1.0421 -0.829 -0.92341 -0.9677 -0.41342 -0.38424
1.3281 0.53961 -0.55925 -1.1532 -0.29596 -3.1906 -1.0455 -1.924 -1.2705 0.19002 -0.5355 0.82628 0.45982 1.0061 1.0418 0.53899 1.1049 -0.82767 1.6793 -2.5587 -0.38678 -2.194 -0.85208 -1.1239 0.27946 -1.2406 -0.42755 -0.24162 -0.084162 0.37849 -0.037159 1.1925 0.82388 1.3388 0.39048 -0.75236 -0.44154 -0.33491 -0.15504
0.78961 1.2072 -0.1451 -0.74139 -0.43103 -2.3548 -1.5825 -2.0855 -1.6096 0.44322 -0.13147 1.0673 -0.049185 0.77654 0.8116 0.76284 1.4685 -0.97618 1.8776 -1.9491 0.20054 -1.7906 -1.0967 -1.269 0.37426 -1.2825 -1.0205 -0.3444 -0.06476 0.11687 0.10562 0.33934 1.7317 1.4301 1.4241 -0.21698 0.59807 -0.38396 0.058703
1.0773 1.5331 0.11564 -0.87958 -0.18288 -2.2265 -1.543 -2.3909 -1.9558 0.39911 -0.63231 1.057 -0.23951 -0.1242 0.6067 0.78141 1.597 -0.86876 1.9607 -0.53426 0.97199 -0.86134 -0.82012 -0.38721 0.1702 -1.1039 -1.2734 -0.46137 0.030579 -0.75533 0.60675 -0.81171 2.3021 0.83566 1.9269 0.56021 1.3748 -0.58771 0.63011
1.244 1.5024 -0.31919 -0.0059414 -1.0282 -0.58064 -2.3353 -1.4208 -1.6107 -0.91015 -1.0073 1.1656 -0.64267 -0.60189 0.71236 0.71518 0.89631 -0.45347 1.2164 0.30053 1.1029 0.024693 -0.41674 0.41685 -0.23307 -1.0333 -1.2221 -0.74075 -0.1728 -1.8618 0.9454 -1.3853 2.0323 0.18725 2.1325 1.3879 1.653 -0.83561 1.2427
0.88967 1.5268 0.79965 0.42643 -1.1246 -1.0062 -1.5117 -0.60944 -1.1761 -0.24034 -0.40916 1.1211 -0.84681 -0.7932 0.28678 0.62285 -0.11864 0.12942 0.31788 0.96946 0.74835 0.78609 -0.074364 0.93659 -0.54311 -0.34168 -0.65049 -1.1975 -0.12317 -2.4873 0.9669 -1.5484 0.99166 -0.34226 1.7077 2.0211 0.78007 -1.102 1.7732
0.44367 1.5611 0.38055 0.71955 -0.57782 -0.75208 -0.42321 -0.10563 -1.7427 0.13391 -0.19396 0.84458 -0.66318 -1.2773 -0.31945 0.49 -1.4119 0.41601 -0.20875 1.4073 0.66632 1.6895 1.2937 1.5612 -0.86551 0.35499 0.20687 -1.8307 -0.32857 -2.0531 0.29592 -0.66245 -0.20082 -0.19523 1.0213 1.7555 -0.39267 -0.83288 1.9901
0.49852 1.7373 0.35981 -0.70964 -0.8197 -2.0385 -1.1907 -1.5005 -1.3985 -0.21789 0.24056 0.5063 -0.77556 -1.0579 -0.96353 0.64245 -2.2471 0.6305 -0.58018 0.91934 0.53789 1.7503 2.3468 0.68562 -1.6153 1.0821 1.1686 -2.0668 -0.54623 -0.81199 -0.83743 0.42814 -0.99786 0.42077 0.33647 0.90373 -1.4096 -0.093903 1.4669
-0.035601 1.6274 0.76396 -1.3476 0.11443 -1.7318 -0.39125 -1.5358 -0.1775 0.3577 0.85743 0.50056 -0.2958 -0.065707 -1.8509 0.037571 -2.1631 -0.10312 0.2897 -0.075236 0.83521 1.5973 1.8667 -0.29411 -1.2882 1.4873 1.8192 -1.863 -0.88362 0.95006 -1.5476 1.1796 -0.63931 0.84018 -0.48846 -0.42843 -1.7478 0.78316 0.72774
-0.31576 0.73672 0.56837 -2.5386 -0.18201 -1.5586 0.050441 -0.61033 0.95902 2.1083 0.99158 0.046942 0.14008 0.88391 -2.547 -0.25984 -1.3668 -1.2619 1.0045 -0.29945 1.4617 1.5006 1.4398 -1.1241 -0.52137 1.4748 1.7531 -1.082 -1.2315 2.2221 -1.6303 1.0815 0.48312 0.69326 -1.225 -1.5292 -0.87495 1.5812 -0.1443
0.23819 0.069334 1.0531 -2.0036 -0.57911 -1.1298 -1.4307 0.18973 0.37748 2.0982 -0.94851 -1.098 0.51129 1.306 -2.7725 -0.85153 0.073294 -1.6997 1.5274 0.73048 1.7993 0.81294 0.89928 -1.2377 0.061423 1.3407 1.0292 0.19525 -1.1671 2.5333 -0.64773 -0.02844 1.5088 -0.061958 -1.7666 -1.9339 0.31242 1.535 -0.75633
1.1706 -0.86688 0.36709 -1.6377 -1.5466 -0.28379 -1.4164 0.66366 0.21287 1.3721 -0.76092 0.1013 0.72374 1.6813 -2.3879 -1.4107 1.1222 -1.7974 1.1215 1.4966 1.3715 -0.34979 -0.20588 -0.69951 0.69734 0.92106 0.14799 1.3305 -0.89377 1.7814 0.65259 -1.1333 1.6642 -0.83045 -1.5116 -1.728 1.4377 1.2944 -0.99448
1.5396 -1.3046 -0.25516 -1.2817 -2.4709 0.048243 -0.56668 0.97804 0.36847 1.3452 -1.1786 0.64816 0.70459 1.5463 -1.592 -1.7541 1.7067 -1.1093 0.19924 2.0778 0.76063 -1.0663 -1.1514 0.14911 1.0024 0.53579 -0.4161 1.969 0.019576 0.64196 1.4069 -1.6485 0.37851 -1.0354 -0.51545 -0.95178 1.6413 0.61669 -1.0036
1.3717 -1.3479 -0.66124 -0.90712 -2.1563 -0.3525 0.96947 0.21991 0.30644 1.1496 -0.29811 0.50672 0.75972 1.0526 -0.82237 -1.6218 1.4163 -0.24754 -0.70518 2.3918 0.40079 -0.63219 -0.96645 1.219 1.4517 0.26207 -0.52458 2.0953 1.0892 -0.12634 1.6945 -1.1321 -1.3147 -0.80256 0.56896 0.029824 1.2125 0.19287 -0.91924
1.521 -1.3261 -0.91315 -0.35468 -1.6561 -0.5055 1.8949 0.55737 -0.54042 0.83841 0.3836 0.94688 0.8732 0.80697 -0.12894 -0.70826 1.231 0.33364 -1.025 1.0518 0.31484 -0.10191 -0.60881 1.2704 0.84238 0.040278 -0.51745 2.2574 2.1081 -0.17747 1.3191 -0.015396 -2.8869 -0.41312 0.90952 0.77553 0.42341 0.082308 -1.2328
1.6267 -1.3739 -1.4265 -0.34851 -1.5538 -1.5163 1.4634 0.90033 -0.8764 0.73935 0.22579 0.46764 0.84461 1.0256 0.52674 0.27176 1.1174 0.86073 -0.63756 -0.6404 0.067157 0.30702 -0.41397 1.2998 1.1316 -0.32414 -0.64095 2.4211 2.4508 0.15734 1.057 1.136 -3.1816 -0.30136 0.46774 0.89509 -0.58139 -0.3715 -1.6212
1.8886 -1.2394 -0.90459 -0.24122 -1.3551 -1.637 0.92331 1.0133 -0.030976 0.7725 0.27631 1.3379 0.84299 0.5483 1.6618 1.5693 1.5105 0.97033 0.16115 -2.2305 0.14036 0.29248 0.11814 0.99908 1.307 -1.1733 -1.1102 2.3547 2.0385 0.274 0.89608 1.854 -1.7425 -0.44634 0.10408 0.87823 -1.1357 -0.82841 -1.7035
2.3453 -1.1615 -0.41384 0.029199 -1.7975 -0.97501 -0.33536 1.0713 0.63126 0.68284 0.60005 1.2671 0.67517 -0.070866 2.4957 2.2043 1.6053 1.547 1.1377 -2.3865 -0.086646 0.10473 0.45356 0.11893 0.50325 -1.7642 -1.5555 1.689 1.0185 0.041423 0.5838 1.6773 0.25798 -0.33564 -0.26641 0.66829 -1.4377 -1.7827 -1.2305
2.6661 -0.39941 0.15046 0.36741 -1.0256 -0.52728 -0.73987 0.3887 0.66176 0.85656 0.82234 2.1775 0.19157 -0.81455 2.9845 2.4547 1.5507 1.7838 2.0452 -1.5888 -0.45848 0.19724 0.70739 -0.54788 -0.4262 -2.0065 -1.5515 0.22287 -0.40321 -0.65326 0.17147 0.78656 1.7947 -0.16233 -0.44046 0.21342 -1.129 -1.8169 -0.24226
1.381 1.3038 1.5697 1.6117 -0.48376 -0.16494 -1.4297 0.56159 -0.3507 1.389 1.2508 1.9223 -0.82692 -1.3328 2.8043 1.8912 1.1924 1.6269 2.0039 -0.43568 -0.27325 -0.19732 0.62398 -0.97432 -1.3945 -1.9061 -1.2845 -1.4855 -1.713 -1.2103 -0.95279 -0.35089 2.3747 0.37217 -0.085144 -0.12018 -0.32904 -1.1492 0.68482
1.2886 1.6257 1.3385 1.4581 0.72607 0.68163 -0.70973 0.79394 -0.89816 1.2745 -0.26516 0.6604 -0.94911 -1.8527 1.8941 0.90678 0.41286 1.2841 1.4235 0.42265 -0.076778 -0.46075 0.46116 -0.84872 -1.2017 -1.4958 -0.58037 -2.8029 -2.5022 -1.5522 -1.7739 -1.1826 1.9156 0.67933 0.25882 -0.45528 0.30589 0.073733 1.3157
0.83067 1.8938 1.5396 1.2005 0.31625 1.0814 -0.47105 0.22676 0.46121 1.5695 -0.73905 -0.11603 -1.0468 -2.062 0.45338 -0.49515 -0.25196 -0.083171 0.73321 1.4073 0.42792 0.24869 0.34164 -0.43246 -1.3001 -0.90717 -0.097473 -2.9397 -2.1944 -1.2301 -2.0367 -1.2695 0.81131 0.51635 0.46897 -0.62594 0.80147 1.2844 1.4148
0.87816 1.6859 1.3455 1.081 0.022358 0.91359 0.072995 0.84621 0.14508 1.277 -0.42505 0.094326 -1.0362 -1.5843 -0.7211 -1.4249 -0.84179 -0.87273 0.20248 1.3622 0.48014 0.48545 -0.052707 -0.17714 -0.34504 -0.36892 0.051326 -2.2247 -0.95705 -0.46642 -1.341 -1.0469 -0.21786 0.25483 0.29366 -0.73462 0.76581 1.4789 1.2042
0.27621 1.059 0.69632 0.54117 -0.10181 0.72279 -0.2985 0.70152 -0.34606 1.2547 0.388 1.0331 -1.107 -1.6578 -1.0073 -1.3921 -0.64625 -1.3284 -0.047839 0.73736 0.42774 0.26616 -0.35966 0.38019 0.60172 -0.17148 -0.078007 -1.1187 0.60398 0.16028 -0.070528 -0.66727 -0.71965 -0.38003 0.087325 -0.76975 0.40416 0.86679 1.0455
-0.2936 0.65467 -0.29449 0.67931 -1.2147 0.38981 1.2416 1.1769 0.85909 1.6208 0.57134 0.46824 -1.2144 -1.9549 -1.25 -0.58622 -0.31773 -0.74464 -0.37655 0.32239 0.40573 0.11225 -0.64482 0.35981 0.64089 0.092369 0.03021 -0.13774 1.6843 0.49297 0.90227 -0.30969 -0.48746 -0.55556 -0.02841 -0.64548 -0.012975 -0.44997 0.92726
-0.32573 0.77917 -0.023019 0.60052 -0.85385 0.59169 0.11239 1.1582 -0.1712 1.1572 -0.05451 1.0058 -1.2895 -2.0295 -1.2311 0.30758 -0.1794 -0.27439 -0.36321 0.47878 -0.25907 0.59937 -0.88877 0.14869 -0.16058 0.56032 1.2387 -0.057558 1.1938 0.13435 0.79741 -0.35481 -0.50223 -0.58412 -0.11733 -0.25566 -0.22625 -0.80029 1.0701
-0.6326 0.68681 0.032801 0.64723 -0.82808 1.0858 0.080694 0.96128 -0.12699 0.72068 -0.31775 0.93959 -1.0345 -1.3398 -0.85046 1.1367 -0.070516 0.40585 -0.26787 0.5119 -0.23427 0.24866 -1.0676 -0.094411 -0.82887 0.77133 2.6366 -0.24199 -0.23127 -0.25244 -0.11767 -0.71899 -0.22262 -0.10972 -0.20253 0.39265 0.14084 -0.34505 1.2038
-1.5957 0.13952 1.4399 0.80615 -0.40428 0.20508 0.071504 0.84947 0.82491 0.69368 0.032303 0.55632 -0.82202 0.4546 -1.3088 0.1638 -0.48751 -0.30642 -0.82585 -0.36684 -0.36435 -0.052234 -0.65268 0.12298 -0.19283 1.2272 3.3819 -0.45555 -1.4786 -0.55284 -0.7144 -1.1753 0.093701 0.60793 -0.57585 0.7324 0.28233 0.36676 1.1067
-1.5336 -0.18738 1.3887 0.53802 -0.46968 0.25025 1.2312 0.25461 1.0318 0.18845 0.38417 -0.053179 -0.2845 1.9546 -1.6339 -0.98495 -0.66041 -0.94948 -1.6408 0.30034 0.24792 0.015408 0.021684 0.66509 -0.0089578 1.7143 2.9116 -0.39614 -1.971 -0.67001 -0.75779 -0.85362 0.65129 0.69869 -0.71186 0.639 0.0018877 0.58343 0.89956
-0.96623 0.12323 1.4625 0.41547 0.094851 0.37368 0.81055 0.9073 -0.24517 0.24722 0.27633 -0.057628 -0.50388 2.9311 -1.6339 -1.63 -0.98626 -1.0032 -2.1394 0.77842 0.65334 -0.46234 0.026631 0.36076 0.11357 1.8865 1.2014 0.11227 -1.1658 -0.45369 0.10309 0.15821 1.2339 0.35332 -0.75617 0.34177 -0.7488 -0.0033523 0.30114
1.2721 -1.2484 -1.3884 -0.17669 -2.5978 -0.95975 -0.39136 0.79059 0.39192 1.1101 0.34143 1.1381 0.20559 3.1107 -1.379 -1.9628 -1.159 -0.73842 -1.392 1.259 0.58289 -0.99992 -0.13287 -0.21488 0.11298 1.9029 -0.69684 0.5357 0.0027707 -0.096366 1.0242 1.3361 1.0319 -0.61087 -0.72964 -0.24976 -1.38 -0.60264 -0.22734
1.8172 -1.2107 -1.1287 -0.094163 -1.8026 -1.6303 0.81841 1.7681 -0.13817 1.0879 0.72693 1.0603 0.84222 2.2235 -1.2422 -1.7117 -1.1403 -0.19418 -0.58657 1.65 0.13776 -1.0879 0.108 -1.027 -0.27168 1.6221 -2.3034 0.97317 1.1508 0.46789 1.8719 2.0585 0.66158 -1.2871 -0.49798 -0.80914 -1.1384 -1.4121 -0.7071
1.5921 -1.3447 -0.71905 -0.56399 -1.2598 -1.8914 1.78 1.5494 -0.32634 0.20194 -0.069298 0.42333 1.065 0.94635 -0.89855 -0.94043 -0.76573 0.69396 0.44297 1.9528 -0.65722 -1.1614 -0.51166 -1.5666 -0.97087 1.4773 -2.7969 0.98991 1.3852 0.92178 1.8015 1.8766 -0.47229 -1.6395 -0.31982 -1.1138 -0.69422 -1.6071 -1.0138
1.1613 -1.4172 -0.37468 -0.69696 -0.77035 -0.69257 2.3835 0.92844 -0.5719 0.13969 -0.26255 0.081707 1.2313 -0.4879 -0.18131 0.18912 -0.22869 2.0127 1.3345 1.7721 -1.1748 -1.4023 -1.3888 -1.3779 -2.0343 0.95085 -1.9797 0.88281 1.0498 1.2939 1.2471 1.2697 -1.5914 -1.2876 -0.29658 -0.95464 0.10746 -0.98609 -0.98698
1.0632 -1.6262 -1.1698 -0.96033 -0.73764 0.013812 2.9724 0.26826 -0.97584 0.77537 -1.181 -0.42884 1.172 -0.99891 -0.18753 -0.10791 0.25363 1.7503 1.6534 0.24899 -1.8788 -1.5028 -1.595 -1.514 -2.0653 0.59196 -0.67847 0.53431 0.56612 1.3469 0.32364 0.38967 -2.3206 -0.44055 -0.17846 -0.43378 0.66448 -0.063093 -0.85505
1.1428 -1.363 -0.88744 -0.45369 -0.04975 0.37283 2.2051 0.12224 -1.8194 -0.22892 -1.5128 -0.54695 1.3631 -0.67247 -0.062258 -0.0024125 0.9679 1.7684 1.5277 -0.70675 -1.7005 -1.5302 -1.2444 -0.83153 -1.6063 0.46179 0.35837 0.098777 0.36973 0.90404 -0.64869 -0.3717 -2.1572 0.39777 0.20275 -0.0060044 0.88247 0.73142 -0.51994
0.98686 -1.418 -0.99783 -0.28412 0.22883 -0.048268 2.0604 -0.20112 -1.4444 -0.95656 -0.55362 -1.4032 1.5225 -0.28745 -0.029337 0.30069 1.3607 1.4721 1.2006 -1.4888 -1.2336 -1.4714 -1.4423 -0.43932 -1.3161 0.33315 0.60432 0.040531 0.54454 0.058786 -1.0785 -0.68817 -0.9601 1.0603 0.68007 0.31026 0.87765 1.0451 -0.40059
0.36721 -1.5574 -0.98979 0.15877 0.59087 0.355 1.2192 -0.81212 -2.3772 -1.1788 -1.5628 -1.4688 1.5515 -0.14377 -0.089877 0.73216 1.0505 0.87594 0.80141 -1.7101 -0.74334 -1.0203 -1.4731 -0.053503 -1.0332 0.23585 0.30411 0.10298 0.202 -0.99551 -1.5467 -0.79503 0.1105 1.1256 1.0292 0.48489 0.38873 1.301 -0.43072
0.89318 -1.4463 -0.36427 0.64138 1.1742 0.72922 1.3519 -0.76988 -2.4287 -0.80909 -1.0844 -1.2953 1.5602 -0.082817 -0.10459 0.62641 0.34251 0.066699 0.58631 -1.1833 -0.34411 -0.39389 -0.85985 -0.051475 -0.3812 0.054382 0.12744 0.3159 -0.53033 -1.7542 -1.6089 -0.87802 1.2679 1.0182 1.723 1.1973 0.48781 1.6072 -0.47525
0.9941 -1.5319 -0.24387 0.84662 0.79172 1.43 0.61761 -0.70925 -2.7468 -1.3469 -1.2034 -1.5547 1.5052 -0.18095 0.15321 0.24216 -0.51644 -0.58887 0.17814 -0.63174 -0.0078424 0.0015504 -0.56772 -0.20848 0.38233 -0.098314 0.065892 0.5248 -1.3271 -1.6996 -1.5214 -1.2147 1.6609 0.5346 2.1343 1.8784 0.60435 1.6645 -0.50841
0.92114 -1.6855 -0.27712 0.036693 0.20251 0.78309 0.62057 -0.58451 -2.342 -1.4489 -1.3365 -1.7725 1.4863 -0.020235 0.39764 -0.53101 -1.3775 -0.97917 -0.32034 0.53673 0.33188 1.4927 0.48919 0.66479 1.0129 -0.27158 0.36353 0.78098 -1.2279 -0.73879 -1.1683 -1.5049 1.1714 -0.060957 2.0264 1.9775 0.87134 1.0441 -0.61783
0.81837 -1.4041 -0.30403 -0.19201 0.042055 0.72994 0.84179 -0.40249 -1.9982 -1.5499 -1.2328 -1.0029 1.4998 -0.046694 0.5712 -1.3805 -1.5011 -1.6109 -1.2914 0.78816 -0.067197 2.344 1.5909 0.86158 1.4153 -0.42684 0.6246 1.057 -0.29951 0.61884 -0.73307 -0.94675 0.14359 -0.52388 1.0132 1.459 0.71569 0.062188 -0.98273
0.33538 -1.1331 -0.97234 -0.92445 -0.29716 0.073903 1.2073 -0.56554 -1.7349 -1.6223 -1.1238 -0.8232 1.4058 0.55999 1.0446 -1.0526 -0.64149 -1.7304 -1.8403 0.47678 -0.4322 2.5241 1.9962 1.2517 1.0712 -0.78475 0.43521 1.3073 1.0787 1.7256 -0.25943 -0.012389 -1.0718 -0.5307 -0.36831 0.15765 -0.21453 -0.88301 -1.4109
0.75458 -1.01 -1.6639 -1.3118 -0.20199 0.34112 2.3822 -0.35629 0.26324 0.39887 -0.22505 -0.028204 1.1707 0.74901 1.6684 -0.10597 0.37379 -1.6568 -1.0402 -0.30717 -0.6234 1.5242 1.5834 1.0069 0.45961 -1.4378 -0.13968 1.2191 2.1993 1.955 0.35923 1.0542 -1.5868 0.2778 -0.93544 -1.0774 -0.96032 -1.0065 -1.5058
1.1559 -0.83059 -2.0557 -0.71629 -1.3281 -1.0852 1.6571 -1.1675 0.63397 1.2358 -0.11471 0.080612 1.047 0.43192 2.1235 1.0158 1.1725 -1.4587 -0.44387 -1.0751 -0.40058 1.1444 0.81027 0.13262 -0.19556 -2.0576 -0.85715 0.12007 1.9523 0.91373 0.72119 1.2991 -1.2247 0.9345 -0.95827 -1.7835 -1.2732 -0.38936 -0.64786
1.8928 -0.13366 -0.79141 0.38691 -1.6852 -1.1544 0.42677 -1.2697 0.19302 0.16781 0.11432 -1.0642 0.50493 -0.25598 2.1526 2.0403 1.5415 -1.0201 0.27305 -1.6353 0.44306 1.1277 0.045774 -0.61648 0.12821 -2.2361 -1.0598 -1.2692 0.7613 -0.61598 0.99484 0.73707 -0.1659 1.1126 -0.22879 -1.6807 -0.74695 0.2117 0.87235
1.3161 0.72043 0.19513 0.35105 -1.7285 0.19036 0.090449 -1.1468 -1.1689 -0.41066 -0.58926 -1.1534 -0.30113 -0.61273 1.0101 1.8287 0.62686 -0.60295 0.28498 -1.3274 0.80876 0.76991 -0.77693 -0.63633 0.48687 -1.4378 -0.82256 -2.3551 -0.89186 -1.8591 1.1271 -0.12033 0.94318 0.70386 0.29488 -0.74222 0.070186 0.35676 2.3458
0.58134 1.3368 0.75084 0.8168 -1.5256 0.2005 -0.055059 -0.57685 0.21524 -0.67657 -1.4585 -0.81273 -0.81857 -0.79978 0.014198 1.0284 -0.58238 -0.095165 0.18598 -0.51135 0.8846 1.2356 -0.9605 -0.1947 0.50841 -0.33074 0.021586 -2.6333 -1.9408 -2.1463 1.0891 -1.0185 1.3322 -0.0021629 0.40491 0.37874 0.73733 -0.37927 3.0429
-0.08318 1.1124 0.92669 0.49097 -1.3896 0.33707 -0.13259 0.50578 1.4278 -0.2673 -1.3886 0.35601 -0.81603 -0.90381 -0.90868 -0.28761 -1.4985 0.33109 -0.62703 0.27204 0.71448 1.6746 -0.15834 0.064672 0.27948 0.79994 0.78974 -1.9057 -1.7096 -1.484 0.80865 -1.0844 0.69185 -0.3752 -0.3479 1.0805 0.5405 -1.3065 2.4881
0.87495 -0.76528 -0.34812 -0.96565 -1.4591 -0.43836 0.90511 0.0076082 1.4498 0.14138 -0.13624 0.63617 0.28361 -0.068637 -1.4738 -0.83654 -1.7072 0.68975 -1.4013 0.25957 0.48417 1.4822 0.49338 0.58761 -0.49898 1.5875 1.2211 -0.76674 -0.66052 -0.32512 0.27077 -0.49823 -0.51652 -0.48197 -1.4785 0.87625 -0.070352 -1.9969 1.1324
0.81088 -0.51218 -0.44474 -1.0737 -1.7856 -1.2044 0.32059 -0.69795 1.7036 -0.69913 -0.088073 -0.58304 0.77487 0.56443 -1.565 -0.70538 -1.788 0.62418 -1.1914 -0.31122 0.29397 -0.07031 0.64823 0.11062 -1.4989 1.6443 0.9915 0.53069 0.67409 0.8301 -0.25183 0.76311 -1.5071 -0.10557 -1.8855 0.15943 -0.71993 -1.8399 -0.5292
0.4486 -0.43863 -0.59085 -1.1807 -0.98083 -1.3565 0.53065 -0.25427 1.6292 -0.22775 -0.55182 -1.3928 0.8502 0.85164 -0.99388 -0.1032 -1.0807 0.30921 -0.55946 -1.258 0.17692 -0.89741 0.38225 -0.37211 -2.4014 1.0865 0.31789 1.064 1.1956 1.2688 -0.58219 1.6157 -1.483 0.23463 -1.522 -0.20198 -0.89639 -0.69247 -1.5267
0.97371 -0.51792 -0.18959 -1.3399 -0.52885 -1.2712 0.099698 0.058141 1.1255 0.41023 -0.479 -1.41 0.89391 0.57301 -0.22619 0.70987 -0.12796 0.033962 0.59784 -2.0075 0.66554 -0.96491 0.21811 -0.9844 -2.2705 0.19101 -0.19055 1.0397 1.0619 1.1503 -0.6579 1.4138 -0.76383 0.020248 -0.56218 -0.46798 -0.35825 0.70443 -1.583
1.0611 -0.83216 0.11296 -1.6026 -0.96369 -0.98255 -0.75061 0.42238 0.18601 0.2778 -1.7263 -1.8305 0.79208 0.54784 -0.29231 0.87697 0.03009 -0.15891 1.157 -1.8821 0.74241 -1.1639 0.31077 -0.76718 -1.4381 -0.16538 -0.55667 0.93568 0.39231 0.48886 -0.19457 0.39998 0.53682 -0.65903 0.18315 -0.50215 0.0639 1.6303 -1.1127
1.3138 -0.83979 0.32623 -1.2411 -1.4956 -0.47727 -1.6381 0.34136 0.42751 0.027922 -0.95778 -2.3238 0.74752 0.34363 -0.10725 0.95455 -0.014778 -0.43595 0.97524 -1.5368 0.047791 -1.0877 -0.24253 -0.45547 -0.656 -0.30073 -0.85657 1.1603 -0.3237 -0.097054 0.59094 -1.0005 1.6272 -1.7114 0.67053 -0.34734 0.85271 2.0052 -0.52589
1.3936 -0.871 0.38973 -0.98376 -1.5847 0.24672 -1.6422 0.49441 0.5939 -0.081122 -1.1416 -2.4067 0.66266 -0.12176 0.57416 0.56758 -0.14091 0.17054 0.12796 -0.40477 -0.76866 -0.47796 -0.38188 -0.50693 -0.12806 -0.47491 -1.2381 1.5854 -0.65203 -0.00098403 1.365 -1.6444 1.6976 -2.0496 1.0475 -0.71562 0.97711 2.0037 -0.38747
1.0789 -0.70488 0.56429 -1.1806 -1.3866 -0.038429 -1.6645 0.27753 -0.0098441 -0.05513 -1.0802 -2.3575 0.65304 -0.76627 1.3591 0.20662 -0.22621 1.0563 -0.97989 0.54401 -1.8335 0.036713 -0.12223 0.68422 0.86626 -0.50828 -1.4198 1.4194 -0.79798 0.58921 1.7494 -1.39 1.241 -1.6207 0.99376 -0.94183 1.1874 1.4997 -0.46107
0.89996 -0.51724 0.81068 -1.5289 -1.1012 -0.48033 -1.2732 -0.33555 -0.21435 -0.27994 -1.2712 -1.8262 0.51631 -1.3168 1.7331 -0.072377 0.14557 1.82 -1.3224 0.50997 -2.2142 0.38153 -1.1682 0.72493 1.5897 -0.69083 -1.3213 0.6336 -0.58497 1.2931 1.1132 -0.20076 0.80546 -0.27299 0.86042 -0.85615 1.2297 0.93371 -0.58103
0.9279 0.38089 0.45582 -1.7065 -0.11736 -1.4703 -0.40799 -1.0659 0.44824 0.051549 -1.7691 -1.6477 0.26026 -1.8335 1.7828 -0.34457 1.0405 2.228 -1.2173 0.51628 -2.3116 0.48143 -1.7179 1.4355 1.3181 -0.94154 -0.99075 -0.34427 -0.1769 1.6847 0.0013552 1.2047 0.54805 1.3215 0.57222 -0.36837 0.79861 0.074537 -0.67216
0.055014 0.96791 0.32392 -1.5848 0.14584 -2.1835 -0.53679 -2.2824 0.51191 0.084648 0.19805 -0.81639 0.25706 -2.1702 1.4639 -0.34426 1.842 1.8094 -0.15049 1.2401 -1.0504 1.0286 -1.2823 1.7138 1.4055 -1.2019 -0.40992 -1.1342 0.29412 1.3075 -1.2089 1.9769 0.59762 2.6768 0.0056797 0.85057 0.54534 -0.34229 -0.53739
-0.19315 1.0561 0.26248 -0.3686 0.69798 -1.2233 -1.7095 -2.0903 1.1771 -2.4345 -0.20002 -0.57665 -0.08613 -2.2758 0.89291 -0.01788 2.3306 1.0772 1.0159 1.2902 0.094282 0.85875 -0.79368 1.8741 1.0882 -1.3444 0.55798 -1.4258 0.6261 0.36352 -2.0464 1.9682 0.48422 3.2716 -0.82899 1.5346 -0.98619 -0.08966 -0.23828
-0.88562 1.0436 0.042147 0.64532 1.2248 -1.0127 -0.75981 -2.2162 0.63335 -2.022 0.61558 -1.4068 -0.4413 -1.897 0.20214 0.35839 2.1459 0.0064179 1.7795 1.3344 1.6685 0.19168 0.064589 1.654 1.0439 -1.3622 1.3969 -1.206 0.41748 -0.83255 -2.1789 0.87388 0.14202 2.5082 -1.4361 1.8532 -1.913 0.3518 0.24568
-1.3908 0.97198 0.4307 0.73713 0.53945 -0.083969 1.0674 -0.37816 1.4885 -0.60739 0.5258 -0.30301 -0.74169 -0.88026 -0.069944 0.57101 1.6325 -0.92345 2.0176 1.4515 2.545 -0.79081 0.6636 -0.62692 1.3173 -1.2483 1.7562 -0.70962 0.0025375 -1.5463 -1.5322 -0.385 -0.49601 1.1549 -1.1483 1.4856 -2.2276 0.56528 0.6835
-1.4706 0.85802 0.89113 0.92482 0.33411 0.40048 0.56454 -0.62805 0.9751 -0.7126 0.76507 -0.44228 -0.98624 -0.13876 -0.15561 0.20541 0.52583 -1.5064 1.2292 1.4509 2.4895 -1.0662 1.6775 -1.0892 1.9467 -0.8508 1.486 -0.2633 -0.30208 -1.4567 -0.17013 -1.1635 -1.247 -0.66066 -0.77567 0.16829 -1.4599 -0.10023 1.0357
-1.1825 0.88799 0.77555 0.69507 -0.17359 0.26811 0.77325 0.8027 0.4553 0.1005 0.87889 0.010315 -1.1274 0.27625 -0.16503 0.061815 0.037897 -1.1977 0.50337 0.23508 1.8769 -0.84942 1.3575 -1.4734 1.6975 -0.48982 0.74429 -0.25054 -0.43334 -1.0801 0.95973 -1.4229 -1.2817 -1.6334 -0.035602 -1.0274 0.23016 -0.74025 1.2605
-0.72991 1.0006 0.89592 0.99198 -0.88451 0.70513 0.45734 0.66934 -0.916 -0.7284 -1.8371 0.99304 -1.0987 0.42798 -0.21013 -0.0011371 0.020852 -0.18153 0.098922 -0.57067 0.74495 -1.3618 0.056138 -1.0174 0.65216 -0.059092 -0.064057 -0.25064 -0.12719 -0.47351 1.5127 -1.1997 -1.0237 -1.8648 0.726 -1.3139 1.0179 -1.4268 1.0975
-0.62949 0.79931 0.013471 0.49917 -0.77306 0.1692 0.66646 0.88386 0.13831 -0.21047 -0.86746 1.4467 -1.0402 0.29029 -0.48028 -0.20586 -0.27883 0.33389 -0.40479 -0.12106 0.3108 -0.72777 -0.56454 -0.18133 0.549 0.40318 -0.52771 -0.15702 0.054349 -0.15413 1.3693 -0.94634 -0.32792 -1.57 1.2154 -0.7585 1.9876 -1.4508 0.74404
-1.1328 0.77886 0.45457 0.85496 0.030046 -0.19205 0.041814 0.49624 0.23653 0.40707 -0.53679 0.19867 -1.0804 -0.27133 -0.43576 0.079555 -0.25783 0.74631 -0.83113 -0.43337 -0.27363 0.32981 0.030116 0.41319 -0.19686 0.48544 -0.52685 -0.0016042 0.13696 -0.06157 0.64918 -0.46341 -0.26002 -0.96804 1.2325 -0.34135 1.956 -1.1462 0.34936
-1.0114 0.63129 0.98044 0.88706 0.5694 0.56341 0.23308 0.41969 -0.99589 -1.1404 -0.066448 0.039253 -0.81361 -0.4056 -0.327 0.12967 -0.12148 1.0719 -1.009 -0.49105 -0.59956 0.75237 -0.13361 2.0115 -0.64134 0.44648 0.22482 0.010585 -0.29199 -0.4524 -0.38384 -0.064366 -0.43535 -0.4199 0.84009 -0.059677 1.0012 -0.57319 0.21417
-0.91696 0.13695 0.4797 0.25932 0.22819 -0.3634 0.80287 0.33438 -0.094701 -1.3839 0.58159 0.85399 -0.48082 -0.2539 -0.291 0.10671 -0.1701 0.75221 -0.5528 -0.90605 -0.64162 0.38016 -0.83407 2.0194 -0.93808 0.48678 1.0088 -0.18344 -0.98967 -1.1669 -1.2571 0.067721 -0.15852 -0.03359 0.51122 0.084886 -0.27149 -0.37887 0.47591
-1.4396 0.64316 0.90355 0.51455 0.18505 -0.93576 -0.23844 0.58486 1.0169 0.9057 -0.19906 0.19443 -0.74712 0.72049 -0.53567 -0.81311 -1.2222 -0.41875 -0.65202 -0.75911 -0.30518 0.93488 -0.24719 1.1284 -0.17908 0.75045 1.1498 -0.28175 -1.1292 -1.6922 -1.6075 0.2272 0.32217 -0.18422 0.20086 0.53285 -1.1565 -0.63754 0.71172
-1.0202 0.66074 0.57145 0.92328 0.63261 -0.66926 -0.24178 -0.36769 0.29232 -1.1417 1.3232 0.38041 -0.69583 1.1364 -0.65222 -1.4566 -2.0461 -0.99297 -0.83774 -0.61475 -0.48658 1.2607 0.25958 0.27469 -1.1581 1.1065 0.88903 -0.14369 -0.5674 -1.6052 -1.2431 0.2915 0.80774 -0.28498 -0.1501 0.76686 -0.87536 -0.41101 0.60555
-1.0387 0.28851 0.19062 0.22001 0.51349 -0.19798 -0.92034 0.024819 0.27474 -1.5142 1.9311 -0.52355 -0.44861 1.1455 -0.63832 -1.3789 -2.5801 -1.2363 -0.35664 0.018472 -1.0291 0.70601 0.38286 0.4312 -1.7521 1.2927 0.20658 0.58514 0.59002 -0.54089 -0.60839 0.23274 0.45827 -0.44352 -0.82528 0.95001 -0.79814 -0.068243 -0.17898
0.25163 -0.24469 -0.73696 -1.4604 -0.9311 -0.98136 -0.46093 0.33042 1.3555 0.084222 0.10758 0.38805 0.089451 1.2703 -0.49125 -0.76219 -2.7127 -1.2958 -0.054309 0.34078 -0.8232 0.17808 0.37945 0.51021 -0.94268 1.1993 -0.34448 1.2602 1.4296 1.3913 0.21516 0.38217 0.16455 -0.027117 -1.3089 0.928 -0.80674 1.1753 -1.382
0.17971 -0.30786 -0.99945 -2.1151 -0.81942 -1.0696 -0.009379 -0.44059 1.1142 -0.79969 0.065691 -1.6296 0.68478 1.0568 0.40109 0.03345 -1.9667 -1.4631 -0.5221 -0.30688 -0.98173 -0.20704 1.5855 -0.68374 -0.42776 0.41345 -1.0965 1.509 1.6782 3.3973 1.0776 0.65403 -0.37264 0.6589 -1.4405 0.45805 -0.61204 1.8105 -2.377
-0.29965 -0.21109 -0.68215 -2.5468 -1.1368 -0.93246 0.76025 -1.4203 1.0651 0.1015 1.6476 -1.2889 0.61368 0.50726 1.0206 0.7325 0.46126 -0.43914 0.08335 -0.11515 -0.56373 -0.94501 1.5071 -0.88044 0.39745 -0.69848 -1.5686 1.1714 1.5176 4.0802 1.5617 1.1115 -0.19361 1.469 -1.3263 -0.20844 -0.513 1.8974 -2.6135
0.026459 0.43499 0.5546 -2.0222 -0.87012 -0.58057 -0.48627 -0.32512 0.61085 0.58911 1.2008 -0.13017 0.146 -0.61593 1.2314 1.2728 2.6877 0.48926 0.98909 -0.50133 0.091532 -1.661 0.73359 -0.1741 1.0004 -1.6191 -1.1468 -0.42764 0.76573 2.8318 1.1903 1.2854 0.027616 2.0194 -0.7766 -1.1365 -0.31088 1.0926 -1.2655
0.40961 1.3577 0.38729 -1.3018 -1.4018 -1.5494 -1.5945 -1.6555 -0.31415 0.59062 -0.082285 -0.14283 -0.52788 -0.95857 1.1315 1.6917 3.1904 0.84377 1.5742 0.051742 1.4302 -1.7923 0.39491 -0.83569 1.9305 -2.0292 -0.33949 -2.0416 -0.3398 0.11577 0.070799 0.5694 0.12317 1.4025 -0.18758 -1.3823 -0.034572 -0.31734 0.82984
-0.15683 1.0239 0.45671 1.0344 -0.061659 0.20351 -0.25339 0.096267 -0.58719 0.67026 -0.09066 0.091081 -1.1061 -0.45156 -0.40027 1.1037 2.3845 0.27326 1.4853 -0.32991 1.8575 -1.3681 -0.11395 -1.3695 0.86653 -0.97648 0.20432 -2.6021 -0.74161 -2.1789 -0.49554 -0.33738 -0.049193 0.4297 0.95244 -1.1383 0.7369 -1.2065 2.3368
-0.90924 0.81954 0.59548 1.5913 -0.3321 0.51318 -0.58396 0.23309 -0.80739 0.39337 0.42254 0.77419 -1.2306 -0.23866 -1.7192 0.12649 0.8578 -0.17753 1.0705 0.052486 1.2169 -1.4839 -0.81342 -0.36146 -0.14905 0.32811 0.19607 -1.7973 -0.84248 -3.2076 -0.41573 -1.1926 -0.84359 -1.0819 1.9356 -0.9926 1.6476 -1.5348 2.5716
-1.1376 1.083 1.7141 0.71582 0.12427 1.1039 0.91707 1.3512 -1.2909 -0.24027 -0.36812 0.6179 -1.2959 -0.57703 -1.8747 0.55059 -0.52304 0.028304 0.55424 -0.59637 1.0129 0.10003 -0.92153 1.1425 -0.25982 0.99777 -0.16202 0.23734 -0.40594 -2.5282 0.38741 -1.3441 -0.73293 -1.7994 2.1471 -0.72363 1.6297 -0.67603 1.3256
0.072325 -1.269 0.78267 -0.39871 -1.5875 0.4639 -1.2175 0.77765 -0.59919 0.49289 -0.21685 -0.43436 0.06357 -0.5131 -1.2616 0.25899 -1.805 0.15321 -0.45962 -1.5137 -0.20571 1.3791 -1.1708 1.3891 -0.42889 1.1606 -0.36372 1.7601 -0.26997 -0.84777 0.71681 -0.94915 -0.35199 -1.4459 1.9239 -0.082879 0.6038 0.15232 -0.21034
0.12973 -1.2904 0.14255 -0.74505 -1.1726 0.090139 -1.0182 0.2145 -2.3221 -0.65552 0.64465 -0.39758 0.40151 -0.63131 -0.21728 0.21285 -1.3647 0.89055 -0.57016 -1.0221 -0.85295 1.534 -1.37 1.1981 -0.28729 0.76034 -0.44566 2.4886 -0.41878 0.77776 0.87236 -0.27697 0.86912 -0.64685 0.59732 0.2189 -0.61887 0.59858 -1.3927
-1.1852 -0.17271 1.6888 -0.54165 -0.18094 -0.25681 -2.1465 0.22963 0.9861 -0.38621 1.8918 0.087486 -0.18068 -0.92259 0.51478 -0.25369 -0.41722 0.82847 -0.3507 -0.44074 -0.60017 1.6807 -0.75004 0.88279 0.14206 0.10528 -0.2884 2.0115 -0.1678 1.6034 0.50585 0.46374 1.5787 0.41999 -0.3086 0.78315 -1.183 0.52141 -1.6562
-1.3532 -0.060472 0.79845 -0.80351 0.59012 0.070491 -1.7945 0.026298 1.6574 -0.99314 1.3336 0.065247 -0.29704 -1.2435 1.5681 -0.043691 0.36142 1.4368 -0.058895 0.6267 -0.021149 1.1456 -0.69282 0.080561 0.57851 -0.73657 0.3577 0.75581 -0.25958 1.2091 0.0073799 0.55954 1.264 0.67966 -1.4171 1.1283 -1.192 0.09792 -1.0299
-1.5237 0.77902 1.3545 -0.18236 0.73495 0.21988 -0.64679 -0.53121 0.14427 -1.5279 0.94686 0.41774 -0.45585 -0.77092 1.3461 0.045262 0.57323 0.89804 0.296 0.85418 0.17469 0.93594 0.051488 -0.5609 0.11563 -0.78081 0.8429 -0.29019 0.18453 0.69937 -0.30113 0.36889 0.23493 0.1011 -1.9974 1.0991 -0.58481 -0.18811 -0.23753
-1.2973 0.34201 0.59258 -0.27899 -0.29363 0.52357 -0.14615 0.99484 0.66341 -0.26824 0.36137 0.16695 -0.52857 -0.0085931 0.6814 -0.46463 0.58726 0.88337 0.32078 0.88745 0.049456 -0.97472 0.47638 -0.60779 -0.099878 -0.46926 0.76368 -1.1135 0.14774 0.20502 -0.51191 0.26995 -0.57099 -0.29121 -1.2092 1.1556 0.49207 -0.10601 0.33477
-1.1771 0.47753 0.51009 -0.08514 0.49846 -0.10465 -0.96566 0.45314 0.26122 -0.75905 0.4273 0.18649 -0.54139 0.10657 0.45152 0.32881 0.8903 0.51986 0.26968 -0.092093 -0.44524 -1.3149 0.85448 -0.016045 0.11294 -0.41408 0.13809 -0.783 0.31267 -0.0038854 -0.17096 -0.074737 -0.69628 -0.55037 -0.22766 0.33144 0.66118 0.34806 0.25613
-1.3308 0.84762 1.0984 -0.041113 0.53108 0.48175 -0.53709 0.10203 0.58989 -0.54805 0.8103 -0.27672 -0.67666 -0.19041 0.07543 0.11201 0.62759 0.6218 0.55477 -0.048433 -0.26657 -0.1893 1.2071 0.84376 0.36725 -0.37611 -0.26367 -0.41572 0.37669 -0.20254 -0.36565 -0.18829 -0.30669 -0.17519 1.0088 -0.10608 0.39432 0.54411 0.10406
-1.3371 0.69173 0.80909 0.12989 1.7689 0.27466 -0.98976 -0.056437 -0.55099 0.003255 1.1859 0.20056 -0.73796 -0.41057 0.28455 0.38866 0.55698 0.70211 0.048956 -0.079129 -0.71523 0.069707 0.34901 0.10678 0.53069 -0.41128 -0.17162 -0.33181 -0.15342 -0.4617 -0.45647 -0.45626 0.26452 0.47211 0.95599 -0.5392 -0.14983 0.18783 0.22394
-1.2741 0.73636 1.6857 0.74943 0.70514 0.63527 -1.6341 -0.95414 -0.83132 -0.22895 0.9729 0.57353 -0.79984 -0.2656 0.039718 0.2669 0.3577 0.07872 0.060407 0.26638 -0.15043 0.36234 0.52211 0.1596 0.71172 -0.30155 0.034676 -0.13244 -0.065245 -0.43013 -0.93376 -0.62351 0.35294 0.77855 0.21345 -0.81154 -0.25927 -0.50449 0.35206
-1.8448 0.5958 0.76652 0.35615 0.93584 1.2207 0.24766 0.35714 0.9723 0.58212 1.9437 0.84469 -0.88185 -0.19155 -0.1097 -0.061495 0.10702 -0.10257 -0.42184 0.28927 0.39206 0.33167 0.12885 0.0034371 0.28543 -0.087545 0.78301 -0.30055 -0.78004 -0.73937 -0.89202 -0.54943 0.19117 1.1939 -0.12922 -0.50136 0.10026 -1.0539 0.63929
-1.6387 0.87175 1.0429 0.31274 0.8132 -0.29945 -0.76031 -0.12588 0.80778 -0.57863 -0.51134 0.46045 -0.99577 -0.23255 0.040555 0.20292 -0.0020821 -0.81812 -0.50302 0.48468 0.65757 0.099085 -0.29243 0.34125 -0.47851 0.033935 1.8492 -0.48906 -1.5044 -0.95762 -0.74052 -0.70967 -0.24997 0.75603 -0.50674 -0.71785 -0.38343 -1.3683 1.1076
-1.3011 0.57271 1.1246 0.33987 0.75415 0.2372 -0.66402 0.13386 0.41256 0.10148 1.3532 0.84277 -0.81977 1.1025 -0.24053 -1.1621 -0.74065 -0.60881 -0.80549 0.20238 1.148 -0.072925 -0.2366 0.22252 -0.88464 0.45942 2.2208 -0.88563 -2.1783 -1.2066 -0.50984 -0.2404 0.0082905 0.45671 -0.28145 -0.42569 -0.30689 -1.0902 1.5558
-1.5943 0.66072 0.98125 0.18115 0.96238 -0.084514 -0.43142 0.52161 0.13639 -0.24314 1.1805 -0.12119 -0.71333 2.7003 -0.74771 -2.2336 -1.1356 -1.1265 -1.2236 -0.19024 0.90659 -0.47379 -0.71846 -0.76684 -1.31 1.224 1.6265 -1.1114 -2.1473 -1.2054 0.06825 0.24298 0.47612 0.087509 -0.037864 -0.48712 -0.57498 -0.21191 1.6894
-1.742 0.83082 1.5893 0.50469 -0.032309 0.0045854 -0.45717 0.42241 -0.79864 -0.408 1.9028 -0.25282 -0.75568 2.6809 -1.2588 -3.2597 -1.7449 -0.94839 -0.54273 0.64813 1.1337 0.035705 -0.50057 -0.097445 -1.3782 1.8445 0.1071 -0.85575 -0.82649 -0.5641 0.75138 0.96692 1.0055 -0.53039 -0.013368 -0.69175 -0.39751 0.3131 1.2803
0.68355 0.16591 -1.2571 -0.84626 0.043831 -0.3552 -0.8449 1.2197 0.39625 -0.151 0.85868 -0.19593 -0.15683 2.1559 -1.3865 -3.1019 -1.9161 -0.49978 -0.091039 1.2278 0.82914 -0.044562 -1.125 -0.72097 -0.6452 2.0855 -1.423 -0.23874 0.56957 0.20633 1.8795 1.4147 1.1703 -0.87697 -0.19006 -0.52138 0.080023 0.30103 0.43251
1.7608 -0.52344 -2.503 -1.2854 -0.61766 -1.2951 -0.1726 1.2828 0.56987 -0.95827 -0.69702 -0.86228 0.72551 1.5836 -1.4123 -2.4048 -1.4749 0.58363 0.70598 1.5282 0.17673 -0.32729 -1.4047 -0.64711 -0.63474 2.1082 -2.3374 0.52931 2.1527 1.303 2.2285 1.258 0.61485 -1.4754 -0.93701 -0.24517 0.53268 -0.041318 -0.56034
0.53154 -0.76382 -2.5789 -1.8835 0.07402 -0.35102 0.42868 1.2781 0.68431 -0.89622 0.74922 -1.0182 1.0858 0.46809 -1.088 -1.5087 -0.84324 1.8547 1.1789 1.7374 -0.28361 -0.6897 -1.2991 -0.32826 -1.1223 1.7947 -2.3247 0.96697 2.7011 1.9201 1.9364 1.0175 -0.20155 -1.4886 -1.0705 0.51393 1.3965 -0.39725 -1.3392
0.11033 -0.81426 -1.5954 -1.6642 0.51017 0.65813 1.2818 1.0965 -0.52181 -1.5104 1.0544 0.4075 1.2152 -1.0427 -0.48803 0.30434 0.35507 2.3149 1.5171 1.6395 -1.1159 -1.5511 -0.89707 0.82776 -1.2295 1.0798 -1.3558 0.99374 2.2316 1.8982 0.84555 0.11281 -1.1456 -1.0822 -0.68719 1.0418 1.2057 -0.26039 -1.6401
0.15538 -0.77258 -1.4596 -1.0897 1.8019 1.006 1.2389 0.41644 -0.89444 -2.0448 0.47647 -1.5037 1.3273 -1.0738 -0.16673 1.0156 1.0482 2.4947 1.6883 0.76989 -1.3556 -1.6122 -0.35316 1.4911 -1.1128 0.42454 -0.064547 0.60665 1.08 1.3245 -0.40695 -0.77522 -1.9199 -0.73645 0.19793 1.2798 0.62089 0.22224 -1.3817
0.023573 -0.63449 -1.7152 -0.95991 2.2619 0.99264 1.3688 0.40284 -1.1415 -1.537 0.9015 -1.9544 1.3 -0.29506 -0.14439 0.85371 1.4146 1.9565 0.7187 -0.29644 -1.3459 -1.2697 0.19739 0.98894 -1.1449 0.12941 0.77621 0.13034 -0.095257 0.44851 -1.343 -1.1921 -2.0621 -0.33971 1.1439 1.137 -0.2325 1.1053 -0.80957
0.026155 -0.73884 -1.514 -0.59694 2.3429 0.94271 1.3487 -0.29703 -1.4457 -1.1614 1.5095 -1.6615 1.3101 -0.032222 -0.20515 0.40331 1.3066 1.2383 -0.03669 -1.1666 -1.5702 -0.44244 0.70205 0.89937 -0.75463 0.025838 0.78956 -0.054325 -0.41633 -0.17427 -1.7879 -1.2194 -1.6683 -0.32281 1.7092 0.46156 -0.64706 1.5071 -0.38188
0.12787 -0.93577 -1.0493 -0.2102 2.4528 1.3754 0.8233 -0.33713 -1.4504 -1.4739 1.7912 -1.7781 1.3066 -0.047169 -0.24334 0.41552 1.141 0.28776 -0.11873 -1.5513 -1.6562 0.1668 0.83982 0.62607 0.67622 -0.035613 0.46546 -0.029644 -0.36963 -0.62509 -1.6597 -0.80415 -1.0759 -0.075864 1.6263 -0.12392 -0.69339 1.401 -0.24369
0.0097305 -0.98491 -1.1386 -0.089845 2.6515 0.74686 0.063748 -0.40888 -1.3877 -0.82538 1.8597 -1.702 1.2619 0.34463 -0.21326 0.38906 0.84569 -0.21014 -0.44916 -1.9667 -1.8159 1.1167 0.24719 0.29778 0.82364 -0.1131 0.17121 0.079114 -0.14236 -0.77308 -1.1595 -0.64905 -0.52904 0.1467 1.1006 -0.60926 -0.53179 0.76462 -0.16176
0.10734 -0.98528 -1.1839 0.12266 2.4464 0.63043 -0.24119 -1.4651 -1.0999 -0.95474 1.6036 -0.96511 1.3027 0.42563 -0.19337 0.10981 0.39773 -0.60387 -0.75111 -2.0642 -1.3692 1.23 0.18236 -0.18302 0.71174 -0.19683 -0.11519 0.1045 -0.087197 -0.66632 -0.48059 -0.5037 0.1561 0.38642 0.61291 -0.79582 -0.11926 -0.1766 -0.10675
0.011946 -0.94649 -1.066 0.37963 2.1748 1.0631 -0.56744 -1.8426 -0.57799 -0.88235 1.1163 -0.85532 1.2778 0.065545 -0.093837 0.26571 0.1328 -0.60658 -1.0678 -1.9737 -1.4368 1.2411 -0.17663 0.17309 0.66632 -0.15619 -0.38648 0.14213 -0.054089 -0.36138 -0.020421 -0.2303 0.94099 0.76673 -0.00051467 -0.40299 -0.045681 -0.48401 -0.095249
0.67408 -0.90886 -1.1512 0.026017 1.9443 0.19901 -1.1921 -2.0728 0.66805 -1.4078 1.7982 -1.1861 1.1206 -0.13308 -0.12257 0.29854 0.16707 -0.45592 -0.84865 -1.2279 -1.1132 1.3325 -0.52658 0.4305 0.40839 -0.18735 -0.27773 0.2478 0.12249 -0.16251 -0.14108 0.034829 1.1801 1.0845 -0.20181 -0.042572 -0.16943 -0.34862 -0.21414
0.44582 -1.1589 -1.2344 -0.09159 1.594 0.0091745 -1.4983 -1.5921 -0.36746 -0.82659 1.3689 -0.97588 1.0769 -0.13156 -0.0026658 0.18314 0.24486 -0.31174 -0.86015 -0.48015 -0.48859 1.0517 -0.19564 -0.11121 0.045762 -0.27245 -0.30637 0.53591 0.22438 -0.037332 -0.58691 0.38121 1.1112 1.1507 -0.61976 0.64651 -0.50416 -0.019962 -0.59277
-0.23561 -1.0345 -0.43554 0.093305 2.0728 -0.28388 -2.0265 -2.42 0.065589 -1.6736 2.3777 -0.91301 1.2114 -0.018879 0.19099 0.39739 0.026113 -1.0186 -0.75276 -0.42361 0.21591 0.90355 0.11113 -0.40495 0.34928 -0.48642 -0.30647 0.88998 0.45077 -0.032647 -0.90321 0.66761 0.87627 0.88327 -0.77414 0.82539 -0.45734 0.6209 -0.97476
-0.1588 -1.1283 -0.95216 0.42796 2.1536 -0.11488 -1.0547 -2.2406 0.75662 -1.4097 2.0953 -0.91502 1.0548 -0.59057 0.68091 0.66907 0.13983 -1.4783 -0.27942 -0.1276 0.083625 0.18842 0.79379 -0.48153 0.64649 -0.96935 -0.32281 0.89291 0.082906 -0.17951 -0.81623 1.2277 0.85664 0.79096 -0.90283 0.71528 -0.1491 0.92806 -1.143
0.27469 -0.82814 -1.1096 0.57044 1.7756 -0.27067 -0.66369 -2.138 0.56962 -0.90374 0.51692 -0.9294 0.93411 -0.50279 1.0836 0.96715 0.16557 -1.6542 0.30434 0.3698 0.27748 0.18447 0.6236 -0.35763 1.2742 -1.422 -0.45578 0.6955 -0.21427 -0.24492 -0.073779 1.2394 0.91037 0.95315 -0.83979 0.27282 0.49874 1.1024 -0.92499
0.4392 -0.6271 -0.35258 -0.10754 -0.0045941 -0.1984 -1.9726 -1.1358 1.1373 -0.80527 0.90362 -0.3785 0.53995 -0.52073 1.1041 0.064339 -0.17469 -1.6027 1.2419 0.85752 0.98199 -0.42895 0.97412 -0.45593 1.332 -1.661 -0.421 0.26911 -0.42154 -0.33469 0.67455 0.61654 0.52503 1.0821 -0.34769 -0.097643 0.8729 0.62907 -0.37221
-0.59332 0.036179 -0.11297 0.1623 0.052241 -0.26293 -1.6044 -2.3057 -0.090881 -0.10714 1.7517 -0.34142 -0.16184 -0.94476 1.1888 0.26359 -0.29821 -1.0901 1.1418 0.92669 1.5764 -0.50036 0.56729 0.632 2.0859 -1.6429 -0.41112 -0.025817 -0.3146 0.088543 1.252 -0.25995 0.21129 0.7941 0.039179 -0.26067 0.42933 -0.38086 0.25042
-0.45381 0.13815 0.37332 0.37896 0.23962 0.68509 -0.68802 -1.4582 0.013342 -0.83814 1.4528 0.90385 -0.37803 -1.1926 1.0954 0.16463 -0.29069 -0.40723 0.63698 0.65874 1.4888 -0.18565 0.63173 0.86512 1.4223 -1.4634 0.085528 -0.1926 0.10849 0.45808 1.4611 -1.0487 -0.087436 0.44331 0.71437 -0.49056 -0.19449 -0.9507 0.71745
-0.72169 0.052253 -1.5103 -0.10528 0.60889 1.8626 -0.13238 -0.80621 -0.19816 -0.39137 1.4683 0.22888 -0.43739 -0.97056 1.0416 0.27751 0.41366 0.24855 0.084162 0.90048 1.5314 0.12944 0.28045 -0.11527 0.49514 -1.114 0.55881 -0.24152 0.41383 0.56323 0.88642 -1.3723 -0.07278 -0.2098 0.48819 -0.038274 -0.97251 -1.6752 0.8164
-0.95604 0.41909 -0.37064 0.092922 0.59678 0.63509 0.13525 0.32497 0.50272 -0.61767 2.5144 1.8796 -0.66181 -0.3411 0.84097 0.27529 0.4038 0.64392 -0.42363 0.69873 1.8451 0.68948 0.14614 -0.4994 0.31269 -0.76006 0.71593 -0.22159 1.0182 0.55888 0.14091 -1.0973 -0.043283 -0.39315 0.044268 -0.095408 -1.2203 -1.2808 0.69497
-0.97153 0.67064 -0.28165 -0.081783 0.34936 -0.15597 -1.1582 -0.45225 0.59749 0.31624 1.2373 0.098355 -0.78889 -0.279 0.89409 1.045 0.50075 0.15844 -1.2082 0.76439 0.99756 0.037573 0.7379 -0.74912 -0.54825 -0.66844 0.51942 -0.3602 0.80501 0.33402 -0.27914 -0.19748 -0.12295 -0.79406 -0.73515 -0.079454 -0.78284 -0.81135 0.51376
-0.94831 0.9497 0.59324 1.0029 0.1959 -0.065464 -0.62796 0.28426 0.79465 -0.60678 0.64369 -0.049321 -0.9389 -0.13985 0.7819 1.8424 0.80321 -0.069274 -1.0142 0.64404 1.0066 -0.0628 0.21722 -1.4057 -0.4969 -0.5573 0.25012 -0.48466 0.20554 0.20308 -0.39654 0.60703 0.27383 -0.77905 -0.82594 -0.097916 -0.66791 -0.10252 0.44094
-0.81902 0.97916 -0.088353 0.57044 1.5039 0.0036065 0.18409 0.33322 0.66487 -0.20915 1.3556 0.93572 -1.0295 -0.056645 0.44258 1.1234 0.89849 0.063488 -0.010732 0.68423 0.43955 -0.9952 0.090849 -1.3241 -0.65047 -0.38085 0.070744 -0.64369 -0.73375 -0.32574 -0.35713 0.8975 0.33381 -0.29068 -0.15982 -0.14495 -0.22767 0.40445 0.47443
-0.91488 1.1403 1.2889 0.65805 0.10769 -0.43947 0.98192 -0.09157 -0.58708 0.49743 0.64263 0.024874 -1.0859 0.036064 0.22155 0.65066 0.62574 -0.083516 0.2926 1.2964 0.64154 -0.47868 0.2789 -1.6307 0.15782 -0.18758 0.0043224 -0.53907 -1.3603 -0.51656 -0.42669 0.34862 0.083116 -0.25039 0.64244 0.22261 0.20682 0.22841 0.42422
-1.0651 1.04 1.1656 0.96043 0.40987 0.34635 0.22581 1.3416 0.35189 -0.53069 -0.13732 0.23388 -1.0707 -0.2291 0.05223 0.1519 -0.05489 -0.53104 0.068978 1.1169 0.62573 -0.090684 0.42278 -1.1239 -0.12002 -0.082626 0.048364 -0.3994 -1.3794 -0.53027 -0.14465 -0.1344 -0.44111 -0.17976 1.1234 0.3963 0.66822 0.2983 0.3197
-1.0155 0.99853 0.78095 1.3704 0.72041 0.40796 0.13165 0.17804 -1.1289 -0.24258 0.77926 0.51804 -1.1057 -0.045552 0.03717 -0.43044 0.25117 -0.60682 -0.28684 0.60019 0.43573 0.77268 0.49776 -1.0738 -0.34042 -0.017293 0.016544 -0.29174 -1.1876 -0.30887 0.093799 -0.044034 -0.60127 -0.54215 0.67073 0.44579 1.3218 0.010782 0.15168
-0.7833 1.0626 0.53826 0.83514 0.19465 0.050899 1.0816 0.63651 0.89264 0.73179 -1.6168 0.25564 -0.99924 0.078282 -0.16199 -1.1335 0.029425 0.050694 0.022477 0.14631 0.19889 0.64047 0.77322 -0.19426 0.1529 0.053367 0.16463 -0.12987 -0.58776 -0.15415 0.2572 0.23987 -0.60103 -0.46932 0.1221 0.37885 1.2806 0.29111 0.04537
-1.3694 1.0457 0.66842 0.46997 -0.23156 -0.22461 1.4348 1.3126 0.60653 -0.15114 0.32578 0.0091129 -1.1002 -0.085685 -0.18066 -1.1154 -0.026823 -0.17507 0.25087 0.57226 -0.17737 0.50074 0.99389 0.69578 0.030286 -0.0091292 -0.11525 -0.048624 0.33706 -0.21651 0.24648 0.34178 -0.36672 -0.30193 -0.59355 0.016262 1.1924 0.18319 -0.034927
-0.70001 1.1088 -0.35559 1.2531 0.5489 -0.65306 0.87353 0.54773 1.4183 0.78724 -0.094307 0.28629 -1.0747 0.11225 -0.066378 -0.69871 -0.21465 -0.22297 0.33688 -0.078066 0.038374 0.27974 0.93183 0.69538 0.23524 -0.012924 -0.31066 0.080291 1.1488 -0.10432 0.13439 0.18263 -0.19536 -0.25216 -0.30779 -0.46012 -0.16982 -0.39915 -0.017379
-0.90048 0.75244 -0.014661 0.81893 0.44041 0.49231 0.42516 0.47044 -0.44513 1.119 0.35914 0.45172 -0.98969 -0.28812 -0.096718 0.033298 -0.051149 0.032673 0.30871 -0.023428 -0.059765 -0.26111 0.45469 0.99894 -0.045661 -0.040784 -0.31851 0.068991 1.4089 -0.19208 0.16855 -0.024165 0.0066912 -0.064995 -0.091409 -0.89657 -0.81886 -0.44394 0.068447
-1.334 0.82489 -0.32339 1.128 0.11922 1.0716 1.3166 0.78553 0.83719 0.51103 0.99848 0.32518 -1.1393 -0.42789 -0.065616 0.61842 -0.15679 0.22677 0.40898 0.054345 -0.34108 0.38568 0.13194 -0.71075 -0.57772 0.041059 -0.30192 0.03242 1.1307 -0.10179 0.18284 -0.63932 0.11908 -0.18453 0.53517 -0.77452 -0.74795 -0.33571 0.094887
-0.60177 1.1208 0.13399 0.60872 0.088343 0.2207 0.14285 0.42834 -0.12321 1.3262 0.38704 0.77397 -1.0723 -0.43836 -0.062372 1.0795 -0.4309 -0.052118 0.19196 0.52423 -0.11309 0.25005 -0.38478 -0.3394 -0.41678 0.075144 0.20114 0.025727 0.62221 -0.22945 0.13967 -0.94868 -0.59774 -0.35565 0.64782 -0.42945 -0.66017 0.44769 0.12433
-1.624 0.91224 0.96026 0.67313 0.19539 -0.1494 1.743 1.0066 0.97176 0.73848 -0.056077 -0.35539 -1.0692 -0.40296 -0.028544 1.0677 -0.21806 0.19564 -0.93143 -0.1068 -0.2876 1.0948 -0.18439 -0.22365 -0.22747 0.08332 0.32959 -0.102 -0.0071079 -0.11881 0.011538 -0.62935 -0.91281 -0.29892 0.34302 -0.28244 0.21206 1.2921 0.051253
-1.6527 0.92152 1.0375 0.59647 0.594 0.41769 1.0627 0.28116 1.6539 0.07228 -1.1417 -0.77769 -1.0029 0.092045 -0.0719 1.0677 -0.47093 0.33867 -1.0035 -1.1451 -0.76436 0.68298 -0.23706 -0.64708 0.61682 0.14012 0.47629 -0.18877 -0.51912 0.1537 -0.20404 0.45656 -1.2175 -0.3044 0.24312 0.28539 0.18942 1.1529 0.016337
-0.92108 0.84102 0.77181 0.6546 0.31638 0.22354 1.4211 0.34644 0.52531 0.64531 0.56325 0.53381 -0.95496 -0.049474 -0.23986 0.60798 -0.36434 0.067242 -0.29888 -0.94943 -0.58547 0.85088 -0.49954 -0.11376 1.3446 0.091911 0.37033 -0.25133 -0.62356 0.12374 -0.5558 1.4381 -0.62154 0.11953 -0.11321 0.16027 0.43128 0.52439 0.018719
-1.579 0.75016 1.1863 0.68141 0.54852 -1.0089 -0.18103 0.18659 1.6259 1.0806 0.69446 0.39351 -0.98678 0.31517 -0.28677 0.25538 -0.036439 -0.38037 0.87172 -1.508 -0.54461 0.85143 0.3441 0.00088337 0.97234 0.097476 0.0011458 -0.14759 -0.61367 0.19495 -0.55903 1.4154 -0.20295 0.60791 0.11969 0.13084 0.26016 -0.6784 0.02796
-0.75154 0.9506 1.27 0.10433 0.47627 -0.38912 -0.80267 -0.47474 1.3471 0.23458 -0.71899 1.4631 -0.98393 0.20871 -0.36009 0.20827 -0.17433 -0.53616 1.2075 -1.1757 -0.17222 0.7687 -0.15241 0.35938 0.57786 0.13514 0.12373 0.0033794 -0.57241 0.011412 -0.21962 0.83881 0.20764 0.92726 -0.34221 0.084397 0.068639 -1.1948 0.081837
-1.3053 0.66955 1.152 0.19917 0.058584 0.21821 0.22908 0.18709 1.5416 0.33467 -0.029025 1.7458 -0.97026 -0.03519 -0.27016 0.021926 -0.16152 -0.45737 1.2716 -1.4371 0.18249 0.95367 -0.14658 -0.33872 -0.29806 0.16401 0.043218 0.13935 -0.4502 -0.1157 -0.10681 -0.096454 0.9092 0.78742 -1.0429 0.048318 0.42707 -0.70634 -0.0042
-1.3326 0.46659 1.2571 1.0407 -0.28514 2.0725 -0.17582 0.16976 2.6796 1.3808 -0.38849 -0.48589 -0.90707 0.3671 -0.24372 -0.43727 -0.26707 -0.31766 1.3074 -0.56096 0.81141 0.094369 -0.082501 0.19571 -0.29797 0.19166 0.33324 0.35348 -0.22608 0.038715 -0.1899 -0.75271 0.87333 0.29713 -1.4222 0.40008 0.26829 0.15496 -0.22035
-1.0877 0.47352 1.1665 0.13325 0.051678 1.3843 -0.51692 0.018991 1.9662 -0.47291 0.42854 0.5574 -0.79878 0.32005 -0.1038 -0.33615 -0.21138 -0.6889 0.64567 0.02508 0.45823 -0.93517 0.40911 0.98082 0.059016 0.062486 0.45797 0.49365 0.051878 0.23678 -0.056861 -1.0419 1.0898 -0.1879 -1.7881 0.23566 0.10956 1.161 -0.41106
-1.1258 0.64309 0.84207 0.36792 -0.042152 0.55386 -1.6286 0.61933 1.9917 1.007 -0.062787 0.50266 -0.81272 0.68186 0.17068 -0.072809 -0.059678 -0.78476 -0.046588 -0.13872 0.25272 -1.1783 0.36906 0.26173 0.6817 -0.1719 0.25391 0.50557 0.18192 0.53118 0.18961 -0.69639 0.73165 -0.6638 -1.0351 0.13927 -0.84303 0.77662 -0.47513
-0.72614 0.52997 0.56252 -0.031151 0.24206 0.79732 -0.5794 1.2293 1.2549 0.66991 0.47365 0.85855 -0.81547 0.70191 0.38061 -0.057108 0.22345 -0.32385 -0.23132 0.55692 0.10279 -2.0421 0.10008 -0.14549 1.4026 -0.32176 0.096637 0.27625 -0.076369 0.54464 0.68028 0.24696 0.79669 -0.37647 -0.11888 -0.363 -1.4867 -0.19514 -0.30789
-0.61804 0.77557 1.1078 0.038782 -1.1498 1.1286 0.2717 -0.35588 -0.3531 0.94489 0.76715 1.8374 -1.0069 0.67191 0.39279 -0.21007 0.59717 -0.11051 0.29826 0.65511 -0.2744 -1.4601 0.35282 -1.0305 0.49169 -0.38784 -0.28841 -0.057366 -0.38487 0.35623 0.87456 0.61396 0.59344 -0.15312 0.34611 -0.45337 -0.85161 -1.0819 -0.066485
-0.64203 0.78732 1.3082 0.79304 -1.0496 0.94894 -0.34636 0.65972 1.1318 0.97418 -0.31407 1.4015 -1.2055 0.51346 0.26464 -0.42423 0.56897 0.33852 1.025 1.2415 0.0043644 -1.0476 -0.30056 -1.5244 -0.22762 -0.32953 -0.36672 -0.32124 -0.38168 0.10745 0.99153 0.16559 -0.32227 0.22037 0.72348 -0.58781 -0.20342 -1.1458 0.16713
-0.50153 0.97786 0.96208 1.1686 0.1511 1.6789 0.26144 0.27386 -0.59856 0.63362 -0.4791 1.1922 -1.1464 0.21216 0.12736 -0.67115 0.49684 0.6346 0.65488 0.72193 0.0090053 -0.98767 -0.32808 -0.85636 -0.56681 -0.27591 -0.30305 -0.37266 -0.32794 -0.31709 0.68282 -0.71951 -0.62112 0.53845 0.288 -0.37524 0.69993 -0.25944 0.32332
-0.29016 0.95366 0.40716 0.55748 0.12782 1.2326 -0.461 -0.15834 0.43001 0.3722 -1.0997 0.85774 -1.1396 0.21484 -0.047357 -0.602 0.50179 1.2865 -0.030303 -0.12255 0.37802 -0.8266 -0.72422 -0.66857 -0.25287 -0.10619 -0.22792 -0.34125 -0.28463 -0.46437 -0.01714 -1.1884 -0.8582 0.6212 0.53618 0.46089 1.1697 0.23442 0.28637
-0.50766 0.82467 0.11715 0.77319 0.30422 2.2953 0.93897 1.3309 0.24947 0.71215 -1.6485 0.28162 -1.1392 0.2287 -0.10142 -0.78771 0.0038094 0.78507 -0.67073 0.087626 0.56023 -1.0003 -0.17749 0.01701 0.00071657 0.025724 -0.14888 -0.10211 0.20398 -0.21389 -0.62015 -0.86067 -0.4482 0.29888 0.39449 0.66368 1.2895 0.46988 0.1777
-0.52872 0.69728 0.13165 0.58254 0.19691 1.3424 0.55 0.38376 -1.1518 0.37416 0.62387 0.99069 -1.2424 0.059456 -0.21649 -0.94471 -0.10813 0.24218 -0.80257 -0.16958 0.90749 0.031419 0.54438 0.50842 -0.078277 -0.01513 -0.18055 0.182 0.62548 -0.063163 -1.2668 -0.8072 -0.1823 -0.20861 0.67048 1.0741 1.32 0.33783 0.020513
-0.29826 0.79089 0.92625 1.346 0.63423 0.60176 -0.81518 0.26834 -0.98923 -0.11782 -0.81714 1.9298 -1.1745 -0.0014406 0.03274 -0.088358 0.38271 -0.06241 -0.75483 -0.1549 0.3104 -0.63084 0.36103 1.2782 0.22558 -0.032719 -0.19385 0.30178 0.87597 0.21632 -0.93968 0.014499 -0.066603 -0.35883 0.83412 0.68292 0.32773 -0.18155 -0.038141
-0.27902 0.79297 -0.21065 0.66917 0.23342 0.19127 0.21879 1.6636 -0.34802 1.1213 -0.64923 0.86611 -1.1065 -0.023256 0.20097 0.31398 0.19686 -0.7937 -1.6708 -0.36473 0.10454 0.33315 1.1459 1.4884 0.26392 -0.043555 -0.16538 0.25333 0.74268 0.12472 -0.44214 0.87171 0.31961 -0.51112 0.2933 0.058203 -0.35088 -0.59595 -0.027248
-0.4739 0.66045 -0.8575 0.67389 0.47513 1.2144 0.029288 1.3342 0.3914 1.4881 -0.065702 0.48663 -1.1838 -0.1091 0.21379 0.35624 0.29876 -0.55102 -0.17755 0.055375 0.2778 0.52451 0.88342 0.21494 -0.52625 -0.02192 -0.12359 0.0099102 0.42266 0.03947 0.15738 1.4882 0.21969 -0.46865 0.037512 -0.60001 -1.0685 -0.61927 -0.02546
-0.40408 1.0965 0.99393 1.383 -0.12432 0.71657 -0.076535 0.061417 -1.3671 0.31977 0.79039 1.1939 -1.2137 -0.21025 0.13257 0.33616 0.1968 -0.37901 0.78474 0.37529 -0.049548 0.034743 0.40281 0.292 -0.84422 -0.064693 -0.017856 -0.14124 0.19343 0.10213 0.68874 1.6463 0.13927 -0.34514 -0.65196 -1.2232 -1.3135 -0.33543 0.010654
-0.58087 1.0055 0.79826 0.8665 -1.0683 -1.0859 0.29565 1.4004 0.67134 2.4822 0.92873 1.132 -1.2331 -0.14982 0.082757 0.75516 0.47398 0.05588 1.2 -0.076657 -0.50518 -0.4184 -0.45644 -0.39018 -0.40643 -0.063409 0.080532 -0.14354 0.1157 0.040295 0.58076 0.70486 -0.1322 -0.25986 -0.65253 -1.0095 -0.87262 0.15517 0.028354
-0.50663 0.88229 0.56491 1.2784 0.31378 1.916 0.023564 0.74213 -0.74922 0.65702 -0.6125 0.4047 -1.2068 -0.038163 0.019171 0.50458 0.32671 0.28419 1.1581 -0.01284 -0.16186 -0.52777 -0.61223 -0.99405 -0.44371 -0.005414 0.11684 -0.082576 0.022238 0.02211 0.38474 0.15287 -0.17873 0.032238 -0.29864 -0.55169 -0.74785 0.20741 0.054294
