39 292
-1.1022 1.3667 0.67918 1.1085 0.28834 0.60275 0.72858 1.0955 -0.33676 1.0167 0.79929 0.3552 -1.635 0.233 -0.05469 -0.073052 0.044224 -0.067738 -0.00083277 -0.62073 -0.39883 0.46434 -0.037431 -1.0803 0.057459 -0.097936 -0.085854 0.01288 0.32414 0.2656 -0.0029683 0.39255 -0.28333 -0.14924 0.098843 0.23028 0.50541 -0.11458 0.034318
-1.4608 1.2632 0.67395 1.5506 0.70132 0.67721 0.23839 1.1061 -0.028545 0.22321 -0.34436 -0.098611 -1.784 0.10987 -0.0045799 0.27583 0.33695 -0.0079523 0.58044 -0.90829 -0.83801 0.50603 0.29145 -0.60814 0.009423 -0.074704 -0.1355 -0.020771 0.41976 0.35152 -0.13095 0.089816 -0.35408 -0.24396 -0.023438 0.29059 0.59426 -0.19058 0.041316
-0.8256 1.3335 0.37269 1.4113 0.75327 0.22438 -0.65129 0.17103 0.18376 0.80686 0.082127 0.53955 -1.726 0.12214 -0.052738 0.37736 0.4085 -0.10311 0.53243 -1.0876 -0.46475 0.6463 0.24399 -0.34154 -0.14805 -0.051079 -0.0885 -0.029899 0.25069 0.19902 -0.41859 -0.24611 -0.066464 -0.17953 -0.41601 0.21673 0.65659 -0.11129 0.084023
-0.67838 1.3152 0.73095 0.85482 -0.33715 0.81262 0.28664 0.86297 0.24131 1.3509 -0.50812 0.48463 -1.7062 0.01776 -0.088185 0.50928 0.53795 -0.30497 -0.087314 -1.1512 -0.83574 0.32711 0.37995 -0.30591 -0.21564 -0.050986 -0.038441 -0.11712 -0.21788 -0.044666 -0.47169 -0.72032 0.57889 0.18957 -0.82199 -0.36337 0.25867 -0.12797 0.096597
-1.2437 1.3987 1.3617 1.921 0.50484 1.6448 -0.73187 -0.20893 0.22385 1.4413 0.67966 0.21811 -1.6961 0.1014 -0.061555 0.29473 0.32631 -0.73474 -0.20114 -0.6399 -0.74443 -0.29201 0.33897 0.030876 -0.053202 0.033236 -0.14932 -0.20326 -0.57305 -0.20832 -0.045427 -0.6507 1.1403 0.16232 -1.1051 -0.71735 -0.053145 0.047635 0.067538
-1.01 1.2236 1.0439 1.7017 0.23398 0.83011 -0.95891 1.0624 0.62757 0.84175 0.23211 -0.033554 -1.7157 0.04164 -0.20312 -0.093616 0.29198 -0.61113 -0.59536 0.12574 -0.32424 -0.69751 -0.4149 -0.28872 -0.2933 0.04756 -0.09011 -0.1809 -0.623 -0.49614 0.29455 -0.41676 1.3507 0.52993 -0.87236 -0.59316 -0.31319 0.37879 0.042882
-1.2213 1.1999 1.2324 2.0277 -0.020363 -0.14993 -1.2442 -0.51158 -0.061556 1.1446 -0.41505 0.0060185 -1.7858 -0.18782 -0.35061 -0.41057 0.13068 -0.038261 -0.60808 0.74852 -0.3996 -1.0906 -0.67616 -0.43742 -0.026422 0.014635 -0.072039 -0.043565 -0.22836 -0.61028 0.36357 0.08455 1.0271 0.48495 -0.40513 -0.060173 -0.18127 0.55791 -0.0051309
-0.87091 1.2616 0.65301 1.5781 -0.62785 0.53346 -0.52242 -0.076405 -0.62952 0.8388 -0.22252 0.32259 -1.6816 -0.01848 -0.25943 -0.32287 -0.31856 -0.078842 -0.78092 1.0849 0.028245 -1.0489 -0.19896 -0.65353 0.49136 0.031358 0.2058 0.028449 -0.14609 -0.70401 0.26841 0.73324 0.03119 0.39378 0.21521 0.75681 0.6512 0.31 0.090365
-0.61313 1.0468 0.2681 1.5382 -0.25875 -0.10672 0.32415 0.20947 -0.66819 0.43373 -0.34011 0.15916 -1.6268 -0.013635 -0.10624 -0.02142 -0.54226 -0.29199 0.060589 1.1098 0.028197 -0.94 0.13635 -0.11763 0.61973 0.032701 0.47591 -0.21463 -0.28433 -0.33265 0.26566 0.87354 -1.194 -0.13259 1.0518 1.4588 1.4404 -0.1811 0.27539
-1.5296 0.86972 0.69189 1.4383 0.34656 0.94026 1.1963 0.11669 -1.1373 0.69571 -0.5684 0.3484 -1.7385 0.35925 -0.27076 -0.56179 -0.72564 0.03917 0.61868 0.016081 0.23327 -0.33302 0.60451 0.80342 -0.028426 0.19235 0.45042 -0.37149 -0.60753 -0.010985 0.4208 0.85301 -1.9339 -0.72973 1.6361 1.8936 1.6538 -0.61021 0.31417
-1.1332 1.1905 1.2127 1.5512 0.30678 0.09887 -0.12543 0.23275 -0.69783 1.3873 -0.13193 0.83017 -1.6779 0.56252 -0.7204 -0.82883 -0.30569 0.4208 0.53884 -1.3011 -0.75522 0.6952 1.6542 1.5868 -0.12412 0.40272 0.52988 -0.77796 -0.61982 -0.089035 0.37582 0.22577 -1.7592 -0.70599 1.6275 1.0504 0.90604 -0.34652 0.68759
-0.87226 1.1549 1.0036 0.86158 -0.98327 0.62451 0.34811 0.55328 -0.83999 0.99965 -0.098741 0.56776 -1.7102 0.58221 -0.60527 -1.0744 -0.45813 0.38518 0.78303 -1.8972 -0.9954 1.4673 2.5833 1.6527 -0.32052 0.3809 0.35612 -1.2279 -0.26681 -0.37708 0.55365 0.22817 -0.4837 -0.45822 1.0909 -0.77877 -0.20481 0.091782 1.2205
-0.2965 0.70665 -0.54791 0.89026 0.086883 0.84733 -1.6724 -0.45703 -0.6373 1.9134 1.0024 -0.44168 -1.3981 0.92088 -1.3109 -0.94383 -0.84741 0.26777 0.44767 -1.7425 -0.72663 1.476 1.1189 1.1944 0.08968 1.1082 0.17662 -1.2929 0.092181 -0.67147 0.96671 0.27716 1.1405 0.46502 0.10608 -2.65 -1.2321 0.21048 1.6149
-0.12885 0.027069 -0.72734 1.5223 0.48871 0.98174 -2.066 -1.3714 0.7864 3.0118 1.8491 0.40933 -1.1057 0.88221 -2.1434 -1.0085 -1.1801 1.195 1.1386 -0.80803 -0.66793 1.4999 -0.55973 0.62398 0.032467 1.916 -0.059684 -0.75994 0.32473 -0.82218 0.77245 -0.2231 2.3106 1.0892 -0.99205 -3.6294 -1.7331 0.11839 1.4951
-0.61272 0.62116 -0.56073 0.68468 0.54462 1.0462 -1.5726 -0.66673 1.2631 3.8046 0.9239 -0.067857 -1.4443 0.75948 -2.2342 -0.68011 -1.2362 1.9003 0.93957 0.62912 -0.0088871 0.89646 -1.6884 -0.22795 0.095723 2.3826 -0.18506 0.66466 0.19056 -0.81696 -0.067176 -1.0045 2.2858 1.225 -1.7267 -2.9803 -1.7918 -0.58047 0.56411
-0.20861 -0.85705 0.37716 -0.084878 0.26224 1.0004 -1.2504 -0.17584 0.26628 0.6203 0.4232 1.1616 -0.062617 0.54227 -1.4837 -0.58029 -1.8451 1.0747 0.051818 1.9276 0.77078 -0.26196 -2.7497 -0.91785 -0.10451 2.2872 0.16323 2.0847 0.10218 -0.33784 -1.2801 -1.9734 1.19 0.71676 -1.7482 -1.5445 -1.1649 -0.76799 -0.62161
0.36534 -1.4952 -0.58206 -0.36739 1.9416 1.8687 -1.0676 -0.62174 1.2366 -0.088787 0.75979 0.36368 0.75531 0.72211 -0.46082 -0.78832 -2.0862 0.19731 -1.1558 1.8465 0.94321 -1.1583 -3.3148 -1.428 -0.96837 1.8823 0.36851 3.11 0.092564 0.78001 -1.9401 -2.0834 -0.38948 -0.46844 -0.89189 0.54183 -0.24753 -0.7964 -1.9996
0.294 -1.3097 -0.83445 -0.50658 2.0348 1.6565 1.1458 0.23812 0.062342 -0.18945 0.062117 -0.046832 0.87951 1.2214 0.66188 -0.75367 -1.405 -0.44803 -2.0209 1.1655 0.25607 -1.0319 -2.6033 -0.97719 -0.92308 1.1087 -0.02203 3.2011 1.0668 2.2939 -1.8437 -1.384 -1.4192 -0.99931 -0.078786 2.0295 0.30662 -0.036446 -3.0795
0.22583 -0.5055 -1.7419 -1.4983 0.94188 0.203 0.60551 0.06586 -0.71545 -0.065517 0.40392 -0.48522 0.74316 1.1466 2.1986 -0.41104 0.043699 -1.1191 -2.4652 0.16953 -0.65833 -0.5336 -0.73595 -0.6552 -1.0373 -0.42976 -0.81868 2.3155 1.9607 3.0408 -1.1241 0.0085543 -1.5292 -0.70364 0.60273 2.5918 0.6814 0.92974 -3.3577
0.64792 0.053355 -1.2672 -1.5081 0.041913 -0.82529 0.076206 -0.024777 -0.3678 -0.66179 -0.54026 -0.73933 0.57651 0.28389 2.8534 1.275 1.5014 -1.8599 -2.2474 -0.30607 -0.36851 -0.73331 -0.2451 -0.70744 -0.14915 -1.7954 -1.6795 0.6027 2.2562 2.7197 0.037864 1.7063 -1.036 0.15321 0.81995 2.1887 0.83706 1.3886 -2.6797
1.4019 0.93037 -0.73265 -1.106 0.0049471 -0.92949 -0.25531 -0.46668 0.073249 -0.47109 -0.27743 -0.26206 0.16774 -0.43172 2.5436 1.9491 2.3084 -1.2872 -1.0352 -0.72819 -0.10909 -0.078569 0.34658 -0.25342 0.42584 -2.3777 -2.124 -1.3717 1.5107 1.2728 1.2188 2.7077 -0.21872 0.78557 0.85665 1.4578 1.2532 1.4737 -1.0445
1.3664 1.2217 -0.27763 0.83569 -0.28794 -0.87552 -1.0651 -1.5819 0.018125 -0.413 -0.008147 -0.14981 -0.36064 -1.3155 1.5597 2.3826 2.6929 -0.2899 0.88155 -0.62733 0.28462 0.41203 0.94562 0.42736 1.01 -2.4759 -1.8703 -2.5829 0.20264 -0.32148 1.2886 2.2464 0.53525 0.62775 1.0674 0.8782 1.2087 0.72362 0.79313
-0.14745 1.7262 1.5277 1.932 -0.34323 -0.2321 -0.07721 -0.012568 -0.60316 -0.28365 -0.39348 0.07014 -1.5243 -2.2592 0.42308 1.927 1.8956 0.4715 1.7173 -0.14044 0.5491 0.63997 1.3989 1.1742 1.2116 -1.8663 -0.92745 -2.6947 -0.89531 -1.8925 0.50406 0.6272 0.97394 0.54483 0.66045 -0.2248 0.60652 -0.0057292 2.1928
-0.58711 1.6153 0.95948 1.5388 0.12388 0.035589 0.19833 0.57256 -0.30745 0.55903 -0.11038 0.18083 -1.6638 -2.5059 -0.65115 1.6787 1.0894 -0.22759 1.1424 0.56337 0.52921 1.0829 0.88034 0.89096 0.84228 -0.70169 0.64596 -1.9834 -1.8794 -2.643 -0.03695 -1.1136 0.55624 -0.17379 0.21268 -1.1635 0.15843 -0.80549 2.9509
-1.1583 1.1308 1.2795 1.4235 0.33356 1.0086 -1.0764 0.10619 0.38256 0.9237 0.97955 0.68459 -1.7469 -1.6743 -1.1135 0.59594 -0.52955 -0.33565 0.1573 0.79044 0.83402 0.93262 -0.021768 0.68185 0.48977 0.46574 1.8435 -0.89814 -1.8276 -2.1435 0.090644 -1.5643 0.0091387 -0.6832 -0.33247 -1.6844 -0.16012 -1.3681 2.5629
-1.6761 0.58331 1.2339 0.76983 0.7015 0.73439 -0.17075 0.020508 0.94863 0.84239 0.96059 0.79269 -1.1411 -0.33224 -1.1762 -0.53716 -1.1778 0.041965 -0.71737 0.11602 -0.19113 0.70036 -0.49187 0.98856 -0.18884 1.3782 2.1787 0.20071 -1.3669 -1.1774 0.67271 -1.0633 -0.46928 -0.6013 -0.80585 -1.3915 -0.030178 -1.3625 1.4977
-1.4266 0.31906 2.0499 1.5193 -1.412 -0.32273 0.79655 -0.47096 1.5127 0.026549 0.36209 0.48301 -0.52778 0.29942 -0.89893 -0.45141 -1.0934 0.51369 -0.69002 0.10642 -0.41554 0.15558 -1.0322 0.83468 -0.91577 1.4537 1.778 0.91164 -0.28641 0.21387 0.928 0.12895 -0.62132 -0.20586 -0.63999 -0.66713 0.19128 -1.0952 0.26233
-0.88619 0.39456 0.60332 0.19099 -0.53895 -0.77356 0.33516 0.65141 0.24664 -0.75357 0.45942 0.28572 -0.3457 0.81594 -0.39919 -0.40385 -0.89321 0.65911 -0.70589 -0.1082 -0.011406 -0.16839 -1.1866 0.77094 -1.0873 1.3523 1.2758 0.9637 0.14351 0.42063 0.95689 1.0024 -0.57496 0.26793 -0.46172 -0.26281 0.047706 -0.0034221 -0.45608
-0.54272 0.58297 0.33094 0.18587 0.74551 -0.58969 -0.55075 -0.28192 0.19768 -0.074531 1.3691 -0.2951 -0.28051 1.2673 0.11481 -0.012403 -0.26067 1.1647 0.41492 -0.44049 0.34845 0.064987 -0.89852 1.1682 -1.1786 0.92503 0.85827 0.4869 0.10426 0.24906 0.21856 1.0857 -0.57519 -0.40381 -0.072366 -0.23284 -0.33856 1.5127 -0.38554
-0.63438 0.33978 0.81365 0.13113 1.3721 0.31346 -0.10177 -0.25944 0.39851 -0.27239 1.4284 -0.72776 -0.23896 1.7057 0.025899 -0.47692 -0.78532 1.5817 0.85086 -0.8531 -0.04665 -0.19325 -1.0304 0.92631 -0.072928 0.86677 0.17849 -0.1695 -0.037289 -0.24252 -0.74651 0.73699 -0.3094 -1.0955 -0.14598 -0.4928 -0.98586 2.6908 -0.039967
-0.44936 0.44592 1.2491 0.31168 0.59862 0.058584 -0.96912 0.19807 0.8238 -0.63247 1.837 -0.095876 0.050636 1.5503 -0.24595 -0.21014 -0.66847 0.47868 0.82946 -0.76421 -1.1789 0.022099 -1.5262 0.127 1.4807 1.0407 -0.55515 -0.52928 -0.28052 -0.73337 -1.296 -0.046459 -0.13952 -1.5916 -0.39833 -0.32703 -1.4977 3.3084 0.24858
0.22305 0.72916 1.6771 1.0147 1.2747 0.86805 0.059081 0.60208 1.5067 -0.6444 1.9471 -0.70896 0.13454 1.0251 -0.51443 -0.3707 -1.1559 -0.45247 0.64318 -0.61345 -1.375 -0.44279 -1.7725 -0.56934 2.7549 1.2266 -1.2061 -0.4414 0.017862 -0.5671 -1.1161 -0.093231 0.37291 -1.3503 -0.31159 0.55755 -1.2008 2.481 0.091936
1.3468 0.18581 -0.016652 -0.81473 0.9016 -0.077969 -0.96261 -0.70382 0.045394 -1.8857 1.0274 0.93538 0.6315 0.50659 -0.54707 -0.59597 -1.486 -0.34378 0.40912 -0.85927 -2.0802 -0.62006 -1.1187 -0.91817 3.7685 1.1681 -1.5054 -0.27179 0.16296 -0.26096 -0.48779 -0.22957 0.51 -0.72811 -0.22359 1.6533 -0.30087 1.214 -0.30587
0.78998 0.05992 0.09072 -0.92052 0.42128 0.21618 -1.3133 -1.8381 0.033876 -2.4239 0.74204 2.239 0.83104 -0.16166 -0.60012 -0.24435 -1.4674 -0.18195 0.85193 0.0059287 -2.2192 -0.50532 -0.17929 -0.82072 3.5511 0.95958 -1.282 -0.078909 0.44147 0.801 -0.27919 -0.64593 0.53548 0.14465 -0.054689 2.4889 0.68476 -0.47336 -0.80533
0.040948 -0.12078 0.42434 -1.3018 0.24874 0.69242 -1.253 -1.8243 -0.26715 -1.7091 0.94317 2.5613 1.063 -0.8378 -0.67966 0.043573 -1.0147 -0.60696 0.22608 0.034682 -2.1691 -0.40055 0.77111 -0.30564 3.4111 0.654 -0.15247 0.073116 0.21006 1.5776 -0.69915 -1.2301 0.36619 1.454 -0.26934 2.5348 0.89534 -2.1392 -1.1711
-0.094011 -0.098053 0.58519 -1.444 1.1008 0.84771 -1.5525 -2.4742 0.25946 -1.1608 0.58078 3.604 0.99705 -0.84215 -0.5835 0.15856 0.14884 -0.86471 -0.6497 0.10338 -1.0441 -0.66245 1.9316 0.44024 2.0133 0.11372 1.1326 0.84769 -0.13579 2.104 -1.0239 -1.4546 -0.011644 2.3191 -0.30554 1.7429 0.60314 -3.1055 -1.7249
-0.13287 -0.03937 1.2981 -1.1415 0.50145 1.3726 0.17997 -2.0458 0.65456 -0.69658 1.1241 3.1635 1.092 0.54257 -0.42182 -0.39054 0.73972 -1.3647 -1.4666 -0.11106 0.16734 -1.0886 2.5602 0.16762 0.40985 -0.40121 1.8401 1.7458 -0.20262 2.041 -0.76362 -0.63744 0.14462 2.771 0.0037921 0.74217 -0.019666 -3.6418 -2.0538
-0.22878 -0.35735 0.73855 -0.8445 -0.056721 0.091975 -0.57604 -2.8542 0.15094 -0.33625 1.3062 3.7637 0.97134 1.3869 0.77469 -0.28121 1.7015 -1.7984 -1.4058 0.056952 1.1314 -0.78212 2.1869 0.10331 -0.93649 -1.4472 1.2286 2.2511 0.22931 1.5367 0.19988 0.61641 0.27017 2.3979 0.6031 -0.34634 -0.63443 -3.0816 -1.9736
0.34198 -0.6707 -0.38348 -0.59149 -0.80625 -1.4377 -1.7201 -2.1531 -1.7904 0.19209 1.4401 3.5005 0.73544 1.6864 1.7338 -0.11815 2.1339 -1.6281 -0.76223 0.37469 2.1415 -0.33151 2.0419 -0.1608 -2.1348 -2.0593 -0.079461 1.5518 1.2609 1.0009 1.3422 1.7497 0.78034 1.6177 1.3361 -1.2074 -0.62908 -2.1239 -1.0088
1.7651 -0.28903 -0.27608 0.043027 -1.5388 -0.8363 -1.6301 -1.1486 -1.3022 1.0786 0.47732 2.324 0.31967 1.0145 2.325 0.46602 2.4069 -0.34315 0.29804 0.44935 2.641 0.18883 1.5636 -0.58815 -2.6565 -2.4146 -1.1272 -0.43401 1.6619 -0.086176 1.7835 1.7309 1.0704 0.33138 1.6211 -1.6618 -0.57655 -0.93077 0.7874
1.5258 1.6763 0.94585 1.292 -1.5649 0.13984 -0.46761 -0.30404 -0.12477 0.81148 1.0876 1.5326 -1.0253 0.56897 1.5523 1.6505 2.3117 0.52387 1.3913 1.3872 2.5662 1.1487 0.64234 -0.66908 -2.8283 -1.6335 -1.5931 -2.4407 1.3499 -1.0717 1.3533 0.916 0.82011 -1.108 1.2249 -1.7058 -0.41708 0.38302 2.2862
1.6395 2.0072 0.9045 1.3646 -0.65995 0.55534 0.09304 0.2856 0.54076 1.3865 0.53836 1.1459 -1.1569 -0.28749 0.10194 2.0153 1.4467 0.60195 1.1874 1.8737 1.569 1.7811 -0.18844 -0.7251 -2.3908 -0.32044 -1.4997 -3.5537 0.37561 -1.9939 0.1292 -0.17003 0.14367 -2.0503 0.32387 -1.3847 -0.084752 1.2413 2.9764
0.33706 1.9911 1.7785 2.0898 0.36889 1.0722 0.35795 0.78306 0.26131 1.0308 0.56282 0.55748 -1.3374 -0.81754 -1.4679 1.6919 0.55278 0.5371 0.73012 1.4431 0.52578 1.3687 -0.23906 -0.87163 -1.5392 0.78298 -1.1907 -2.7734 -0.64408 -2.3161 -0.55258 -0.80834 -0.73227 -2.2976 -0.48623 -0.63845 0.35598 1.5038 2.2357
1.002 0.031452 2.5491 2.0485 -0.0012137 0.50814 0.75523 0.091581 0.70173 0.27034 0.51953 0.78802 -0.15552 -1.2624 -2.4469 1.1685 -0.54849 -0.097648 0.25623 0.73609 -0.32463 0.73994 -0.55512 -0.63427 -0.9201 1.4406 -0.42099 -0.95782 -1.0241 -1.8969 -0.48168 -0.59547 -1.1535 -1.8516 -0.86898 0.22581 0.57952 1.3601 0.77442
0.65569 -0.80148 1.9051 1.0094 -1.1712 -0.46811 0.87256 -0.054963 0.6688 0.2903 0.12466 0.3426 0.56627 -1.3023 -2.075 0.8488 -1.1451 -0.20298 0.12711 0.37246 -0.95409 0.68037 -0.34508 -0.023832 -0.67725 1.2895 0.42745 1.1159 -1.298 -0.99748 0.09387 -0.088882 -0.99327 -0.73755 -0.92489 0.34713 0.38774 0.74654 -0.70133
0.86671 -0.75754 2.2728 1.2261 -0.85969 0.91704 0.68101 -0.15357 1.1319 1.3309 -0.62731 0.33259 0.36082 -0.88073 -1.2846 0.48557 -1.3526 0.033524 0.21178 -0.087303 -1.2901 0.35681 0.30211 -0.033272 -0.21196 0.74384 1.4516 1.9709 -1.6454 0.14355 0.59722 0.15039 -0.70582 0.23686 -1.168 0.027529 -0.30383 0.22717 -1.2917
-0.67903 -0.17885 2.5743 0.52637 -1.1625 0.86932 0.69823 -0.42145 0.97929 0.0058327 0.72868 0.40765 -0.028294 -0.16505 -0.070883 -0.44121 -0.96364 0.65477 0.5525 -0.29427 -0.42209 -0.32204 -0.0043605 -0.42105 -0.46481 -0.061647 1.925 1.3696 -2.0687 0.61694 0.30932 -0.25408 -0.44701 0.90328 -1.613 -0.68888 -1.1741 -0.109 -0.77431
-0.3346 -0.20948 2.344 0.14064 0.16986 0.77303 0.74802 -0.8411 1.4217 1.0404 0.7387 0.11587 0.1642 1.0389 0.041585 -1.3247 -0.36329 0.63773 0.35249 -0.45671 -0.12464 -1.1362 -0.65692 -0.99961 -0.59785 -0.081202 1.7836 0.26117 -2.0918 0.63174 -0.23253 -0.84198 -0.031936 1.2045 -1.5168 -0.92273 -1.7259 -0.50753 0.124
-0.14899 -0.48834 2.7693 0.52235 0.29827 0.82489 0.17513 -1.19 0.46916 1.2107 0.12528 0.57787 0.011744 1.5447 -0.31107 -2.1931 -0.45343 0.09807 -0.49439 -0.40815 0.2263 -1.8569 -1.1302 -1.7595 -0.7031 0.38484 0.63612 -0.61091 -1.2997 0.15069 -0.96481 -1.1298 0.4642 1.0325 -0.90068 -0.58162 -1.3524 -0.53838 0.7268
1.6017 -0.49876 0.98324 0.59673 0.097661 0.69844 0.45564 0.18323 0.036442 -0.25148 -0.79543 -0.17851 0.16486 1.7914 -0.69829 -2.6296 -0.39294 -0.141 -1.0661 -0.096185 0.73505 -1.9637 -0.83476 -2.6321 -1.0789 0.73163 -0.97003 -0.54684 -0.25172 -0.37426 -0.96207 -0.72842 0.97174 1.235 0.17664 0.14361 0.036985 -0.3859 0.64136
2.1496 -0.79705 -0.21382 0.62266 -0.91237 0.32736 0.065326 -0.29288 -0.92336 -0.3464 -1.5688 -0.50573 0.53282 0.71494 -0.77739 -2.2665 -0.65918 -0.83593 -1.1516 0.5348 1.1626 -1.7413 -0.98044 -2.1626 -1.2698 0.76844 -2.0922 -0.21819 1.0535 -0.36106 -0.38234 -0.11561 0.96172 1.149 1.1674 0.71185 1.7256 0.1667 0.15836
1.5455 -0.84168 -0.24295 0.0024072 -0.8132 0.37421 0.18505 -0.11327 -1.2155 -0.2255 -2.0981 -0.29079 0.69148 -0.46827 -0.68836 -1.7634 -0.98035 -0.77 -0.87872 1.181 1.816 -0.83276 -0.4472 -0.71394 -1.0664 0.81817 -2.0965 0.12077 1.8078 -0.02963 0.274 0.19229 0.58042 1.0416 1.8055 0.69265 2.862 0.85342 -0.26191
1.0231 -0.97897 -0.49701 -0.28832 -0.44369 -0.68369 0.84311 0.33016 -1.111 -0.27139 -2.0599 -0.99782 0.78819 -1.4681 -0.69778 -0.60789 -0.85426 -0.33229 -0.84475 1.0408 1.9271 -0.043199 0.018078 0.5764 -0.39729 0.61107 -0.7217 0.25092 1.4595 0.54823 0.57816 0.18154 -0.18177 0.44476 1.8029 0.62498 2.2949 1.1049 -0.5096
0.39123 -1.2421 -0.059657 -0.58427 -0.91045 -0.25586 1.6394 0.67811 -0.93097 0.092755 -1.6837 -1.1932 0.88031 -1.2682 -0.52023 0.0007737 -0.35255 0.1415 -0.82144 0.91202 2.3851 0.86599 -0.027729 1.4543 0.11908 0.36485 0.91185 0.4623 0.59581 0.93462 0.3641 0.22946 -1.0945 -0.761 1.3064 0.28379 0.72936 0.79689 -0.71913
0.067196 -1.2379 -0.32174 -0.56194 -0.9185 0.15935 1.9232 2.0783 -0.64848 0.079226 -0.55895 -0.5959 0.95024 -0.31572 -0.41336 -0.35456 0.081109 -0.16457 -0.80504 0.27877 1.7487 1.0828 -0.0098065 1.1308 0.25597 0.12827 2.0865 0.84953 -0.46205 0.88591 0.31904 0.34298 -1.7042 -1.8596 0.59852 0.24652 -0.55145 0.13869 -0.80669
0.33417 -1.3949 -0.33931 -0.3138 -0.62941 -0.55555 1.1924 2.378 -0.33015 -0.60217 -0.48769 -0.57242 0.94397 0.75741 -0.00856 -0.74614 0.34924 -0.14394 -0.42148 -0.8064 0.42893 1.2665 0.11218 0.4095 0.13232 -0.16371 2.1087 1.1916 -0.73198 0.65198 0.33922 0.51899 -1.9408 -2.771 -0.28343 0.54319 -1.1138 -0.36141 -0.93307
0.64984 -1.3299 -0.19956 0.1408 -0.59127 -0.86679 1.1851 2.4646 0.2435 -0.26321 -0.28246 -0.2349 0.97872 1.6454 0.55337 -1.1117 0.49844 0.43254 -0.32623 -1.7898 -0.70927 0.97707 0.4242 0.063986 -0.14579 -0.49689 1.0433 1.4879 -0.14821 0.35497 0.36562 0.83925 -1.5881 -2.5275 -0.80475 0.42939 -0.87706 -0.51044 -1.1145
1.1635 -1.3428 -1.1229 -0.19658 -1.2008 -0.90651 0.73845 1.5618 0.069386 -0.015075 -1.463 -0.53164 0.7771 1.9213 1.1084 -1.0137 0.69249 0.50438 0.031933 -2.2561 -1.7743 0.34308 0.78342 -0.11652 -0.38481 -0.9098 -0.38901 1.5381 0.6898 0.10711 0.19925 0.96972 -0.75494 -1.5972 -1.1046 -0.11742 -0.23867 -0.29906 -1.2008
1.8906 -0.90214 -1.467 -0.0095051 -0.70581 -0.70224 -0.28083 0.50528 0.71687 0.13908 -1.5111 -1.3173 0.54526 1.1643 1.6644 -0.49844 0.592 0.22415 0.74206 -2.4345 -2.0642 -0.093086 0.47096 -0.26015 -0.47717 -1.3946 -1.6066 1.2699 1.601 -0.035185 0.062476 0.92489 0.47485 -0.23904 -0.95004 -0.75845 0.38953 0.24781 -0.97858
2.318 -0.44229 -1.479 0.11056 0.067886 -0.18294 -1.0693 0.50154 0.18117 0.69598 -0.62104 -1.0074 0.29193 0.22563 2.161 0.27071 0.5083 0.3489 1.0956 -2.1167 -1.9973 -0.44684 -0.11238 0.13151 -0.28671 -1.7576 -2.0655 0.48262 1.7714 -0.24467 0.079398 0.67477 1.5461 0.88291 -0.63481 -0.95441 0.61387 0.69875 -0.39217
2.3224 0.074398 -1.3674 0.73752 -0.25646 -0.10095 -1.5285 0.24833 -0.38603 0.62587 -0.3157 -0.67647 -0.14273 -0.68846 2.2777 1.3106 0.52272 0.63235 1.0979 -0.82707 -1.0581 -0.56147 -0.52196 0.69444 0.27337 -1.7377 -1.3948 -0.7343 1.0447 -0.29072 -0.0041326 0.43902 2.2521 1.2056 -0.35436 -0.57415 0.52956 0.76892 0.49781
1.255 0.50935 -0.53415 0.49554 -0.80716 0.047055 -2.2719 -0.13382 -0.14595 -0.50099 -1.2863 -1.0246 -0.709 -1.2421 1.6597 1.4718 0.25643 0.45533 1.2781 0.29406 -0.55394 -0.71419 -0.47885 0.58724 0.57636 -1.4054 -0.14237 -2.029 -0.42938 -0.42774 -0.2421 0.38787 2.3207 1.2878 -0.17954 -0.050436 0.2704 0.40321 1.4307
0.91821 1.189 -0.021765 0.55441 -0.25894 0.30434 -1.5057 -0.52169 -0.22161 -0.31928 -0.56203 -0.66655 -1.03 -0.86433 0.6203 0.90257 0.15866 0.16319 1.5735 1.244 -0.43439 -0.67967 -0.39691 0.53271 0.56284 -0.72378 1.038 -2.8078 -1.9593 -0.58765 -0.32268 0.15158 1.3518 0.92327 -0.26322 0.42677 -0.015235 -0.35286 2.0903
0.74298 1.2457 0.49471 0.45514 0.16504 0.35716 -0.064328 0.22842 -0.42435 -0.33476 -0.52077 -0.45225 -1.0313 0.029299 -0.59526 -0.34012 -0.13246 0.11195 1.6717 1.8803 0.20235 -0.75194 -0.25143 0.7403 0.33596 0.16946 1.319 -2.7923 -2.3185 -0.67921 0.01649 -0.39024 -0.13842 0.85961 -0.060589 0.52209 -0.38155 -0.90587 2.2516
0.8369 0.73279 0.020048 0.38763 0.21037 1.1468 -0.28937 -0.22706 -0.49859 0.20195 -0.35523 -0.61296 -0.85889 0.72726 -1.5575 -1.5214 -0.41316 0.17545 1.2125 1.3127 0.3658 -1.0772 0.17583 0.6027 -0.29473 1.031 0.67757 -1.971 -1.6227 -0.65848 0.39661 -1.0079 -1.5147 0.79184 0.52159 0.48595 -0.82579 -0.81648 1.8175
1.691 0.040807 -0.75044 0.70642 -0.23404 1.7717 0.31643 -0.22232 -1.1394 0.14519 0.18261 -0.18827 -0.45379 0.56967 -2.1867 -1.7404 -0.76406 0.48164 0.61793 -0.036868 0.72406 -0.63734 0.22367 -0.15951 -0.74792 1.5478 -0.30068 -0.73062 -0.18157 -0.42224 0.50528 -1.4205 -2.1285 0.71117 1.1846 -0.090785 -1.2705 -0.18752 0.97643
2.1249 -0.59095 -1.9802 0.35644 -0.57506 1.5396 0.81456 0.62628 -1.2788 -0.4702 0.080311 -0.62666 -0.06039 0.20373 -2.0663 -1.4922 -0.79207 0.75163 -0.053773 -1.0766 0.85094 0.32685 0.28717 -0.57385 -0.47616 1.6791 -1.2037 0.32242 1.1921 -0.086618 0.54933 -1.3909 -1.4578 0.68838 1.5512 -0.87357 -1.1407 0.75386 0.049942
1.6486 -0.85064 -2.1609 -0.37444 -0.10289 0.97519 -0.8332 0.011516 -1.5656 -0.21058 -0.77767 -1.701 0.34355 -0.30646 -1.6291 -0.69613 -0.7552 0.80892 -0.7266 -1.5342 1.349 0.96013 -0.45871 -1.0735 0.056719 1.5066 -1.5029 0.93672 1.7882 0.40913 0.2687 -1.1803 -0.0074106 0.39885 1.0621 -1.2654 -0.3899 1.83 -0.60723
1.0722 -1.1096 -1.4148 -0.57806 1.2199 0.88651 -1.4859 0.85123 -0.59599 0.26596 -0.87642 -1.2443 0.62757 -1.2191 -1.2617 0.23961 -0.58433 1.0827 -1.0838 -1.0945 1.3982 1.285 -1.0913 -1.0956 0.7455 1.1367 -1.2538 0.99325 1.6111 0.85058 -0.34522 -0.81572 1.4954 0.20581 -0.047287 -1.6253 0.62766 2.2049 -0.93553
1.0281 -1.1388 -1.3615 -0.29877 1.0844 0.68089 -1.5022 1.2108 0.50808 0.31017 -1.0155 -0.43042 0.79331 -1.6954 -0.92774 0.81574 -0.081274 0.84007 -1.3878 -0.040573 1.2317 1.0483 -1.4245 -0.62627 2.1558 0.78608 -0.64774 0.93608 1.1436 1.1511 -0.8317 -0.52721 2.3897 -0.37978 -1.2277 -1.1522 1.4846 1.6672 -0.8944
0.99911 -1.3915 -1.289 -0.30703 0.49603 0.7339 -2.0265 1.5676 0.2938 -1.0531 -1.3908 -0.146 0.84502 -1.5854 -0.65574 0.83572 0.50662 0.063542 -1.4686 1.4206 1.3151 0.18792 -2.2371 0.40983 2.7106 0.44794 0.023723 0.83311 0.87281 0.98106 -1.1969 -0.069288 2.2476 -0.98071 -1.8562 -0.13399 1.8112 0.48639 -0.64419
0.12431 -1.7188 -0.94272 -0.17406 1.0253 0.38949 -0.2283 1.6788 -0.046213 -1.785 -0.95443 0.4638 0.87808 -1.4076 -0.27196 1.1964 0.91286 -0.30212 -1.6661 2.3903 0.65625 -0.99036 -2.0126 1.0106 2.2752 0.32952 0.35911 0.69647 0.84028 0.3949 -1.133 0.81319 1.2832 -1.5368 -1.6019 1.1348 1.4396 -0.95324 -0.39268
-0.34671 -1.6763 -1.0291 -0.050132 0.74604 -0.598 0.45786 1.8549 -0.27602 -1.7824 -0.89662 1.6145 0.95244 -1.3186 -0.11167 1.7224 0.8052 -0.67849 -1.1028 2.5642 -0.21798 -1.4749 -1.0293 1.5437 1.6134 0.26916 0.77728 0.56079 0.8266 -0.47436 -1.0204 1.653 -0.29482 -1.944 -0.69606 2.4231 0.77098 -1.7993 -0.19532
-0.38808 -1.5235 -0.70841 0.35237 0.34548 -0.6661 0.81773 1.9404 -1.1743 -2.5481 0.0042014 1.1898 0.91953 -1.1207 0.036458 1.9834 0.52874 -0.99677 0.14764 2.1717 -0.98791 -1.3815 0.10067 1.558 0.86014 0.20754 1.2012 0.31777 0.3886 -1.2 -1.0432 2.0267 -1.6072 -1.5929 0.25885 2.6155 0.31233 -1.8123 -0.14467
-0.45023 -1.2769 0.70751 0.92289 0.9324 -0.86441 1.8367 1.6395 -1.4562 -1.5448 0.25943 1.3639 1.111 -0.19328 0.18627 2.0271 -0.21376 -1.5776 1.1287 0.89441 -1.6416 -1.0327 1.2329 1.6159 -0.055048 0.17675 1.3721 0.15581 -0.44666 -1.4677 -0.95438 1.2081 -2.5251 -1.1315 0.75985 2.0387 -0.15933 -1.1187 -0.18371
-0.56526 -1.4961 1.0334 0.48786 -0.50991 0.045682 1.6882 0.61017 -1.1866 -1.1308 0.60255 1.3505 1.0947 0.40406 0.1454 1.7921 -0.88557 -1.8853 1.5169 -0.25435 -1.7274 -0.68274 1.741 1.5822 -0.38882 0.1297 1.2206 0.12642 -1.2941 -1.1392 -0.69849 -0.24334 -2.9114 -0.54928 0.87678 0.98337 -0.28487 0.001517 -0.31567
-0.82653 -1.609 1.1939 0.096686 -0.77729 1.3085 1.4093 0.26937 -1.5845 -1.3667 0.25182 0.95821 1.0271 0.63163 0.1137 0.9702 -1.3105 -2.0939 0.7707 -1.6913 -2.0457 -0.27512 1.9618 1.2424 0.07503 -0.0043411 0.84051 0.29033 -1.8167 -0.19429 0.0067301 -1.635 -2.5737 -0.11362 0.66314 -0.13593 -0.55452 0.82943 -0.50473
0.10746 -1.4256 1.4702 -0.79338 -1.1947 0.94964 0.9564 -0.27604 -1.4348 -0.10343 1.2614 0.73704 1.0928 0.87971 0.30059 0.044756 -1.1139 -2.0996 -0.20162 -2.8412 -1.85 0.026986 1.5835 1.2168 0.7891 -0.23883 0.64738 0.65481 -1.7037 1.007 0.5307 -2.3821 -1.7157 0.19449 0.35135 -0.81778 -0.7329 0.83519 -0.7862
0.29187 -1.3609 1.3138 -0.97612 -1.8592 0.38572 -0.13853 0.15391 -1.5548 -0.039869 1.3818 1.3126 1.1014 1.2296 0.62648 -0.56482 -0.47341 -1.4571 -1.4997 -3.3862 -1.7964 -0.035489 1.076 0.75798 0.94404 -0.49752 -0.044162 1.1738 -0.89171 1.6244 1.2004 -1.7003 -0.2668 0.45288 0.085474 -1.4285 -0.88973 0.16993 -1.1414
0.20859 -1.2809 0.88738 -0.86146 -2.2289 -0.3936 -1.7148 -1.0776 -1.6245 -0.027387 1.4765 1.5626 0.91697 1.3836 1.0516 -0.69003 0.63248 -1.1692 -2.4244 -3.1216 -1.4684 -0.085476 0.6794 0.44458 0.77581 -0.96109 -1.1195 1.1578 0.15126 1.3012 1.5128 -0.27432 1.5442 0.69762 0.42622 -1.2324 -1.0314 -0.86066 -1.1958
0.49141 -0.93976 0.8703 -0.29122 -2.2373 -0.6523 -2.2301 -1.0899 -1.1083 0.39888 1.6895 2.5825 0.7646 0.28976 1.8188 -0.36061 0.94022 -0.21931 -1.7445 -2.1259 -1.35 -0.043326 -0.22707 -0.049493 0.39994 -1.5849 -2.108 0.66254 0.83994 0.55485 1.6118 1.2034 2.8846 1.2535 1.1155 -0.79371 -0.78349 -1.7709 -0.8195
1.0786 -0.81134 0.205 -0.28259 -2.4455 -0.98482 -3.1541 -1.9969 -1.5124 -0.21096 1.0517 1.7622 0.41321 -0.86811 1.7567 0.23718 0.68162 0.23014 -0.6734 -0.12162 -0.71046 0.90048 -0.041072 -0.32685 -0.60485 -1.7292 -2.5042 0.040198 0.7152 -0.36299 1.7163 2.0152 3.2911 1.6223 1.5303 -0.2956 -0.53808 -2.058 -0.22213
1.3353 -0.17639 0.67078 0.92711 -2.4337 -1.5489 -2.6774 -1.2604 -1.8631 -0.099877 1.1467 1.3046 -0.17387 -1.8184 1.4501 0.58192 0.56893 0.9849 0.17307 1.3682 0.26924 1.7449 -0.023473 -0.33233 -1.7842 -1.5075 -1.8945 -0.48685 0.20253 -0.67035 1.4507 2.0576 3.0138 1.8194 1.275 0.37407 -0.18284 -1.4588 0.38153
-0.27179 1.0607 1.3381 -0.17385 -1.2529 -0.80108 -2.0069 -1.8696 -1.3554 -0.44581 1.4374 1.4215 -0.80088 -2.5202 1.3112 0.21072 0.11987 1.574 0.89137 2.2668 0.88459 2.1386 0.044851 -0.42339 -2.1035 -1.3776 -0.80452 -0.7213 -0.57864 -0.50645 0.96366 1.3719 1.5878 1.1593 0.47661 0.41273 -0.11542 -0.2369 0.65796
-1.465 0.13866 1.6095 -0.33247 -1.9628 -0.30336 -0.12273 -0.76101 0.50449 0.32801 0.91633 0.68715 -0.61727 -2.6357 1.1845 0.045121 -0.06827 1.9363 1.8377 3.2145 1.3986 1.936 0.44341 -0.33513 -1.6684 -1.1116 0.57589 -0.83618 -0.87783 0.013112 -0.054726 0.49994 0.012589 0.43602 -0.46305 0.33139 -0.14329 0.70694 0.69179
-1.8044 0.11186 1.3065 0.3882 -0.65689 -0.38388 -0.25649 -0.78161 1.0924 0.055475 1.1801 -0.42543 -0.52661 -2.054 0.61777 -0.59446 0.026064 1.6329 1.4008 2.3995 0.98631 1.7772 0.51087 -0.53116 -1.1278 -0.80777 1.6575 -0.51622 -0.59127 0.35478 -0.67066 -0.26715 -1.4787 -0.31934 -1.2789 0.10487 -0.32059 1.1197 0.5134
-1.8765 0.81301 0.29435 -0.055396 -0.12982 0.16198 0.38771 -0.21662 1.0763 0.1705 0.81684 0.28052 -0.99214 -0.91443 0.32193 -0.68718 0.64089 0.84913 0.97064 1.3325 1.072 0.98403 0.37754 -0.53715 -0.91984 -0.61543 2.0007 -0.20759 0.0474 0.52305 -1.2331 -0.92949 -2.2563 -0.57947 -1.6656 0.043326 -0.34001 1.1913 0.19709
-1.7324 1.0792 0.57271 0.031239 0.078804 1.1133 1.8933 -0.12612 -0.023295 0.31836 0.66862 -0.086731 -1.1754 -0.10338 0.83359 -0.5473 0.44745 0.81085 0.746 0.0067144 0.4313 0.011312 0.29027 -0.91821 -0.3308 -0.75222 1.4551 -0.021379 0.96273 0.46252 -1.4043 -0.90226 -2.0849 -0.21125 -1.4983 -0.10544 0.052888 0.83588 0.060995
-1.81 0.7492 0.31566 0.75327 -0.34536 -0.40942 0.27169 -0.54065 0.97359 0.45268 0.61486 0.31592 -1.2841 0.34545 0.71363 0.11764 0.72679 -0.055691 0.17776 -0.47533 0.55319 -0.57209 0.65167 -0.77437 0.21782 -0.804 0.53907 -0.10842 1.1828 -0.015035 -1.1442 -0.60644 -1.4818 -0.071572 -0.6616 -0.3031 0.40775 0.76439 0.15933
-1.9578 0.93482 0.93709 0.63921 -0.72441 0.54706 0.17359 0.0084925 0.87464 0.13041 0.71943 -0.18224 -1.2717 0.19288 0.38832 0.8481 0.87247 -0.65137 -0.13225 -1.2113 0.83953 -0.495 0.19493 -0.29821 -0.096124 -0.60963 -0.094196 -0.44042 0.90181 -0.20043 -0.5608 0.049944 -0.53435 -0.083717 0.0051 -0.53606 0.75967 0.43469 0.45728
-1.5942 1.1819 0.64885 0.21981 -0.0787 0.62811 -0.391 -0.28177 0.71531 0.7591 -0.5545 -0.11647 -1.406 0.0016198 0.357 0.88056 0.3993 -0.6494 0.10934 -1.2663 0.73356 -0.10883 -0.12149 -0.058041 0.42565 -0.41558 -0.35789 -0.68609 0.094116 -0.56765 0.58597 0.44578 0.156 -0.76651 0.45191 -0.72086 0.68928 0.2723 0.79071
-1.1956 1.2579 1.2148 1.6104 -0.57444 -0.19364 -0.34063 0.37088 -0.21801 1.0125 0.51742 0.27395 -1.6965 -0.1204 0.23705 0.79981 0.22557 0.015026 0.87557 -0.75238 0.18313 -0.20845 -0.30337 0.18191 0.3933 -0.16841 -0.33744 -0.93845 -0.58718 -0.7048 0.9884 0.32845 0.95839 -0.95134 0.55258 -0.66687 0.58588 0.21106 0.97181
-1.9009 1.2787 1.6317 1.0008 -1.2532 0.42717 -0.8439 1.121 0.20998 -0.0069956 0.69186 -0.0038088 -1.7251 -0.20864 -0.42016 0.32714 -0.041616 0.75344 0.61095 -0.36332 -0.60557 0.20653 -0.42329 0.31001 0.48846 0.32063 0.65483 -1.358 -1.7448 -0.83804 0.76078 0.00018644 1.1901 -0.87064 0.42282 -0.046685 0.34612 -0.2424 1.2738
-1.9173 1.2884 1.5508 0.42495 -0.83158 0.98835 -0.26541 0.17803 0.61713 0.095112 0.5454 0.76842 -1.5045 -0.37225 -0.87895 0.0084517 -0.26268 0.57386 0.30455 0.41752 -0.3376 0.47425 -0.87781 0.6456 0.26992 0.67558 1.9766 -1.5442 -2.6063 -0.91669 0.42302 -0.42775 0.82992 -0.21087 -0.11686 0.88316 0.10722 -0.44227 1.4875
-1.9793 0.92442 1.3489 1.1332 0.12293 0.96426 -1.1257 -0.74447 0.86174 0.13776 0.65212 0.37777 -1.3334 1.4208 -1.4831 -2.052 -0.96843 0.55421 0.38441 0.73114 -0.69571 0.41246 0.096193 0.38203 0.011704 1.3296 2.75 -1.2793 -2.52 -0.83759 -0.075672 -0.24893 0.2138 0.61448 -1.0528 1.498 0.050675 -0.77299 1.3739
-1.8881 0.29745 1.0863 0.33068 0.86701 1.0412 -0.26948 -0.89827 0.9594 0.020468 0.49645 0.23571 -0.79706 2.9737 -1.959 -2.9847 -1.0741 0.9394 0.068392 0.50227 -0.17726 -0.54796 1.0977 0.36354 -0.22877 1.8577 2.4535 -0.70625 -1.5095 -0.62272 -0.25562 0.0063984 -0.23353 0.6308 -1.5657 1.7256 0.08077 -0.70884 1.0326
-1.8735 0.27437 0.85413 0.44411 -0.25584 0.17226 0.62071 0.4694 0.76273 -0.35277 0.72909 0.28278 -0.89739 3.5575 -2.1389 -2.9855 -1.2469 0.4235 0.18884 0.061007 0.51525 -1.4252 1.3939 0.56116 -0.75941 2.0669 0.67217 0.16097 0.31155 0.1325 -0.46838 0.25448 -0.57735 0.45318 -1.2988 0.85556 0.19113 -0.52305 0.32282
1.7293 -0.54983 -2.6291 -0.13593 -0.60649 0.65256 0.40179 -0.30475 0.21312 1.4608 1.2425 0.2754 -0.044502 3.4119 -1.7962 -2.4033 -1.3212 0.14132 0.4051 0.2499 0.28966 -1.7943 1.7018 0.72339 -0.71821 2.0636 -1.0295 0.81402 1.5243 0.57095 -0.32265 0.5883 -0.62752 -0.19203 -0.33302 -0.14472 -0.18765 -0.28978 -0.32922
1.8075 -0.98619 -1.9902 -0.77872 0.77482 1.0253 -0.70237 0.6582 -0.68638 1.4111 0.8984 -0.081139 0.56561 2.5293 -1.2755 -1.7419 -0.59022 0.040702 0.74636 -0.39045 -0.042149 -1.6082 1.4036 0.57932 -0.75956 1.7759 -2.3547 1.1927 2.3046 1.0011 0.1379 0.34822 -0.30476 -0.13712 0.6627 -1.2302 -0.88599 -0.017932 -0.98854
1.7384 -1.2025 -1.5597 -0.91092 0.13465 1.4099 -0.66139 0.11934 -1.2301 1.5143 1.2214 -0.37529 0.77213 1.4482 -0.94646 -0.68861 -0.30459 0.50228 1.0298 -0.62848 -0.26736 -1.1332 0.84086 0.01141 -0.79555 1.4433 -2.4812 1.0584 1.9219 1.1147 0.18827 -0.18561 0.072796 0.25049 1.3509 -1.8219 -1.4593 0.078291 -1.3554
1.46 -1.0548 -1.2306 -0.56223 0.55256 1.1662 0.13968 -0.88529 -1.1356 1.9084 1.523 -0.45246 0.92008 -0.1226 -0.44966 0.56589 0.16987 0.51207 0.60613 -0.15684 0.53184 -0.40449 -0.44769 -0.75379 -0.76419 0.69549 -1.9079 0.70415 1.1385 0.73519 0.38334 -0.51298 0.57129 0.73672 1.6556 -1.7102 -1.8583 0.2508 -1.2764
1.1392 -1.0142 -1.7138 -0.050729 0.14322 1.4884 -0.56731 -0.23281 -0.82457 1.2626 1.0991 -0.49392 0.97822 -0.17447 -0.33262 0.12042 0.44229 0.27287 0.069678 0.29423 0.49519 0.35671 -0.74565 -1.3712 -0.57408 0.29818 -1.1064 0.31909 0.37468 0.4047 0.33216 -0.55833 0.3961 0.86951 1.5914 -1.2283 -1.8253 0.48787 -0.90353
1.6456 -1.1867 -1.5206 -0.36243 0.40252 1.4538 -0.55779 0.36669 -0.88175 1.2729 0.61503 -0.58499 0.95103 -0.4374 -0.33258 0.034431 0.45009 0.90282 0.12474 0.3896 1.0155 1.0204 -0.96827 -2.2493 -0.39632 0.1771 -0.44856 -0.085154 0.019812 0.02823 0.40245 -0.42312 0.13171 0.38017 1.1592 -0.37439 -0.8655 0.69835 -0.34309
1.7878 -1.3335 -1.6365 -0.32622 0.74461 1.4441 -0.1385 1.1161 -0.67497 0.75886 -0.04694 -0.79457 0.9052 -0.5863 -0.43633 0.29853 0.33346 0.95458 0.072373 -0.039949 1.1882 1.3969 -1.1672 -2.6978 -0.049071 0.1655 -0.54039 -0.12261 0.36926 0.031682 0.28971 -0.38123 -0.01938 0.099148 0.43917 -0.18978 0.44297 0.9767 -0.051337
1.3559 -1.4883 -1.5701 -0.25739 0.99438 1.0193 -0.14903 0.60852 -0.35002 0.66182 -0.69698 -0.84503 1.0124 -0.80684 -0.54421 0.52022 0.27841 0.95587 -0.30582 0.29905 0.93026 1.4379 -0.91628 -1.7224 0.30896 0.17826 -0.27582 0.012842 0.44277 0.23223 -0.028762 -0.52147 0.073285 -0.35656 -0.55376 -0.24738 1.6134 0.94755 0.028093
0.68931 -1.4404 -1.2765 -0.027309 1.6105 1.7369 0.28637 0.7986 0.44711 0.61021 -1.4018 -0.76638 1.0584 -1.0616 -0.43947 0.58859 0.58889 0.81128 -0.53655 0.30089 0.73574 1.0439 -1.1075 -0.77848 0.94488 0.21036 0.19553 0.22416 0.28398 0.40437 -0.18077 -0.3545 0.49427 -0.49645 -1.3923 -0.31551 2.1975 0.64821 -0.027137
0.64527 -1.4996 -0.84074 0.12367 1.4625 1.263 -0.69784 0.83395 0.91837 0.25221 -1.7473 -0.28358 1.1484 -0.74808 -0.30407 0.74091 0.76882 0.91872 -0.69053 0.38138 0.55267 0.070528 -1.4411 -0.12722 0.92218 0.20256 0.65841 0.32969 0.15482 0.21032 -0.51537 -0.17371 0.57963 -0.53827 -1.8021 -0.036615 2.2245 0.17847 -0.080596
0.5035 -1.8033 -1.1334 0.1401 1.2362 0.93725 0.065456 1.5073 0.7704 0.19188 -0.31472 -0.12983 1.1212 -0.23129 -0.15565 0.73629 0.86577 0.62114 -0.49995 0.99339 0.41566 -0.75369 -1.4746 0.69688 0.88345 0.10728 0.82303 0.3612 0.24738 -0.2705 -0.85096 0.12521 0.68725 -0.70462 -1.5983 0.65595 1.9255 -0.43106 -0.094307
0.54139 -1.705 -0.79478 0.50233 1.6869 0.7036 0.17462 1.568 0.034445 -0.38977 -0.42447 0.55603 1.1463 0.078332 -0.098695 0.7477 0.5443 0.046816 -0.70434 1.2123 0.047598 -1.3322 -0.78354 1.7836 0.67437 0.092781 0.47652 0.35858 0.4221 -0.75626 -1.1519 0.55715 0.21521 -0.91385 -0.73469 1.3348 1.108 -0.74117 -0.032718
0.84592 -1.6475 -0.56089 0.81293 2.4137 0.6299 0.59788 1.393 -0.87741 -1.2348 -0.8674 -0.2122 1.1653 0.15127 0.10101 1.0634 0.18078 -0.41094 -0.27423 1.3782 -0.37822 -1.5085 -0.19829 1.9413 0.22991 0.1049 -0.02771 0.25535 0.45749 -1.1297 -1.1398 0.84317 -0.53575 -0.96199 0.2647 1.573 0.13495 -0.98346 0.05936
0.81144 -1.5807 -0.43254 0.97253 1.7313 1.0045 1.699 0.83269 -0.82357 -0.79416 -0.13609 0.16136 1.1372 0.001035 0.20613 1.3894 -0.34326 -0.80986 0.37053 0.65877 -0.82411 -1.0469 0.42197 1.3712 -0.18699 0.14818 -0.37943 0.18769 0.2333 -1.1667 -0.8845 0.97612 -1.0444 -0.6858 1.0664 1.2526 -0.74301 -0.64722 0.09587
0.63212 -1.6296 -0.08435 0.38634 1.1145 0.69493 1.3825 0.92971 -0.76594 0.24404 1.2217 0.22663 1.2199 -0.25001 0.14786 1.2951 -0.86328 -1.1716 0.74476 0.11253 -1.0159 -0.35571 0.86727 1.1734 -0.58831 0.18066 -0.44729 0.095184 -0.21172 -0.96149 -0.20593 0.66409 -1.2992 -0.2365 1.2268 0.61688 -1.3985 -0.23607 0.067921
0.78856 -1.4708 0.69017 0.20093 0.59116 0.80175 1.1854 0.66205 -1.0828 -0.034675 0.95856 0.035976 1.2766 -0.47438 0.21412 1.0831 -1.1777 -1.2964 0.85102 -0.41472 -0.96341 0.26491 1.0321 0.76842 -0.17158 0.21809 -0.2958 0.065716 -0.71788 -0.43944 0.77114 0.34087 -0.95394 0.069324 0.93386 -0.31439 -1.9039 0.091787 -0.034876
0.41734 -1.5807 0.78747 -0.28006 0.57893 1.5184 0.6739 0.52725 -0.81811 0.29665 0.76244 -0.28843 1.2866 -0.49866 0.26961 0.81751 -1.2513 -0.56872 0.88686 -0.89713 -0.76393 0.33575 0.66195 -0.40272 -0.24125 0.18559 -0.14561 0.074037 -1.0848 0.12457 1.5913 0.086508 -0.55377 0.15242 0.64395 -1.0259 -2.0591 0.28859 -0.15214
0.32124 -1.5115 0.79391 -0.42761 0.66846 1.5382 0.52873 0.060815 -0.69452 0.047375 0.42737 -0.46574 1.349 -0.4625 0.26573 0.26209 -0.99453 0.39193 1.0135 -0.90027 -0.8102 0.51082 -0.043074 -1.4472 -0.19272 0.08648 0.068552 0.06202 -1.2397 0.57496 1.6559 -0.20708 -0.084079 0.17399 0.33247 -1.4109 -1.5157 0.34032 -0.2382
0.26532 -1.31 0.72546 -0.64409 0.40282 1.5552 0.58318 0.010732 -0.35688 0.22238 0.41001 0.047529 1.4006 -0.54662 0.25725 -0.36151 -0.71542 1.086 0.83664 -0.84136 -0.79088 0.83437 -0.48695 -1.6203 -0.031025 -0.01227 0.18512 0.029365 -1.2176 0.83741 0.96114 -0.32536 0.25702 0.21257 0.37233 -1.3031 -0.4535 0.52274 -0.25892
0.18238 -1.2754 0.80199 -0.90678 0.89301 1.8073 0.26255 0.033677 -0.48075 0.49991 -0.24077 -0.013153 1.3317 -0.31729 0.33424 -0.69039 -0.34001 1.1039 0.42493 -0.62143 -0.60631 0.69424 -1.0017 -1.4911 0.36963 -0.088113 0.26505 -0.05273 -0.97557 0.8737 0.10217 -0.30035 0.47706 0.28778 0.21324 -1.0638 0.1903 0.39527 -0.24663
0.13257 -1.3527 0.4463 -0.96057 1.8117 1.8679 -0.16777 -0.18845 -0.19102 -0.16887 -0.75574 -0.22241 1.3023 -0.2075 0.29153 -1.0271 0.031768 0.94881 0.47843 -0.47619 -0.44716 1.0038 -1.2663 -1.2293 0.47513 -0.1675 0.40477 -0.137 -0.51882 0.78675 -0.59755 -0.1346 0.81544 0.3787 0.044515 -0.68493 0.43367 0.24945 -0.20692
-0.10416 -1.2201 0.12469 -0.7738 2.0708 2.0081 -0.21923 -0.52045 0.26952 -0.83048 -1.0444 -0.22438 1.2477 -0.11011 0.15953 -1.2636 0.31199 0.65995 0.54308 -0.045645 -0.41697 0.86187 -1.6158 -1.267 0.30633 -0.25538 0.39429 -0.18532 -0.10275 0.47103 -1.0194 -0.03198 0.99921 0.55719 -0.13664 0.22744 0.4748 0.18179 -0.16187
0.09213 -1.1339 -0.18859 -0.69987 1.5904 1.8696 -0.10409 -0.29991 0.01738 -0.95662 -0.84928 0.32926 1.2235 0.14822 0.10648 -1.0607 0.47148 0.14367 0.48051 0.64124 -0.14349 0.84269 -1.4372 -0.89391 0.47198 -0.28056 0.46212 -0.15101 0.28499 -0.0019732 -1.3021 -0.52655 0.92988 0.98969 -0.5753 1.0979 0.58085 0.33237 -0.12225
0.10693 -1.1012 -0.62856 -0.36686 1.5568 2.1292 -0.031058 -0.49423 1.0203 -1.2131 -0.9276 0.30404 1.1859 0.28255 0.10316 -0.86438 0.34584 -0.47998 0.34505 0.9886 0.33134 0.498 -0.47571 -0.74218 0.71229 -0.30686 0.47868 -0.052943 0.61228 -0.47882 -1.6556 -1.1597 0.49979 1.2233 -0.69696 1.8036 0.85738 0.40865 -0.19642
0.10586 -1.2024 -0.88805 -0.40197 1.4672 2.3269 0.61189 -0.48362 0.4751 -1.5511 -1.638 0.22166 1.0535 0.50808 0.056815 -0.67666 0.010887 -1.0187 -0.55309 1.0252 1.11 0.015525 0.22402 -0.3735 0.90316 -0.34964 0.34063 0.25332 0.85439 -0.5743 -1.8876 -1.6343 -0.23261 0.93609 -0.6917 2.0573 1.036 0.26069 -0.55025
0.44253 -1.2188 -0.38897 -0.37239 1.5842 2.3323 1.1819 -0.087411 0.68489 -1.2775 -1.4886 0.39592 1.0013 0.65463 0.094936 -0.28019 -0.37872 -1.9852 -1.417 0.84884 1.3424 -0.14258 0.92731 0.11686 0.86863 -0.5549 -0.13043 1.0116 1.1442 0.00905 -1.4606 -1.5876 -1.0255 0.060143 -0.52374 1.8118 1.3509 -0.26278 -1.2184
0.35494 -1.1406 -0.87695 -0.56349 1.0867 2.1205 0.99454 0.27212 0.48135 -0.60592 -1.6928 0.73349 0.95811 0.63367 0.56293 0.28517 -0.27088 -2.7822 -2.1246 0.21042 1.1779 -0.24435 1.707 0.66022 0.88681 -1.0925 -0.77026 1.702 0.96035 0.86408 -0.28354 -0.7789 -1.5616 -0.75931 -0.55689 1.0089 1.1829 -0.7651 -1.7377
0.66809 -1.0739 -0.98127 -0.84126 0.11429 0.73568 1.0668 1.2858 0.11269 -0.59816 -1.0599 1.1683 0.84252 -0.040879 1.6438 0.84648 0.50397 -2.4446 -2.2559 -0.8229 0.41937 -0.43729 2.1717 1.3234 0.2056 -2.008 -1.25 1.8596 0.69237 1.4014 1.0504 0.33235 -1.4198 -1.0912 -0.45759 0.10641 0.90752 -1.1018 -1.7239
0.99836 -0.9981 -0.5681 -1.1716 -1.744 0.2347 1.0362 1.0728 0.31331 0.14788 -0.53512 1.2103 0.4637 -0.6709 2.2974 0.60042 1.2312 -1.3413 -1.8008 -1.5198 0.098527 -0.96987 1.4967 1.2863 -0.24734 -2.5791 -1.439 1.2276 0.21335 1.283 2.0582 1.5454 -0.7911 -1.1389 -0.50113 -0.74515 0.11506 -1.0339 -1.0027
0.75663 -0.22663 -0.008995 -0.30033 -1.9999 0.11673 0.19282 0.47641 0.78802 0.79264 -0.52038 1.0495 -0.37557 -1.1691 2.5214 0.8906 1.5652 -0.65814 -0.88297 -1.3595 -0.2369 -0.71033 1.2478 1.5432 -0.69459 -2.7442 -1.0593 0.0074448 -0.2891 0.55683 2.2131 1.9281 0.079688 -0.67069 -0.24361 -1.2933 -0.61708 -0.4439 0.23056
-0.39761 1.1904 0.62855 0.86716 -0.63973 0.25046 -0.75285 -0.25347 -0.49293 1.0975 -0.068575 0.0068819 -1.5523 -1.6522 2.2999 0.67628 1.6657 0.33624 0.46428 -1.2323 -0.70574 -1.127 0.79965 0.78289 -0.66261 -2.4302 -0.39362 -1.1005 -0.30703 -0.45695 1.4189 1.4601 0.6256 -0.030648 0.34341 -1.1835 -0.88512 -0.09838 1.3363
-0.47197 1.2817 -0.38631 1.2197 0.44239 0.44381 -1.0436 0.73189 -1.0174 0.07401 -0.22404 0.44731 -1.6563 -1.6488 1.6599 0.26172 1.3574 1.0302 0.70082 -0.79057 -0.47895 -0.85341 0.13081 0.41556 -0.45036 -1.6902 0.3773 -1.8149 -0.20175 -1.0252 0.3795 0.64923 0.91663 0.67638 0.79594 -0.97342 -1.1184 0.39991 1.9913
-0.83993 1.3198 0.29766 0.8494 -0.98512 0.66325 -0.2995 0.57816 -0.052362 1.09 0.63114 0.30087 -1.7443 -1.2125 0.78563 0.33377 0.45609 0.58014 0.5014 -0.44511 0.16486 -0.19743 -0.12988 0.18088 -0.56779 -0.83278 0.88144 -1.7192 0.26268 -1.0293 -0.61619 -0.16745 1.1365 0.62138 1.0654 -0.12783 -0.81241 0.28014 1.834
-1.1195 1.2197 0.064967 0.99397 -0.48925 1.1823 -0.62268 0.040474 -1.514 0.59142 -0.40753 0.72111 -1.7223 -0.64489 0.072286 0.68191 0.19829 -0.040145 0.4682 0.23671 0.64926 0.44747 -0.081514 -0.26858 0.01906 -0.15516 1.0266 -1.1251 0.2629 -0.44868 -0.59152 -0.43524 0.76822 0.099794 0.47902 0.25111 -0.64403 0.0041535 1.1887
-1.019 1.1268 0.076607 0.97736 -0.38322 0.66489 -0.50389 0.072587 -0.16937 0.54565 -0.043485 0.4765 -1.6795 -0.41252 0.056787 0.9736 0.26556 -0.32922 0.21368 0.72035 -0.055436 0.3939 0.68526 -0.40606 -0.36686 -0.077617 0.94111 -0.39529 -0.095272 0.043862 0.048201 -0.56505 0.24019 -0.37487 0.057614 0.45348 -0.3191 -0.0047808 0.49629
-1.1235 1.3164 0.95109 0.70976 -0.60389 0.50419 -1.2175 0.82794 0.31015 0.73588 -0.14129 -0.43058 -1.7995 -0.019872 0.038373 0.44964 0.58963 0.33231 -0.091687 0.29487 -0.16959 -0.17197 0.20786 -0.50182 -0.55175 -0.045498 0.66363 0.0014919 -0.54306 0.11574 0.63354 -0.30378 -0.23848 -0.58338 -0.43998 0.25738 -0.071931 0.086286 0.094832
-1.2363 1.3635 1.3207 1.6014 -0.25963 1.0583 -0.037333 1.2067 -0.34824 0.68077 -0.45567 0.56239 -1.765 0.33478 0.10756 0.2734 0.34461 0.48816 -0.43106 0.049709 -0.15038 0.23111 0.58664 -0.29549 -0.30051 -0.043226 0.44143 -0.090523 -0.8502 -0.11928 0.64597 -0.07525 -0.14466 -0.15788 -0.32587 -0.16697 -0.074261 0.61305 0.10514
-1.057 1.3229 0.7894 1.3991 -0.75983 0.7851 0.67147 -0.073839 -0.55531 1.6516 -0.41773 -0.040712 -1.7609 0.29212 0.05376 -5.7753e-05 0.38119 0.78621 0.13375 0.058609 -0.43379 -0.36578 0.46408 -0.44688 0.1431 -0.010937 0.090871 -0.13872 -0.46335 -0.48837 0.023172 0.051081 0.004955 0.065341 0.23844 -0.30739 -0.003943 0.50901 0.13
-0.84516 1.2398 0.39802 1.6756 -0.13815 0.61161 -0.6468 -0.087613 -1.0036 0.75105 -0.24407 -0.26543 -1.7752 0.30245 -0.10681 -0.42044 0.14021 0.70311 -0.069894 0.52838 -0.22567 -0.17142 0.26376 -0.56097 0.45714 0.084058 -0.25256 -0.33343 -0.092447 -0.82526 -0.35563 0.10198 0.022842 0.16224 0.74657 -1.1368 0.2054 0.37687 0.41687
-0.55778 1.3407 0.51405 1.06 0.45216 0.31216 -1.0741 0.12428 -0.15456 1.308 -0.79184 0.51308 -1.7523 0.17357 -0.0956 -0.08321 -0.24756 0.27031 -0.17449 0.069651 0.00020053 0.51643 -0.1854 -0.3628 0.040552 0.1121 0.013807 -0.75404 -0.1508 -1.3507 -1.0414 -0.25738 0.081384 0.16123 1.3141 -1.1043 0.67552 0.1654 1.0101
-0.91526 1.2486 0.68213 1.5615 0.58492 1.1728 -0.29203 0.054369 -0.43913 1.0582 -0.59075 0.38558 -1.7292 -0.10824 -0.40335 0.14387 -0.9283 0.053316 -0.070928 0.097072 -0.046631 1.312 -1.1868 0.066807 0.46746 0.60452 0.48263 -1.2621 -0.49869 -1.442 -1.3485 -0.29671 0.1238 0.10893 1.1245 -0.67804 1.1606 -0.024432 1.6198
-0.87126 1.1803 0.54843 1.1577 -0.042235 0.44041 0.76532 1.0484 -0.13336 1.1217 -1.0633 0.35602 -1.6735 0.52225 -1.1276 -0.56481 -1.6824 -0.91819 -0.42389 0.45401 -0.20453 1.5705 -0.84838 0.5375 0.44748 1.4473 0.86661 -1.6149 -1.2514 -1.4484 -1.1051 -0.53055 0.075802 0.35614 0.65589 0.090174 1.3858 0.035456 1.8549
-0.97145 1.2701 1.2099 1.2492 -0.40854 0.76277 -0.087405 0.40383 0.32468 0.57011 -0.65344 0.15014 -1.6344 1.0806 -1.8191 -1.1269 -1.9157 -1.3306 -0.58697 0.60788 0.093692 1.5933 -0.64917 1.2096 0.19771 2.1722 0.78664 -1.2478 -1.4378 -0.96207 -0.28574 -0.47033 -0.18485 0.62065 0.23162 0.76779 1.4944 -0.26072 1.4073
-1.0877 0.58909 0.5606 -0.40915 -0.32465 0.49458 -0.11809 -0.81524 1.4444 -0.49906 0.054065 0.60735 -0.77277 1.2915 -2.2401 -1.8334 -2.5395 -1.1913 -1.0555 -0.0181 0.62819 1.7131 -0.26907 1.7146 0.23477 2.4838 -0.033786 -0.32947 -1.0275 -0.27045 0.78504 -0.32742 -0.18214 0.92656 -0.025452 0.81203 1.3036 -0.47807 0.43309
0.61557 -0.40212 -1.0474 -0.97222 -1.3498 -0.17215 -0.29965 -0.015083 1.1366 0.45143 0.25487 0.58535 0.19593 1.0612 -2.0502 -1.9634 -2.3502 -0.3667 -0.76611 -0.064075 0.75 1.7139 -0.030333 2.3336 0.062908 2.4803 -0.79326 0.96301 -0.20698 0.61097 1.3454 -0.25637 -0.11329 0.74148 -0.28049 0.75791 0.60427 -0.81796 -0.74425
0.74094 -0.80453 -0.81463 -0.9769 -1.1376 0.090738 0.64723 0.98076 1.78 0.978 0.64699 0.66117 0.65068 0.46255 -1.5906 -2.1042 -1.9855 0.13017 -1.0414 0.39866 1.2757 1.4598 0.37064 2.4681 -0.41451 2.0301 -1.2843 2.1395 1.1438 1.5252 1.4342 -0.12894 0.1312 -0.19123 -0.70978 -0.014065 -0.1871 -1.2033 -1.6538
0.16552 -1.109 -1.6917 -1.9058 -1.0365 -0.24771 -0.22229 1.5506 1.7891 0.66732 1.343 0.47187 0.67015 -0.077188 -0.43613 -1.3814 -1.0179 0.63113 -1.15 0.15738 1.2181 1.1502 0.4587 1.9957 -1.0614 1.133 -1.1482 2.5313 1.7293 1.7206 1.0051 -0.10384 0.035823 -1.0307 -1.3093 -0.86265 -1.4213 -1.3256 -1.9324
-0.031871 -0.64853 -1.3805 -1.7609 -0.19238 -0.18212 0.41011 1.2525 2.5548 0.50838 2.0124 0.23491 0.86816 -0.68326 0.74169 0.066653 -0.27263 1.1053 -1.1486 0.15887 0.026911 0.55088 -0.52242 1.5416 -1.5287 0.3441 -0.50502 2.0961 1.9376 1.5723 0.5413 0.42092 -0.019828 -1.6683 -1.5359 -1.2798 -2.2409 -1.2597 -1.4758
-0.56048 -0.68012 -1.9134 -1.9413 -0.34089 -0.7001 0.45463 1.1747 2.5843 0.55988 2.5494 -0.35099 0.83942 -0.64046 1.2655 0.26081 0.10237 1.1049 -0.94418 0.13684 -0.62669 -0.49676 -1.1718 0.10796 -1.9411 0.036124 0.22374 0.90841 1.2412 0.92673 0.053654 0.83894 0.085817 -1.3701 -1.5154 -0.92246 -2.6167 -0.87551 -0.69915
-0.20101 -0.10662 -1.7121 -1.7602 0.05701 -1.2023 -0.2007 0.85123 2.7573 0.49194 2.0033 -0.63121 0.80447 -0.2577 1.2707 0.78218 0.47801 0.94857 -0.26009 0.36935 -1.0441 -0.84348 -1.1783 -0.83533 -2.4089 0.068145 0.75963 -0.16846 0.34623 0.3584 -0.25039 1.0587 0.24984 -0.41396 -1.0808 0.11509 -2.6583 -0.19876 -0.10327
0.073207 0.38653 -0.22149 -1.045 0.040971 -1.2965 0.38475 0.24527 1.4382 -0.21387 1.982 -1.1631 0.66713 0.15023 0.91053 0.63785 0.38893 0.81435 0.17888 0.2415 -0.90807 -1.2377 -0.91261 -1.7778 -2.3159 0.081723 0.57323 -0.7868 -0.25035 -0.12169 -0.39391 0.76507 0.48373 0.29759 -0.50191 0.79501 -1.7382 0.55917 0.10806
-0.46468 0.40467 -1.1025 -1.3267 0.47915 -0.62968 0.73806 0.66086 0.86037 -0.73286 0.41405 -1.6208 0.7386 0.42202 0.62541 0.54518 0.2732 0.76284 0.53029 0.65135 -0.63314 -1.2785 -0.4205 -2.5566 -1.7329 0.14572 0.18943 -0.88786 -0.98499 -0.52356 -0.4711 0.065423 0.44322 0.61229 -0.056629 1.0682 -0.7923 1.3111 0.063927
-0.28661 0.22987 -0.70988 -1.4372 0.46069 -0.24686 0.43202 0.05437 1.4521 -0.56399 0.91684 -2.5613 0.93743 0.15146 0.20058 -0.093494 -0.029427 0.43034 0.27669 1.0475 -0.24797 -1.3 -0.053925 -2.3228 -1.2114 0.18126 0.011488 -0.59851 -0.96047 -0.51645 -0.62316 -0.55361 0.087405 0.20391 0.20851 0.80792 0.15462 1.5746 -0.11603
0.19033 0.29036 -0.97308 -1.382 0.90748 -0.36081 0.65523 0.14811 1.2262 -0.12757 0.080431 -2.3278 0.97318 0.114 0.059298 -0.72858 -0.31988 0.22273 -0.18071 0.93022 -0.17744 -0.92617 0.39747 -2.0556 -0.44565 0.12722 -0.050197 -0.25278 -0.68382 -0.24351 -0.6771 -0.80719 -0.55254 -0.072578 0.13339 0.09825 0.78692 1.5302 -0.33033
0.17934 0.28459 -1.0346 -1.4597 0.61314 -0.64765 1.3943 0.3697 0.79482 0.26514 -0.90835 -2.0226 0.90275 0.32444 0.13908 -0.55485 -0.30791 -0.12981 -0.65371 0.29486 -0.73407 -0.98769 0.1992 -1.7205 0.063208 -0.10633 0.056875 0.21361 0.021027 0.21205 -0.66077 -0.54936 -1.1898 -0.3916 0.3341 -0.47908 1.2766 1.2366 -0.49869
-0.17066 0.37371 -1.4125 -1.533 0.45758 -1.2295 1.6302 0.41065 0.21146 -0.1318 -0.58958 -2.1098 0.90036 0.23367 0.21323 -0.52514 -0.056026 -0.27642 -0.73181 -0.16634 -0.52639 -1.1615 -0.34689 -1.3476 0.56697 -0.27234 0.041024 0.48345 0.83253 0.67415 -0.40033 0.10142 -1.4831 -0.27386 0.68253 -0.85563 2.0092 0.78711 -0.60839
-0.036391 0.49619 -1.5061 -1.6114 0.46972 -1.1127 1.6642 -0.073451 0.059313 -0.10475 -0.84169 -1.8625 0.80279 0.20164 0.5057 -0.14951 0.2463 -0.6076 -0.62681 -0.97923 -0.83072 -0.50035 -0.55593 -0.23553 0.65414 -0.46723 -0.2845 0.45291 1.2979 0.92026 0.17886 0.73666 -1.1465 -0.1366 0.86582 -0.63117 2.3865 0.66111 -0.58481
0.16715 0.45737 -1.6417 -1.8452 0.30779 -0.98609 0.26254 -0.89082 -0.038745 -0.64181 -1.6267 -2.0474 0.65575 0.25405 0.7354 0.66494 0.69936 -0.3183 0.010674 -1.6433 -0.65718 0.22176 -0.79987 1.0361 0.76544 -0.72721 -0.64865 0.21233 1.3684 1.0163 0.53247 1.0368 -0.28236 -0.14308 0.64232 -0.10265 2.605 0.57798 -0.46086
0.29075 0.44617 -1.2579 -1.2045 0.2684 -1.0424 0.16852 -0.21854 -0.0076984 -0.77739 -0.66424 -1.7415 0.68067 -0.25127 0.68339 1.3355 1.0841 0.24003 0.5307 -1.4478 -0.92958 0.085572 -0.73152 1.6394 1.2279 -0.87368 -0.96372 -0.16269 0.79911 0.83067 0.76512 0.95493 0.94279 0.068948 0.050038 0.62216 1.9089 0.56917 -0.19894
0.427 1.1056 -1.0707 -0.90469 -0.18583 -1.3523 -0.4569 -0.77826 0.75065 -0.35368 -0.22786 -1.3118 0.34324 -0.82598 0.5042 1.3524 1.4795 0.33782 0.88334 -0.54055 -0.75049 -0.1448 -0.43278 2.6821 1.384 -0.85303 -1.0174 -0.48431 -0.19317 0.14215 0.59405 0.38941 1.4474 -0.10892 -0.2832 0.82486 0.42456 0.34265 0.10632
0.20413 1.1983 0.12739 -0.4667 0.3766 -0.58551 -0.69387 -0.17724 0.95196 -0.9342 0.82227 -1.1613 -0.022018 -1.1679 0.33774 1.0391 1.4536 0.55583 0.95666 0.51586 -0.6449 -0.21368 0.43564 2.585 1.4318 -0.74265 -0.74967 -0.81854 -0.84005 -0.61677 0.14718 -0.10146 1.1826 0.25062 0.054735 0.79471 -0.83171 -0.037673 0.29997
-0.93371 0.97625 0.25907 -0.20953 1.1877 -0.49487 -0.067175 -1.5176 -0.45204 -1.1118 1.0623 -0.51836 -0.051414 -1.3034 0.055734 0.44958 0.78779 0.68187 0.61493 0.51488 -1.0065 -0.20394 0.16887 1.3844 1.3143 -0.61177 -0.2888 -0.88433 -1.0093 -1.1315 -0.46134 -0.62586 0.40305 0.37539 0.53659 0.63711 -1.9257 -0.44142 0.40421
-0.98204 0.84762 -0.2468 0.32863 0.56705 0.02271 0.83857 -1.2532 -0.29701 -0.58782 2.1657 -0.4775 -0.059456 -1.4986 -0.5361 0.18739 0.24357 0.35515 0.43831 0.59049 -0.30879 0.2281 0.46385 0.72054 1.1813 -0.48392 0.21231 -0.66682 -0.66544 -1.0735 -0.98144 -0.8157 -0.34678 0.75963 0.98414 0.31224 -1.6509 -0.68743 0.38503
-0.94859 0.86635 -0.46159 0.12013 0.85349 -0.23135 0.887 -1.3167 0.091549 0.34588 1.1595 -0.46673 -0.084519 -1.2347 -0.61898 -0.14469 -0.091688 -0.46066 -0.19921 0.29895 -0.18293 0.72867 0.75604 -0.03366 0.65042 -0.29467 0.61733 -0.17172 -0.11625 -0.58175 -1.1673 -0.96064 -0.67563 0.84692 0.93336 -0.11756 -0.7951 -0.84236 0.41028
-1.0956 0.82312 -0.54138 -0.40938 0.99372 -0.8729 -0.039505 -1.6225 0.40598 -1.0232 0.68477 -0.066178 -0.1466 -0.78467 -0.50024 0.070335 -0.17137 -0.78538 -0.38168 -0.12428 0.42678 1.3259 0.74045 0.16863 0.43128 -0.2461 0.89146 0.37148 0.19789 0.029313 -1.0965 -0.77247 -0.3567 0.52387 0.44997 -0.93041 0.019027 -0.96215 0.48145
-1.8054 0.37443 0.035273 -0.51548 0.27251 -0.45512 0.16889 -0.53797 1.4417 0.13664 1.2364 0.15721 -0.45284 -0.44127 -0.26174 0.29153 -0.12372 -1.0226 -1.0287 -0.58848 0.27907 1.1496 -0.17087 0.16225 0.058557 -0.032621 1.0249 0.62187 0.15432 0.35914 -0.56405 -0.14264 0.53146 0.40711 -0.37363 -1.0664 0.44396 -0.45085 0.54456
-1.7332 0.43308 0.062546 -0.22245 -0.20328 -0.69736 0.12221 -1.0992 1.0644 -0.12911 1.109 -0.53168 -0.26804 -0.13378 -0.053373 0.35292 0.3158 -1.5006 -0.80042 0.2646 0.48483 0.93557 -0.78676 0.67253 -0.38417 0.20418 1.0989 0.8298 -0.3401 0.22175 0.049213 0.14434 1.1321 -0.13666 -1.2208 -1.0193 -0.10254 -0.09604 0.53779
-1.7701 0.46638 0.049014 -0.012591 0.12823 -0.6611 0.31534 -0.99141 1.1131 0.11372 2.0515 0.11443 -0.24309 0.46546 0.26185 0.014407 0.35526 -1.2021 -0.30401 1.2596 0.58541 0.16435 -0.44751 0.57235 0.18117 0.40668 0.8469 0.74124 -0.56048 -0.10221 0.91975 0.69588 0.86163 -0.37612 -1.2509 -0.13627 -0.54146 0.13063 0.13668
-1.1322 0.74481 -0.13907 0.078091 -0.84233 -1.665 -0.28213 -1.0662 1.3376 -1.064 1.7273 -0.60665 0.025192 0.93397 0.71005 -0.43537 0.015447 -0.59945 -0.44793 1.4083 0.012584 -0.66631 -1.0008 -0.21764 0.17614 0.44922 0.53143 0.36264 -0.58198 -0.51019 1.4807 0.59786 -0.22695 -0.64647 -1.1059 0.51246 -1.0131 0.030992 -0.21481
-1.2084 0.78223 0.050392 0.32491 -1.2245 -1.1288 1.5983 -0.52603 1.6442 -1.1649 1.5025 -0.82232 0.10428 0.69818 0.67199 -0.37967 -0.17027 0.31966 0.264 0.71025 -0.21191 -0.59563 -0.30012 -0.40847 0.020985 0.077466 0.2173 -0.26685 -0.19253 -0.65228 1.6381 0.32417 -1.1898 -0.69614 -0.74695 0.87713 -0.87033 -0.27442 -0.27621
-0.72312 0.93741 -0.44575 -0.28497 -0.48439 -0.67868 2.1274 -0.41985 0.54784 -0.72146 1.4123 0.94573 0.12929 0.79892 0.38727 -0.55648 -0.40278 0.6246 0.17608 0.050836 -0.36982 -0.93531 0.11051 -0.74973 -0.25333 0.003444 0.020023 -0.76557 0.3445 -0.84977 1.2965 0.019353 -1.4546 -0.43669 -0.42944 1.2396 -0.71504 -0.71864 -0.036178
-0.72314 1.27 -0.57939 -0.55458 -0.44421 -1.1549 1.7463 -1.1273 0.14996 -1.0093 0.76143 -0.19104 -0.010357 0.96044 -0.044581 -0.28736 -0.69024 1.3787 0.062499 -0.63669 -0.57336 -1.221 0.64643 -0.80277 -0.14138 0.15978 -0.11092 -0.9783 0.88067 -0.88276 0.66103 -0.48402 -1.0791 0.16626 -0.24181 0.84256 -0.79791 -1.2025 0.41402
-1.1138 1.0983 -0.24655 -0.11999 0.7388 -0.22542 0.032407 -1.6768 0.66617 -0.082016 1.2398 -0.81308 -0.31731 0.83992 -0.28169 0.18221 -1.359 1.3981 -0.31686 -1.0671 -0.6517 -1.2268 0.85015 -1.3664 -1.1352 0.34661 -0.40679 -1.0916 1.3846 -0.8231 0.052727 -0.17127 -0.73787 1.1476 0.01278 0.36721 -0.45106 -0.79835 0.60952
-0.28133 0.79522 -0.88945 -0.48257 0.16893 -1.303 0.14194 -1.1683 0.0081654 -0.37165 1.1125 -0.44226 0.028129 0.45565 -0.71987 0.93915 -1.39 1.2216 -0.52962 -1.0659 0.2576 -0.94091 0.91531 -1.6036 -1.8623 0.61031 -0.42278 -0.97088 1.4023 -0.37064 -1.063 0.53778 -0.30845 1.812 0.11074 -0.24572 -0.14878 0.032094 0.52046
0.37784 0.59346 -0.20567 -0.97089 0.84539 -1.6006 -0.17644 -1.4309 -0.29016 -0.52954 0.4286 -0.54693 0.51656 0.24381 -1.2018 1.4812 -1.636 0.80625 0.0971 -1.3302 1.4534 -1.0478 0.67674 -1.1932 -0.93892 0.81517 -0.10551 -0.76965 1.0278 0.67688 -1.7455 1.488 -0.11725 1.5901 0.26669 -0.41039 0.32984 1.1361 0.053902
-0.34184 0.63263 0.40213 -2.2563 0.75185 -1.066 1.0731 -1.2147 -0.44163 0.17214 -0.69282 -1.8873 0.46804 0.41934 -1.2977 1.748 -1.2647 -0.39686 0.98825 -1.1702 1.906 -1.0834 0.29322 -1.1585 -0.18667 0.81098 0.33653 -0.35604 -0.0034588 1.7005 -2.0938 1.6311 0.14925 0.54957 0.35694 -0.55307 0.96596 1.5136 -0.60369
-0.524 0.16534 0.96344 -1.9501 1.3592 -1.2736 0.052686 0.089591 -0.80198 0.44598 -0.55241 -1.5243 0.65134 0.64675 -1.35 1.747 -0.12006 -1.1944 2.0776 -1.2656 1.6241 -0.61088 0.41484 -0.94799 0.20545 0.33806 0.76604 0.11737 -1.01 2.5109 -1.7459 0.69406 0.33331 -0.63184 0.62112 -0.71725 1.1749 1.2323 -1.0961
-0.58512 -0.32995 1.4556 -2.3717 0.70492 -0.37177 -1.8047 0.75492 -1.0195 -0.20644 0.16724 -1.0095 0.69233 0.91757 -1.2714 0.80519 1.1222 -1.8586 1.9378 -0.77138 1.2469 -0.43093 0.034397 0.12431 0.47088 -0.17803 0.67368 0.62105 -1.7365 2.2586 -0.77046 -0.43287 0.72219 -1.3655 0.89361 -0.79005 0.7976 0.78244 -1.2881
0.26457 -0.46626 1.6607 -1.3397 -0.6963 0.85379 -1.5895 0.52904 -0.85458 0.063593 -0.12481 -0.46754 0.68235 1.508 -1.0032 0.028451 1.9994 -1.8653 1.0874 -0.8039 0.55811 -0.10756 -0.51124 0.41323 1.0961 -0.55498 0.23548 1.0283 -1.9231 1.2699 0.38829 -1.3184 1.1755 -1.1863 0.91794 -0.77336 -0.021889 0.27172 -1.0274
1.2223 -0.73359 1.3732 -0.46687 -1.4598 0.65015 -1.029 0.27131 -0.76002 0.17953 -0.70961 -0.40817 0.4619 1.3193 -0.36832 -0.70503 2.0191 -1.5627 0.55206 0.16738 -0.2138 0.48641 -0.6966 -0.30865 0.86558 -0.93375 -0.50527 0.93641 -1.2724 -0.1229 1.3755 -1.3261 0.96921 -0.52658 0.7992 -0.34974 -0.61379 -0.26275 -0.4578
0.98111 -0.69274 0.69634 0.11733 -1.1376 0.1088 -0.11428 0.042681 -1.0017 -0.33572 0.51972 -1.0061 0.18178 0.90936 0.021703 -1.1667 1.8736 -0.58525 -0.04393 0.81577 0.050399 0.80152 -0.64147 -0.75936 0.52234 -1.0318 -1.1104 0.4808 -0.45305 -1.1709 1.5783 -0.68133 0.56834 0.23039 0.38558 0.19242 -0.34453 -0.71044 0.31712
1.1861 -0.56143 0.67712 0.15918 -1.0195 -0.33624 -1.0388 0.14203 -0.62506 -0.43852 -0.31981 -0.37726 -0.16276 0.21452 -0.12312 -1.0228 0.9486 0.18244 -0.32723 0.52251 0.4808 0.74375 -0.53398 -0.44275 0.24295 -0.71833 -0.894 -0.14661 0.33563 -1.5261 1.0953 -0.060073 0.037698 0.45152 -0.15338 0.6817 -0.069635 -0.7639 1.1021
0.79855 -0.30573 0.25636 0.34932 -0.83164 -0.045526 -0.58446 0.20351 0.060438 -0.63432 -1.0788 -0.14423 -0.32785 -0.13935 -0.27104 -0.67276 0.28261 0.3385 0.06732 0.25355 0.66421 0.55056 -0.21715 -0.16108 0.030631 -0.12312 -0.45949 -0.41709 0.64165 -1.4945 0.11833 0.37637 0.16235 -0.30959 -0.42705 0.84792 -0.078328 -1.1003 1.5075
0.96278 -0.45815 0.058519 0.44354 -0.67521 0.45943 -0.55094 1.1131 0.094926 -0.79471 -0.85688 -0.2593 -0.32211 0.072011 -0.47708 -0.30521 -0.12065 0.11033 0.35785 0.53357 0.36308 0.30099 0.37715 -0.72643 -0.36827 0.48683 0.054079 -0.28114 0.59056 -1.1361 -0.71845 0.33864 0.32791 -0.98762 -0.54064 0.7037 -0.44701 -1.4178 1.3482
0.94871 -1.0164 0.43586 0.075957 -0.94534 0.41206 -0.53441 0.91616 -0.1362 -0.23531 -0.39603 -0.40389 0.054332 0.068824 -0.5349 -0.294 -0.46612 -0.31827 0.40303 1.1654 -0.48835 0.1546 0.4982 -0.75269 -1.2994 0.93019 0.079435 0.079599 0.40908 -0.94642 -0.91323 0.051987 0.20261 -1.0553 -0.37758 0.13331 -1.0341 -1.1448 0.76181
1.0344 -1.0693 0.27669 0.089763 -0.98123 0.29106 -0.33964 0.75238 -0.35954 -0.19274 -0.26368 -0.79837 0.37228 0.21491 -0.48429 -0.07825 -0.86221 -0.8891 0.21417 0.78055 -0.86023 -0.15791 0.43519 -0.98317 -1.8307 1.0487 -0.34745 0.53374 0.13771 -0.72871 -0.3616 0.010966 -0.12221 -0.31022 0.19935 -0.54317 -1.4978 -0.15569 0.061473
1.1868 -1.0237 0.23735 -0.015177 -0.90887 0.1829 0.6465 0.15293 -0.44461 0.1136 -1.2102 -1.339 0.58992 -0.056153 -0.1224 0.0008849 -1.1669 -0.94132 0.23887 0.57252 -0.77328 0.012468 0.019233 -1.9853 -1.4512 0.89201 -0.67748 0.62015 -0.11142 -0.29855 0.3902 0.12884 -0.33237 0.86051 0.88114 -0.59233 -1.4161 1.1771 -0.42678
1.0514 -0.89476 -0.024334 -0.51548 -1.5986 0.29587 0.82938 -0.73737 0.20967 -0.15324 -1.9469 -1.8538 0.70021 -0.55559 0.26506 -0.18402 -1.1719 -0.28258 0.45241 0.56857 -0.093301 0.77955 -0.37682 -2.9444 -0.60105 0.61059 -0.81926 0.42371 -0.36879 0.35006 1.0999 0.040583 -0.12271 1.4079 1.0495 -0.43575 -0.32283 1.7061 -0.53262
1.1112 -0.93227 0.212 -0.89441 -2.2245 0.5194 -0.062317 -0.12275 -0.25406 -0.31779 -2.0548 -2.2222 0.73597 -0.88908 0.19167 -0.44846 -0.88562 0.13925 0.54706 0.55455 0.80803 1.482 -0.18072 -2.451 0.34324 0.42332 -0.63505 0.051238 -0.54119 0.97103 1.3928 -0.34252 0.20783 1.0749 0.44806 -0.059308 1.1036 1.2551 -0.38301
0.73752 -0.80854 0.31679 -1.2965 -1.7285 0.81137 0.081642 0.67055 0.0177 -0.71146 -3.1517 -1.4337 0.75032 -0.99232 0.11242 -0.55266 -0.32978 0.7146 0.13554 0.527 1.0945 1.2464 -0.25839 -1.3504 0.54805 0.37708 -0.38398 -0.17803 -0.66727 1.2744 1.1775 -0.72945 0.70512 -0.052015 -0.36746 -0.042112 2.0608 0.20545 -0.20434
0.02441 -0.72459 0.018638 -1.3065 -0.66209 0.77247 0.74852 0.85888 1.2699 -0.48414 -4.0531 -0.82428 0.87308 -1.097 0.048775 -0.84329 0.27937 1.275 -0.34189 1.0471 0.72988 0.69311 -0.13301 -0.67012 0.38193 0.35729 -0.0028815 -0.099751 -0.4652 1.2753 0.48189 -0.94957 0.80238 -1.3575 -1.1603 -0.39795 2.3844 -0.92324 -0.18646
0.074655 -0.94003 -0.67314 -0.75434 -0.82204 0.72042 1.1355 1.5016 1.8275 0.039515 -2.8523 -0.6426 0.9424 -1.214 0.025791 -1.256 0.69648 1.4448 -0.66511 1.8537 -0.1505 0.42704 -0.46171 0.097594 -0.23375 0.29608 0.48061 0.016877 0.16353 0.89715 -0.44792 -0.74448 0.34225 -2.1512 -1.5613 -0.64932 2.2643 -1.1999 -0.35267
0.14669 -0.8551 -0.4773 -0.45198 -0.39322 0.04979 1.4 0.62373 0.71673 -0.46472 -2.643 -1.588 1.0735 -0.78648 0.062752 -0.9801 1.0538 0.71364 -1.0827 1.6334 -1.2066 -0.47005 -0.80228 1.3727 -1.0524 0.14671 0.7499 0.15554 0.77346 0.29675 -0.91905 -0.38012 -0.41603 -2.1499 -1.4923 -0.8372 1.7884 -0.61428 -0.43389
-0.3553 -0.81501 -1.0872 -0.37452 -0.32691 -0.0081245 1.9786 0.012959 0.49019 -0.56398 -3.0078 -1.8285 1.0656 -0.19907 0.13951 -0.16629 1.0082 0.12258 -1.088 0.97892 -2.1193 -1.3506 -1.1147 1.9476 -1.054 -0.1175 0.772 0.1978 0.90806 -0.3978 -1.0599 0.11914 -1.257 -1.2049 -0.63118 -0.60573 1.0377 0.79036 -0.32823
-0.71451 -0.84052 -1.4489 -0.25282 -0.077875 0.062345 2.8661 0.070194 0.56112 -1.3282 -2.4513 -2.1515 1.001 -0.12307 0.27128 0.0952 0.69405 0.14517 -0.94959 0.5863 -2.4654 -1.456 -1.3471 1.8193 -0.39959 -0.17395 0.44476 0.09483 0.72272 -1.0426 -0.80871 0.72653 -1.6658 0.30716 0.56981 -0.33776 0.171 1.9537 -0.047738
-0.25302 -0.65914 -0.72081 0.20743 -0.73106 -0.48781 2.2705 -0.84925 -0.091342 -1.5238 -1.4691 -2.1414 0.89172 -0.020596 0.27565 -0.053136 0.11115 -0.33629 -0.48916 -0.34331 -1.8613 -0.36406 -1.2992 1.8613 0.95269 -0.10188 0.036575 0.01535 0.27084 -1.4329 -0.46334 1.0768 -1.967 1.4624 1.2721 -0.15422 -0.48123 1.5821 0.23035
0.12214 -0.65786 0.014432 0.21797 -0.58439 -0.4515 1.8149 -1.8479 -0.36306 -1.3456 -1.2004 -1.6281 0.71363 0.0018495 0.16665 0.34971 -0.50298 -0.63276 0.15199 -1.3119 -0.73281 0.19871 -1.3213 1.7548 1.6971 0.057784 -0.34568 0.072874 -0.0077695 -1.4782 0.35337 1.0553 -1.7147 2.3491 1.2574 0.026688 -0.6636 0.14277 0.31473
-0.19319 -0.61561 -0.90646 0.14075 -0.2664 -0.55513 2.1315 -1.7485 -0.4546 -1.7023 -0.74267 -1.2707 0.91918 -0.19169 0.2232 0.22947 -1.1491 -0.39118 0.64024 -2.3311 -0.13415 0.41452 -1.3973 1.0785 0.93488 0.1586 -0.60344 0.34464 -0.12007 -1.071 1.1741 0.18933 -0.70576 2.4435 0.50222 0.3782 -0.83414 -1.4838 0.2376
-0.27778 -0.53279 -1.1959 -0.70859 -1.0371 -0.33361 0.78856 -1.4793 0.86043 -2.2546 -0.90254 -0.34829 1.0781 -0.72409 0.43063 -0.055417 -1.5188 0.86162 0.71896 -2.1323 1.2483 0.71721 -1.231 0.9626 -0.12472 0.2313 -0.37504 0.63108 -0.066201 -0.40194 1.7186 -1.0428 0.5919 1.5774 -0.30882 1.2251 -0.92657 -1.9362 -0.042101
-0.65735 -0.72452 -0.4162 -1.1657 -1.2711 0.54294 0.22668 -0.20104 0.8553 -2.485 -0.82606 -0.13377 1.1094 -0.85426 0.75753 -0.074454 -1.4409 1.2052 -0.38089 -1.4592 1.9091 0.40106 -0.62315 0.68505 -1.0021 0.21565 0.16015 0.66213 0.17604 0.47381 1.7443 -1.9928 1.7794 0.21843 -1.0557 2.0619 -0.7696 -0.94587 -0.35155
-0.70414 -0.42161 -0.73587 -1.5778 -0.46089 0.50219 -1.0572 -0.7743 0.44044 -3.1323 -0.86418 -2.164 1.0239 -0.41153 1.02 0.38072 -1.1302 1.9188 -1.5657 -0.46184 1.3207 -0.42207 0.58868 0.20347 -1.0712 -0.042272 0.78975 0.61448 0.23244 1.1396 0.7441 -2.1483 1.8586 -1.664 -1.46 2.4741 -1.0201 0.80751 -0.73863
-1.0445 0.028703 -0.49945 -1.5287 1.4011 -0.17792 -0.33081 0.533 0.52036 -2.4923 0.21967 -2.405 1.0445 -0.033609 1.104 0.35329 -0.43233 2.4802 -2.4659 0.6931 0.25979 -1.1646 1.5471 0.0084759 -0.42192 -0.30257 0.99156 0.50696 0.37368 1.668 -0.56889 -0.89583 1.1611 -2.0845 -1.2093 2.111 -1.1691 2.3345 -1.3176
-0.93533 0.30236 -0.56766 -1.5753 0.75206 -1.701 0.53527 0.3976 0.015586 -1.7499 -0.5201 -2.16 1.0425 0.42582 1.3486 0.18035 0.16839 1.6746 -2.8176 0.82266 -1.1608 -1.472 2.3053 -0.62508 1.131 -0.76603 0.7867 0.26991 0.29158 2.0102 -2.1104 1.088 -0.17526 -1.3262 -0.57725 1.0893 -1.1868 2.5039 -1.8086
-0.47436 0.49951 -0.4515 -1.6679 1.8702 -2.3106 1.3421 -0.4787 -0.70154 -0.8737 -0.96676 -1.3292 0.88532 0.68664 1.4943 0.74522 1.1175 0.21882 -1.6707 0.41821 -0.90242 -1.5356 2.4643 -1.11 2.3826 -1.6639 0.30708 -0.051363 0.43174 2.038 -2.6389 2.8243 -1.3564 0.057696 0.079021 0.068552 -0.20647 1.5089 -1.9403
-0.38724 0.49144 -0.44289 -1.3353 1.9273 -2.2666 1.1403 -1.147 -0.5151 -0.73969 -0.93073 -0.35386 0.66413 0.78255 1.3066 0.74738 1.9606 -1.0633 0.3395 -0.70081 -0.6745 -1.4108 2.1745 -1.4802 2.3384 -2.4383 -0.475 -0.73647 0.49341 1.4892 -2.3852 3.828 -1.4532 1.259 0.91498 -0.58357 1.148 -0.075563 -1.2454
-0.17002 1.0537 -0.22318 -0.91028 0.66003 -2.1196 0.14102 -2.0609 -1.3315 -0.076757 -1.6501 0.42257 -0.0058175 0.39313 1.0384 0.90021 2.5908 -1.2936 1.9504 -1.4812 0.1339 -1.0328 1.7574 0.057187 1.8706 -2.7671 -1.0074 -1.7092 0.60469 -0.03408 -1.5736 2.9563 -0.82024 1.0799 1.7152 -0.93394 2.0365 -1.4151 0.58561
-0.040041 1.6512 0.68799 0.40409 0.09796 -1.1161 -0.6066 -0.43307 -1.5191 -0.22344 -1.7065 -0.1736 -1.2065 -0.36991 0.27802 1.0511 2.2955 -2.2175 3.5012 -1.3734 0.77638 0.14165 1.5901 0.98812 1.2326 -2.333 -0.83851 -2.4577 0.75607 -1.5718 -0.69788 1.0322 0.37129 0.34719 2.3535 -1.253 2.1277 -1.8317 2.5648
-0.11405 1.4092 0.24173 1.242 -0.14141 -0.020549 -0.88656 0.18991 -1.3431 0.50983 -1.7215 0.081082 -1.6378 -0.73312 -1.0108 1.7542 0.88429 -2.2707 3.0241 -1.0196 0.47903 1.1831 1.0358 1.542 0.20205 -0.7202 0.16679 -2.6252 -0.05453 -2.618 -0.19487 -1.2469 1.1912 -0.62538 2.1144 -1.0288 0.96159 -1.4505 3.7984
-0.47043 1.2669 0.58453 1.6445 -0.18895 -0.025392 -0.98603 -0.01273 -1.4872 0.61964 0.33094 0.35347 -1.7342 -0.31613 -2.0122 1.7705 -0.20913 -1.9346 1.9868 -0.12363 -0.16633 2.2762 0.22093 1.8371 -0.3628 0.90155 1.2321 -1.7922 -1.2992 -2.5498 0.54991 -3.1354 1.2846 -0.60831 0.88499 -1.0817 -0.22328 -1.1173 3.6124
-1.1998 0.38467 1.0326 0.71323 -1.3891 1.9451 -0.22859 -0.36252 0.26844 1.1591 0.15163 0.62591 -1.2571 0.69375 -2.4562 0.44187 -1.1919 -1.8146 0.045215 0.47863 -0.60701 2.2078 0.54482 1.4749 -0.13338 2.0776 1.5919 -0.46406 -2.5642 -1.5722 1.0952 -3.2944 0.91604 0.67663 -0.085599 -0.87883 -1.4455 -0.5177 2.1722
-1.073 -0.84949 2.6284 -0.87377 -1.6659 0.22858 -0.96883 -1.4212 1.0163 0.19859 0.22333 -0.29191 0.35021 1.3522 -2.1654 -0.76955 -1.5701 -1.3735 -1.6875 0.66467 0.14037 1.4332 -0.16009 0.61087 -0.75982 2.4136 1.1674 0.71139 -2.8126 -0.24165 1.9434 -2.4952 0.28424 2.1656 -0.90187 -0.41296 -1.733 0.11009 0.42102
0.22991 -0.74519 2.1295 -0.34813 -2.0591 -0.018352 -0.16969 -1.5751 1.4541 -0.13597 0.058554 -0.3701 0.48317 1.5802 -1.7508 -1.8695 -1.459 -0.41638 -2.1551 0.57475 1.6476 1.4317 -0.39172 -0.57979 -0.60513 2.2193 0.17847 1.354 -2.3699 0.92625 2.5777 -0.61929 -0.091037 2.6116 -1.1268 -0.0085066 -1.1352 0.59316 -1.0978
1.3761 -0.85387 -0.27093 -0.34061 -2.1764 -1.1348 0.021521 -0.069453 0.64413 1.4238 0.043991 0.084183 0.49771 1.5482 -1.1022 -2.4422 -0.54048 1.1542 -2.2299 0.44767 2.9263 0.82889 -0.061931 -0.41702 0.076113 1.547 -0.77904 1.1857 -1.2477 1.2025 2.545 1.102 -0.33594 1.4597 -0.87056 0.64534 -0.13659 0.99994 -1.5849
0.98892 -0.89751 -1.2434 -0.56327 -1.6619 -1.7588 -0.019867 0.91891 -0.00023895 0.093735 -0.31165 -0.84456 0.72405 0.94636 -0.5884 -3.2442 0.074427 1.9456 -1.0113 0.39323 3.0881 0.21643 0.49725 -0.15584 0.58178 0.64337 -1.2753 0.82117 0.33857 0.98998 1.76 2.0745 -0.34254 -0.67318 -0.5144 0.52542 0.70122 0.66399 -1.3915
0.53778 -1.1906 -1.0464 -0.91832 -0.78668 -1.0975 -0.11294 2.1347 1.9715 0.15371 -0.47446 0.062392 0.96898 0.125 -0.6449 -2.4606 -0.024431 2.4059 0.073033 0.030803 2.2662 0.26928 0.61367 0.15294 0.56307 0.50542 -1.0226 0.45103 1.5231 0.54635 0.51946 2.2667 -0.31117 -2.2969 0.02487 0.30278 0.75782 0.37564 -0.86312
0.69053 -1.425 -0.77046 -0.38575 0.4197 -0.72473 0.18838 2.5732 1.946 0.99408 -0.11099 0.68404 1.0889 -0.23428 -0.52266 -1.2079 0.18672 2.3883 1.094 0.04426 0.67237 0.66529 0.26555 0.48238 0.42089 0.3729 -0.52946 0.29635 2.0642 0.3016 -0.41804 1.331 -0.34129 -2.6839 -0.19414 -0.43754 0.53143 0.053451 -0.37436
0.86791 -1.4008 -2.3252 -0.49369 0.49777 -1.1966 -0.2558 1.5559 0.72843 0.85127 0.17599 0.1005 0.96891 0.11236 -0.33303 -0.54466 0.45394 1.9456 1.5266 -0.04879 -0.33145 0.65659 0.63469 0.71863 0.87088 0.21402 -0.25996 0.32216 1.801 0.16401 -1.2304 0.20481 -0.33446 -2.0138 -1.1507 -1.2645 0.088141 -0.17857 -0.21198
0.93267 -1.4283 -2.0765 -0.36192 0.76274 -0.20301 -0.016658 1.5412 1.3479 1.1575 0.18291 0.16219 0.97376 -0.097571 -0.21589 -0.25264 0.41512 1.3613 1.0815 -0.30318 -0.83205 -0.37116 -0.31015 0.58561 0.52187 0.15231 -0.28841 0.212 1.7576 0.020462 -1.5783 -0.53284 -0.11055 -0.96085 -1.9977 -1.4716 -0.24201 -0.31673 -0.0071137
0.82266 -1.4225 -1.9454 -0.20508 1.0384 -0.13466 0.13685 1.1128 1.6295 1.0085 0.43011 0.1854 1.0143 -0.4603 -0.22418 0.5084 0.17664 0.52165 0.50398 -0.51689 -0.89627 -1.5547 -1.4343 0.2827 0.15986 0.25519 -0.39121 0.14885 1.6743 -0.11474 -1.6338 -0.87776 0.39957 -0.65717 -2.3084 -1.3943 -0.38692 -0.87953 0.12131
0.95662 -1.376 -1.4027 -0.043146 1.2864 0.22853 -0.2714 1.2403 1.8778 0.72268 0.38855 0.87943 1.1236 -0.5212 -0.19784 1.6292 0.36456 0.024491 0.4614 0.042118 -0.91042 -2.2964 -1.4212 0.25393 0.15767 0.34031 -0.29241 0.19584 1.1024 -0.21551 -1.4114 -0.33991 0.89366 -0.72383 -1.3908 -0.35687 -0.64661 -0.8535 0.014642
0.17825 -1.6289 -1.3017 -0.3254 1.4412 -0.10581 -0.70086 1.4158 0.90679 -0.32495 0.24519 0.87898 1.2088 -0.4525 -0.07452 1.719 0.25839 -0.56995 -0.040757 0.64784 -1.5664 -3.0809 -1.3872 0.16251 -0.64936 0.32648 -0.33142 0.34849 -0.089261 -0.32191 -0.67648 0.51737 0.97972 -0.85534 0.25165 0.27902 -0.76343 -0.44562 -0.29205
0.19255 -1.7189 -0.54981 -0.21522 0.74313 -0.68105 -0.70619 0.87687 -1.7626 -0.89756 0.31094 0.21978 1.346 -0.68263 0.059924 1.2539 -0.040376 -0.84338 0.62019 1.0545 -1.9009 -2.4392 -0.98049 -0.57006 -0.72574 0.14166 -0.4929 0.57886 -1.171 -0.59101 0.27517 1.016 0.60155 -0.40361 1.8661 0.20072 -0.50802 0.099934 -0.53783
0.50001 -1.517 0.040856 0.25409 0.40289 -0.05143 0.54783 -0.0219 -2.0014 -0.12905 0.63181 0.12059 1.2791 -1.038 0.26762 0.531 -0.24015 -0.36254 1.5139 1.1034 -2.0609 -0.9693 -1.1181 -0.7432 -0.26533 -0.14223 -0.55852 0.75241 -1.4293 -0.68402 1.2984 1.038 0.17008 0.78601 2.9128 0.16738 0.12896 0.72622 -0.58733
0.46888 -1.3966 0.11133 -0.04052 0.077829 -0.046582 1.3719 -0.87844 -1.7878 -0.27192 0.37253 -0.80399 1.3209 -1.2064 0.65929 -0.0087588 -0.52294 0.45739 1.8338 1.1213 -1.4438 0.45003 -1.1648 -0.24544 0.14914 -0.3402 -0.32061 0.7283 -1.1431 -0.71488 1.6052 -0.25452 -0.51114 1.7643 2.2784 -0.011103 0.59019 0.4963 -0.42085
-0.37046 -1.3376 -0.63109 -0.49199 0.29524 1.1599 1.1181 -0.99517 -0.31586 -0.32084 -0.84284 0.18744 1.1178 -1.2984 0.96099 -0.37508 -0.81598 1.3105 1.5489 0.98639 -0.26009 1.4085 -0.96616 0.25918 0.30252 -0.43165 0.30532 0.56315 -0.43199 -0.55238 1.1531 -1.6627 -0.90403 2.1271 0.78949 0.42779 0.52915 -0.098005 -0.21812
-0.9179 -1.1767 -0.89279 -0.52507 1.4417 1.953 0.43376 -0.90307 0.57589 -1.6867 -0.40478 1.1752 0.92981 -1.1894 1.0058 -0.47154 -1.1275 1.4489 0.050633 0.008692 0.63767 1.0138 -1.0598 0.064771 -0.063034 -0.42947 1.0694 0.20721 0.40035 -0.08453 0.019846 -2.2979 -1.0643 1.6239 -0.71878 0.85756 0.19957 -0.77329 -0.10751
-1.2889 -0.80902 -0.86166 -1.0317 1.9961 1.1049 1.0024 -0.11291 -0.21768 -2.0251 0.70299 0.49335 0.91372 -0.44481 1.0948 -0.057453 -1.0004 1.3894 -1.141 -0.29596 1.0435 0.35827 -0.35721 0.12165 -0.35686 -0.46855 1.7106 -0.11937 1.0353 0.51131 -1.3497 -1.7143 -0.9576 0.49248 -1.3299 1.3642 -0.3976 -0.92874 -0.19739
-0.8411 -0.4529 -0.43357 -1.0075 2.0997 0.7259 1.6332 0.39176 -0.63517 -1.0609 1.0126 -0.12616 0.92574 0.48048 0.96317 0.60288 -0.59348 0.4569 -1.7185 -0.54056 1.0702 -0.48734 0.14384 0.21657 -1.019 -0.50454 1.98 -0.05854 1.3327 1.2981 -2.0392 -0.31005 -0.46439 -0.39364 -0.74863 1.7663 -0.72467 -0.018806 -0.44862
-0.7829 -0.42635 -0.55181 -1.4227 1.6678 -0.47058 0.39674 0.16857 -0.56623 -1.1183 -0.20578 -0.55899 0.82032 1.249 0.77535 1.0714 -0.09979 -0.82374 -1.2228 -0.81079 0.48717 -0.54816 0.98791 -0.55898 -1.0166 -0.72982 1.4719 0.13585 1.0337 1.7247 -1.8922 0.60297 0.015853 -0.61434 0.1569 1.4829 -0.69736 0.95165 -0.62635
-0.19939 -0.1812 -0.21451 -1.4789 1.9916 -0.67373 0.70679 0.097688 -0.4227 -0.64874 -0.30744 -0.55133 0.65855 1.8793 1.0662 1.5159 0.91856 -1.4185 -0.57863 -0.73687 0.15462 -0.056263 1.5718 -0.95911 0.22171 -1.0619 0.65684 0.38636 0.28112 1.6613 -0.85352 0.90179 0.70109 -0.31988 0.85829 1.3568 -0.066276 1.6078 -0.59254
-0.016088 -0.31332 0.14927 -1.0436 1.0217 0.24661 -0.195 0.48349 -0.59933 -1.0283 -0.19936 -0.23566 0.40169 1.7658 1.2878 1.4665 1.5604 -1.3604 -0.43962 -0.16006 0.31048 0.46377 1.7056 -0.60276 0.84618 -1.2553 -0.0012934 0.53894 -0.385 1.1493 0.36371 0.52542 1.0816 0.13752 0.76353 0.80428 0.69266 1.2963 -0.23452
0.61621 -0.13719 0.72895 -0.58366 0.27576 0.71752 -0.44031 -0.18736 -0.43964 -0.53973 -0.496 -0.11751 0.018554 1.5193 1.3946 0.94797 1.7713 -0.93795 -0.20331 0.65677 0.5409 0.75628 2.3272 0.12621 1.1364 -1.2497 -0.54246 0.33236 -1.0483 0.19306 1.0747 -0.17962 1.0305 0.34747 0.374 0.35474 0.88371 0.24627 0.22077
1.3881 0.95291 1.4784 0.59272 0.25908 -0.21319 0.77817 0.48511 -0.45424 0.69614 -0.21983 0.79001 -0.29344 1.4239 1.5687 0.62533 1.6839 -0.35486 -0.30401 0.83962 0.56666 0.60216 2.1242 0.22923 1.013 -1.0348 -0.76392 -0.10711 -1.2661 -0.60903 1.2602 -0.39552 0.5251 0.32423 0.046854 -0.34103 0.5452 -0.43198 0.56085
1.1084 1.0419 1.1382 0.80618 0.57113 -0.7373 1.341 0.91998 0.32238 1.0553 -0.13483 0.41545 -0.42494 0.97429 1.5179 -0.060804 1.2279 0.17354 -1.0392 0.99974 0.70781 0.63776 2.04 0.31904 0.60352 -0.79652 -1.0672 -0.98467 -1.2543 -1.1167 0.66844 0.056044 -0.16662 0.061703 -0.15162 -1.2813 0.076467 -0.73508 0.72003
1.0344 0.96698 0.19994 0.4318 0.76455 -0.66641 1.1886 0.74795 0.55862 1.757 -0.087804 0.58644 -0.52192 0.52415 1.0409 -0.44265 0.66064 0.54023 -0.87357 0.80977 0.86307 0.61994 1.2319 0.35129 0.27198 -0.5277 -1.0732 -1.6303 -1.0659 -1.0224 -0.00083266 0.81025 -0.56326 -0.2888 -0.25963 -1.4626 0.098948 -0.58971 0.66356
1.8956 1.5321 1.0006 0.80386 1.251 -0.15754 1.1683 0.7345 -0.11773 1.1491 -0.071654 0.62251 -0.47954 -0.14506 -0.079107 -0.90912 0.13515 -0.082436 0.1898 0.31401 0.51776 0.44005 0.40634 0.22436 0.082719 -0.27828 -0.72373 -1.8335 -0.68434 -0.46297 -0.6543 1.2291 -1.0379 -0.6812 -0.2916 -1.284 0.17062 -0.45431 0.53275
1.2754 1.4329 0.267 0.80389 0.55933 -0.95411 0.95756 1.2599 0.25769 1.5127 0.082421 0.46768 -0.65424 -0.14249 -0.51247 -0.98156 0.26395 -0.22819 0.79361 -0.034758 0.10454 0.1737 0.23668 0.47849 0.12909 -0.16499 -0.15663 -1.8467 -0.50354 -0.049536 -1.0732 0.76084 -0.89597 -0.73095 0.00045057 -0.3794 0.20066 -0.029267 0.57961
1.5216 1.3419 0.61329 0.73801 1.0171 -0.61103 1.4037 1.1626 0.6025 1.314 -0.045923 0.53318 -0.69328 -0.12706 -0.94454 -1.0934 0.5357 -0.71714 0.73007 -0.82382 -0.23382 0.26846 0.16556 0.59365 -0.20867 -0.071469 0.39275 -1.5108 -0.16404 -0.079249 -0.94616 -0.18294 -0.40428 -0.45605 0.15492 0.50286 0.43621 0.03015 0.84968
0.7366 0.44333 -0.19149 0.81117 -0.18022 0.13302 1.5303 1.2322 0.43373 1.4088 0.085038 0.89971 -0.58305 0.20267 -1.7888 -1.3071 0.36494 -1.2338 0.46336 -0.55955 -0.17887 0.70814 0.66364 0.56196 0.35241 0.35501 0.27196 -1.1858 0.055027 -0.65218 -0.98202 -0.8738 0.12603 -0.044503 0.19705 0.86328 0.10772 -0.086168 1.1156
1.1412 0.4811 -0.6289 1.1577 0.74585 0.33046 0.91507 0.66618 0.55411 1.702 0.6663 0.47226 -0.61754 0.45699 -2.1093 -1.0542 -0.06791 -1.4234 -0.044935 -0.29632 -0.22322 0.48985 1.146 1.0258 0.02019 0.90728 -0.063584 -0.42272 0.41822 -1.3877 -0.59681 -1.0995 0.58264 0.13734 0.33823 0.55815 -0.40581 0.084353 1.078
1.4586 0.20761 -0.96452 1.3782 -0.26777 -0.021914 -0.8459 0.30391 0.64902 1.7525 0.5727 0.14276 -0.58653 0.10111 -2.0235 -0.89045 -0.68866 -1.7887 -0.68784 -0.022004 0.017582 0.46581 1.3703 0.481 -0.16017 1.2436 -0.72985 0.59622 0.77608 -1.7337 0.065204 -0.72274 0.53545 0.32362 0.55684 -0.45617 -0.6436 0.14578 0.67898
2.326 -0.74953 -0.63912 1.0874 -0.86655 -0.25316 1.155 1.1539 1.2016 2.1702 0.45458 1.5156 0.10026 -0.20464 -1.5708 -0.49707 -1.6064 -1.6025 -1.0433 0.1734 -0.059769 1.08 0.86823 -0.12374 0.20111 1.3182 -1.2919 1.3889 0.76481 -1.6088 1.1226 0.02846 0.29032 0.52005 0.86044 -1.4541 -0.5167 0.31834 0.081252
1.4518 -1.0853 -0.95778 0.22894 -1.3348 -1.24 1.1684 1.0986 0.87048 3.0873 1.5967 0.095943 0.48212 -0.9133 -0.99914 -0.097327 -2.2001 -1.0168 -0.58518 0.36933 0.37426 1.5487 -0.029042 -0.073274 0.53371 1.3047 -1.2383 1.9797 0.65148 -0.93542 2.1237 0.70442 -0.52578 0.21936 0.64222 -2.1968 -0.009468 -0.30634 -0.54485
0.86487 -1.0577 -0.82875 -0.3792 -1.6636 -0.78737 1.4759 1.1182 1.1266 2.7407 -0.053239 0.41269 0.63903 -1.5949 -0.16039 0.016005 -2.4063 0.37895 -0.04659 0.14054 0.61562 1.7024 -0.84303 0.33425 0.27725 1.015 -0.40687 2.1476 0.54136 0.27731 2.3076 0.91424 -1.038 -0.12808 -0.12897 -2.1345 0.14176 -1.0861 -0.94919
0.50374 -1.0731 -1.1496 -1.344 -1.794 -0.65842 0.86453 0.53263 2.3602 1.9846 -0.046135 1.3265 0.64175 -1.6567 0.77756 0.10328 -2.0879 1.3599 0.3009 -1.1416 0.11181 1.4641 -1.8448 0.24778 -0.79698 0.46837 0.79632 2.0263 0.6197 1.4321 1.6384 0.30299 -1.0407 -0.57123 -0.98057 -1.3902 0.27089 -1.8892 -1.1726
0.37523 -0.45538 -0.65013 -1.4173 -0.24999 -0.16379 0.51739 1.3038 2.8511 1.3035 1.0787 1.0482 0.77795 -0.64059 1.344 0.44249 -1.1294 1.7069 0.44693 -1.3172 -0.17287 0.86107 -2.1786 -0.00092528 -1.2336 0.12172 1.5627 1.6159 0.96385 2.2913 0.36733 -0.13151 -0.57148 -0.86185 -1.9786 -0.30775 0.18153 -1.8835 -1.2362
-0.22851 -0.30046 -0.85121 -1.7632 0.28527 -0.37742 -0.018768 1.6777 2.8036 1.0414 1.3431 0.55893 0.77053 0.1828 1.8372 0.87898 -0.084603 1.5127 -0.19847 -1.1537 -0.33836 -0.026325 -1.931 0.62319 -2.3572 -0.24336 1.2332 0.82852 1.0623 2.6176 -0.65997 -0.13106 0.32588 -1.0845 -2.6046 0.53122 -0.22075 -0.77724 -1.2418
0.1775 -0.0088505 -0.53527 -1.8684 0.56483 -0.49645 -0.50874 0.93304 2.5648 0.38407 0.7137 -0.512 0.72001 0.57512 2.1723 1.4753 0.9985 1.0187 -0.0874 -1.0884 -0.83182 -1.5808 -1.3553 0.50551 -2.5779 -0.73196 0.051101 0.048394 0.93223 2.3709 -0.97313 0.22923 0.70741 -1.0413 -2.4171 0.53216 -0.42133 0.7446 -1.3351
0.83032 0.49312 -0.27064 -1.1442 0.23745 -0.71833 -0.40991 0.46957 1.6643 0.68657 0.59644 -1.3608 0.60705 0.17324 1.8332 1.6221 1.8821 0.41802 0.27853 -0.54636 -1.6647 -2.6182 -1.2506 -0.41142 -1.6302 -1.2173 -1.1854 -0.74398 0.33772 1.5651 -0.70583 0.67124 0.92131 -0.42289 -1.3176 0.65551 -0.66938 2.3603 -1.2449
1.0975 1.2166 0.49151 -0.55209 0.031648 -1.0191 -0.13611 0.56549 1.6346 0.1137 0.85196 -1.7195 0.23299 -0.53723 1.4359 1.8576 2.4468 0.358 0.68504 -0.084456 -1.5315 -2.7644 -1.5111 -0.27101 -0.17243 -1.6624 -1.9143 -1.3844 -0.67324 0.27661 -0.18682 0.59997 1.1093 0.49557 0.51109 0.63829 -0.52211 2.8392 -0.78286
0.86767 1.6484 1.1548 0.083295 0.26162 -0.15202 -1.2166 -0.32712 0.080658 0.23096 1.3324 -1.0476 -0.28607 -1.6093 0.89364 1.3386 2.201 0.46779 0.83184 0.34423 -0.80662 -2.1167 -0.61593 -0.24761 0.97548 -1.8958 -1.6728 -1.5327 -1.5244 -0.96178 0.0050822 0.10299 1.0034 1.1309 1.9442 0.77089 -0.2855 2.0868 0.034176
-0.2976 1.2967 1.253 1.0818 0.84103 0.35849 -0.15515 -0.74087 -0.77574 -0.52503 0.19963 -0.55371 -0.59199 -2.3243 0.19747 0.33622 1.3708 0.63004 0.90093 0.8735 -0.29131 -0.78912 -0.46749 -0.55542 1.5769 -1.7244 -0.67448 -1.2287 -2.066 -1.8141 -0.3208 -0.70664 0.85648 0.9359 2.5742 0.77718 -0.39712 0.70199 0.93668
-1.0336 1.1529 1.5835 1.2812 0.85774 0.11291 -0.2245 -0.1649 -0.51516 -1.1727 0.87886 0.15073 -1.1112 -2.2459 -0.25457 -0.52421 0.57025 0.29221 0.37874 1.1526 -0.078721 0.35547 -0.32053 -0.79832 1.504 -1.1281 0.77592 -0.5804 -1.7468 -1.8601 -0.91575 -1.2786 -0.051093 0.1417 1.9263 0.16659 0.25248 -0.6456 1.5944
-1.4485 1.2087 0.9326 0.84576 0.88924 0.010345 0.16339 0.089748 0.17218 0.62719 0.22766 -0.079333 -1.3421 -1.5562 -0.15926 -1.1528 -0.22688 -0.17912 -0.60191 1.3708 -0.068919 1.2441 -0.19526 -0.73701 0.90599 -0.45277 1.6004 0.039869 -0.91106 -1.2483 -0.99171 -1.1128 -0.80854 -0.44243 0.69537 -0.10748 0.51922 -1.4095 1.7075
-1.6555 1.0319 0.040385 0.56038 0.83394 0.15483 1.1187 0.11311 1.1087 -0.10487 0.038107 0.10723 -1.2356 -0.46052 0.049531 -1.2489 -0.57764 -0.91207 -1.1464 -0.011758 -0.63704 0.79163 -0.42471 0.33706 0.058995 0.18075 1.9869 0.22182 -0.11683 -0.51714 -0.77719 -0.56554 -1.2617 -0.83869 -0.74097 -0.54984 0.66967 -1.2104 1.3376
-1.4911 1.1709 0.19236 0.46986 0.25303 -0.42418 0.92923 -0.17798 1.4216 -0.6741 0.09802 0.17607 -0.95682 -0.052625 0.12017 -1.0366 -0.45603 -0.70031 -0.71377 -0.29311 -0.86831 0.41056 -0.59806 -0.12203 -0.4234 0.52607 1.8835 -0.069495 0.50771 0.028291 -0.34446 -0.22359 -1.4999 -0.95176 -1.8237 -0.4155 0.22956 -0.77716 0.89191
-1.3527 1.4667 -0.15842 0.22615 0.23708 -0.77177 0.86459 -0.94758 0.81729 -0.40654 0.19455 0.1785 -0.83436 0.93146 0.0023268 -0.79998 -0.30989 -0.9616 -0.77878 -0.74619 -1.3065 -0.73545 -1.125 0.18134 -0.17074 0.65813 1.3913 -0.38589 0.62216 0.087888 0.54395 -0.13079 -0.68294 -0.51196 -1.6462 0.14258 -0.51498 -0.41745 0.55962
-1.0209 1.1888 -0.085474 0.62766 -0.58025 -1.04 -1.201 -1.4755 -0.33284 -1.4348 1.3435 -0.55341 -0.57475 1.4724 -0.25437 -0.40166 -0.30651 -0.82539 -1.272 -1.5091 -1.5817 -1.7052 -0.60098 -0.20886 -0.48438 0.82594 0.78765 -0.41814 0.49892 -0.19004 1.0419 -0.51993 0.20673 0.10826 -0.96388 0.57065 -0.68058 -0.37196 0.45973
-1.5236 1.2435 0.049879 0.52475 0.45804 -0.21216 0.030391 -0.59914 0.82816 -0.87158 -0.18329 -0.36097 -0.79226 1.5275 -0.44159 -0.37208 -0.48354 0.21092 -1.1562 -0.88036 -1.2718 -1.502 -0.14058 -0.58499 -0.72319 0.98292 -0.2914 -0.25567 0.35583 -0.47457 1.464 -0.76049 1.3614 0.69032 0.06065 0.87014 -1.0462 -0.33908 0.4114
0.24451 1.0613 -0.73799 0.12758 -0.73918 -0.99393 -0.22721 -1.7544 -0.66708 -0.81977 0.29568 0.14753 -0.55831 1.2054 -0.39333 -0.29179 -0.73484 0.74442 -1.6415 0.22535 -0.66993 -1.1679 -0.011015 -1.0192 -0.87226 1.1459 -1.0964 -0.11971 0.19683 -0.47708 1.0803 -0.81332 1.6429 0.79346 0.49805 0.54061 -0.58372 -0.002955 0.32162
0.30428 0.69393 -0.28756 0.0071906 -0.43346 -2.0169 -1.4884 -2.2816 -1.2465 -1.0326 -0.40607 -0.61268 -0.00050196 0.48576 -0.37624 -0.16953 -1.0086 1.107 -2.222 1.3402 -0.41376 -0.87911 0.2166 -1.389 -0.63857 1.1981 -1.733 -0.045179 0.26702 -0.18913 0.73453 -0.38693 1.1895 0.89956 0.53163 0.33325 -0.28203 0.18219 0.014511
0.15681 0.8893 -0.31758 -0.29166 1.1921 -1.7607 0.025271 -1.8744 -0.38811 -0.73501 -0.33667 -0.89835 0.28489 -0.17877 -0.49459 -0.12134 -0.96166 0.83234 -2.4795 0.94422 -0.46141 -1.0008 0.24378 -0.90303 -0.5413 1.2656 -1.6282 -0.044088 0.14481 0.10173 0.38861 0.44899 0.43554 0.93078 0.50903 0.42269 0.26909 0.49335 -0.42297
-0.24108 1.1014 -0.52774 -0.6196 0.97284 -2.7371 1.0576 -1.5355 -1.0165 -0.83753 -0.65669 -1.1565 0.43088 -1.2123 -0.46665 0.058406 -0.73403 1.5988 -1.5709 1.3412 0.37976 -0.50125 0.3695 -1.1656 -0.5468 0.94784 -0.90747 -0.17174 0.13401 0.22398 -0.19036 1.2209 -0.61469 0.79677 0.30121 0.15673 0.75344 0.52808 -0.71033
-0.83366 0.62497 -0.20753 -0.70748 0.85568 -3.2205 1.2084 -1.6879 -1.1231 -1.0557 -0.90918 -0.88344 0.52702 -1.17 -0.42189 -0.12355 -0.67662 1.2562 -1.0232 1.172 0.74992 -0.31857 0.71645 -0.60547 0.022821 0.55154 0.15179 -0.18482 0.28328 0.13921 -0.3497 1.9314 -1.1218 0.66396 0.36334 -0.3136 0.83008 0.5226 -0.79909
-0.98869 0.45897 -0.48446 -0.84346 0.74083 -3.0825 0.45326 -1.8689 -1.1391 -0.29575 -1.1117 -0.51829 0.66245 -0.81689 -0.71217 0.093154 -0.72048 0.52438 -0.3649 -0.10245 0.53636 -0.60525 0.28925 -0.091339 0.087193 0.34684 1.1367 -0.067095 0.29977 -0.048561 -0.79632 1.9815 -1.5356 0.31367 0.13203 -0.95825 1.0393 0.41856 -0.59806
-1.0732 0.4193 -0.5079 -0.79606 2.1018 -2.7139 1.2648 -1.3019 -1.5897 -0.47298 -1.379 -0.95661 0.6577 -0.078632 -0.69455 0.40806 -0.70086 0.68832 1.0138 -0.76162 0.75757 -0.20725 -0.28234 0.15203 0.13899 0.20676 1.3353 0.028225 0.4346 -0.13461 -0.87666 1.9248 -1.2888 0.1842 0.14056 -1.3686 0.94655 0.446 -0.35337
-1.0487 0.4193 -0.44072 -1.084 1.7905 -3.1718 0.66167 -0.98503 -1.0988 0.026453 -0.78449 -0.75069 0.6848 0.48889 -0.44479 0.37089 -0.81546 0.33108 1.6134 -1.0164 0.99142 -0.28652 -0.89697 0.44564 0.19208 0.10292 1.1312 0.036262 0.29826 -0.11044 -1.3395 1.4178 -0.72504 -0.25061 0.39907 -1.0268 0.53351 0.98741 -0.22285
-0.91453 0.061891 -0.063357 -1.5518 1.3646 -2.3297 -0.011691 -1.2514 -1.5024 -0.93212 -0.30012 -0.98744 0.70723 0.81698 -0.50143 0.57348 -0.88818 -0.35542 2.0698 -1.1605 0.88587 -0.19017 -1.22 0.93968 0.82017 0.07244 0.72443 -0.19235 0.038734 0.19651 -1.9011 0.49731 -0.27703 -0.86803 0.57918 -0.47599 -0.22084 1.3759 -0.15267
-0.3251 0.17264 0.26791 -1.5324 1.7796 -1.445 -0.06177 -0.53797 -1.2264 -1.5797 -0.89437 -0.75514 0.68126 0.97127 -0.74036 0.58585 -0.83938 -1.5641 2.1111 -1.4709 -0.010613 0.20048 -1.1353 0.54309 1.6388 0.034988 0.27256 -0.3369 -0.19785 0.80225 -1.9306 -0.46261 0.16712 -1.3127 0.65912 0.34729 -1.0717 1.3309 -0.18406
-0.30944 0.089591 -0.032894 -1.8061 1.114 -1.4767 -0.49715 -0.51778 -1.7177 -1.8093 -0.55389 -0.36082 0.68528 1.1112 -0.88279 0.38012 -0.31113 -2.0689 1.8117 -1.1313 -0.42596 0.73036 -1.0316 -0.30285 2.0559 -0.018913 0.0025416 -0.22824 -0.60302 1.4209 -1.4672 -1.234 0.6018 -1.3918 0.24842 1.161 -1.274 0.39113 -0.26646
-0.038873 -0.19146 0.23367 -1.9916 0.58826 -0.6765 -0.95084 -0.68808 -1.423 -1.2682 0.21454 0.62259 0.7766 0.8786 -0.84585 0.095077 0.43872 -2.5746 0.74796 -0.6654 -0.90274 0.59715 -0.32754 -0.95716 2.1277 -0.16444 -0.016 0.11889 -0.91826 1.8295 -0.45349 -1.5139 0.83343 -0.65538 -0.3722 1.3923 -0.50054 -0.54612 -0.40189
0.0722 -0.58677 0.33062 -1.9691 -0.50377 -0.77913 -1.0628 -1.7745 -0.85429 -1.5494 -0.9074 0.9964 0.66641 0.8658 -0.84821 -0.32775 1.2052 -2.7093 0.11646 -0.25566 -1.3721 0.11893 0.55406 -0.71897 1.3198 -0.28104 0.046524 0.55805 -1.1485 1.7115 0.49995 -1.4126 0.50652 0.15672 -1.1324 1.1048 0.78114 -0.94574 -0.52367
0.50861 -0.70008 0.15278 -1.3449 -1.175 -1.132 -1.0913 -1.4886 0.14757 -1.6937 -1.374 1.3299 0.64385 1.0597 -0.54311 -0.80916 1.9207 -2.1274 -0.2713 -0.099213 -0.8082 -0.25039 0.68013 -0.18687 0.94643 -0.51755 0.2579 0.96112 -1.1949 1.0082 1.3587 -0.56765 -0.16339 0.87365 -1.3702 0.56018 2.0378 -0.74848 -0.56378
0.23049 -0.7342 0.10857 -0.65269 -1.8542 -1.4056 -0.76919 -2.1024 -1.3863 -1.5842 -1.785 1.1678 0.43488 1.1101 -0.04277 -1.3566 2.2393 -1.3178 -0.69343 -0.31339 -0.16323 -1.1508 0.53788 0.81113 0.81672 -0.73312 0.099296 1.1782 -0.67119 0.073948 1.7034 0.17159 -0.61514 1.11 -1.0643 0.12569 2.2959 -0.20279 -0.58223
0.93394 -0.71645 -0.51524 0.15173 -1.68 -1.1416 -0.48315 -2.104 -1.7027 -0.49344 -0.99419 0.4671 0.37477 1.2643 0.45582 -1.668 1.8605 -0.62191 -0.065035 -0.98723 0.19824 -1.5572 0.74033 2.1665 0.92927 -0.8974 -0.45382 1.0533 0.42065 -0.82406 1.6222 0.57382 -0.81719 1.1853 0.13823 0.053345 1.4578 -0.26132 -0.48375
1.1931 -0.5425 -1.2367 0.58061 -1.6615 -1.4749 -1.1811 -1.1696 -1.8981 -0.97145 0.14974 1.46 0.078423 0.9575 0.74069 -1.1752 1.3774 -0.14199 0.36736 -1.1413 0.29008 -1.3938 0.77519 2.4838 0.92905 -1.0815 -1.4406 0.68024 1.7028 -1.2008 1.1562 0.61344 -0.35642 1.366 1.6324 -0.0057724 -0.20308 -0.67341 -0.42546
1.3804 -0.30115 -1.4828 0.7702 -1.417 -1.506 -1.8627 -1.2368 -2.6351 -0.99087 0.96783 2.1312 -0.089456 0.23549 0.93262 -0.090624 0.76672 0.44665 0.40769 -1.4528 1.2772 0.1541 0.67807 1.7626 0.3782 -1.1662 -2.2046 0.30568 2.4358 -0.83108 1.026 0.53993 0.75725 1.6272 2.3555 0.22688 -1.8723 -1.4489 -0.31542
1.7983 -0.059979 -1.8009 0.33066 -1.8114 -0.64281 -2.8156 -1.8448 -2.2472 -0.76089 1.1594 2.1067 -0.37528 -1.2288 0.92636 1.1137 0.47677 0.40165 0.36384 -0.84962 1.961 1.3197 0.5756 0.64069 -0.21322 -1.3224 -2.1776 0.055336 2.1334 -0.11656 0.98941 0.52529 1.2741 1.461 2.3228 0.33406 -2.3832 -1.7988 -0.11881
1.3063 0.10702 -0.83583 0.84369 -1.6334 -0.85669 -2.0412 -1.348 -2.0268 -0.54673 0.91124 1.8907 -0.64869 -2.0077 0.90795 1.847 0.71233 1.1062 1.074 0.51132 2.5348 1.885 1.2796 -0.45832 -1.2981 -1.3134 -1.4653 -0.13673 1.1654 0.38344 0.85471 0.56983 1.6909 0.55501 1.1456 0.33245 -1.8177 -1.2137 0.13038
0.27429 0.31371 0.31732 0.6661 -0.87429 -1.136 -2.7067 0.29311 -0.70842 -0.28012 0.079974 0.70783 -0.87454 -2.2325 0.85514 1.9377 1.1803 1.4569 1.1404 0.64114 2.5099 2.4731 1.1134 -0.9236 -1.705 -1.2099 -0.15216 -0.24781 -0.24056 0.31245 0.43829 0.42133 1.1464 -0.59195 0.12982 0.26025 -0.72019 -0.11425 0.44173
-0.97288 0.32259 0.69511 1.1244 -1.2713 -0.92803 -1.4809 1.0684 0.21055 0.034594 0.31782 0.64029 -1.2333 -2.1647 0.73059 1.7295 1.1522 1.5851 1.2203 1.4696 2.088 1.9122 1.0452 -0.89784 -1.2217 -1.0006 0.8512 -0.33256 -1.1353 -0.11048 -0.35947 -0.18226 0.39154 -1.7053 -1.0808 -0.058606 0.40534 1.0766 0.62387
-0.89023 0.62821 0.68382 1.8089 0.35003 0.27158 -0.28179 1.8964 -0.15558 0.70795 0.0097548 0.46991 -1.4059 -1.4539 0.5809 0.71836 0.85756 1.0167 1.1758 1.159 1.0373 1.572 1.1945 -0.49522 -0.48035 -0.72728 1.4513 -0.38975 -1.5243 -0.71329 -0.83136 -0.64169 -0.066737 -2.1188 -2.0608 -0.22191 0.71375 1.0775 0.70498
-0.69398 0.7795 0.6289 2.3045 0.21882 -0.0019703 -2.2371 0.72681 0.67084 0.032033 0.076105 0.42304 -1.4307 -0.71518 0.46101 0.29301 0.66106 0.62598 0.6579 1.1043 -0.043028 0.13576 1.1474 0.11203 0.15358 -0.49335 1.3507 -0.43973 -1.3339 -0.9126 -1.2047 -0.99315 -0.63988 -2.0036 -2.2029 -0.62286 0.62546 0.41491 0.5969
-0.96584 0.76278 0.92001 1.527 0.027031 0.55571 -0.004485 0.61466 -0.017506 0.58551 -0.065328 0.85807 -1.5157 -0.087939 0.30471 -0.25098 0.053915 0.31648 0.046189 0.68257 -0.54366 -0.83447 0.66667 -0.057555 -0.32707 -0.26412 0.775 -0.44546 -0.81872 -0.90417 -1.1089 -0.68497 -0.27788 -1.0281 -1.6403 -0.99152 0.17911 -0.093674 0.38901
-0.97109 0.74836 0.37486 1.7745 -0.50814 -0.13783 -0.84676 0.72204 0.82314 1.2326 0.082371 0.95182 -1.4925 -0.17741 0.095056 -0.32892 -0.20122 -0.41246 -0.33761 0.32454 -1.0163 -1.3698 0.16733 0.086408 -0.50836 -0.21664 0.44699 -0.3075 -0.45794 -0.6067 -0.90784 -0.063133 -0.44041 -0.32334 -0.29865 -1.1157 -0.16298 -0.30624 0.21441
-1.1803 0.85146 1.1048 1.7893 0.082514 -0.55861 -0.60945 0.85314 -0.85773 1.2249 0.46006 0.65272 -1.5726 -0.19174 -0.019887 -0.52943 -0.45035 -0.62504 0.20617 0.95009 -0.47226 -1.0147 -0.14328 -0.12806 -0.33865 -0.20377 0.2968 -0.031755 0.0155 -0.31914 -0.29702 0.54771 -0.1981 0.23665 0.6609 -0.8372 -0.1553 -0.0028481 0.10176
-0.8644 0.75519 -0.047411 1.4311 -0.17795 -0.26 -0.12495 0.61604 -1.201 0.60606 -0.12272 -0.28053 -1.5881 0.2187 0.083576 -0.43719 -0.25377 -0.67229 0.43282 0.019489 -0.7031 -0.38092 -0.50645 -0.14886 -0.43917 -0.15868 0.31069 0.17868 0.2342 -0.25355 0.11157 0.75045 -0.025764 0.79974 1.1945 -0.38728 -0.18427 0.26228 0.1205
-1.068 0.7897 0.35472 1.8552 -0.345 0.17555 -0.7461 -0.25124 -1.6339 0.44518 0.11446 0.043503 -1.6814 0.29878 0.2585 -0.1617 -0.53374 -0.13218 0.81482 0.40919 -0.23466 0.01865 -0.53705 -0.22145 -0.37607 -0.11988 0.036867 0.28249 0.60016 -0.080917 0.39246 0.35947 -0.29549 0.91664 1.1034 -0.011247 0.045775 0.58112 0.1156
-1.054 0.71689 -0.013901 1.1995 -1.0549 0.65691 0.25933 0.33986 0.19785 0.055845 -0.25347 0.73238 -1.6641 0.1896 0.27617 -0.059779 -0.64731 -0.44113 0.94305 0.54254 0.42651 0.54788 -0.33914 -0.2035 0.0064185 -0.053493 -0.22759 0.12916 0.55506 -0.030578 0.55546 -0.30771 -0.098395 0.96646 0.50945 0.2409 0.079017 0.49914 0.11983
-0.48903 0.95749 0.47213 1.3234 -0.98225 0.56444 -0.6859 -0.24676 -0.17325 0.6362 -0.045589 0.37376 -1.658 -0.10678 0.38774 0.43409 -0.40936 0.024578 0.70463 0.05159 0.75203 0.76964 -0.23053 7.6074e-05 0.54851 -0.059612 -0.28151 0.0041617 0.45005 0.32482 0.47505 -0.89377 -0.51672 0.38544 -0.15859 0.50778 0.10424 0.016074 0.06283
-0.74361 1.1742 0.43573 0.97681 0.17348 0.29654 0.021317 1.0468 -0.051931 0.7545 -0.00026811 0.085259 -1.632 -0.031417 0.25166 0.33096 -0.37492 0.33221 -0.17726 -0.011556 0.68962 0.28267 -0.19409 -0.095604 0.050647 0.015127 -0.24479 -0.087592 0.2429 0.43118 0.36917 -0.97804 -0.50282 -0.16719 -0.3924 0.59334 -0.030195 -0.39412 -0.014741
-1.0552 1.0333 0.61851 0.83229 -0.94387 0.66625 0.53805 1.4524 -0.89909 0.39799 0.0040409 0.30377 -1.651 -0.15031 0.28233 0.50835 -0.045404 0.40732 -0.53645 -0.43014 0.38897 -0.17027 0.35268 -0.063421 -0.37615 -0.047217 -0.032137 -0.15905 -0.017549 0.37851 -0.21075 -0.63254 -0.35756 -0.63013 -0.19952 0.73425 -0.15778 -0.54657 -0.054432
-1.1927 1.1683 0.59057 1.2775 -0.16166 0.81822 -0.81428 0.81616 0.091736 -0.045765 -0.15746 0.78695 -1.7302 -0.27557 0.17815 0.37271 -0.00021446 0.087307 -0.52703 -0.30285 0.28758 0.22011 0.49072 -0.2154 -0.299 -0.084675 0.086747 -0.060946 -0.04955 0.28459 -0.33324 -0.14571 -0.24043 -0.61747 0.29401 0.80817 -0.089408 -0.27499 -0.074661
-0.84679 0.93426 0.63931 1.1335 -0.24573 -0.30928 -0.50238 0.30529 -0.69293 0.21368 -0.17981 0.11869 -1.6136 -0.050832 0.14737 0.38522 0.13106 -0.26341 -0.47641 -0.57424 -0.26845 0.39604 0.81075 -0.22628 -0.33795 -0.10222 0.21355 -0.029566 -0.12831 0.089268 -0.21738 0.0088721 -0.049632 -0.41386 0.47058 0.55447 -0.05168 -0.11722 -0.021735
-0.97245 1.2631 0.95045 1.1227 -0.56036 0.058821 -0.65258 0.85777 0.12843 1.3023 -0.26148 -0.046532 -1.7494 0.087965 0.21555 0.30339 0.084005 0.018404 -0.52796 -0.45716 -0.17853 0.5998 1.0981 -0.17041 -0.50684 -0.084292 0.22007 0.038032 -0.060593 0.031642 0.036787 -0.0074595 -0.045753 -0.21893 0.23572 0.3943 0.031107 -0.14718 0.0054397
