39 283
-0.59847 0.90197 -0.22634 0.81245 0.56691 -0.58637 -0.91341 -0.88247 -0.9253 -0.58001 -0.52728 0.38452 -1.1371 0.44374 0.40838 1.5166 0.45713 -0.098201 1.2394 0.57764 0.57508 0.013572 0.19086 -0.01298 -0.4163 -0.26043 -0.12529 -0.029553 -0.5179 -0.12198 -0.11 -0.51877 0.21556 0.66545 0.52297 0.39859 -0.038092 -0.30676 0.084858
-0.54754 1.2053 0.86233 0.85558 0.46563 0.70474 0.094617 -0.22332 -1.8925 -0.43081 -0.23431 0.93591 -1.2904 0.35394 0.51046 1.1906 0.38443 -0.24305 1.1827 1.0481 1.2621 0.27622 0.46307 0.0044292 -0.79646 -0.25492 -0.02507 -0.17778 -0.86563 -0.012266 0.0053534 -0.85774 -0.11938 0.41704 0.8462 0.5484 -0.097937 -0.20098 0.21721
-0.26738 1.0874 0.72082 1.1652 0.6544 0.068715 -0.058773 -0.36006 -0.98656 -0.52976 -0.59315 1.511 -1.3738 0.25616 0.29345 0.74401 0.24714 -0.23321 0.25022 0.74539 1.5288 0.95422 0.87263 -0.091992 -0.82466 -0.10857 -0.088848 -0.36028 -1.1376 -0.02124 -0.13631 -1.2396 -0.62138 -0.027693 0.84432 0.37276 -0.04603 0.052872 0.3318
-0.081657 1.2105 1.5242 1.3027 0.3752 1.0161 -0.6741 -0.16658 -0.5273 -0.2051 -0.59716 -1.4134 -1.2815 0.49033 0.15874 0.36401 0.52841 -0.024817 0.074846 0.25031 0.90545 1.2779 0.97204 -0.16728 -0.59406 0.051134 -0.09889 -0.30068 -0.98929 -0.21981 -0.062948 -0.919 -0.66156 -0.64464 0.087996 0.10466 0.20188 0.47023 0.31548
-0.44817 1.3004 0.44805 0.99143 0.25863 0.48371 0.71696 1.2486 -0.63233 0.23537 -0.43878 -0.46615 -1.3078 0.21044 -0.022296 -0.080792 0.33403 -0.46342 -0.58855 -0.23578 0.68338 1.2435 0.7018 -0.013815 -0.37989 0.17565 -0.09812 -0.30396 -1.1461 -0.41262 0.034185 -0.064125 -0.13383 -0.88358 -0.44665 -0.27178 0.33785 1.0482 0.19622
-0.41133 1.0185 0.45534 0.94768 0.41195 -0.90067 -0.26748 1.0421 0.26097 0.82196 -0.6453 0.00079068 -1.1744 0.19313 0.15958 -0.15035 -0.09497 -0.24838 -0.17307 0.24879 0.39782 0.31179 0.76951 0.39025 -0.027038 0.16338 -0.1811 -0.39836 -0.70501 -0.55657 -0.010458 0.51467 0.018892 -0.79424 -0.81598 -0.61683 0.25377 0.86405 0.091731
0.20296 1.1643 0.80262 1.6629 0.68895 0.49978 -0.43243 -0.2578 -0.022371 0.57841 -0.64081 0.42474 -1.1687 0.22251 -0.22109 -1.0243 -0.25081 -0.062229 0.21717 0.4748 0.024255 0.52139 0.43055 0.33474 1.0666 0.18587 -0.20894 -0.26097 -0.11175 -0.36274 0.2634 1.0267 0.075743 -0.53117 -0.92894 -0.65842 0.15281 0.39307 -0.04501
-0.3846 1.1916 1.0288 1.1848 -0.34135 -0.10844 -0.25433 0.82574 -0.40724 0.11731 -0.20436 0.40311 -1.2268 0.14863 -0.41087 -0.42438 -0.26779 -0.24877 0.61054 -0.081584 -0.34713 -0.034094 -0.13631 0.19043 0.48055 0.21274 -0.62189 -0.45537 0.17329 -0.12291 0.22394 0.34821 -0.35748 -0.1183 -0.38793 -0.68575 -0.18772 -0.11875 -0.0095999
0.055364 1.3553 0.67218 0.87581 0.57293 0.47436 0.53966 0.37778 -0.66389 0.9254 0.032253 -0.030149 -1.2371 -0.15444 -0.18066 -0.17466 -0.29252 0.019867 0.92746 0.062523 -0.007334 -0.48817 -0.17371 0.40974 0.2002 0.077087 -1.1647 -1.0356 0.24423 0.049747 0.67772 -0.0278 -0.28844 -0.26895 0.18651 -0.89039 -0.63754 -0.6046 0.5107
-0.039571 0.83142 -0.6529 0.90704 0.30917 1.1954 0.38154 0.56851 0.72402 0.57728 -0.35333 0.46066 -1.0612 -0.76896 -0.62319 -0.31152 -0.32228 0.12068 0.095245 -0.24807 0.16486 0.0211 -0.31228 -0.026324 0.19251 0.20619 -0.93706 -1.5624 0.10487 -0.17108 0.40137 -0.57241 -0.016264 -0.36166 0.96668 -0.85108 -0.46018 -0.39458 1.1376
-0.38296 0.83011 0.47551 0.86002 -0.050556 0.31404 -0.19753 0.62482 -0.78374 -0.008925 -0.45216 0.42814 -1.0742 -1.4727 -1.8295 -0.69398 -0.1371 1.0023 0.38657 -0.011694 -0.77768 0.87598 -1.2809 -0.86422 0.0025623 1.093 0.35141 -1.798 0.36236 -0.89116 -0.72078 -1.1234 -0.12931 -0.50009 0.95533 -0.38966 0.27339 -0.62073 1.778
-0.37578 1.1292 0.9294 1.1151 0.71641 0.63787 -0.50901 0.5529 -0.5349 0.68273 0.13893 0.43077 -1.1897 -0.92544 -2.1654 -0.019773 -0.68702 -0.0017728 -0.2381 -0.088926 -0.69078 1.2655 -1.3023 -0.11392 -0.19882 1.7117 1.7001 -1.4035 0.17348 -1.5207 -1.9072 -1.1035 0.10543 -0.27145 0.50825 0.4811 1.3794 -1.0231 2.0342
-0.9186 0.57373 0.38307 1.2066 0.38678 0.25045 -0.50373 0.23085 0.15187 -0.18217 -0.75201 0.68857 -0.97045 0.57261 -2.3751 0.27115 -1.8472 -1.2559 -1.068 -0.27967 -0.58142 0.84801 -0.46138 1.026 -0.84518 2.4581 2.4465 -0.64346 -0.2361 -1.5758 -2.695 -1.3958 0.37368 0.67065 -0.14601 1.2238 1.7063 -1.0417 1.5861
-2.0551 -0.76152 -0.5469 0.68336 1.3016 1.0007 0.71846 -0.73787 1.1553 -2.0947 -1.6267 -0.036085 0.11407 1.3504 -2.6685 -0.53011 -2.4244 -2.2812 -1.3018 0.076326 -0.48414 1.0769 0.26335 1.8834 -1.4481 3.1081 2.1414 0.0824 -0.91329 -0.62162 -1.3226 -0.9378 0.53912 1.3275 -0.8187 1.1948 0.99809 -0.36952 0.6979
0.055662 -0.30861 0.60703 -0.18268 -0.24197 0.15743 0.24482 -0.097191 1.1695 -0.19983 0.7557 -0.18523 0.25669 1.9113 -2.6491 -0.88543 -2.3323 -2.8458 -1.7592 0.6138 0.42651 0.67074 0.4297 1.6665 -1.4754 3.1909 1.2117 0.97428 -1.0873 0.93985 0.71643 -0.28124 0.28858 1.8075 -1.3326 0.45044 -0.070252 0.73671 -0.65339
1.1966 -0.86301 0.25079 -1.2036 -1.8417 -0.93896 -0.87179 0.24143 0.49162 0.59355 1.5681 -0.75252 0.93756 2.3633 -1.9086 -1.063 -1.6592 -1.6566 -1.7032 0.49177 1.4086 -0.32452 0.6868 1.6338 -0.61058 2.5785 -0.48531 1.1649 -1.3861 2.0353 3.0292 0.79005 -0.014472 1.5167 -1.3753 -0.75108 -1.5609 1.7378 -1.6931
0.50609 -1.0128 -0.092245 -1.0049 -1.9162 -1.1866 -0.050891 -0.084687 0.26431 0.68071 2.0084 -1.5552 1.2977 2.3054 -1.1719 -1.3857 -0.41829 -0.24726 -1.4352 0.056493 2.0223 -1.1835 0.25004 1.0142 0.27325 1.5785 -1.5125 1.2226 -1.2661 2.5407 4.364 2.1083 0.02074 0.53376 -0.50248 -1.3704 -2.2053 2.1206 -2.1457
0.78512 -1.2192 -0.60581 -0.50802 -1.4158 -1.2497 0.93572 1.3966 0.90499 0.21697 0.69987 -0.95622 1.3348 0.25532 -1.5113 -2.7218 0.55329 2.0175 -0.0039979 0.31399 1.6944 -0.81583 -1.1634 -1.0031 1.2636 0.94058 -1.6849 0.94258 -0.9103 1.925 3.4513 2.3089 -0.075867 -0.72981 0.39838 -1.3673 -2.148 1.7209 -1.8939
0.98377 -1.364 -1.2509 -0.37372 0.0096424 -1.1821 0.42537 1.9056 0.0076203 -0.42195 0.6777 0.48118 1.3522 0.16821 -0.85712 -2.2896 1.4755 3.3833 1.3462 0.72966 1.3211 -0.11392 -1.4194 -1.5577 1.9571 0.23991 -1.2835 0.92599 -0.10736 0.71075 1.3532 1.414 -0.34149 -2.0328 0.51582 -0.63985 -1.19 0.591 -1.2663
1.3132 -1.4595 -1.511 -0.082985 0.578 -0.85078 0.11071 1.9824 -0.4661 -1.2273 0.82825 0.19473 1.3833 0.31617 -0.53483 -2.2273 1.1147 2.9064 1.2408 -0.0042968 0.30413 -0.042747 -1.2463 -1.5046 2.0991 -0.079071 -0.46299 1.2433 1.0122 -0.22162 -1.0567 -0.25349 -0.40905 -2.4708 0.19485 0.36977 0.010193 -0.46077 -0.72406
0.25996 -1.7553 -2.7296 -0.24641 0.83794 0.09462 0.055078 1.804 0.33956 -1.2642 -0.37662 1.2234 1.2112 -0.098739 -0.15624 -1.8562 0.66853 1.8067 0.58318 -0.45649 -1.308 -0.51269 -0.99924 -1.1825 1.0945 -0.1344 -0.6951 0.93634 1.7469 -0.77886 -2.003 -1.1919 -0.19531 -1.9535 -0.20212 0.49484 0.4955 -0.99539 -0.21168
1.4811 -1.3992 -1.8073 0.51937 1.2535 0.75587 0.77808 1.6982 0.68901 -0.86107 -0.10365 1.2092 1.3019 -0.46799 0.16276 -1.2193 0.51731 0.84766 -0.13791 0.10455 -1.8804 -0.21715 -0.61414 -1.1614 0.78122 -0.14094 -1.0852 0.52237 2.6691 -0.73213 -1.9884 -1.4614 0.25923 -0.9694 -0.48691 0.20208 0.74111 -0.99362 -0.0057653
0.82581 -1.4549 -2.8042 0.060451 0.83462 -0.47688 0.1726 0.44102 0.22453 -1.1557 -0.21344 1.2544 1.2584 -0.7256 0.31499 0.2001 0.25478 0.70459 -0.25612 0.28523 -1.4555 -0.44127 -0.72218 -0.69849 0.60817 -0.096295 -1.0194 0.047089 3.0385 -0.51215 -1.6219 -1.2161 0.51593 0.048495 -0.69315 0.25983 0.66525 -0.46919 -0.08743
0.68702 -1.3792 -2.8082 0.080003 0.795 -1.0906 -0.016947 -0.3557 -0.598 -1.6856 -0.83645 0.54857 1.2415 -1.3774 0.07124 1.3382 -0.10729 -0.22365 -1.1414 0.1121 -1.5498 -1.0769 -0.96598 -0.20897 0.33803 -0.10295 -0.36119 -0.11915 3.1725 -0.18619 -1.2449 -0.50345 0.33579 0.54007 -0.78384 0.65698 0.61445 -0.30032 -0.21538
0.45119 -1.3036 -2.5496 0.25148 1.2646 -1.1005 0.68139 -0.15327 -0.27331 -1.5396 -0.66417 1.9253 1.2392 -1.5294 -0.048616 2.0996 -0.021715 -0.66106 -1.2526 0.5224 -1.393 -1.504 -0.28721 -0.2776 0.3852 -0.30191 0.26062 0.0035725 2.3191 -0.028808 -1.3463 0.06437 -0.04008 0.40454 -0.26018 1.0883 0.75683 -0.37344 -0.25727
0.26065 -1.3554 -0.92629 0.14736 1.6081 0.05768 0.52535 0.82662 -0.46505 -2.4035 -0.17327 1.2683 1.2533 -0.73466 0.13367 3.298 0.28476 -0.77574 -0.62825 0.62098 -0.86166 -1.2929 0.51092 -0.095542 0.30744 -0.41177 0.60502 0.27621 1.0794 -0.26354 -1.0559 0.71621 -0.65275 0.26941 -0.018089 1.1905 1.0937 -0.87896 -0.13264
-1.075 -1.7398 -0.97858 -0.22597 0.083411 -1.4959 0.27897 -0.76771 -0.77919 -2.3014 -0.60247 1.7056 1.1095 -0.56602 0.27424 3.2067 -0.0070224 -1.5131 -0.42646 -0.059627 -1.017 -0.86682 0.75766 0.8149 -0.11146 -0.38924 0.33394 0.45063 -0.39169 -0.77439 -0.44275 0.92316 -1.1777 0.055599 0.16218 0.98834 1.014 -1.087 0.17739
0.36417 -1.2778 0.14453 0.66098 0.38442 -1.4325 1.5623 -0.89902 -1.5585 -0.49558 -0.63016 1.5143 0.98785 -0.74147 0.3476 2.6204 -0.63533 -1.7544 -0.23439 -0.86976 -1.2218 -1.4327 0.93751 1.5101 -1.1832 -0.28735 -0.17895 0.49505 -1.707 -1.2283 0.63492 1.3324 -1.111 0.1704 0.57827 0.34707 0.2617 -0.9005 0.497
0.345 -1.2008 0.66077 0.2961 0.2134 -1.3609 0.48463 -0.84191 -1.4344 -0.50337 -0.55886 1.3639 0.91281 -0.90955 0.56839 1.7219 -1.0725 -0.99454 0.26226 -1.0182 -1.1187 -1.1018 1.5149 1.0204 -1.0649 -0.046686 -0.71054 0.26897 -2.3484 -1.4514 1.6312 1.6969 -0.5889 0.50867 1.3781 -0.59726 -0.82019 -0.2307 0.63291
-0.20107 -1.1147 0.48714 -0.12431 -0.60544 -1.2628 -0.34581 -1.5101 -1.1111 -1.2551 0.94603 0.62774 1.0201 -0.89459 0.78344 1.042 -1.5731 0.13514 1.5138 -1.057 -0.49007 0.0099376 0.84556 0.35003 -1.0295 0.29673 -0.62766 0.10242 -2.3659 -1.0814 1.9923 1.5298 0.31814 0.8768 2.1329 -1.4471 -1.3405 0.43141 0.55539
-0.93041 -1.1895 0.69687 -0.75077 -0.21162 -0.72582 -0.52186 -1.2061 -2.36 -0.73504 1.7169 -0.032169 1.0705 -1.8039 0.48223 -0.11533 -2.3611 0.55483 1.8758 -1.1156 -0.39482 1.2369 -0.4006 -0.28935 -0.63109 0.43763 0.12854 0.032139 -1.8834 -0.42803 1.6907 0.87857 0.81798 1.1911 2.096 -1.6975 -1.2898 0.56238 0.25858
-1.1429 -1.0354 0.95769 -0.95022 0.48388 0.014582 -0.31357 -1.088 -1.6622 0.29824 -0.11831 0.4762 1.2041 -1.4555 0.54334 -0.60273 -2.0968 1.1512 1.8189 -0.22009 0.13047 1.7704 -1.0347 -0.59299 -0.48774 0.45302 0.95924 0.059832 -1.3892 0.36618 0.76264 -0.15747 0.89592 1.0832 1.501 -1.0975 -0.96266 0.54022 -0.068344
-1.1158 -0.88448 0.35649 -1.3137 0.37789 0.34293 -0.22041 -1.5597 -0.37375 -0.79461 -0.96574 0.69227 1.3125 -0.39231 0.72577 -0.76024 -1.6501 1.62 1.7371 0.12899 0.90513 2.3149 -0.98327 -1.1614 -0.15534 0.33545 1.5448 0.068957 -0.6339 0.96924 -0.0084164 -0.6493 0.85287 1.1123 0.53628 -0.0025701 -0.076874 0.16382 -0.24737
-1.3306 -0.88588 -0.0070591 -1.763 0.82547 0.7406 -0.17985 -1.3928 0.29614 -1.7167 -0.59331 0.69134 1.2502 0.17212 0.74444 -1.0828 -1.2289 1.0089 1.2495 0.036763 0.98133 2.5479 -1.083 -1.1922 -0.13233 0.23288 0.9202 -0.31043 -0.22044 0.87394 -0.80651 -0.98282 0.42755 0.71482 -0.39139 1.1158 0.57107 -0.19611 -0.31126
-1.2435 -0.74635 0.02725 -1.773 0.96397 0.56887 -0.158 -0.48812 0.36538 -2.5267 0.14282 0.064468 1.2897 0.23723 0.47941 -1.0121 -0.92653 0.60641 0.89581 0.38889 1.3584 1.9474 -0.37316 -0.14009 -0.44411 0.11777 0.099602 -0.6179 0.018173 0.75946 -1.3376 -1.2279 0.25223 0.10949 -1.0603 1.8713 0.75029 -0.40735 -0.22819
-0.56532 -0.51422 -0.10533 -1.806 1.174 1.0911 -0.37457 0.11662 0.86232 -1.622 -0.24364 0.18488 1.3106 -0.069945 0.14178 -0.89626 -0.77474 0.16253 0.34357 0.46206 1.2985 1.1516 0.93435 0.083116 -0.71533 0.019521 -0.13844 -0.71463 0.32388 0.62073 -1.3656 -1.3145 0.17812 -0.37026 -1.2972 1.9923 0.33757 -0.28425 -0.13923
-0.96998 -0.61301 -0.42678 -1.9867 0.79835 0.9708 -0.42588 -0.19644 0.60015 -1.3391 -1.0302 0.11366 1.3204 -0.087996 -0.0021279 -0.85898 -0.41524 -0.43442 -0.16979 0.39007 0.94712 0.8391 1.8163 -0.24248 -0.66816 0.045953 -0.20345 -0.53254 0.34657 0.58233 -1.4846 -1.5413 0.044164 -0.79737 -1.1988 1.0606 -0.13082 -0.042331 -0.019522
-1.084 -0.71472 -0.30191 -1.9627 1.0866 1.2656 0.66034 0.49241 1.2389 -0.20494 -0.47157 0.10829 1.3364 0.077933 -0.20272 -0.63443 -0.29142 -1.0002 -0.74145 0.36687 0.44118 0.44241 1.8762 -0.43608 -0.57268 0.029121 0.18161 -0.11445 0.3761 0.59677 -1.2138 -1.5156 0.25291 -0.96178 -1.1534 -0.05656 0.21711 0.038057 0.096862
-1.4709 -0.85621 -0.90132 -2.3418 0.52345 0.54743 0.2254 -0.051984 1.1342 -0.036076 -0.47277 -0.43625 1.2698 -0.21369 -0.23751 -0.5787 -0.049534 -1.5618 -1.5147 0.50865 0.19874 -0.15602 1.3179 -0.14217 -0.57267 0.083937 0.51072 0.27223 0.3116 0.56685 -0.68574 -1.2674 0.58005 -1.2013 -1.293 -0.62184 0.67314 -0.13713 0.13836
-1.1356 -0.746 -0.86099 -1.9885 0.42461 0.36455 -0.0060456 0.28651 1.2742 0.33418 -0.59893 -0.34956 1.3156 0.3278 0.05629 -0.42088 0.18904 -1.5225 -1.8885 0.87781 -0.23993 -0.71574 1.0772 0.48929 -0.65579 0.17627 0.89644 0.44164 0.21969 0.75954 0.17774 -0.84133 0.79802 -1.2499 -1.0666 -0.52989 0.5674 -0.3028 0.1154
-0.55002 -0.77162 -0.44441 -1.9917 -0.10501 -0.27439 0.10774 0.34227 0.769 0.055742 -0.69955 -0.59258 1.3413 0.73039 0.29963 -0.46214 0.43318 -1.4454 -2.0309 1.241 -1.0974 -1.2327 0.96161 0.69225 -0.87788 0.22114 1.2574 0.35909 0.17355 0.73966 1.0035 -0.11362 0.58189 -1.1964 -0.57915 -0.24392 -0.018436 -0.33226 -0.1691
-1.1667 -0.70413 -0.94032 -1.8655 -0.59289 -0.78444 0.50054 0.28912 0.44786 0.3098 -0.70564 -0.38831 1.4158 1.2623 0.23794 -0.34857 0.92932 -0.73372 -2.1114 1.5278 -1.3917 -1.2062 0.98689 0.32591 -1.0104 0.16887 0.60098 0.74317 0.33936 0.70762 1.6551 0.64314 -0.30214 -0.66469 0.051798 -0.22009 -0.19473 0.27454 -0.94703
-0.66011 -0.57255 -0.90203 -1.8577 -0.39734 -1.1378 1.4582 -0.68616 -0.11309 0.77678 0.22668 -0.87703 1.4806 1.6428 0.24544 -0.35075 1.0039 -0.10435 -1.6539 1.2936 -1.6008 -1.0983 0.87631 -0.09022 -1.046 -0.20459 -0.63955 1.3001 1.0388 0.75689 2.3031 1.3053 -1.6238 0.20683 0.53932 -0.44371 0.0057236 1.0069 -1.8364
-0.38311 -0.52585 -1.0979 -1.625 -0.3575 -1.2604 2.1258 -1.4499 -0.006833 1.486 0.54379 -1.4324 1.46 0.98179 1.2873 0.075192 1.2652 0.86364 -0.89529 0.25531 -1.3148 -0.67695 0.68145 0.48698 0.019572 -1.2718 -2.1756 1.8182 1.4644 0.668 2.3228 1.6761 -2.4419 1.0633 0.64255 -0.84059 0.22032 1.541 -2.2681
0.17957 -0.75757 -1.209 -1.133 -0.076823 -2.2739 1.3769 -1.5577 -0.019533 1.2383 -0.85682 -1.7496 1.3539 -0.31255 1.8926 1.0913 1.7222 2.0111 -0.20394 -1.2697 -0.74326 -0.39187 0.22188 0.63182 0.69727 -2.2844 -3.0101 1.6769 1.8128 0.39525 1.8392 1.3122 -2.3635 1.8963 0.61082 -0.8824 0.3784 1.8895 -1.8822
0.86486 -0.49327 -0.92084 -1.0259 0.15003 -1.4265 1.1662 -1.3293 -0.14369 1.1829 -1.0869 -1.4361 1.0146 -1.783 2.3821 1.4341 1.8549 2.5 0.30054 -1.9163 0.26153 -0.24226 -0.38422 0.42785 1.3013 -2.7765 -2.8531 0.5666 1.292 -0.4002 0.58423 1.1903 -1.0496 2.0932 0.63413 -0.59003 0.56284 1.3216 -0.62253
-0.53517 0.82494 -0.20915 -0.7595 0.71786 -1.2422 0.19908 -1.1267 -0.15582 0.90239 0.93624 0.46306 -0.069265 -2.5405 2.4341 2.0778 1.4651 2.4746 0.19631 -2.195 1.3362 -0.063579 -0.37408 0.72852 2.2098 -2.7587 -1.632 -0.70483 -0.054204 -0.96569 -0.73511 0.83071 0.36105 1.4122 1.0323 -0.27071 0.63286 -0.34048 0.84936
-2.1689 0.8154 0.51679 -0.03202 1.8188 -1.0595 -0.84614 -1.0491 -0.21994 0.85633 0.68567 0.23089 -0.49117 -3.1797 1.9309 1.7865 0.60815 1.7083 1.1219 -1.3208 1.7591 0.45877 -0.21013 1.6084 1.9977 -2.1247 0.19987 -2.0294 -0.86992 -0.81265 -1.7249 0.71584 1.0792 0.24288 1.0269 -0.093264 0.16418 -2.2713 1.8655
-2.1792 1.1039 0.28449 -0.066494 2.0205 -1.0127 0.048207 -0.49705 -0.38091 0.44861 0.43228 0.075869 -0.49802 -2.6322 0.94641 0.78406 0.46406 1.0435 0.92212 -0.88372 1.2784 1.3738 -0.40634 1.3558 -0.31841 -1.1106 2.0619 -2.1897 -1.3877 -0.062035 -2.1703 0.56051 1.3831 -0.86303 0.25051 -0.067316 -0.35254 -2.492 1.8724
-2.0066 0.96254 1.1841 -0.31359 1.7796 -1.8279 -0.65232 0.69367 0.14647 1.2847 0.61484 1.5316 -0.53306 -1.3685 -0.21912 0.53476 0.77046 0.021726 1.2569 -0.50224 0.75415 1.1442 -0.54895 0.4613 -2.0539 -0.31297 3.1804 -1.4846 -1.096 0.78749 -1.9315 -0.055941 0.91993 -1.4326 -0.83417 0.032883 -0.94738 -1.2486 0.99482
-2.6282 0.69064 0.45476 -0.85728 1.2257 0.15309 0.032683 0.75029 0.74963 0.86082 1.5224 0.68533 -0.34427 0.36492 -0.099066 0.25905 1.2538 -0.6996 1.1541 0.051988 0.12084 0.10708 -0.33284 0.58288 -0.83544 -0.36469 3.1077 -0.35572 -0.48344 0.94448 -1.3143 0.025664 0.6574 -1.3346 -1.8066 0.21464 -1.0731 0.42205 -0.031296
-2.1536 0.77965 -0.16178 -0.11598 1.5472 -0.26187 -0.53052 -0.34371 1.7709 0.15719 1.3679 -2.6723 -0.29037 1.2006 0.0022823 0.11059 1.7295 -0.99611 0.86441 -0.026287 -0.50357 -0.6182 -0.1716 0.048158 -0.26993 -0.74197 2.5493 0.25869 -0.37224 0.46709 -0.62486 -0.55736 0.057827 -0.49238 -1.4612 0.12281 -1.0243 1.8485 -0.40149
-2.6544 0.70437 1.1611 0.80154 1.1952 0.34189 -0.99528 -0.33824 0.34074 -0.0064478 1.0853 -2.1598 -0.67871 1.8276 0.23666 0.12041 1.805 -0.88216 1.1313 0.134 -0.74085 -1.449 -0.15067 -0.64378 -0.31718 -0.94581 1.5763 -0.43948 -0.68523 -0.85357 -0.45316 -0.71847 -0.45859 0.55976 -0.38685 -0.19788 -0.89862 1.7722 0.24859
-1.1796 1.0166 0.8585 1.3388 1.2838 -0.18462 -0.084868 -0.51606 -1.0286 0.79332 1.2186 1.3657 -0.94583 2.6123 0.022054 -0.078728 1.3902 -1.0466 0.17773 -0.4447 0.19832 -1.0735 -0.38214 -1.0308 1.4996 -0.72351 0.86751 -1.3613 -1.1874 -2.1815 -0.59652 -0.89141 -0.30253 1.089 0.64623 -0.67538 -0.039559 1.0575 1.3749
-0.70881 1.0689 0.47591 1.056 0.70774 -0.44714 -0.035927 -0.39659 -0.63665 0.69264 0.28609 0.5838 -1.1155 2.5723 -0.84544 -0.87211 -0.24073 -1.5164 0.10189 -0.63693 0.85869 -0.45855 -0.62085 -0.72377 1.9363 0.06879 -0.41019 -2.2771 -1.0266 -2.7588 -0.78217 -0.73353 -0.015069 0.70151 1.1688 -0.93231 0.8391 -0.54723 2.2083
-0.5554 0.94152 1.0574 0.82389 0.74789 0.80121 -0.48683 -0.070736 -0.76303 0.86009 0.16477 -0.39851 -1.08 2.4312 -1.7056 -1.4902 -1.4854 -1.7861 -0.34377 -0.23777 0.82944 0.21127 -1.2994 0.014818 0.79707 1.1751 -1.5606 -2.1476 -0.061885 -2.2219 -0.18684 0.33683 0.58017 -0.43129 0.75349 -0.72987 1.0408 -2.1326 2.3085
0.017886 0.49245 -0.26126 0.66496 0.18418 0.06614 -1.1916 1.0498 0.71716 -0.69601 0.4645 1.4772 -0.6514 1.159 -2.6511 -0.99194 -2.1138 -1.9628 -0.031973 -0.011612 0.31199 0.30473 -1.5766 0.57332 -1.0565 1.9957 -2.1182 -0.96336 1.0163 -1.0339 0.69565 0.66435 0.77918 -1.1153 0.32987 -0.56946 0.46843 -2.1641 1.5888
0.15042 -0.15013 -0.84205 -0.23084 -0.11478 -0.19866 -1.5209 0.48494 0.56179 -0.80769 0.64316 -0.35538 -0.17222 0.43291 -2.6142 -0.16318 -1.9894 -1.1729 0.84658 0.3493 -0.39451 0.089449 -1.3778 0.47686 -1.3394 2.3801 -2.3466 0.72089 1.6818 -0.22907 1.4437 0.78442 0.45887 -0.95943 -0.18029 -0.36591 -0.45478 -1.1412 0.40419
0.27562 -0.53951 -0.13625 -0.39201 -0.65901 -0.49792 -0.1191 0.35099 -0.75737 -1.4338 1.451 0.41397 0.23763 -0.34532 -1.9871 0.19055 -2.0024 -0.54061 0.72857 0.56028 -0.74474 0.27844 -1.7294 0.020167 -1.3953 2.2671 -1.8967 2.3664 1.2967 0.23031 1.8139 -0.047442 0.13412 -0.016015 -0.12335 -0.61738 -0.98205 0.5728 -0.64769
-0.12749 -0.98985 0.12153 -0.72086 -0.77111 0.12436 0.2958 -0.48965 -0.79727 -0.82616 1.4821 -0.76384 0.54534 -1.1558 -0.87016 0.79937 -1.995 0.16863 0.72508 0.34884 -0.55017 -0.14538 -1.9574 -0.6388 -1.3398 1.7559 -1.3788 2.941 0.59014 0.32634 1.7216 -1.3772 -0.35833 0.92275 0.43856 -0.47334 -1.2346 1.1955 -1.3386
-0.34349 -0.69421 0.7743 -0.73921 0.055407 1.8807 -0.22141 -0.71536 0.057791 -1.0745 0.078554 -1.6497 0.71995 -1.5539 0.34409 0.73948 -1.6746 0.71684 -0.09665 0.2344 0.34282 0.16908 -2.5319 -0.88712 0.14545 1.1736 -0.6368 2.6946 0.29703 0.72829 1.6118 -2.1436 -0.77778 1.245 0.76679 0.7166 -1.393 1.502 -1.7693
-0.77928 -0.5672 0.3998 -1.2747 0.15306 0.93777 -0.62848 -0.164 0.67171 -2.8247 0.19501 -1.1285 0.82912 -1.5126 1.0302 0.54923 -1.5308 1.3781 -1.3831 -0.19239 0.86652 1.0431 -1.9292 -1.609 0.36651 0.57699 0.38013 1.9029 -0.2503 1.383 0.70349 -2.2444 -0.82092 0.8184 0.36319 2.6222 -0.64193 1.3722 -2.1358
-1.061 -0.30615 0.059035 -1.7097 0.042021 -0.037359 -1.0596 0.66739 0.10244 -3.9369 -0.092987 -0.15194 0.89196 -1.345 1.4684 0.79395 -0.83296 1.8313 -2.3104 -0.68327 0.98744 1.256 -0.27999 -2.3611 0.85499 -0.25121 1.1284 1.0432 -0.17196 2.2033 -0.30364 -0.85821 -0.55854 0.017684 -0.66195 4.3424 0.34657 0.43833 -2.3537
-1.3082 0.003131 0.27873 -1.8411 0.29179 -0.9636 -0.11912 0.94273 -0.16842 -4.2552 0.27289 0.47811 0.88167 -0.55837 1.6745 0.30089 0.25465 0.90835 -2.452 -0.78974 0.72649 0.055534 2.2495 -1.2182 1.1434 -1.2844 1.5662 0.48339 -0.046437 2.6744 -1.2402 1.0546 -0.17193 -0.58031 -1.6072 4.2123 1.5808 0.041116 -2.2186
-1.1964 0.010535 0.99806 -1.7647 0.91348 -1.8778 0.060153 0.85473 0.81534 -2.5946 -1.0111 -0.1072 0.7345 0.054252 1.7181 0.52831 1.693 0.38619 -1.2223 -0.55796 0.43231 -0.69442 4.2047 -0.35901 0.68355 -2.0317 1.2845 -0.074098 -0.59906 1.9138 -1.5361 2.2069 0.43746 -0.92347 -1.4984 2.035 1.9969 -0.18594 -1.1924
-1.6022 0.26092 1.4547 -1.1742 1.6373 -1.3243 -1.4086 0.27804 1.3926 0.043033 -2.7022 -0.48007 0.17728 0.68224 1.6831 0.56449 2.3795 -0.19675 0.033258 -0.59993 -0.016051 -1.2768 4.3902 0.66051 0.56578 -2.4311 0.40056 -0.73456 -0.67269 0.13738 -1.6213 1.7897 1.0538 -0.89209 -0.44171 -1.2505 1.9681 0.054229 0.57978
-0.66136 0.8268 0.31096 -0.37232 0.27442 -0.86736 -1.6319 0.54165 -0.54527 1.7429 -0.19911 0.36568 -0.53018 0.40851 1.3271 -0.41418 1.8038 -0.46097 0.58862 0.053045 -0.47834 -1.1499 2.7903 0.82868 0.79261 -1.7705 -0.17354 -1.5292 -0.74645 -2.0351 -1.4854 -0.016086 1.3717 -0.71885 0.66733 -3.558 1.6148 0.20625 2.3128
-0.84072 0.82688 0.80285 0.32983 0.1843 -0.81337 -0.91638 1.1138 -0.73826 1.6141 0.52384 0.32795 -0.73511 0.0041672 0.64942 -0.43194 0.45552 -1.6703 -0.0054896 0.92549 -0.59334 -0.62248 0.42603 2.2576 1.2292 -0.38955 -0.52876 -2.0364 -0.024498 -3.1902 -0.63035 -1.3987 1.0213 -0.53723 1.5734 -4.0883 0.36938 -0.19042 3.2497
-0.39987 1.0623 0.96687 0.19664 -0.0035579 -0.4028 -1.1463 0.65217 -1.5011 0.7877 0.84934 1.0215 -0.8956 0.071599 -0.28954 -0.30552 -1.2991 -1.628 -1.269 1.3135 -0.71246 0.34638 -1.0293 2.1831 0.80337 1.0222 -0.060437 -1.6627 0.90471 -2.7715 0.13791 -1.5587 -0.13708 -0.29957 1.5068 -2.8697 -0.78249 -0.99321 2.6781
-1.3971 0.84043 -0.21967 -0.75404 0.61986 -0.94155 0.62941 -0.21469 -0.10773 -0.61767 -0.31374 1.171 -0.12161 -0.12768 -0.86521 0.43067 -2.2617 -0.78293 -1.7211 0.72791 -0.97415 1.2006 -1.9929 0.75388 0.20007 1.8956 0.54241 -0.58323 1.177 -1.1088 0.97541 -0.34444 -1.432 0.19956 0.50012 -0.924 -1.9878 -1.6018 0.90086
-1.3966 0.39218 1.1272 -1.4972 -1.0851 -2.2933 0.37214 -0.1183 0.9505 -0.83858 1.7389 1.2192 0.52775 0.36184 -0.65907 0.68714 -2.2188 -0.65366 -1.5396 -0.12579 -0.89428 1.0275 -1.8189 -0.025914 -0.6962 1.8044 1.0718 0.92173 0.84758 1.0264 0.87216 1.264 -2.144 0.86042 -1.1058 0.70913 -1.7997 -1.0154 -1.3489
-0.79084 0.17246 0.71083 -2.1351 -0.30099 -2.8485 -0.66045 -0.36367 0.85749 0.16947 0.82218 0.40752 0.64767 0.86095 -0.13815 1.0768 -1.2435 -0.35772 -0.55778 -1.1316 -0.12418 0.062059 -1.0469 -0.73172 -1.2699 0.80976 1.0086 1.8903 -0.084941 2.8197 1.2711 2.7007 -1.2937 1.06 -1.9556 1.6141 -1.2067 -0.076944 -3.0391
-0.55793 0.36469 1.1058 -1.7778 -0.34214 -2.2969 -0.86663 -0.31184 -0.11764 -1.299 0.87935 0.6979 0.63397 1.5579 0.84386 0.80493 0.17115 -0.23176 0.50626 -1.9076 0.54442 -1.3515 -0.053847 -0.7797 -0.51044 -0.80298 0.069612 1.8476 -0.83507 3.6435 1.5459 2.7895 0.29003 0.55247 -1.6437 1.6207 -0.45064 0.80775 -3.3492
-0.31908 0.66074 1.6494 -1.4382 -0.36962 -1.9706 -0.91803 -0.11492 -0.0052084 -1.4054 0.082234 -0.66186 0.42594 1.1382 1.4695 0.18741 1.9981 1.3527 2.3323 -0.89115 0.3821 -1.6192 0.41054 -1.351 -0.02089 -2.1427 -1.0629 1.0202 -1.1589 3.2956 1.3067 1.7957 1.5361 -0.20687 -0.27306 1.3328 0.36555 1.0858 -2.4143
0.050093 1.0143 1.6799 -1.2369 -0.18827 -0.81917 -1.9347 0.40881 -1.0858 -0.9125 -0.63452 -0.26618 -0.20303 0.35108 1.5531 -0.35395 3.2118 1.3459 2.2597 0.30069 -0.073012 -1.5019 0.75178 -0.6379 0.36192 -2.6069 -1.832 -0.35792 -0.91492 1.8692 0.67903 0.41193 1.9438 -0.6107 0.90364 0.84961 0.78647 0.68893 -0.6391
0.088092 1.3621 0.56073 -0.87799 -0.34334 -1.205 -1.5134 0.568 -1.0428 -0.14618 -0.090655 1.4537 -0.64708 -0.50155 1.1657 -0.39144 3.6134 1.2659 1.9287 0.71596 -0.23895 -0.42274 1.2652 -0.039968 0.5456 -2.5309 -1.9173 -1.7464 -0.62323 -0.47637 -0.30466 -1.3474 1.4835 -0.57482 1.5077 0.34739 1.1771 0.090736 1.4554
-0.27618 1.2948 1.3841 0.69141 1.1265 0.76081 -0.46099 -0.11669 -0.55284 0.20469 0.061623 0.82303 -1.2273 -1.0099 0.39311 -0.52997 2.9762 1.0634 1.4521 1.0272 -0.36513 -0.097323 1.2525 0.19604 0.64575 -1.7281 -1.4894 -2.5131 -0.37043 -2.4581 -0.26427 -1.9474 0.67394 -0.29917 1.4978 -0.17808 0.87697 -0.34659 2.8743
-0.51394 1.3395 0.26029 1.1823 0.93445 -0.64402 -0.13471 -0.85115 -1.3747 0.49107 0.11311 0.41516 -1.2783 -1.7268 -0.83134 -0.84284 1.1827 0.92659 0.15002 1.5956 -0.62116 0.76934 0.87408 0.6693 0.052302 -0.016102 -0.54098 -2.3937 -0.63866 -3.5975 -0.36893 -2.3875 0.024492 -0.167 0.98415 -0.82939 0.31491 -0.41315 3.3346
-1.1364 1.3361 1.435 1.6258 0.44108 0.13218 -0.46163 -0.13755 -0.18331 -0.015089 0.55463 0.80475 -1.3102 -1.7907 -1.5871 -0.80791 -0.34676 1.0228 -0.57261 1.1485 -0.48747 0.97261 0.59426 0.82549 -0.071394 1.1984 0.30835 -1.5592 -0.48011 -3.2957 -0.20569 -1.8553 -0.67631 -0.054329 0.71608 -0.84331 0.038516 -0.30909 2.635
-0.9898 0.96717 0.9676 0.73967 0.54048 0.10065 -0.32599 -0.044537 -0.67388 0.67537 -0.3612 0.37187 -0.96234 -1.1121 -1.787 -1.3975 -1.7073 0.59989 -1.6136 0.68952 -0.52261 1.0597 -0.081264 0.30347 0.087971 1.8784 1.0482 -0.38476 -0.40939 -1.9903 -0.024335 -1.112 -1.0216 -0.064438 0.095385 -0.30963 -0.043262 -0.29834 1.2521
-1.7988 0.18607 -0.11772 -0.7253 0.98017 -1.1764 0.4308 -0.50124 0.027619 0.63719 0.78003 0.59721 0.011673 -0.74803 -1.7026 -1.1226 -1.9761 0.84231 -1.2133 0.16193 -0.53698 1.2253 0.026321 0.46674 0.024703 1.9662 0.98305 0.61922 0.10802 -0.49055 -0.35964 -0.54713 -0.67535 0.077587 -0.22191 -0.077395 0.23472 -0.53915 0.032598
-1.6988 0.16547 -0.12022 -0.33328 1.574 -1.2948 0.2292 -0.47827 0.20849 0.88681 1.3109 1.491 0.039814 -0.31114 -1.4203 -1.4328 -1.87 0.96782 -1.6701 0.10413 -0.73893 0.83834 0.53786 0.7677 -0.57696 1.8083 0.81745 1.4268 0.88905 0.55058 -0.69153 0.28414 -0.74377 0.21936 -0.77872 0.11602 0.34701 -0.70158 -0.80693
-1.0979 0.14112 -0.35412 -0.24014 1.5088 -1.5719 0.3651 -1.3545 0.36016 -0.44213 -0.17203 0.3871 -0.0094917 -0.37466 -0.76988 -0.63987 -1.2261 0.16975 -1.6156 0.12473 -0.24168 0.62819 0.13606 1.0861 -0.81301 1.2961 0.62128 1.6883 1.3229 0.53377 -1.329 0.39051 -0.62366 0.50473 -0.99292 0.036221 -0.053476 -0.49871 -1.1357
-1.5303 0.19338 -0.19818 -0.37207 1.2678 -1.4497 -0.54745 -1.037 0.32489 0.7863 1.0187 0.39775 0.17637 0.21154 0.072167 -0.13339 -1.0252 -0.34669 -0.91031 -0.74041 -0.25296 -0.23833 0.10796 0.71822 -0.89969 0.79896 0.33964 1.5967 1.863 0.4959 -1.409 1.0375 -0.66586 0.93163 -0.83025 -0.1253 -0.33769 0.041904 -1.3308
-1.5103 0.023863 -0.28211 -0.78098 1.3774 -2.0175 -0.082833 -0.77372 0.65468 1.5242 1.5546 -0.34824 0.38025 0.13834 0.30588 0.48582 -1.3739 -0.96213 -0.88973 -0.63252 0.20027 -0.27209 0.32333 0.38943 -0.80525 0.47786 0.82205 0.54824 1.2199 0.58711 -1.2372 1.636 -0.39755 0.75801 -0.29237 -0.20709 -1.0567 0.48836 -1.1242
-1.8445 0.068117 -0.04024 -1.1654 0.65411 -2.4937 0.52528 -0.17426 0.081386 0.45007 1.4824 -0.34253 0.49664 0.059408 0.64628 1.1996 -0.84494 -1.0759 -0.10497 -0.81541 0.86244 -0.4138 0.19831 0.42745 -0.46568 -0.1188 1.4197 -0.69469 0.51739 0.91844 -1.2515 1.9612 -0.11366 0.40324 0.57327 -0.45743 -1.3877 0.58739 -0.5491
-1.1957 0.38641 -0.42521 -1.6237 1.0588 -2.0331 -1.0771 -1.4197 -0.4336 0.54104 1.5901 0.17073 0.65562 1.2203 -0.17281 0.77307 -0.18824 -1.7576 1.0427 -0.6181 0.68047 0.11635 -0.32109 -0.94083 -0.0011034 -0.21777 2.0181 -1.5481 -0.19583 1.165 -1.1558 2.1261 -0.18016 -0.11618 1.1198 -0.55458 -1.4415 0.0032404 0.18057
-1.2821 0.44376 0.76087 -1.3384 0.4814 -2.4029 -0.41352 -0.256 0.30637 1.1052 0.79979 0.18944 0.13411 2.2943 -0.8437 0.58363 0.15205 -2.2673 1.8 -0.98005 0.28696 0.74254 -0.49013 -1.472 -0.070154 0.18594 1.8163 -1.9886 -0.61935 0.77939 -1.1252 1.4641 0.26903 -0.51995 1.3737 -0.46984 -1.0348 -0.79569 0.94771
-1.2527 0.69577 1.2276 -0.65998 0.35373 -1.1346 -1.0008 0.25085 -0.048646 0.1482 0.85914 -0.6155 -0.23501 2.7509 -1.5045 0.41705 0.37542 -2.5078 2.1466 -0.91097 0.24341 1.4453 -0.45003 -1.6272 -0.96698 0.64851 0.85996 -1.3708 -0.72543 0.12679 -0.53882 0.57949 0.37618 -0.87953 0.85414 -0.20924 0.12361 -1.2057 1.2664
0.15613 -0.60176 -0.06737 -0.6886 -0.90606 0.00986 -0.84064 -0.17908 0.95043 0.76999 -0.23008 0.42077 0.41173 2.651 -1.9661 0.26607 0.37381 -2.7856 2.0788 -0.16281 0.039895 1.7378 -0.68273 -1.3564 -1.5819 1.1209 -0.080052 -0.42012 -0.55015 -0.35914 0.13519 -0.2419 0.72752 -1.1382 0.17622 0.11136 0.76931 -0.84607 0.9238
1.0063 -0.7265 0.24777 -1.1688 -1.1052 -0.40195 -1.1311 -0.67193 1.3782 0.33915 -0.10148 -0.7201 0.98367 2.6309 -1.8762 -0.36371 -0.06333 -2.4989 1.9645 -0.31376 -0.94637 1.3696 -0.64114 -0.73527 -1.6835 1.5484 -1.1354 1.0107 0.15595 -0.34994 0.94288 -0.71883 0.82196 -1.2878 -0.56553 0.31262 1.2071 -0.15087 0.085669
0.79864 -0.79398 0.54954 -1.0763 -1.5966 -0.11225 -1.0933 -0.138 1.4362 -0.3144 -0.40976 -1.8632 1.0605 2.2055 -1.3626 -0.017464 -0.33458 -2.0258 1.3975 0.11238 -1.3788 1.1415 -0.15993 -0.32216 -1.4141 1.3667 -1.7485 1.7645 0.61396 0.071212 1.407 -0.69682 0.63294 -0.98596 -0.9215 0.68734 1.0292 0.67582 -0.78033
1.0886 -0.86671 0.53239 -1.0224 -1.6852 0.33408 -0.89882 -1.0743 1.6752 -0.12037 -0.085004 -1.7746 1.1453 0.87378 -0.16336 0.79239 0.041449 -1.1481 1.091 0.52474 -1.603 0.58388 -0.068131 0.35488 -1.3302 0.68163 -1.8733 1.7052 0.78783 0.52211 1.4411 -0.60751 0.57816 -0.36397 -0.71418 0.79497 0.69348 1.3866 -1.1666
1.3338 -0.88607 0.37322 -1.061 -2.0701 0.56991 -1.0139 -1.421 1.6276 0.19688 -0.024647 -1.8419 1.0889 0.29626 0.057185 0.71621 0.44948 -0.86307 1.161 0.62645 -1.5921 0.2413 0.43494 0.23068 -0.34591 0.18657 -1.4167 1.1541 0.29149 0.59201 1.2254 -0.38768 0.024803 0.31833 -0.54651 0.57155 0.20589 1.6553 -0.94945
1.6184 -0.83605 0.81783 -0.98831 -2.0348 1.0306 -0.73713 -1.7651 1.5962 0.33756 0.059494 -1.7465 1.1054 0.12147 0.19639 0.59929 0.54658 -0.41935 0.89723 0.53199 -1.5731 0.35539 0.68415 0.42768 0.64981 0.091208 -0.5976 0.42876 -0.38253 0.24072 0.86671 -0.44348 -0.59577 0.84923 -0.33683 0.26781 -0.34927 1.5164 -0.48302
1.0392 -0.70775 1.0505 -0.73979 -2.0335 1.0019 -0.089198 -2.4896 1.8685 0.46515 0.28082 -1.7141 1.2409 -0.038184 0.33569 0.5478 0.55028 -0.12817 0.72494 0.14357 -0.78123 0.13512 0.63298 0.074619 1.0132 -0.003303 -0.090458 0.19948 -0.63001 -0.12555 0.65928 -0.68846 -1.0477 1.272 -0.23213 -0.16492 -0.39549 0.91783 -0.27844
1.1787 -0.71732 1.1204 -0.67698 -2.1306 0.93684 -0.61284 -2.3171 1.5873 0.68439 -0.12096 -1.5419 1.1274 -0.064647 0.38547 0.17594 0.44764 0.083244 0.43397 -0.3967 -0.34864 -0.05375 0.38516 -0.27956 1.1231 -0.06799 0.28544 -0.061835 -0.80212 -0.44038 0.34201 -0.85868 -1.2803 1.3751 -0.34164 -0.54229 -0.48442 0.47656 -0.31186
1.0555 -0.69523 1.0227 -0.5307 -2.0106 1.1312 -0.53731 -2.3549 2.1041 0.64845 0.40993 -0.65072 1.1436 0.22123 0.27454 -0.20212 0.24568 0.10082 0.053896 -0.94436 0.28932 -0.030205 0.25808 -0.22355 1.3253 -0.21844 0.37015 -0.23016 -0.75276 -0.55635 0.15832 -0.99276 -0.86621 0.89382 -0.27078 -0.72208 -0.16902 0.29196 -0.23439
1.374 -0.59471 0.99664 -0.59079 -1.9097 1.4379 -0.97081 -1.9421 1.6282 0.93449 -0.14908 -0.45178 1.0956 0.5186 0.11011 -0.45436 -0.16456 0.094602 -0.42821 -1.408 0.58877 -0.26253 -0.22102 -0.4146 1.4985 -0.34464 0.18042 -0.27516 -0.33645 -0.47801 0.040435 -0.98402 -0.21896 0.56164 -0.33111 -0.67802 0.021222 0.066164 -0.12545
1.4006 -0.54765 0.59086 -0.67109 -2.0279 1.1235 -1.4893 -2.0788 1.4336 0.64131 -0.4975 -0.64002 1.0346 0.35364 0.080328 -0.48003 -0.23183 0.15491 -0.75871 -1.0356 0.49782 -0.3158 -0.52162 -0.19834 1.4525 -0.27208 -0.23069 -0.20523 0.18082 -0.25797 -0.028562 -0.87899 0.46466 0.27114 -0.21847 -0.44608 0.33008 -0.26026 0.0013515
1.6969 -0.62431 0.81142 -0.66159 -1.9498 0.89506 -1.5473 -1.5034 1.8234 0.74896 0.13501 0.024689 0.95697 0.20183 0.015704 -0.30583 -0.24998 0.12695 -1.0579 -0.78673 0.63959 -0.58995 -0.59321 -0.24006 1.2244 -0.25658 -0.56963 -0.13431 0.42244 -0.069583 0.058151 -0.57112 0.89084 0.18795 0.0026614 -0.086732 0.57243 -0.53805 0.062008
1.4576 -0.67329 0.59154 -0.95884 -1.9962 0.18636 -1.9281 -1.8104 1.4404 -0.061418 -0.43622 0.45785 0.9238 -0.04772 -0.030384 0.00033513 -0.22152 0.027804 -1.3306 -0.37128 0.78336 -0.31457 -0.45308 0.37865 0.95915 -0.25478 -0.65862 -0.032862 0.37712 -0.094962 0.17339 -0.14925 0.92425 0.26847 0.19457 0.22006 0.66387 -0.7793 0.045968
1.4076 -0.61512 0.61443 -0.73125 -1.875 0.2446 -1.5367 -1.711 1.3685 0.044587 -0.052035 0.68194 0.95114 -0.33465 -0.070299 0.0013774 -0.31452 0.26168 -1.2589 -0.033941 0.80135 -0.25787 -0.42288 0.48648 0.67339 -0.23887 -0.65793 0.14062 0.13952 -0.17156 0.39457 0.38217 0.89283 0.47101 0.36718 0.22792 0.70042 -1.0895 0.063543
1.3664 -0.61677 0.73621 -0.7335 -1.8388 0.14112 -1.5651 -1.1738 1.1536 0.13697 -0.16217 0.86285 0.92877 -0.59657 0.054009 -0.016342 -0.39355 0.40418 -0.97636 0.35872 0.93112 -0.083122 -0.15143 0.81666 0.16239 -0.19474 -0.77308 0.19178 -0.34929 -0.32307 0.84585 0.73971 0.93278 0.7279 0.30729 -0.040892 0.18231 -1.2159 0.04667
1.4306 -0.58861 0.97637 -0.87275 -2.0193 -0.33053 -1.6541 -0.738 1.3727 0.48771 0.48558 0.39701 0.82248 -0.74093 0.18883 -0.092425 -0.50642 0.66441 -0.54731 0.55835 1.4794 0.0469 -0.27272 0.99463 -0.57778 -0.16948 -0.93897 0.085086 -0.88188 -0.22667 1.2154 0.9933 1.224 0.81451 0.44214 -0.35631 -0.20564 -0.91369 0.0096538
1.0689 -0.67908 0.44551 -1.1011 -1.6055 -0.54185 -1.6027 -1.0238 1.3445 -0.19923 0.19688 0.43719 0.79845 -1.2746 0.13932 -0.59576 -0.76166 1.3866 -0.32193 1.1198 1.8648 0.16284 -0.60268 0.50909 -0.87438 -0.20204 -0.79162 -0.073407 -1.2584 0.058038 1.3268 0.97526 1.3288 0.46542 0.32605 -0.64427 -0.86625 -0.11635 -0.019093
0.97327 -0.55654 0.76901 -1.1418 -1.4977 -0.36352 -1.0127 -0.29167 1.7355 0.36672 1.2378 0.50424 0.81888 -1.7324 0.01125 -1.2759 -0.57971 2.0141 0.2584 1.9348 1.9258 0.52541 -0.91224 0.22419 -0.64887 -0.21292 -0.38049 -0.10708 -1.049 0.33724 0.90501 0.58267 1.0806 -0.099517 0.078113 -0.25435 -1.2875 0.94038 -0.091039
0.63119 -0.44363 0.42908 -1.3655 -1.2302 -0.26332 -1.158 0.44975 1.2307 -0.7685 0.65727 -0.4893 0.82501 -1.5652 0.0069524 -1.6449 -0.25437 2.179 0.43115 2.222 1.6106 0.34588 -1.1314 -0.57744 -0.01079 -0.2013 0.14342 0.15614 -0.14167 0.47766 0.19545 -0.03652 0.29183 -0.80753 -0.52636 0.24374 -1.7582 1.4033 -0.26147
-0.052381 -0.55762 -0.17558 -1.4318 -0.16383 -0.10943 0.19452 1.1548 1.5168 -0.67212 0.21726 -0.29234 0.74711 -1.2999 0.063908 -1.4247 -0.11642 1.9378 0.1434 2.0797 1.3948 0.11534 -0.51633 -1.1107 0.9445 -0.32472 0.28015 0.79285 1.3505 0.84266 -0.33043 -0.43064 -1.0333 -1.357 -1.2541 0.92454 -1.5728 1.009 -0.75561
-0.36266 -0.69872 -0.78064 -1.1929 0.12853 0.42003 0.88148 1.3033 2.1107 -0.97027 0.33887 0.27215 0.68105 -1.2266 0.35377 -0.80413 -0.077521 1.7822 -0.36919 1.5975 0.52195 -0.7114 -0.2972 -2.4435 1.2305 -0.60088 0.45337 1.4516 2.3282 1.1977 -0.76846 -0.54789 -2.2747 -1.426 -1.6092 1.37 -0.32719 -0.049095 -1.2117
0.14122 -0.56355 -0.84693 -1.1142 -0.017658 -0.19388 0.6823 0.77105 1.6061 -1.2244 -0.45539 0.77408 0.65127 -1.3846 1.1233 0.60966 0.95505 1.5974 -0.19218 0.2398 -0.22207 -1.5173 0.55649 -2.08 0.825 -1.3373 0.40547 1.2369 2.5882 1.0723 -0.95135 -0.054634 -2.6431 -1.0515 -1.486 1.02 0.70925 -1.0743 -1.0629
-0.18974 -0.50376 -0.63261 -1.3555 0.15793 -0.59223 0.70102 1.0551 1.3671 -0.23396 -0.86031 2.042 0.51797 -0.68556 1.8436 1.3402 1.5212 0.92408 -0.47375 -1.2611 -0.40941 -2.1371 1.1226 -0.75965 -0.022124 -1.8217 0.30731 0.075432 1.8708 0.40604 -0.87261 0.73048 -1.7886 -0.31531 -0.60495 0.5866 1.4073 -1.4023 -0.16755
-0.56661 -0.052189 0.26099 -1.3705 0.47357 -0.8447 0.74599 0.60068 0.26076 -0.46604 -2.5819 1.1097 0.2421 -0.8217 1.333 1.9565 1.1525 0.60354 0.056636 -1.6053 -0.22911 -2.2185 0.85355 -0.48066 -0.59856 -1.5791 0.44523 -1.5747 0.11014 -0.60387 -0.88014 1.1129 -0.053482 -0.43978 0.29224 -0.39681 1.3458 -1.3973 1.1797
-1.369 0.61673 1.1983 0.18482 0.97468 0.1876 -0.98811 0.44701 -0.58179 0.14487 -1.3789 -0.23024 -0.59265 -0.94076 0.35726 1.7313 0.60075 0.66143 0.85344 -0.94498 -0.11192 -1.6012 0.7539 -0.33075 -0.89841 -0.76946 0.80383 -2.8191 -1.5461 -1.0361 -0.95183 1.367 1.5893 -0.70146 0.75819 -1.0182 1.5095 -0.80762 2.1615
-0.26864 0.79334 0.56276 0.17856 0.63337 -0.67402 -1.0693 0.91891 -0.32485 0.9253 0.50698 -0.091945 -0.73067 -0.43476 -0.73262 0.56824 0.23498 0.097124 1.2152 -0.034555 -1.2537 -1.1863 -0.056393 0.49103 -1.5673 0.2176 1.4769 -2.8405 -2.7429 -0.92743 -1.0818 0.76463 2.5438 -0.33381 0.60174 -1.4266 1.6079 -0.23994 2.353
-1.0458 -0.24196 1.2074 -0.71512 0.41671 0.59818 -0.55684 0.93717 -0.19337 -0.55266 -1.1157 0.35509 -0.16298 0.60618 -1.7644 -0.68502 -0.038057 -0.58695 1.4988 1.0077 -1.2962 -1.099 -0.48152 1.8779 -1.1613 1.0885 1.3893 -1.8897 -2.8605 -0.18904 -0.7591 -0.057146 2.1312 0.69335 0.1937 -1.6756 1.0554 0.22937 1.5727
-0.93484 -0.55309 0.95789 -1.0878 0.84683 0.65781 0.26184 0.52895 -0.21676 0.2729 -1.9898 0.40805 0.38824 1.1343 -2.282 -1.6311 -0.33548 -0.77691 1.1456 2.3147 -0.31086 -1.2361 -1.4169 1.7415 -0.9288 1.6373 1.1785 -0.25788 -2.3677 0.76542 0.042345 -0.76109 0.58395 1.8864 0.37722 -1.1317 0.16674 0.79973 0.21203
-0.75813 -0.83307 -0.065254 -0.85993 0.25126 0.69062 0.81521 -1.7656 -0.70766 -0.60266 -0.31391 -1.0028 0.57005 0.84217 -1.984 -2.1688 0.50966 -0.30938 0.74443 1.9804 0.76895 -1.1793 -1.9597 1.2304 -0.7188 1.2932 0.86867 1.1623 -1.6164 1.1895 0.56257 -0.90533 -1.4054 1.9268 1.2627 -0.42122 -1.0871 0.6762 -0.94304
0.27278 -0.92715 -0.25315 -0.30497 -0.091465 1.3614 1.0952 -0.59203 -1.7879 -0.83321 1.4448 -0.9937 0.5637 1.625 -1.0614 -2.8347 1.4346 0.032629 0.11616 0.59304 1.4195 -0.37297 -1.6068 1.1672 -0.12234 0.49362 1.0737 1.8225 -0.64922 0.80228 0.68907 -0.59702 -2.7472 1.0248 2.2313 1.0143 -1.9061 0.56396 -1.3626
0.076861 -1.0021 -0.76424 0.026197 0.22245 1.0829 1.6897 1.7067 -1.7942 -1.8931 1.3502 -1.1325 0.51151 1.9659 -0.48305 -2.9245 1.3724 0.04463 0.26432 -0.85694 1.624 1.058 -1.2333 -0.070074 -0.15116 0.0063599 1.1197 1.6113 0.14917 -0.50774 0.39077 -0.27414 -2.4219 -0.55987 2.6377 2.3283 -2.3932 0.095229 -0.97233
-0.0026568 -1.1508 -1.6195 0.2473 0.55894 0.25374 1.0727 2.4863 -0.98429 -2.2835 0.28009 -0.14121 0.50758 2.5566 -0.057655 -2.4166 0.7781 0.31636 0.21999 -1.5816 1.2678 2.2196 0.28793 -1.5335 -0.028964 -0.11152 0.68742 1.012 1.102 -1.509 -0.051097 0.06026 -1.2992 -2.0236 1.8979 2.8405 -2.0581 -0.72241 -0.36241
0.77297 -1.1638 -1.9424 0.40426 0.66766 0.97314 -0.21343 1.6005 -0.025217 -2.0805 -0.75281 0.52811 0.44273 2.4456 0.14247 -2.1561 -0.15607 0.26739 0.13798 -1.6195 -0.27501 2.9318 1.8292 -2.3496 -0.54118 -0.10971 0.11204 0.61154 1.651 -1.4242 -0.44941 0.11685 0.13157 -2.2387 0.58119 2.5286 -0.40441 -1.0887 0.010458
1.4216 -0.88319 -2.5981 0.090504 0.42171 1.3696 -0.73507 0.83043 1.0958 -1.0646 -1.4435 -1.1945 0.49907 2.6552 0.27088 -1.344 -0.73561 -0.17726 0.25777 -1.5461 -1.6383 2.5808 2.6382 -1.9319 -1.3765 -0.08068 -0.9315 0.20136 1.781 -0.64387 -0.69369 -0.09259 1.0938 -1.1475 -0.63676 0.859 1.0479 -0.91997 0.17584
2.5115 -0.88082 -2.4563 0.0040943 0.27983 1.1645 -0.45259 0.11629 1.0408 0.29476 -0.85632 -1.4597 0.484 2.1229 0.34066 -0.63348 -0.64084 -0.54368 0.43099 -0.63381 -1.3544 2.0687 2.7345 -0.69713 -1.6762 0.014654 -1.7167 -0.2372 1.9518 0.41796 -0.506 -0.51294 1.363 0.68321 -1.2263 -1.1918 1.5042 0.416 0.26598
2.2579 -0.90951 -2.6762 -0.47996 0.35405 1.2148 -0.071225 0.44985 1.2537 1.5152 -1.3706 -1.5539 0.43525 0.99503 0.15823 -0.12491 -0.23733 -0.56497 -0.13739 0.023466 -0.47139 1.3455 1.588 -0.18893 -1.3149 0.14101 -2.387 -0.55985 1.5688 0.92279 -0.15852 -1.0282 1.1051 2.0623 -1.1018 -2.7053 1.1002 1.6363 0.35364
2.4217 -0.90274 -2.3015 -0.52546 0.19031 0.89634 -0.52019 0.015084 1.3111 0.8503 -1.5098 -2.4387 0.43559 0.10103 -0.20578 0.58366 0.39488 -0.47852 -0.67097 0.21328 0.47382 1.0352 -0.057283 -0.10868 0.30887 0.25274 -1.9889 -0.59304 1.1871 0.86255 -0.018842 -1.2951 0.63988 2.1576 -1.1171 -3.075 0.66917 2.085 0.39646
2.1658 -0.87081 -2.486 0.039108 -0.0048097 1.2188 -0.19319 0.74532 2.0437 1.1909 -0.67419 -1.5934 0.55207 -0.74766 -0.38988 0.73224 0.52502 -0.50701 -1.173 0.15011 1.5002 0.83851 -1.4505 0.052564 1.0093 0.42782 -1.2978 -0.35632 0.8858 0.3149 0.11261 -0.93804 0.77124 1.6019 -1.3018 -2.1583 0.78972 1.669 0.41055
1.9779 -0.95661 -2.2837 0.24295 0.04207 0.89529 -0.50231 0.6923 1.839 -0.10889 -1.4288 -1.659 0.61275 -0.68359 -0.37373 0.96047 0.63971 -0.61152 -1.5382 0.52477 1.9005 0.031696 -1.9817 0.57133 1.4584 0.57413 -0.67031 0.004679 0.59995 -0.48953 0.33014 -0.58888 1.2095 0.55481 -1.6774 -0.91429 1.0769 0.51923 0.30972
1.9927 -1.1104 -1.7139 0.39838 -0.096858 0.21913 -0.2363 1.4109 2.2921 -0.79807 -1.5085 -0.36533 0.71452 -1.0127 -0.35784 1.1865 0.24061 -0.29424 -1.5149 1.3431 1.9598 -0.82185 -1.8237 1.1091 1.5556 0.70798 -0.34667 0.31356 0.25058 -0.89953 0.40695 -0.12894 1.3569 -0.48179 -1.7002 0.34393 1.4348 0.015879 0.081743
1.6098 -1.233 -1.7731 0.010901 -0.214 -0.49807 -0.048367 2.5515 1.7875 -1.1473 -0.67161 -0.33522 0.81561 -1.0065 -0.22953 1.3604 -0.4216 0.021586 -1.6503 1.938 1.323 -1.5737 -1.7187 1.5937 1.1278 0.66292 -0.22725 0.62316 -0.15121 -0.95637 0.402 0.19149 0.76116 -1.3739 -1.2165 1.076 1.3475 -0.35527 -0.22349
1.737 -1.0925 -1.5436 0.074839 -0.36255 -0.57518 0.66918 2.712 0.92273 -1.0115 -0.45589 -0.23127 0.90232 -1.2279 0.037091 0.93001 -0.69763 -0.075006 -1.3966 2.0493 0.82314 -1.8446 -0.87518 2.5105 1.2365 0.53257 0.074347 0.72708 -0.49765 -0.53891 -0.096224 0.28836 -0.52094 -2.0865 -0.44043 1.3921 0.87176 -0.28156 -0.55375
1.1632 -1.1252 -0.95014 -0.078813 0.022531 -0.44974 1.4115 2.3885 0.50998 -1.4946 0.40258 -0.44638 1.0899 -0.99694 0.43585 0.78939 -0.75463 0.018271 -1.2705 1.6276 -0.25679 -1.9511 -0.26251 2.6597 0.92021 0.27393 0.33999 0.62406 -0.62803 0.03888 -0.71534 0.48412 -1.8126 -2.2106 0.43881 1.3499 0.48606 -0.2897 -0.74667
1.1374 -1.0601 -0.9684 -0.30568 0.12793 -0.89531 2.0627 2.0962 0.38034 -1.7327 1.0693 -0.017057 1.0659 -0.88089 0.48702 0.57164 -0.64727 -0.47454 -1.1946 0.47984 -1.3816 -1.5362 0.28337 2.3834 1.1126 -0.066526 0.55529 0.34921 -0.40162 0.28373 -1.2064 0.52472 -2.6492 -1.851 0.88437 1.0093 -0.16624 -0.89069 -0.78245
0.67201 -0.97534 -1.3677 -0.36686 -0.31538 -1.1492 1.5319 2.1148 0.014522 -1.3553 1.7107 0.80698 1.0054 -0.55237 0.55403 0.41302 -0.38138 -1.1055 -0.87055 -0.78871 -1.9506 -0.82846 0.45159 2.6687 0.62625 -0.346 0.51929 -0.041359 -0.10599 0.25162 -1.179 0.84687 -2.6154 -0.80887 1.0887 0.92106 -0.75398 -1.8681 -0.53511
1.1769 -0.72407 -0.74215 -0.42329 -0.16711 -1.7607 1.4659 1.3768 -0.073912 -1 1.9203 0.78853 0.90228 -0.42452 0.53557 0.38443 -0.34431 -1.7481 -0.63905 -1.8684 -1.9967 -0.5931 0.8257 2.1713 -0.41012 -0.52888 0.49812 -0.2815 0.19084 0.0053954 -0.43391 1.0535 -1.5378 0.238 1.2035 0.86372 -1.407 -2.6305 -0.15523
0.69902 -0.89318 -1.1271 -0.58945 -1.0218 -1.8443 0.33214 0.54876 -0.31694 -0.53126 2.2607 0.96404 0.75254 -0.26596 0.32831 0.66212 -0.42839 -1.5292 0.019028 -2.2589 -1.5602 -0.19092 1.3451 1.2181 -2.1125 -0.43111 0.28155 -0.48373 0.23244 -0.29343 0.39681 0.90914 -0.21155 0.91108 1.2589 0.83597 -2.3286 -2.2249 0.18642
1.1316 -0.63671 -0.74593 -0.14827 -1.4026 -1.0824 0.032402 -0.046911 0.047201 -0.84221 3.5657 -0.080168 0.71284 -0.10408 0.12261 0.74119 -0.62326 -1.0691 0.31909 -1.766 -1.1227 0.61205 1.599 0.21341 -2.8726 -0.29178 0.23908 -0.44145 0.23228 -0.33751 1.0899 0.47981 1.0142 1.1221 1.503 0.52106 -2.3921 -0.79121 0.35681
0.46897 -0.7363 -0.47513 -0.65294 -1.6199 -1.3585 -0.52418 0.013424 -0.28481 -0.44974 3.0677 -1.3067 0.69349 -0.19295 -0.048569 0.6009 -0.82056 -0.71524 0.33559 -1.2612 -0.60581 1.1496 1.771 -1.1494 -2.6669 -0.13124 0.09771 -0.27112 -0.0077895 -0.18581 1.0147 -0.010918 1.4282 0.80888 1.3883 0.16898 -1.8209 1.136 0.22042
0.86237 -0.81932 -0.35795 -0.88464 -1.1265 -0.93867 -0.54968 0.59796 0.18257 0.71464 2.1526 -2.7985 0.75304 -0.019893 -0.0157 0.78103 -0.8123 -0.14366 0.075218 -0.42286 -0.2759 1.8178 1.6793 -1.573 -1.7229 -0.045691 0.21505 0.067739 -0.037514 0.57329 0.47214 0.09778 1.4158 0.09115 0.85904 -0.26889 -0.75263 2.4975 0.0058279
0.80208 -0.80223 -0.49436 -1.0281 -1.2507 -1.2194 -0.32573 0.39301 1.014 1.1599 1.7401 -2.1456 0.72894 -0.12827 -0.062773 0.5917 -0.70393 -0.11952 0.084667 -0.18715 -0.40345 2.0521 1.6565 -1.6381 -0.33287 -0.16101 0.19947 0.30191 -0.0035281 1.423 -0.337 0.069228 1.1983 -0.65159 -0.33166 -0.6688 0.39489 2.7351 -0.16021
0.89389 -0.78437 -0.19946 -1.1913 -1.295 -1.5526 -0.39065 -0.026238 1.2047 1.4333 0.36593 -1.8945 0.7259 0.2603 0.22545 0.64372 0.41956 -0.49789 0.594 0.41625 -1.0595 1.9218 1.1187 -1.0871 1.1014 -0.26132 0.43064 0.22192 -0.0083292 2.0054 -0.89032 0.016451 0.83852 -0.77572 -1.7995 -0.82594 0.93846 1.9566 -0.20235
0.73011 -0.79059 -0.066379 -1.0617 -1.4589 -1.4223 -0.28423 -0.16384 1.9694 1.2849 1.5857 -1.1961 0.66891 0.034855 0.31082 0.62645 1.3114 -1.1653 0.17161 0.61888 -1.5147 0.41754 0.70175 -0.56917 1.5482 -0.3 0.63079 0.11496 -0.18987 2.0366 -0.70119 -0.45328 0.65303 -0.4053 -2.6298 -1.0083 1.1974 0.81034 -0.13508
0.75045 -0.69117 0.0060029 -0.8927 -1.6562 -0.66147 -0.547 -0.57117 2.1435 1.5794 1.7636 -1.1405 0.51932 0.69381 0.14622 0.71221 2.0567 -1.2712 0.027258 0.77939 -1.2659 -1.0542 0.48812 -0.16255 1.3706 -0.32691 0.51574 -0.17798 -0.51407 1.0433 0.0091729 -0.9862 0.10882 0.40494 -2.7247 -0.96545 0.82899 -0.16763 -0.11277
1.0171 -0.53007 0.31063 0.043268 -2.0261 -0.28924 0.28629 -1.3031 1.7795 1.5169 1.1352 -0.35542 0.51479 0.82026 0.15006 0.19106 2.4147 -1.0336 -0.52556 0.87855 -1.1152 -1.8515 -0.067017 0.37898 1.2204 -0.36057 0.53671 -0.3563 -0.73446 -0.095651 0.92957 -0.87597 -0.13666 1.0843 -1.6079 -0.84281 0.39587 -0.18273 -0.039431
0.84152 -0.62535 0.17682 0.40918 -2.4228 -1.5092 0.32098 -1.3641 0.16789 2.0571 0.92061 -0.91738 0.55787 0.8202 -0.0015952 -0.067452 1.88 -0.55083 -0.95975 0.48338 -0.47592 -2.5299 -0.44879 0.15784 0.9516 -0.42415 0.056901 -0.43867 -0.85887 -1.2748 1.3918 -0.31016 -0.29125 1.5158 -0.16121 -0.5134 0.079314 0.34124 0.085889
1.9116 -0.8025 0.42368 0.83742 -2.4187 -1.5664 0.55347 -1.0669 -0.24214 1.8062 1.1942 -0.13012 0.44917 0.96302 -0.21528 -0.29496 1.2045 0.18947 -1.0286 0.49008 0.21376 -2.1411 -0.53264 0.095849 1.4131 -0.31545 -0.20254 -0.52656 -0.61603 -1.9319 1.4375 0.85213 -0.05754 1.7838 1.158 -0.13936 -0.31074 0.82757 0.30421
1.4564 -0.6008 -0.22825 0.98274 -2.1151 -2.2135 0.50133 -1.5628 -0.20047 0.7936 1.7045 -0.052567 0.37089 0.72677 -0.40627 -0.57187 0.18113 0.68714 -0.34394 0.39845 1.0442 -1.2401 -0.31303 0.15099 2.0021 -0.19304 -0.61496 -0.44495 -0.46312 -1.7831 1.0856 1.6865 0.52727 1.612 2.0431 0.063902 -0.41438 0.53668 0.61424
1.3417 -0.75953 -0.059164 0.44115 -1.9385 -1.8646 -0.11339 -0.59004 -0.63162 0.70432 1.9435 0.057178 0.21516 0.49169 -0.52696 -0.66251 -0.49007 1.0017 0.74382 0.7969 1.6281 -0.12255 -0.40935 -0.25053 2.4184 0.064444 -0.84214 -0.39892 -0.1847 -1.2469 0.3536 1.7687 0.89138 0.95686 2.0888 -0.031415 -0.53321 -0.5352 0.81728
1.947 -0.82356 -0.13394 0.58723 -1.5081 -1.416 0.63136 -0.48453 -0.21904 1.3421 1.173 1.334 0.35373 -0.08188 -0.59121 -0.72415 -0.73841 1.0467 1.3107 1.3345 1.9813 0.64929 -0.37216 -0.51579 1.5768 0.47197 -0.96302 -0.21138 -0.13522 -0.48016 -0.3394 0.97203 0.99687 -0.1771 1.5958 -0.45247 -0.59353 -1.9302 0.85007
1.6952 -0.93763 -0.34204 0.35456 -1.6631 -0.93034 1.0926 0.25879 -0.19944 1.6641 1.041 2.3748 0.46665 -0.19039 -0.79273 -0.57626 -0.7623 0.6596 1.4563 1.7293 1.6173 1.1963 -0.55835 -0.66281 0.55977 0.79535 -1.0708 -0.0083173 0.01527 -0.16818 -0.73103 0.00035752 0.27368 -1.0037 0.63717 -0.94206 -0.37295 -2.8907 0.58183
1.6565 -1.1432 -0.52837 0.086165 -1.4752 -0.7148 1.4966 0.97328 -0.080372 1.0515 0.6912 2.1319 0.63768 -0.71339 -0.6356 -0.88659 -0.6233 0.22654 1.1041 1.8431 0.68484 1.3718 -1.1488 -0.8594 -0.98982 0.9425 -0.6821 0.21279 0.37956 -0.088056 -0.54997 -0.47801 -0.63539 -1.6239 -0.27506 -1.2041 -0.28237 -2.5555 0.17984
1.541 -1.1472 -0.57732 0.28962 -1.2091 -0.26573 2.1289 1.3105 0.78627 0.48206 1.1119 1.0278 0.82398 -1.173 -0.53381 -0.59179 -0.88352 0.055878 0.81217 1.0577 0.2809 0.82228 -1.9254 -0.84006 -2.1852 0.85821 -0.33996 0.47899 0.67204 -0.13267 -0.15934 -0.51322 -1.312 -1.587 -1.0116 -0.87339 -0.13476 -1.4674 -0.16902
1.1206 -1.2634 -0.78005 0.038165 -1.5251 -0.61235 2.1392 0.24151 1.1085 -0.22042 1.056 0.25253 0.94391 -0.85242 -0.38693 -0.094862 -0.85841 0.32746 0.69231 0.43098 -0.56914 0.27222 -2.1251 -1.0016 -2.2517 0.76227 0.14043 0.43415 0.83556 -0.1964 0.17579 -0.17592 -1.5897 -1.1056 -1.5633 -0.13473 0.031708 0.059627 -0.36882
0.77467 -1.2199 -1.1383 -0.16123 -1.7081 -0.42151 2.182 0.098645 0.79146 -0.47234 0.22677 -0.85896 0.97502 -0.75022 -0.14657 0.15684 -0.9118 0.31045 0.65513 -0.10986 -0.90167 -0.32805 -1.8351 -0.86152 -1.7833 0.59339 0.5344 0.42665 0.59851 0.086651 0.46099 0.40477 -1.1015 -0.32402 -1.4514 0.70334 0.46923 1.0703 -0.37045
0.80564 -1.2865 -0.57595 -0.45962 -1.3736 -0.16928 1.7848 0.50837 0.30799 -1.2021 -0.13677 -0.51885 1.0712 -0.66605 -0.1323 0.15174 -0.99974 0.42032 0.81396 -0.6543 -0.92021 -1.2582 -1.459 -0.77494 -1.0393 0.43129 0.51022 0.3986 0.30363 0.35426 0.36565 0.71387 -0.65872 0.46434 -0.82843 0.91913 1.0951 1.0019 -0.25352
1.1173 -1.3182 -0.28403 -0.49781 -1.0271 0.13973 1.738 -0.23923 0.070145 -1.3656 -0.17787 -0.0059694 1.1561 -0.27914 0.02349 0.28629 -0.65486 0.85794 1.4819 -0.53852 -0.19815 -1.3883 -0.82181 0.023231 -0.57152 0.37721 0.51021 0.33611 0.12432 0.60085 0.097455 0.72728 -0.2787 0.74335 0.10921 0.85967 1.3178 0.26714 -0.14325
0.81331 -1.2095 -0.49878 -0.67495 -1.1378 0.17512 1.6617 -0.019742 0.044222 -1.575 0.17309 -0.69994 1.1744 -0.14557 0.16664 0.3302 -0.31024 0.7259 1.5945 -0.63906 -0.020359 -0.89623 -0.75693 0.82414 -0.77763 0.42961 0.30849 0.29242 0.17003 0.49464 -0.27055 0.36757 0.015374 0.76925 0.9581 0.83708 1.1123 -0.3347 -0.11888
0.5409 -1.3197 -0.76561 -0.71556 -1.0031 0.6459 1.3056 -0.38035 -0.66528 -1.6405 0.23933 -0.81323 1.1915 -0.068082 0.24004 0.24631 -0.10201 0.33387 1.6058 -0.66843 0.099334 -0.28534 -0.43203 1.0668 -1.338 0.3475 -0.035542 0.1263 0.26414 0.098415 -0.71539 -0.24956 -0.11796 0.21008 1.2348 0.80486 0.12635 -0.42964 -0.22613
0.82645 -1.1894 -0.52765 -0.56111 -0.65813 1.5128 1.7037 0.33418 -0.48304 -1.1803 1.0032 -0.91175 1.2737 -0.20212 0.22381 0.42973 -0.32745 0.17801 1.4121 -0.57274 0.43308 0.15435 0.054346 1.0071 -1.3117 0.24229 0.17653 0.031799 0.38817 -0.20506 -0.80404 -0.77092 -0.25402 -0.15051 1.4219 1.0345 -0.95464 0.35824 -0.49231
0.72762 -1.065 -0.4042 -0.50982 -0.99607 1.4639 1.1207 0.24692 -0.1441 -2.1095 1.0473 -1.9616 1.4075 -0.31744 0.18672 0.6578 -0.46547 -0.19509 1.0651 -0.81241 -0.025864 0.61771 0.41536 0.20081 -1.1544 0.078318 0.44657 -0.0067509 0.31706 -0.24788 -0.76644 -1.3556 -0.56637 -0.66749 1.3297 1.1708 -1.8173 1.4681 -0.73861
0.96459 -1.1475 -0.031737 -0.645 -1.0061 1.7001 0.86474 0.31248 0.088735 -1.8073 0.99236 -1.9731 1.3388 0.30461 0.23007 0.76091 -0.53589 -0.50054 0.37005 -1.0704 -0.27007 1.5671 0.92846 -0.70461 -0.10682 -0.29671 0.65686 0.084086 0.0081944 0.1127 -0.72116 -1.603 -0.69106 -1.1349 1.1159 1.1385 -1.9679 2.0997 -0.89274
0.63491 -1.151 0.06935 -1.1028 -0.82716 1.6633 1.2025 0.30434 0.17118 -0.90919 1.1055 -1.5469 1.3006 0.50328 0.21043 0.5938 -0.48815 -0.74825 -0.47468 -1.5257 -0.8812 1.7342 1.5167 -1.8194 1.0937 -0.67727 0.38831 0.22913 -0.35705 0.51334 -0.69983 -1.53 -0.64574 -1.001 0.56564 0.93947 -1.3532 2.1823 -0.84201
0.19353 -1.0907 -0.024273 -1.1262 -1.4666 1.5574 0.40795 -0.49587 0.48803 -0.88083 0.026445 -2.2942 1.1844 0.60102 0.33452 0.43896 -0.10764 -0.88308 -0.88793 -1.5629 -1.3934 1.8836 1.824 -2.0357 1.8911 -0.94538 -0.11904 0.34228 -0.33833 0.83158 -0.65431 -0.96766 -0.46818 -0.67835 -0.31161 0.31039 -0.48466 1.4476 -0.55391
1.5169 -1.0553 0.12333 -0.9913 -1.3536 1.2909 0.03015 -0.40568 1.593 -0.091507 -0.57905 -0.2331 0.88425 0.25136 0.49504 0.16233 0.30534 -1.302 -1.2376 -1.8255 -1.4542 1.6189 1.8837 -1.9178 2.3425 -1.0735 -0.49586 0.3888 -0.013122 0.81814 -0.36688 -0.31533 0.068566 0.16542 -0.8684 -0.26247 0.58238 0.38182 -0.15571
1.4108 -0.93871 0.19923 -0.8534 -1.5094 0.73744 -0.42895 -0.85387 1.5566 0.66261 -1.3521 0.39956 0.75731 0.20963 0.63395 0.35268 0.66908 -1.4377 -1.1157 -1.8371 -1.3371 0.98576 1.3837 -1.6473 2.2609 -1.0679 -0.88172 0.13057 0.047354 0.36998 0.07098 0.050567 0.48661 0.72928 -1.5183 -0.74288 0.85313 -0.93609 0.30672
1.1522 -0.79877 0.22568 -0.5725 -1.9514 0.46989 -0.71137 -1.7487 2.0204 0.17266 -1.0383 0.075705 0.65499 -0.21858 0.68323 0.57718 0.69916 -1.1534 -0.99328 -1.2693 -0.59845 0.40265 1.2124 -0.80344 1.7197 -0.88468 -0.83153 -0.33365 -0.17516 -0.20772 0.83786 0.40552 1.1188 1.2061 -1.5161 -0.82063 1.4097 -1.6968 0.66736
0.64865 -0.78708 0.092607 -0.59267 -2.4022 0.31385 -1.1847 -1.3418 1.6096 1.2953 -1.0845 1.0668 0.45937 -0.79491 0.43925 0.2767 0.40256 -0.83014 -0.95 -0.91488 -0.39811 -0.62109 0.65972 -0.82398 0.31605 -0.49482 -0.43687 -0.68449 -0.69496 -0.53588 1.6113 0.32092 1.5494 1.7746 -1.0601 -0.8026 1.8227 -1.6116 0.84465
0.81834 -0.61253 0.6036 -0.51892 -2.3886 0.55319 -1.1159 -1.5711 1.178 0.74425 -1.4055 0.95496 0.41584 -0.78448 0.029557 -0.14055 0.026076 -0.060383 -0.5885 -0.14038 0.44018 -0.686 0.58794 0.58801 -0.12852 -0.18053 0.33364 -0.7206 -1.1978 -0.47915 2.0754 -0.037029 1.3937 2.0115 -0.41101 -1.2435 1.919 -1.0774 0.79095
0.5666 -0.54599 0.74217 -0.40076 -2.3929 0.221 -1.0812 -0.83213 1.5271 1.1506 -1.1669 0.38283 0.39907 -0.31593 -0.17769 -0.53116 -0.042901 0.99152 -0.7463 0.57561 1.6288 -0.64353 0.074762 1.4268 -0.084179 0.07153 1.0138 -0.56769 -1.3621 -0.23982 2.2158 -0.36083 0.99835 2.4131 0.31208 -1.0796 1.8134 -0.057882 0.50791
0.88605 -0.80581 0.14467 -0.6585 -1.9976 -0.27597 -1.2048 -1.3182 0.71247 0.9254 -2.2778 0.18343 0.53271 0.15787 -0.20603 -1.1339 -0.016682 1.7697 -1.2008 0.66227 2.3407 -0.42894 -1.0116 2.0396 -0.25602 0.22913 1.301 -0.29237 -1.1849 0.043422 1.7372 -0.45097 0.34842 2.1195 0.55591 -0.89387 0.71828 0.25795 0.2115
0.32795 -0.9734 -0.20637 -0.81041 -1.5863 0.10099 -0.40847 -0.3211 1.1508 1.5773 0.73167 0.30623 0.61359 0.60724 -0.3898 -1.6268 -0.050791 2.3484 -1.3624 0.59753 3.3963 -0.11001 -0.72409 2.2008 0.29074 0.19933 1.162 -0.1147 -0.71637 0.16134 0.71294 -0.17774 -0.18506 1.2781 0.69909 -0.39214 -0.40682 0.15443 -0.055847
0.83486 -0.83846 -0.36943 -0.44162 -0.98899 -0.59018 -0.058193 1.0688 1.2575 0.11634 1.0108 0.68498 0.60854 1.1582 -0.3595 -1.6854 0.10423 2.4698 -1.1697 0.50804 3.7219 0.18674 -0.81915 1.6916 0.24136 0.13302 0.75323 -0.10604 -0.12973 0.19837 -0.30758 0.32391 -0.21332 0.075224 0.25926 -0.078866 -1.7289 -0.18075 -0.11283
0.99639 -0.75916 -0.97676 -0.52648 -0.67931 -1.266 -0.8018 1.8629 0.86914 -0.7263 0.91155 0.75096 0.56771 1.3313 -0.30454 -1.5352 0.19939 1.9559 -1.1339 0.2825 3.444 0.48166 -0.80921 0.76959 0.012595 0.026637 -0.10739 -0.10095 0.48225 0.19721 -1.0375 1.0771 0.6304 -1.8138 -0.85745 -0.1603 -2.029 -0.70853 0.14038
1.5752 -0.96351 -1.002 -0.58083 0.01563 -1.0541 -0.50001 3.2742 1.233 0.62628 0.6866 1.1868 0.54617 1.1875 -0.43804 -1.4417 0.23274 1.3932 -0.73762 0.39501 2.4498 -0.19344 -1.1207 -0.80428 -0.45749 0.12227 -1.2938 -0.15788 0.98558 0.093898 -1.3657 1.9392 1.7131 -3.3354 -1.6466 -0.23259 -1.1183 -0.74833 0.41294
1.8267 -0.97687 -1.2653 -0.37241 0.046272 -1.1247 -0.41247 3.5261 1.6404 0.26106 0.31502 0.10484 0.5838 0.39321 -0.53155 -0.94896 0.25721 0.96414 0.42469 1.8576 0.43907 -1.678 -0.89031 -0.73003 -0.78057 0.45701 -2.0344 -0.058456 1.3063 -0.047761 -1.4298 2.5429 1.9152 -4.0098 -1.7248 -0.38921 -0.018905 -0.81691 0.47942
1.8703 -1.155 -1.6964 -0.57697 -0.18782 -1.5533 -0.49306 2.9234 1.3257 -0.20117 -0.28552 0.20178 0.608 -0.76541 -0.52044 -0.30565 0.24735 0.43599 1.6859 3.0137 -1.3705 -2.1093 -1.2424 0.14188 -0.86426 0.64971 -2.0365 0.17048 1.4824 -0.42125 -1.274 2.3892 0.86357 -3.4107 -0.62069 0.058568 0.65438 -0.40626 0.20504
1.3519 -1.2565 -1.8148 -0.391 -0.060715 -0.76515 0.5358 3.2612 0.48647 -1.0882 0.13788 -0.10728 0.77247 -1.4541 -0.37466 0.12614 0.08957 -0.21356 2.4319 2.6564 -2.5711 -2.0967 -1.5302 0.26579 -1.4266 0.61177 -1.0355 0.56443 1.3466 -0.66939 -0.97792 1.4093 -1.1458 -1.6508 1.1528 0.6778 -0.13198 0.060759 -0.25459
1.17 -1.1313 -1.28 -0.11352 0.25778 0.092088 2.7225 1.2408 -1.7238 -1.3865 0.34772 -0.054449 1.0677 -1.6546 -0.25218 0.55558 -0.50981 -0.37803 2.7455 1.6492 -2.7886 -1.2568 -0.67332 0.056491 -0.93656 0.41097 0.44595 0.86112 0.98296 -0.76527 -0.7899 -0.31691 -2.8554 0.19399 2.652 1.5702 -1.1742 0.85206 -0.67968
0.16894 -1.2279 -1.149 -0.42791 -0.087977 1.2073 2.6933 0.34689 -0.80673 -1.7616 1.5015 -0.16919 1.0338 -1.0774 0.24501 0.9197 -0.67149 -0.44134 2.5269 0.31551 -2.1237 0.25904 0.20997 -0.9514 -0.59067 0.13374 1.6627 0.98439 0.72027 -0.49724 -0.74831 -1.8806 -3.5845 1.8038 3.4827 1.8805 -1.4617 2.03 -0.99471
0.51295 -1.2884 -0.98053 -0.54702 -0.4015 1.6832 1.6111 0.37595 -0.12674 -1.1167 0.24642 -1.5626 0.91834 -0.1302 0.56721 0.96595 -0.86523 -0.9149 1.0029 -1.3396 -1.227 2.1497 1.0845 -1.6644 0.49108 -0.30186 1.7799 1.5799 0.91898 0.44169 -0.60278 -2.9153 -3.1192 1.847 2.4864 1.549 -0.77361 2.1844 -1.3776
0.39163 -1.2226 -0.95233 -1.1884 -0.43253 1.5241 0.72849 0.14288 0.64107 -0.42673 -0.36624 -0.67086 0.84385 0.85663 0.81538 1.1336 -0.70635 -1.333 -0.29198 -2.7802 0.19088 3.3398 1.418 -1.8819 2.0438 -0.77669 0.53746 2.0629 0.8591 1.4034 0.179 -2.9164 -1.4513 0.80836 -0.061175 0.79461 1.0402 1.7995 -1.7445
0.95494 -0.80424 -0.70255 -0.96807 -0.45532 1.4195 0.37598 0.68781 1.1952 -0.23014 -1.8775 -0.15479 0.7896 0.66812 2.0395 2.006 0.35371 -1.0509 -1.3989 -2.8359 -0.3178 2.3001 1.8764 -1.0664 2.2465 -1.5524 -0.96701 2.2592 0.66272 2.2899 1.5365 -1.6128 0.49585 -0.21483 -2.4663 -0.30602 1.822 0.011445 -1.866
1.2213 -0.73658 -0.51326 -0.94522 -0.98949 0.2437 0.11101 1.0511 2.1845 0.20226 -1.1962 1.1985 0.6119 -0.4838 2.8782 1.8532 1.429 -0.046319 -1.8281 -1.7503 -0.99912 0.058257 1.436 0.90443 2.2442 -2.305 -2.1466 1.6268 -0.24531 2.1745 2.2813 -0.24312 1.5195 -0.96401 -3.5658 -1.1236 2.0406 -1.7368 -1.5321
1.7621 -0.55801 0.25787 -0.75134 -1.3344 0.24731 -0.63544 1.1132 2.2478 0.27947 -1.037 2.9472 0.34088 -1.2486 3.2271 1.7189 2.4952 1.2792 -1.3173 -0.91069 -1.0711 -1.266 0.46259 0.71076 0.44374 -2.8157 -1.9361 0.32944 -1.1421 1.0501 1.9713 0.81031 1.7463 -0.43661 -3.177 -1.4011 0.93268 -2.6643 -0.62779
0.1872 0.77608 1.5065 0.20143 -1.0246 -0.18441 -1.2045 -1.111 1.5105 1.4195 0.43339 1.016 -0.60325 -2.1544 2.8753 0.81454 2.4272 1.7167 -0.82856 -0.82331 -1.3495 -2.1878 -0.14806 1.4489 -0.5801 -2.8355 -0.80358 -0.93264 -1.5772 -0.15094 1.034 1.3299 1.5847 0.49695 -1.584 -0.97296 -0.65554 -2.6462 0.53925
-0.40749 1.0398 0.41199 0.75007 0.20498 -0.41626 -0.21892 -1.0797 -0.93685 0.79468 1.3192 1.0888 -1.0839 -2.0767 2.566 0.50678 1.8798 1.7089 -0.4005 0.057773 -1.0193 -3.0903 -0.16796 0.59439 -1.7651 -2.3864 0.70148 -2.0916 -1.677 -1.271 -0.27617 1.1965 1.353 1.2782 0.41763 -0.39883 -1.3013 -0.81405 1.7002
-0.4146 1.24 0.74123 1.2868 1.2519 0.27695 -0.23278 -0.26495 -0.12919 -0.43473 -1.5561 -0.46831 -1.3088 -1.5562 1.6631 -0.31403 1.4343 1.647 0.19506 0.81088 -0.060165 -2.2771 -0.21585 -0.38188 -2.038 -1.5655 1.842 -2.2848 -0.69811 -1.5672 -1.3733 0.47477 0.87624 1.5052 2.1375 0.13346 -1.4228 0.35459 2.2207
-0.79655 1.0844 -0.11118 0.93755 0.37444 -0.023439 -1.1573 -0.61781 -0.38291 -0.2959 0.59188 0.36345 -1.2885 -0.25169 0.38608 -0.66318 0.51835 0.79934 0.39996 0.87043 0.79017 -0.36529 -0.30484 -1.051 -0.46404 -0.45379 1.6624 -2.0357 -0.13281 -1.3372 -1.5749 -0.13557 -0.02983 0.63562 2.4812 0.49261 -0.091259 1.1726 1.9192
-0.30841 1.351 0.91199 0.58461 -0.063326 -0.52045 0.2527 -0.27067 -1.4261 0.83961 -0.37574 -0.32352 -1.2932 0.33759 0.20109 0.15135 0.060571 -0.37216 -0.36577 0.44842 0.69948 0.83161 0.19989 -0.65633 -0.47548 0.11072 1.0704 -1.1273 0.52173 -0.80838 -0.97747 -0.29132 -0.72982 -0.1426 1.3635 0.3638 0.69193 0.7872 1.1317
-0.34851 1.2076 0.27269 1.235 0.69005 0.73361 0.31197 0.29725 -0.33243 0.55553 -1.0362 -0.23925 -1.2481 0.048942 -0.058378 0.0066813 -0.034991 -0.19785 -0.41233 0.16837 -0.16069 0.4418 0.63295 0.55159 -0.11701 0.15761 0.13987 -0.42213 0.21434 -0.18797 -0.18773 -0.066242 -1.3113 -0.47909 0.44401 -0.072992 0.98817 0.18318 0.34056
-0.28926 1.1315 0.35697 0.95003 0.40897 0.11541 0.0035257 -0.27401 0.84889 0.4761 -0.5583 0.88806 -1.1136 0.27152 0.020337 0.21921 0.13429 0.334 0.014168 -0.25968 0.11857 0.11443 0.062479 0.253 -0.57095 0.12537 -0.5201 -0.38933 0.10252 0.0148 0.30964 0.082546 -1.1229 -0.23278 -0.32041 -0.52667 0.3936 0.16793 -0.051663
-0.062368 1.335 0.82347 0.98033 0.041112 -1.2827 0.023456 0.17656 -0.0039545 0.38249 -0.1534 -0.60395 -1.0792 0.039066 -0.23156 -0.36224 0.10725 0.095078 0.048976 -1.3195 0.12017 0.90338 -0.37583 0.54181 -0.011988 0.1434 -0.87647 -0.62544 0.2046 -0.15782 0.33671 0.20028 -0.26235 -0.014315 -0.30633 -0.51861 0.032333 -0.36953 0.18898
-0.81234 1.0728 0.32554 1.0884 0.98461 0.090148 -0.60071 -1.1144 -0.28511 0.7056 0.15605 -0.45223 -1.2965 -0.61984 -0.36651 0.47668 0.0081861 0.049961 -0.47581 -0.98784 0.084454 -0.056242 -0.35662 0.16911 -0.15489 0.032234 -0.57745 -1.6302 -0.51576 -0.76163 -0.36654 0.393 0.78269 -0.081175 -0.087795 0.026914 0.20959 -0.57081 0.89557
-0.087817 1.2564 0.50181 0.90949 0.44041 0.27518 -1.002 0.27304 -1.0251 0.015009 0.47844 -0.62212 -1.1745 -1.1266 -0.90655 0.19591 -0.28776 0.56283 0.17613 0.013065 -0.18728 -0.10106 -0.20204 0.66856 -1.052 0.54201 0.53986 -2.3159 -1.0207 -1.4086 -0.89637 0.27392 1.927 0.25177 -0.44984 0.55532 -0.096678 -1.0112 1.7698
-0.22617 1.0397 0.12692 0.93511 0.064012 -0.10363 -1.2741 0.31723 1.1529 0.28272 -0.48942 0.37745 -1.0888 -0.21407 -2.3323 -0.99167 -1.1543 -0.58173 0.65884 0.57156 0.096758 0.43648 0.038751 0.63043 -1.1898 1.5071 1.5502 -2.5291 -1.9973 -1.6781 -1.1801 0.30212 2.1369 0.2257 -0.41185 0.78608 -0.35729 -0.79288 2.1439
-1.396 0.82133 1.4032 1.2896 0.86503 -0.58026 -0.44328 0.084652 -0.29372 0.01025 -0.9313 -0.19854 -1.1906 0.83338 -3.0639 -1.436 -2.0514 -1.2507 -0.035494 1.6068 0.59526 -0.26539 0.56258 0.11994 -1.5347 2.5252 2.1894 -1.6985 -2.007 -1.2145 -1.2444 0.3242 1.7585 0.24598 -0.73123 0.47339 -0.6462 0.0015212 1.5871
-1.452 0.3095 0.40034 0.34213 1.0936 0.067266 0.56844 -1.0689 0.37789 0.42281 1.5724 -1.8774 -0.37742 1.2652 -3.4528 -2.2096 -2.3722 -1.2296 0.16624 2.3264 0.12299 -0.81859 0.86575 -0.2856 -1.5069 2.8181 1.9533 -0.016577 -1.4395 -0.19442 -0.4477 0.79176 1.0354 0.15332 -0.56175 -0.020788 -0.78109 0.87685 0.41928
0.4609 -1.0393 -1.3046 -0.48905 -1.1406 0.33296 0.19085 0.4496 0.15512 0.68211 0.69019 -2.3076 0.34892 2.1804 -3.1485 -2.7142 -2.0425 -1.4185 1.0005 2.5164 0.26942 -0.97282 0.35421 -0.19864 -0.86093 2.6844 0.96435 1.5428 -0.37985 1.0462 0.28494 1.1492 -0.080372 -0.20315 -0.26007 -0.83426 -1.0907 1.5999 -1.0251
0.63279 -1.1323 -1.1402 -1.0581 -0.37951 -0.070502 1.1689 0.55783 -1.3132 1.5243 -0.41293 -1.825 0.86215 2.7226 -2.3326 -2.887 -1.5454 -1.3298 1.6039 2.1019 0.5467 -0.36165 0.10925 -0.81384 0.2973 2.1706 -0.59832 2.7517 1.1647 1.7951 1.2243 0.80392 -0.67655 -0.55508 -0.01192 -1.1633 -0.63997 1.5679 -1.9021
0.84088 -1.1598 -1.7248 -0.9591 -0.63524 0.2846 1.7592 0.28877 -1.09 0.96835 -0.69444 -1.6395 0.81882 1.8866 -1.1082 -1.7933 -0.44717 -0.6777 1.3852 1.5508 -0.032738 -1.0272 -0.74463 -1.8584 0.86705 1.0506 -2.0154 2.7312 2.0896 1.82 1.5815 0.29289 -1.0549 -1.0616 0.14089 -1.0451 0.076973 0.58721 -2.0373
1.2297 -1.2478 -2.158 -0.36145 -0.79735 1.3602 2.0342 0.25607 0.3927 0.10936 -0.38662 -0.49068 0.78495 0.3051 0.026451 -0.68635 0.2991 0.66016 1.4599 1.4904 -0.8363 -0.81602 -0.93851 -0.76809 0.86755 0.29362 -2.4448 1.8681 2.4991 1.2213 1.6166 -0.057955 -1.0744 -0.98934 -0.22453 -0.60196 0.71152 -0.46321 -1.4362
1.233 -1.1289 -1.9465 -0.55118 -0.24861 1.7681 2.2143 0.4769 -0.57257 0.39488 -0.84039 -0.68728 0.80993 -0.33767 0.13791 -0.22627 0.55256 0.50715 1.5912 0.7731 -1.1487 -0.45698 -1.2355 -0.054371 0.085186 0.043555 -1.8842 0.63533 1.9159 0.1963 1.1658 -0.32548 -0.82705 -0.2757 -0.081991 0.1101 0.90316 -1.0692 -0.52959
0.98786 -1.0297 -2.0556 -0.55675 -0.48817 1.3931 1.9994 -1.0284 -1.6646 -0.60009 -1.2583 -1.5291 0.75947 -0.68588 0.094112 0.6282 0.31171 1.0633 1.3556 0.40425 -0.86233 -1.1073 -0.85909 -0.23923 -0.23042 0.15246 -1.0088 -0.27762 1.0634 -0.33463 0.41082 -0.78573 -0.46017 0.27168 0.39144 0.31622 0.2975 -0.93116 -0.003293
0.61748 -1.0811 -1.8476 -0.47251 -0.1089 1.7706 2.4344 -0.35022 -1.3375 0.15912 -0.27935 -0.94789 0.8158 -1.1021 -0.11498 0.83645 -0.082978 1.2727 0.7857 0.48465 -0.57897 -1.0499 -0.55226 -0.25071 -0.74298 0.19469 -0.49423 -0.29514 0.32053 -0.46798 0.2083 -1.0465 0.051394 0.79728 1.0133 0.63844 0.058191 -0.1645 0.13605
0.31764 -1.0757 -1.4901 -0.42485 0.0014391 2.0969 2.2617 -1.064 -1.3291 -0.51092 -0.50105 -1.7338 0.93016 -1.1785 -0.31802 0.59031 -0.041613 1.0331 0.33978 0.73345 -0.60065 0.28273 -0.62954 -0.047678 -0.59478 0.21757 0.02584 -0.094771 -0.68664 -0.3262 -0.52141 -1.0726 -0.0053373 0.63929 1.3488 0.66154 0.076642 0.40963 -0.027855
0.53046 -1.1656 -1.0599 -0.4361 0.54107 2.4932 2.3366 -0.40689 -1.7995 -0.48793 -1.2904 -1.1907 0.92475 -1.0059 -0.15568 0.31177 -0.1877 0.90342 0.082626 0.69463 0.27781 0.92521 -0.045411 -0.021759 -0.039924 0.25569 0.45785 0.28039 -1.1343 -0.1847 -0.91429 -0.95472 -0.29022 0.3602 0.91568 1 0.25453 0.91325 -0.20475
0.10588 -1.3549 -1.419 -0.60711 0.61505 2.2097 2.8266 -0.37624 -0.90355 -0.57695 -0.8481 -1.6466 0.91327 -0.68703 -0.056435 -0.33774 -0.27807 0.27962 -0.35868 0.2759 -0.045057 0.67018 0.23929 -0.18724 0.28582 0.078267 0.8711 0.69956 -0.92767 -0.10745 -1.0338 -0.84046 -0.6185 -0.10872 -0.076637 1.1544 0.36373 0.71413 -0.37458
-0.092655 -1.2947 -1.5587 -0.58848 0.50475 1.6638 3.1485 -1.2197 -0.37558 -0.82712 -0.86495 -1.7717 0.96377 -0.5022 0.19888 -0.70439 -0.33266 -0.045404 -0.7078 0.14025 -0.16164 0.63349 1.0524 0.35262 0.71526 -0.090597 1.3015 0.97621 -0.20429 0.14864 -0.79624 -0.55901 -0.60045 -0.1558 -0.70979 0.92808 -0.090176 0.76553 -0.6198
-0.12389 -0.99399 -1.6994 -0.71132 0.38903 1.5964 2.7113 -0.042613 -0.66659 -0.0039903 -0.7866 -1.0695 1.0107 0.17924 0.6371 -0.54805 -0.18733 -0.40834 -0.89146 -0.19611 -0.6108 0.27129 1.1742 0.52403 0.51864 -0.26305 1.1413 1.0044 0.91057 0.4204 -0.16711 0.0032346 -0.78759 0.54482 -0.61106 0.62349 -0.62489 0.5806 -0.81321
-0.0060262 -1.1633 -2.1405 -0.66806 0.10308 1.673 2.4127 -0.82899 -0.96121 0.50337 -0.60825 -0.56306 0.85355 0.96615 1.0839 0.025498 0.045061 -0.2291 -0.74472 -0.24128 0.23793 -0.33068 1.3802 -0.55518 1.4399 -0.65888 0.59696 1.0083 1.511 0.67128 0.14236 0.4483 -0.92268 0.82382 -0.27813 -0.19057 -1.4844 -0.12975 -1.1769
-0.066358 -0.93656 -1.936 -0.76021 0.28903 1.4462 2.53 -1.2169 -0.7446 1.0701 -0.23442 -0.79486 0.82137 0.68788 1.1337 0.8401 0.33789 0.058413 -0.36973 -1.0664 0.81446 -0.10066 1.35 -1.0146 1.1412 -1.0631 -0.62742 1.233 1.8314 1.0648 0.45534 0.31837 -1.243 1.0011 0.32274 -0.99596 -1.1465 -0.36989 -1.5541
0.93116 -0.65783 -1.4992 -0.59955 0.2118 1.2321 2.3955 -1.2795 -1.1818 0.68253 -0.68778 -1.031 0.66589 0.34623 1.5895 1.1859 0.69577 -0.019542 -0.15574 -1.2184 0.73539 0.24909 0.5861 -1.9331 0.1678 -1.7559 -1.3629 1.3993 1.6682 1.5184 0.47609 -0.20396 -1.712 0.31458 0.54237 -1.6344 0.34619 -0.39054 -1.5911
1.0273 -0.38753 -1.3235 -0.5034 0.45988 1.0723 2.9157 0.60353 -0.96478 1.2426 -2.2906 0.86287 0.28313 -0.67157 2.392 2.0121 1.541 0.32492 -0.61896 -2.1195 1.0999 0.64288 -0.44258 -1.1447 0.42703 -2.4436 -1.5678 1.2354 0.7569 1.4006 0.49192 -0.69859 -1.4437 -0.25032 0.19027 -1.5069 1.9953 0.13767 -1.1475
-0.012055 -0.39164 -0.49792 -0.20104 0.51339 1.4304 0.91386 0.30577 -0.28735 1.3969 -1.9286 -0.44601 0.073228 -0.8746 2.7353 2.2967 2.3764 0.51406 -1.0418 -3.0319 0.70035 0.4093 -1.0337 0.23256 1.0271 -2.7629 -0.99616 0.36295 -0.039059 0.77621 0.45592 -0.50993 -1.0693 -0.92247 -0.37756 -0.73632 3.1309 0.3698 -0.12404
0.10798 0.37675 -0.8498 0.013624 0.021608 1.5785 1.1775 0.22764 -0.55652 0.70684 -3.2183 -1.3178 -0.66415 -1.6009 2.5724 1.5609 2.2022 0.69729 -1.2846 -2.9591 0.32278 0.20914 -0.89146 2.0285 1.0228 -2.5734 0.0098654 -0.72205 -0.71628 -0.13952 0.35323 0.065831 0.22077 -1.039 -0.80491 0.19984 2.265 0.19463 0.92243
-0.90771 0.9834 0.44004 1.1584 0.71409 0.29358 -0.37713 0.10818 -0.14449 -0.48632 -0.56799 0.52567 -1.2624 -1.0315 2.0794 1.3068 1.8596 0.63338 -0.82373 -2.8755 -0.71114 -0.30827 -0.67606 2.9496 0.65621 -1.904 0.56058 -1.5723 -0.8574 -1.1157 0.34247 0.51 1.231 -0.38641 -0.52678 0.65811 0.33034 -0.040488 1.7054
0.02854 1.2716 0.76495 1.7082 0.94659 -0.16264 -1.0308 -0.45953 -0.77939 -0.32059 0.48793 1.1088 -1.3126 -0.57571 1.5198 1.2274 1.519 0.91447 -0.63902 -1.7847 -0.25939 -0.64868 -0.2071 2.1793 1.0402 -1.2448 1.0841 -1.8656 -0.65952 -1.6691 -0.33741 0.93828 2.008 0.69967 -0.17872 0.60505 -2.014 -0.65633 1.9101
-0.74953 1.1232 -0.3793 1.0067 0.97005 -0.1143 -0.38784 0.22867 -0.94358 0.32985 1.2231 0.68659 -1.3043 -0.35171 0.66644 0.93897 0.54574 1.0348 -0.4349 -1.2564 0.21379 -0.24195 -0.031023 0.84718 0.96486 -0.4213 0.63018 -1.6533 -0.55991 -1.6498 -0.89911 0.85104 2.1741 1.3121 0.13664 0.27018 -2.6385 -0.97074 1.4601
-0.15299 1.0091 0.42586 1.1119 0.89094 1.0502 -1.1599 -0.63766 -1.0348 0.76762 0.49928 0.72274 -1.1569 0.062551 0.20258 0.56359 -0.38562 -0.1314 0.2613 0.093635 1.2251 -0.1906 0.02311 -1.068 -0.44548 0.051291 0.30006 -0.94959 -0.15553 -0.9822 -1.2548 0.64338 1.5786 0.67543 0.21279 -0.20378 -1.6689 -0.91559 0.80723
-0.83129 1.1178 1.1482 1.5574 1.3576 0.65349 -1.0481 0.30619 -0.936 0.63034 -0.47464 0.38264 -1.2679 -0.18651 0.0099365 0.63027 -0.3955 -0.51043 0.30134 0.36819 1.1194 -0.25737 -0.23404 -0.86329 -0.55835 0.022411 -0.1094 -0.18607 -0.16418 -0.20713 -0.93871 0.24447 1.1497 0.092864 0.028979 -0.47296 -0.052684 -0.51947 0.14594
-0.4505 1.2433 0.49455 0.82808 1.3194 0.075023 -0.81175 0.65083 -0.39843 -0.45076 -1.517 0.98823 -1.2831 -0.10445 0.27462 1.0749 0.076141 -0.63741 0.17504 0.43658 0.60473 -0.2049 -0.51085 -0.40119 -0.042725 -0.040997 -0.17384 0.0002108 -0.58207 0.19037 -0.26346 0.17948 0.45164 -0.60944 0.17688 -0.20946 1.2413 0.091583 -0.06557
-0.44036 1.2699 1.1377 0.95205 0.11427 0.40412 -0.1146 2.0438 -0.75733 -0.42606 -0.86912 -0.21801 -1.2262 -0.47131 0.30973 0.36148 -0.096514 -0.45219 0.035346 0.77792 0.69174 -0.17556 -0.71588 0.41335 -0.27031 -0.11306 0.034138 -0.1097 -0.9239 0.23761 0.10073 0.55189 0.11612 -0.86409 0.33889 0.46507 1.0128 0.31137 0.028778
-0.37178 1.1112 0.87753 1.2139 0.52479 0.42134 -0.59791 0.37215 -1.5999 0.073729 0.77563 0.4573 -1.2936 -0.11729 0.037631 -0.34886 -0.1761 -0.65175 0.6984 0.74737 0.22133 0.13095 -0.15276 0.86361 -0.37266 0.0089676 -0.070504 -0.39787 -1.1524 0.1217 0.62139 0.10424 -0.44744 -0.90594 0.39662 0.86413 0.14039 0.57925 0.11708
-0.89091 1.3638 1.2716 1.2703 0.56891 0.74149 -0.20733 0.32482 -1.0101 -0.0056437 0.34929 0.99718 -1.2838 -0.11784 -0.066957 -0.29775 0.1812 -0.321 1.0487 0.42385 -0.40879 0.2693 0.53978 0.60271 0.2733 0.053376 -0.034988 -0.26498 -0.39773 0.14941 0.74574 -0.5849 -0.66933 -0.84014 0.31233 0.66937 -0.77028 0.53101 0.17777
-0.90639 1.2941 0.87807 1.0281 0.92853 0.9518 -0.25074 0.98116 -0.9124 -0.60336 0.053604 -0.061856 -1.2969 -0.41238 -0.20524 -0.63175 0.16321 0.44211 -0.16994 -0.263 -0.64747 0.38561 0.62447 -0.19784 0.90042 0.087105 0.0053381 -0.093615 0.12967 0.039231 0.65792 -1.3199 -0.64734 -0.44137 -0.058616 0.16826 -0.6061 0.039627 0.10269
-0.55547 1.104 0.22921 1.0439 0.38324 1.3504 0.089355 1.1712 -0.24949 0.26248 -0.12644 -0.09249 -1.2288 -0.3893 -0.018997 -0.22411 0.013458 0.37596 -0.67321 -0.021747 -0.54653 0.33723 0.2632 -0.63719 0.20936 0.16596 0.075762 0.06248 0.5313 -0.05773 0.09483 -1.3605 -0.27393 -0.49147 -0.35662 0.032998 -0.080296 -0.61776 0.019908
-0.37477 1.2085 0.57351 1.1268 0.46957 1.3576 -0.22231 0.16737 -0.44154 0.57379 -0.51101 1.6849 -1.2095 0.027457 -0.15535 -0.19771 -0.026152 0.21244 -0.97466 -0.29224 -0.59586 -0.023371 0.33569 0.24109 -0.23018 0.13867 0.34458 0.27594 0.86564 -0.028528 -0.32005 -0.39446 -0.031843 -0.28983 -0.41026 0.079809 0.5345 -1.134 -0.092229
-1.2191 1.0275 0.55909 1.3548 0.94021 -0.75552 -0.9802 0.51538 -1.0357 0.6032 -0.25223 1.2714 -1.1843 -0.19855 -0.0047933 0.37001 0.15404 -0.034815 -1.1597 -0.10327 -1.4195 -0.2575 0.75968 0.22584 -0.39636 0.067934 0.35512 0.25961 0.25516 -0.17078 -0.56142 0.30675 -0.14972 0.19695 -0.071899 -0.017999 0.4959 -0.89933 -0.20458
-0.96074 1.3419 1.0603 1.1541 1.048 -0.048981 -0.13166 -0.64621 -1.0851 -0.10061 0.054448 0.16322 -1.1662 0.12841 0.225 0.53602 0.027679 0.051611 -0.70896 -0.29676 -0.79812 -0.15828 0.5468 0.48196 -1.0883 -0.020844 0.27618 0.28582 -0.32569 -0.22373 -0.65423 1.3206 0.25821 0.73093 0.29107 -0.51256 -0.05945 -0.31582 -0.26205
-0.57108 1.1582 0.69401 1.0487 0.65069 0.17828 -0.50431 0.35817 -0.66895 0.33572 0.90132 -0.0738 -1.1997 0.21589 0.20138 -0.18528 -0.3544 -0.58587 -0.26107 -0.32151 -0.072299 0.2571 0.12961 0.27402 -1.1729 -0.10893 0.2907 -0.038901 -0.85966 -0.20863 -0.37051 1.2999 0.18032 1.4063 0.29818 -0.76977 -0.29593 0.58708 -0.1882
-1.0141 1.2099 1.0835 1.2703 0.49521 -0.098194 -0.085807 -1.2723 -0.90276 1.3345 -0.34102 -0.38774 -1.2403 0.32996 0.19512 -0.52211 -0.21548 -0.7259 1.0401 0.30215 0.15698 0.31587 -0.38152 0.10262 -0.45893 -0.22867 0.067792 -0.31886 -0.58151 0.13502 0.14713 0.71419 0.27906 0.81903 0.039762 -0.65039 -0.37146 1.5899 -0.053754
-0.11507 1.3545 0.82114 1.1025 0.54349 0.60559 -0.74331 0.47204 -0.3587 1.1185 0.38579 -0.55838 -1.2326 0.23724 -0.069082 -0.62937 -0.13866 -0.33527 0.39065 -0.067763 0.8617 0.11654 -0.33068 -0.18689 0.51996 -0.15399 0.066627 -0.37619 0.1585 0.40316 0.85926 -0.12958 0.324 0.34411 -0.46793 -0.48393 -0.3008 1.5894 0.13851
-0.71736 1.2987 0.067371 0.69669 -0.056076 -0.047024 -1.0275 0.27677 -0.45238 0.069669 -0.2256 0.61195 -1.3012 0.2422 -0.17833 -0.28781 0.17154 0.19438 0.28139 0.1019 0.3351 -0.0066637 -0.53517 -0.045852 1.3489 -0.087584 -0.20903 -0.42447 0.48376 0.41211 1.0546 -0.78555 0.33024 -0.53895 -0.65756 0.017854 -0.44291 0.62523 0.24349
-0.96805 1.247 0.2476 1.3046 0.50581 1.174 0.29728 0.23401 -0.94706 -0.62499 0.32987 0.17966 -1.3937 0.38208 -0.24454 -0.064437 0.2235 0.539 -0.16261 0.39088 0.50202 -0.54113 -0.76767 -0.26417 1.2057 0.069544 -0.085063 -0.14437 0.74232 0.18953 0.84875 -0.34164 0.33183 -0.99583 -0.44206 0.47526 -0.30457 -0.43394 0.22563
-0.38383 1.1659 0.57215 0.9605 0.76878 0.052188 -0.48263 0.82926 -0.81779 0.22425 0.02022 0.79428 -1.226 -0.12975 -0.429 -0.0022724 0.3922 0.78322 -0.20579 0.69712 -0.74173 -0.70355 -0.11825 -0.76444 0.50726 0.093299 -0.20026 0.24671 0.68647 -0.26261 0.12278 -0.34815 -0.056957 -0.86416 -0.073737 1.0192 -0.11029 -1.2099 0.14245
-0.28748 0.99422 0.71745 1.4703 0.79804 0.45338 -0.38178 -0.20311 -0.53349 0.4511 0.59483 1.7929 -1.2753 0.2651 -0.19603 0.47874 0.10839 0.93588 -0.048045 0.26198 -0.57967 -0.44147 0.43441 -0.44781 0.082012 0.15788 -0.34552 0.44026 0.17841 -0.39566 -0.35462 0.16897 -0.22761 -0.57657 0.55084 0.93312 0.33038 -1.2371 -0.021522
-0.35829 1.1791 0.87849 1.3029 0.93817 -0.34769 0.26755 0.11816 -1.6922 -0.010965 -1.0993 0.57943 -1.1443 -0.070395 0.18681 0.59459 -0.28981 0.21898 -0.4705 0.043358 -0.84412 -0.20784 0.94176 -0.17333 -0.53627 0.1242 -0.17706 0.46614 -0.050255 -0.50662 -0.72465 0.2874 -0.46694 0.47642 0.79938 0.5787 0.49026 -0.82921 -0.056798
-0.78031 0.96357 0.13003 1.2789 1.0751 0.64251 0.00091217 -0.86487 -1.0089 0.56317 -0.6943 0.031723 -1.252 -0.28723 0.15452 -0.090334 -0.21227 0.1613 0.25394 0.26543 -0.59954 0.34012 0.60557 0.13035 -0.77506 0.021537 -0.37634 0.062114 -0.25173 -0.13768 -1.0331 0.23125 -0.52004 0.46726 0.79905 -0.080251 0.38942 -0.2065 -0.10675
-0.39353 1.2311 0.91723 0.78114 1.0525 0.35051 -0.55871 0.011518 -0.95657 0.37235 -0.087379 0.98159 -1.2109 -0.18178 0.14514 0.15808 -0.4393 -0.1736 0.15158 -0.21885 0.19258 0.5443 0.97977 -0.033514 -0.73193 0.066845 -0.17028 -0.17425 0.11281 0.079742 -0.88339 -0.12697 -0.43401 0.43188 0.30679 -0.80316 -0.079857 0.01526 -0.020982
-0.89762 1.4591 1.2958 1.0319 0.58219 -0.017911 0.30959 -0.81193 -1.0854 1.4182 0.48269 -0.47713 -1.2451 -0.37582 -0.088688 0.22326 -0.09365 -0.78226 0.043 -0.62365 -0.19171 0.82041 0.26098 0.2942 -0.2134 0.0040363 -0.011929 -0.26087 0.23597 0.20431 -0.57079 -0.69653 -0.39404 0.24525 -0.11831 -0.97475 -0.47347 -0.094531 0.034777
-0.42615 1.042 0.021116 1.0947 1.137 0.64393 -0.14009 -0.0075201 -0.034762 0.86044 0.038723 0.54542 -1.1962 -0.34175 0.007102 0.59651 -0.20452 -0.9469 -0.64099 -0.36279 -0.21151 0.18078 -0.50826 -0.41175 -0.75647 0.10135 0.20281 -0.21651 -0.26173 0.33499 0.07993 -0.55643 -0.11844 0.33056 -0.38429 -1.2402 -0.6957 0.02809 -0.03305
-0.48865 1.1116 1.1958 0.99597 0.53787 0.31921 -0.64197 0.31259 -0.56155 1.8515 -0.61489 0.44902 -1.154 -0.23015 -0.21989 0.062847 0.056364 -0.51162 -0.70379 -0.43615 0.070875 0.27915 -0.62117 -0.6493 -0.92687 0.070789 0.43698 0.22182 -0.17315 0.40317 0.59774 -0.39885 0.24586 0.58457 -0.76465 -0.71574 -0.28542 -0.049372 -0.1241
-1.15 1.0307 0.87959 1.2449 -0.031284 -0.13907 -0.67248 -1.0491 -0.71743 -0.41371 -0.57349 0.016101 -1.2104 0.11946 -0.1599 -0.25278 0.12499 -0.16512 -0.56388 -0.55425 0.69793 0.026911 -1.0888 -0.98912 -0.2883 -0.019369 0.31701 0.35006 -0.42547 0.46808 0.88859 0.16556 0.37964 0.50285 -0.50082 -0.029979 0.65605 0.5601 -0.21353
-0.96382 1.2247 1.2744 0.66215 0.24043 -0.41248 -0.3196 -0.96447 -0.98792 -0.20152 -0.84732 -1.2219 -1.1471 0.20056 0.34336 0.31052 0.51302 -0.07178 -0.78615 -0.06647 0.4913 -0.67046 -0.89357 0.0021825 -0.51913 -0.14865 0.29155 0.53738 -0.14527 0.10521 0.77259 0.89446 0.74924 0.34838 -0.067563 0.77346 0.48874 1.0505 -0.16364
-0.47406 1.1079 0.76903 1.0757 0.81828 -0.5193 -0.82031 0.64451 -0.25053 0.4738 -0.33214 -0.29738 -1.1772 0.028087 0.28444 -0.30249 0.46437 0.47243 -0.32208 0.17201 0.55479 -0.37134 -0.42442 0.62465 0.21541 -0.15933 0.21166 0.2227 -0.26743 -0.14596 0.24417 1.1508 0.93026 -0.3932 0.54659 1.1428 0.22427 1.0588 -0.014752
-0.49195 1.1722 0.32558 1.3639 0.61589 -0.1142 -0.43631 0.73092 -0.73916 -0.11465 -1.2327 0.051458 -1.2876 0.35367 0.42424 -0.20132 0.080629 0.59433 0.83273 0.63367 0.81426 0.33958 0.62569 -0.43931 1.0008 -0.14184 0.048919 -0.32901 -0.34692 -0.51274 -0.20359 1.2004 0.68259 -0.96015 0.36659 0.73082 -0.12588 1.0567 0.11977
-0.29907 1.4247 1.2084 1.7352 0.67837 -0.49797 -0.35583 0.25019 -1.3476 -0.15204 0.38543 -0.16749 -1.3205 0.43335 0.14965 -0.49782 0.048366 -0.050648 0.76932 0.87799 -0.25458 0.64229 0.4805 -0.29727 1.1482 -0.043417 -0.11588 -0.53609 0.30191 -0.49887 -0.47199 0.49276 0.172 -1.0738 -0.069519 0.066767 -0.23169 0.2071 0.16416
-1.1498 1.2387 0.75783 1.1866 0.71704 -0.17589 -0.47076 0.12088 -0.92695 0.69602 0.18021 0.63083 -1.2504 0.087515 -0.14447 -0.2307 -0.28266 -0.19075 0.90462 0.88485 -1.0134 -0.42591 0.14644 0.21167 1.2067 0.0094391 -0.42047 -0.71696 0.10851 -0.27708 -0.25983 -0.090966 -0.45046 -0.7893 -0.16515 -0.23172 -0.075473 -0.50559 0.1601
-0.47958 1.4697 0.72486 0.81242 0.67681 1.3571 0.52927 0.16434 0.26686 0.65134 -2.3978 0.89631 -1.2868 -0.053913 -0.32619 0.19899 -0.33077 -0.01189 0.53905 0.36531 -0.66503 -0.13129 -0.040702 -0.17067 0.56576 0.059177 -0.34261 -0.42373 0.44419 0.12757 0.28071 -0.36927 -0.75218 0.13215 -0.20272 -0.097479 0.070036 -0.79157 0.10587
-0.0036215 1.1584 0.27248 0.98208 0.2126 -0.10792 0.53083 -0.96679 -0.031128 0.53192 -0.54676 0.26208 -1.1464 -0.18088 -0.52958 -0.39846 -0.27676 0.090427 0.74005 0.007563 -0.5529 0.3876 0.42431 -0.65006 0.28665 0.09386 -0.19307 -0.064724 0.40055 0.57806 0.5378 -0.94491 -0.95681 0.67216 -0.081781 -0.16111 0.69546 -0.74232 0.054946
-0.5772 0.91695 0.55999 1.1931 0.76732 0.66209 -0.0078804 -0.37605 -2.0678 0.13128 0.58799 1.8052 -1.2711 -0.066697 -0.36843 0.31971 0.28271 0.32386 0.11701 -0.14813 -0.23957 -0.18025 0.15215 0.28643 0.017497 0.10595 -0.19632 0.36152 0.42854 0.57726 0.38924 -0.9664 -0.78459 0.95653 -0.089799 -0.27004 1.1036 -0.49275 -0.019699
-0.76149 1.1162 1.2888 1.2717 0.70047 0.16689 -0.2767 0.089911 -0.80035 -0.32145 -1.4685 0.090195 -1.2765 -0.26387 -0.24495 0.36689 0.52098 0.6319 -0.70852 -0.71812 0.084348 -0.56927 -0.26862 1.4266 -0.0091119 0.08804 0.23622 0.67211 0.39842 0.30145 -0.1139 -0.87245 -0.49939 0.65715 0.29926 -0.19782 0.93325 -0.51312 -0.04291
-0.80941 1.005 0.20124 1.1163 0.80434 0.98192 -0.28774 -0.72553 0.097512 1.6928 -0.84778 0.52575 -1.1828 -0.37621 0.10925 0.52282 0.37918 0.43317 -0.60151 -0.79915 0.8878 0.16286 -0.23404 1.0768 -0.26547 0.032739 0.36327 0.49709 -0.10946 -0.11099 -0.51435 -0.31661 -0.34741 0.06004 0.41054 -0.044273 0.11815 0.13263 -0.14197
-0.77145 1.0864 1.355 1.348 1.0009 0.22067 0.053807 -0.13115 -0.89417 0.65556 0.05876 0.997 -1.1345 0.40972 0.31894 0.15422 0.24929 -0.17889 -0.5877 -0.6438 0.16431 0.82938 0.22423 0.88895 -0.59266 0.060281 0.47143 0.21414 -0.13983 -0.14209 -0.68278 0.23322 -0.0082691 -0.4299 -0.058761 -0.31457 -0.61451 0.18842 -0.21931
-0.31229 1.1726 0.7947 1.4361 1.1803 -0.37182 -0.4752 -0.062773 -0.96127 -0.54661 0.64579 0.83793 -1.2065 0.26723 0.14982 0.19915 0.1935 -0.22596 -0.57831 -0.86884 -0.17652 -0.038106 -0.17566 0.80736 0.61012 -0.12465 0.29836 -0.12466 -0.64336 -0.13621 -0.54743 0.70728 0.37128 -0.70827 -0.45449 -0.27561 -0.82347 0.12559 -0.15984
-0.78569 1.1424 1.047 1.4097 0.54956 -0.62706 -0.8437 0.86402 -0.4168 0.14243 1.149 0.063075 -1.1939 0.2851 0.070719 0.24913 0.3285 -0.30521 -0.31432 -0.71229 -0.24694 -0.58943 -0.92803 0.30147 -0.031875 -0.21383 -0.34201 -0.14556 -0.52679 -0.32235 -0.22203 1.0459 0.66452 -0.28852 -0.45755 0.16107 -1.069 -0.11877 -0.069079
-0.028825 1.2606 0.81179 1.4016 0.4419 0.4796 -0.8363 -0.72515 -0.37305 1.1032 0.19908 0.47994 -1.2382 0.23684 0.013423 -0.67783 0.065641 -0.52005 0.56492 -0.061397 -0.31914 -0.059673 -0.20903 -0.32052 -0.25941 -0.10614 -0.25027 -0.045358 -0.56363 -0.51374 0.036034 1.0285 0.90914 0.21161 0.0867 0.64188 -1.3599 -0.70922 0.13402
-0.8161 1.1243 1.3539 1.3787 0.71392 -0.36003 -1.3255 -0.59759 -0.71 -0.13921 -0.84503 1.7576 -1.3896 -0.20822 0.13291 -0.35823 -0.32147 -0.44646 0.78472 0.22191 -0.34893 -0.09804 0.5765 -0.74473 -0.37157 -0.065209 -0.41304 -0.12293 -0.52367 -0.59242 0.24096 0.44051 0.43238 0.77408 0.32568 0.82925 -0.86374 -0.34301 0.17475
-0.38338 1.0448 0.65585 1.6412 0.73201 0.46573 -0.6521 -0.70289 -1.3417 -0.43364 0.5395 0.094592 -1.2925 0.050346 0.028897 -0.51202 -0.48713 -0.092712 0.78327 0.40561 0.27649 -0.10624 0.38395 -1.4676 -0.64219 0.042162 -0.078093 -0.04957 -0.18697 -0.41362 0.30776 -0.16659 -0.10728 0.86246 0.11803 0.51699 -0.12759 -0.34568 0.10371
-0.30342 1.1976 0.13338 1.3346 0.37956 0.70183 0.21446 0.1162 -0.64837 0.21571 0.14049 0.39909 -1.1568 -0.38611 -0.15412 -0.77929 -0.55322 -0.07729 0.37469 -0.12437 0.96679 0.10135 0.46781 -0.8991 -0.51312 0.024804 0.18521 0.044092 0.007566 -0.12193 0.31822 -0.70686 -0.54401 0.55814 0.13131 0.12827 0.35855 0.14134 -0.039733
-0.84509 1.383 0.82019 0.89943 0.45336 0.31244 -0.8 -0.30321 -0.66305 1.2588 -0.32871 -0.025425 -1.3026 0.18055 0.060202 -0.82867 -0.63006 -0.13952 0.41899 -0.10836 0.70889 0.082435 0.90359 -0.49834 -0.86673 0.036647 0.11465 0.14588 0.52593 0.16602 0.42081 -0.82404 -0.56221 -0.33536 0.055528 0.032906 0.79597 0.65528 -0.14042
-0.31197 1.0765 0.53536 0.98708 0.49531 0.69311 -0.57613 0.9774 -0.43876 0.82105 -1.8599 -0.49205 -1.173 0.068215 0.1742 -0.22377 -0.49627 0.16141 -0.40672 -0.58409 0.52046 0.076651 0.58566 -0.48117 0.059371 -0.12705 0.44561 0.17668 0.96802 0.40322 0.37335 -0.50353 0.1044 -0.689 -0.1911 -0.6121 0.88157 0.87167 -0.061586
-0.83625 0.98207 -0.092133 1.032 0.54799 0.57896 -1.5289 0.22992 -0.57719 0.99173 -0.6884 0.95005 -1.3471 0.034291 0.088697 0.085679 -0.2038 0.56211 -0.42141 -0.46263 -0.17728 0.019769 0.40036 -0.025704 0.44212 -0.12367 0.1007 0.010041 0.95947 0.52604 -0.046015 -0.22195 0.49441 -0.70771 -0.063278 -1.0406 1.1621 0.87221 0.037676
-0.19442 1.2873 0.23468 0.89972 0.56247 0.40582 -0.68813 0.069211 -1.1229 0.8005 -0.38213 -0.33936 -1.2997 0.50998 0.10613 0.406 0.0051646 0.2583 -0.19383 0.24119 0.035336 -0.25928 -0.51496 0.69211 0.64589 0.0019144 0.0074711 -0.067144 0.78467 0.59364 -0.39109 0.38275 0.7971 -0.17103 -0.020675 -1.0649 0.90911 0.11988 0.16591
-0.32885 1.3476 0.4993 1.1003 0.84112 -0.229 -0.95831 0.31548 -0.89839 0.62857 0.020918 0.41286 -1.3555 0.14497 0.095312 0.48407 0.12878 -0.27708 -0.1432 0.42013 -0.46 0.12049 -0.6505 1.3215 0.65455 0.043768 -0.33209 -0.18503 0.18104 0.38003 -0.51931 0.29535 0.36934 0.222 0.090762 -0.60262 0.33943 -0.30301 0.13823
-0.61302 1.2688 0.61238 0.91139 1.0245 0.32612 -0.55352 -0.3507 -0.21681 1.5811 -0.6277 1.0233 -1.2478 0.025829 0.045325 0.9014 0.47801 -0.14625 0.14302 0.49985 0.30903 -0.016277 -1.0426 0.72959 0.22792 0.086456 -0.49069 -0.32148 -0.65253 0.1644 -0.20887 0.23132 -0.028768 -0.062473 0.081928 0.030647 -0.13514 -0.83053 0.021935
0.05112 1.2735 1.3141 0.94331 0.4258 0.44645 -0.52513 0.66026 -1.1919 -0.28641 0.059207 0.54521 -1.2487 -0.33843 -0.19989 0.11509 0.28636 -0.19998 -0.066415 0.10779 0.10838 0.084158 -0.55093 0.66431 0.060343 0.082581 -0.088159 -0.19255 -1.2445 -0.12152 0.061958 0.20546 -0.045851 -0.063997 0.10809 0.17269 -0.34187 -1.022 -0.06275
-0.50625 1.0148 0.35515 1.2564 -0.040485 0.52869 -0.45639 -0.14337 -0.091421 -0.057332 0.4744 0.74388 -1.198 -0.15633 -0.28915 -0.57859 0.23505 -0.17054 0.17 0.32877 -0.3875 -0.073332 -0.494 0.75014 -0.72744 0.026414 -0.065878 -0.072496 -1.4264 -0.41418 0.29764 0.2514 0.045761 -0.78317 0.50273 0.56703 -0.46044 -0.46568 -0.085506
-0.69535 1.2499 1.1916 1.6198 0.84173 0.56164 -0.83644 0.96029 -1.1894 -0.50042 0.25134 0.69429 -1.3349 0.072213 -0.068779 -0.97202 0.0047912 -0.15438 0.19658 0.40411 -0.25339 0.37044 -0.56563 0.61406 -0.93016 -0.031306 0.15238 0.11001 -0.35796 -0.38956 0.47582 0.62412 0.1806 -0.77496 0.19904 0.51041 -0.74477 -0.21476 0.0023807
-0.53165 1.1799 0.076729 0.90473 0.58146 -0.31544 -0.58526 -0.16386 -0.80067 0.85721 0.48505 -0.28065 -1.2197 -0.30214 -0.15458 -1.0668 -0.19387 0.37734 0.45175 0.42695 -1.0704 0.87105 0.12463 -0.18716 -0.20054 -0.0017348 0.024944 0.10761 0.58275 -0.24459 0.30565 0.51765 -0.050929 -0.69204 0.10619 0.65891 -0.49806 0.33578 0.14164
-0.37747 1.0415 -0.1357 1.2634 0.71099 0.50371 -0.18015 -0.72481 -0.64168 0.070902 0.78116 -0.29417 -1.3111 0.015318 -0.10207 -0.29885 -0.26413 0.40199 0.93843 0.39419 -1.0943 0.019838 0.18467 -0.39566 -0.61326 0.10616 -0.055005 -0.023074 1.5139 0.33593 0.22667 0.037237 -0.36815 -0.18688 -0.41159 0.4069 -0.37865 0.78488 0.16293
-0.18204 1.2816 -0.070593 0.83076 0.36698 0.96556 0.061567 0.056329 0.37118 -0.23776 0.17143 -0.034529 -1.2426 -0.082621 -0.11135 0.058856 -0.11447 0.1125 0.74327 0.22238 -1.3476 0.31948 0.47731 0.23549 -0.16924 0.21221 -0.019641 0.12607 1.7982 0.65115 0.001994 -0.94668 -0.4833 0.87249 -0.85144 -0.042892 -0.38512 0.8392 0.037587
-0.75661 0.96678 0.12719 1.0433 0.81776 1.0781 -0.24195 -1.2164 -0.00551 -0.050223 -0.2927 0.99054 -1.2306 -0.14009 -0.14365 1.0546 0.6062 0.3932 0.085668 -0.21719 -0.49883 -0.19777 0.09277 -0.37036 0.68999 0.1537 -0.23576 0.09677 1.3699 0.73681 -0.15194 -1.8527 -0.44971 1.2818 -0.71417 -0.062879 -0.5038 0.8689 -0.20015
-0.53975 1.0396 0.58538 1.2504 0.70781 1.6286 -0.28581 -1.123 -1.2246 0.45148 0.13204 -0.81883 -1.1178 -0.2616 0.057665 1.3392 0.623 0.3814 -0.94939 -0.21319 0.33757 -0.76587 0.092002 -0.98626 0.89481 0.04594 0.21467 0.29304 0.80655 0.27161 -0.38214 -1.694 -0.09321 1.3953 -0.52815 -0.39491 -0.9699 0.4341 -0.3749
-0.68421 1.2262 0.88139 1.2873 0.90353 0.55734 -0.57251 -1.1463 -0.49813 0.92513 1.3437 0.28848 -1.1443 -0.33189 -0.043203 1.4007 0.7852 -0.01747 -1.7577 -0.26901 0.57622 -0.9018 0.25816 -0.81614 0.66247 -0.15756 0.3722 0.3267 -0.20784 -0.38241 -0.63807 -0.64658 0.28529 1.1338 0.26316 -0.6983 -1.0627 -0.11659 -0.37409
-0.42411 0.95334 1.092 1.7274 0.98576 -0.39647 -0.63366 -0.5483 -0.73454 0.29129 -0.63396 1.0882 -1.1662 0.40928 0.30383 1.2481 0.31249 -0.39287 -1.5772 0.055336 0.8518 -0.41145 -0.39874 -1.5348 0.76239 -0.28648 0.41152 0.17406 -1.0755 -0.73548 -0.58971 0.97771 0.22213 0.58377 0.60245 -0.84533 -0.50402 -0.72895 -0.16708
-0.65844 1.2514 1.263 1.5897 0.89662 -0.29684 -0.024353 0.42073 -1.1986 -0.37536 -1.2615 1.124 -1.3301 0.2117 0.2539 0.70261 0.010373 -0.40365 -0.85993 0.18609 1.4653 0.16435 -1.0713 -2.2807 0.54699 -0.33298 0.39545 0.16876 -1.5952 -0.94224 -0.087322 1.9247 0.044841 -0.22502 0.45954 -0.47396 1.0082 -0.79439 0.17039
-0.82113 1.0671 1.5393 1.5726 0.18824 -0.93207 -0.49574 0.059728 -0.71545 0.64479 -0.60878 0.67801 -1.3745 0.22653 0.17931 -0.21462 -0.42496 -0.52007 0.4167 -0.025093 1.0292 -0.064023 -0.95125 -1.2858 -0.50998 -0.15502 0.20519 -0.25242 -1.7283 -0.61686 0.25224 1.5586 -0.29336 -0.85931 0.1563 0.38138 2.213 -0.48686 0.39843
0.1196 1.3375 1.625 1.236 0.51154 -0.060351 -0.17189 -0.63972 -0.89081 -0.63886 -2.102 1.3644 -1.3861 0.4897 0.28056 -0.67243 -0.68216 -0.11937 0.8529 -0.15532 0.028234 -0.13359 -0.41946 1.1482 -0.29782 0.081823 0.29428 -0.39963 -1.3652 -0.23656 0.36553 0.57565 -0.25845 -0.96341 -0.086259 0.85224 2.2631 0.23347 0.40612
-0.57457 1.26 1.2178 1.3607 0.56223 0.5146 -0.22764 1.5622 -0.64554 -1.0584 -2.2974 -0.20845 -1.3385 0.64876 -0.13906 -1.0998 -0.54672 -0.072566 0.48086 -0.3532 -0.14016 0.057776 0.058283 1.3257 0.21773 0.21246 -0.0072675 -0.56557 -0.62635 0.21446 0.17375 -0.69023 -0.089259 -0.39272 0.070811 0.99134 1.1721 0.87907 0.19431
-0.44989 1.2286 0.30024 0.9772 0.44878 0.70501 -0.84015 0.074562 -0.77395 -0.24687 0.077632 0.0098292 -1.2216 0.54377 -0.25802 -1.2603 -0.39716 0.044557 0.16196 -0.16172 0.13412 -0.073575 0.163 1.092 0.69038 0.20316 -0.15974 -0.53208 0.11252 0.39959 -0.19187 -1.1561 0.10812 -0.048566 0.091431 0.73168 -0.46112 0.89424 -0.061841
0.1856 1.2713 0.63892 1.122 0.95748 0.15453 -0.48267 -0.72726 -1.2881 -0.16738 1.4276 1.5159 -1.1413 0.1852 -0.49477 -1.0444 -0.16177 -0.28475 -0.57992 -0.20722 0.18615 0.050961 0.77897 1.1695 0.82451 0.1315 -0.15244 -0.22034 0.54992 0.30444 -0.27247 -0.9442 0.20626 -0.14229 0.031615 0.45472 -0.7053 0.63289 -0.16547
-0.044377 0.97334 0.33208 1.1089 0.28001 -0.31493 -0.50489 0.43108 -0.73639 0.1897 -0.58606 1.5057 -1.2546 0.42532 -0.43 -0.54193 -0.11015 -0.37212 -0.84066 -0.032691 -0.24613 0.057082 0.71441 0.28306 1.2584 0.018805 0.0013323 -0.075691 0.58018 0.16654 -0.24677 -0.57975 0.11884 -0.29452 0.065312 0.25147 -0.61081 0.36918 -0.13982
