39 213
-0.99273 1.0193 0.64183 0.84922 0.17345 0.73113 -0.24273 0.4232 -0.49589 0.068177 0.9115 0.96272 -1.3923 0.58046 0.27119 -0.37531 0.18706 -0.16209 -0.050794 -0.054726 0.32954 -0.048336 0.47323 -0.52854 -0.31043 0.020663 -0.03832 0.001386 -0.38418 0.10294 -0.039308 -0.19829 -0.10713 -0.080574 0.38989 -0.37909 0.046196 0.1218 -0.043394
-0.9243 1.2342 0.62815 0.89549 0.62513 0.87519 -0.10436 0.50558 -1.9166 1.0055 0.29894 0.94389 -1.2939 0.72108 0.30972 -0.7298 0.33704 -0.18212 -0.27845 -0.37005 0.56563 0.38574 0.1648 -0.46967 -0.44612 -0.0021717 -0.1417 -0.054937 -0.4193 0.076919 -0.0081588 -0.42669 -0.074644 -0.39973 0.3475 -0.33393 0.029668 0.14085 -0.074889
-0.29709 1.1688 0.34101 1.1668 0.048761 0.70175 -0.41325 1.1316 0.21918 1.1118 0.83721 0.7652 -1.2576 0.43263 0.24914 -0.9546 0.28434 -0.22389 -0.31509 -0.084589 0.086953 0.48248 -0.16038 -0.46247 0.017641 -0.037957 -0.45286 -0.17057 -0.26154 -0.079713 0.092906 -0.46087 0.25311 -0.44805 0.14677 -0.22735 0.26183 0.1272 -0.080079
-0.18324 1.3718 0.050648 1.0024 -0.19987 0.56031 -0.29559 0.62787 -0.55113 -0.014877 0.074848 0.44799 -1.4733 0.38576 0.18643 -0.91126 0.26676 -0.14541 -0.73312 -0.17026 -0.26246 0.35371 0.096788 -0.49798 -0.17441 -0.069782 -0.77246 -0.25635 0.14607 -0.3199 0.28267 -0.45763 0.61064 -0.47982 -0.53698 0.014303 0.44821 0.12787 -0.0037177
-0.15908 1.3323 -0.38956 1.3131 0.12055 0.21124 -0.90045 1.2422 0.091027 0.11225 0.52187 0.42857 -1.3862 -0.095704 0.046138 -0.79995 0.086036 -0.00779 -0.70323 0.29069 -0.058844 0.25441 0.037186 -0.0026196 -0.17477 -0.07348 -0.69895 -0.34496 0.78075 -0.25393 0.37621 -0.20997 0.45754 0.017449 -0.6322 0.19756 0.51031 0.048181 0.13599
-0.82446 1.2462 -0.46647 1.0738 0.062256 0.45846 0.079473 0.04027 -0.36655 0.094999 0.28825 1.5336 -1.4095 -0.44938 -0.017116 -0.52098 -0.10557 0.23338 -0.95795 0.51571 -0.22251 -0.51036 0.10205 0.17195 -0.077018 0.0081837 -0.5993 -0.3292 1.1152 -0.15249 0.37239 0.42037 0.23733 0.128 -0.4326 0.09624 0.71171 0.22322 0.13571
-0.23727 1.3177 -0.2841 1.2168 0.25008 -0.47206 -0.5539 0.17936 -0.76009 1.2152 -0.0052645 0.32021 -1.4075 -0.44854 -0.22371 0.38442 0.040137 0.28322 -0.60311 0.37687 0.12327 -0.27623 0.2568 0.19399 0.075277 0.13619 -0.13217 -0.10395 1.3102 0.18954 0.1056 0.65962 -0.51896 0.26225 0.33814 -0.24754 0.39592 0.012859 0.073523
-0.94084 1.2681 -0.45288 1.0223 0.38623 0.11297 0.43342 1.2393 -0.79109 0.99305 0.75518 0.51635 -1.3576 -0.55235 -0.22725 0.68844 0.03064 0.39853 0.020615 0.20426 -0.093299 -0.19314 0.19461 0.78394 0.1728 0.038071 0.14098 0.15151 0.93333 0.22127 -0.37121 1.0766 -0.76114 -0.038338 1.0495 -0.60519 0.11823 0.17519 -0.013428
-0.73386 1.2125 -0.45451 0.99715 0.048556 -0.91172 0.003391 0.64356 -0.28387 0.28907 0.87563 0.60265 -1.3106 -0.29522 -0.025503 1.1707 0.33645 0.10576 0.068347 -0.46459 0.38443 0.7455 -0.52142 0.46199 -0.26718 0.026101 0.27685 -0.34096 0.0077368 -0.028238 -0.050004 0.55097 -0.85362 -0.68136 0.71868 -0.51641 -0.26054 0.24887 0.30343
-0.72731 1.017 0.85659 1.325 0.26706 0.06582 -0.2751 0.90607 -0.65306 0.080043 0.043899 0.84392 -1.274 -0.27212 0.12886 0.92009 0.11837 -0.36342 0.76382 -0.4 -0.39971 0.97765 -0.77019 0.2725 0.46604 0.040493 0.59731 -0.94701 -1.2246 -0.68489 0.21834 -0.22277 -0.51633 -0.63406 0.10154 -0.12921 -0.75091 0.062477 0.83742
-1.2526 1.086 0.178 1.2951 0.79376 0.63438 -0.45333 0.34216 -0.20918 0.82439 1.9363 1.1759 -1.4333 -0.083562 -0.96979 0.28273 -0.05297 0.5726 0.078583 -0.81991 -0.95636 0.50984 -0.33622 -0.046929 0.4545 0.61242 1.0972 -1.3812 -2.1506 -1.5265 -0.016328 -0.65012 0.28646 -0.26947 -0.65037 0.67541 -0.59217 -0.23483 1.1751
-0.84778 1.4379 1.1742 1.5914 -0.065431 -0.14354 -0.68991 0.8605 0.70523 -0.31303 0.12964 0.29389 -1.368 0.43929 -1.3238 -1.2767 -0.93276 0.5697 -0.40939 -0.52447 -0.56848 0.12562 -0.1625 -0.40485 -0.051821 1.0653 1.6334 -1.5792 -1.9454 -2.098 -0.64041 -0.82105 0.96607 0.73382 -1.0044 1.1165 -0.89417 -0.97607 1.5061
-0.70462 1.4969 0.28988 0.98496 -0.37961 0.83456 -0.46236 -0.26806 0.15205 0.45988 0.57639 1.2867 -1.2794 1.3706 -1.5847 -1.9608 -1.7174 -0.39012 -0.58636 0.10155 -0.0041856 -0.053693 0.5953 -0.33615 -0.4935 1.3672 1.5824 -1.0455 -1.2419 -2.1807 -1.2508 -0.10964 1.803 0.8506 -0.93709 1.0256 -0.69803 -1.2201 1.4402
-1.0839 -0.92316 -0.49711 0.85543 1.8506 -0.83899 -0.76553 -0.086838 -0.50572 0.39072 0.80285 1.2282 -0.15039 2.0136 -2.1762 -1.7846 -2.5938 -1.0654 -0.47157 0.83707 0.50199 -0.63723 1.1083 -1.3027 -1.0947 2.0392 0.82699 -0.51571 0.11285 -1.1607 -0.93199 0.4522 2.1356 0.38286 -0.37628 0.33297 -0.79539 -1.4246 1.1362
0.30691 -0.17272 -2.2406 -0.38267 0.44667 -1.3071 -0.72467 0.36024 -0.21774 -0.084523 -0.019003 0.21033 -0.030236 2.0477 -2.2749 -1.9064 -2.9066 -0.92182 -0.099096 1.6674 0.10163 -0.87776 1.1824 -0.93918 -1.5689 2.3974 -0.47233 0.55739 0.94966 0.14937 -0.32274 1.001 1.9802 -0.40034 0.24512 -0.78861 -1.0019 -1.2838 0.42101
1.3447 -0.3999 -1.033 -0.63248 -0.87256 0.27052 0.1225 1.2256 -0.30616 1.6095 0.41903 0.13161 0.05469 1.6228 -1.8352 -1.0831 -2.2998 -0.88689 0.21158 2.445 0.10898 -0.16768 0.24733 -1.6325 -2.4864 2.3423 -1.8337 1.0732 1.1601 1.5474 0.8079 1.0815 1.2414 -1.1658 0.6572 -1.7477 -0.66252 -0.63426 -0.4151
1.3952 -1.3121 -1.2034 -1.7911 -0.93873 0.0034987 0.75209 0.94962 -0.60406 1.8612 -0.70305 -0.68844 1.1836 0.68618 -0.83991 -0.44523 -1.6137 -1.0753 0.98506 2.777 -0.52209 0.18481 -0.61971 -2.099 -2.4757 1.8786 -2.4625 1.1397 0.72084 2.134 1.5728 0.46413 0.055115 -1.503 0.62877 -2.2748 -0.54969 0.28042 -1.0335
1.4644 -1.2334 -1.5987 -1.6947 -0.51167 -0.20806 1.5214 -0.15464 -0.51538 0.62501 -0.80442 -1.3701 1.6026 -0.702 -1.1268 -0.23494 -0.6288 0.5061 1.0533 2.4637 -1.3126 0.086339 -1.6447 -1.9954 -1.9615 1.6417 -2.0599 1.0182 0.11631 2.0416 1.8354 -0.046596 -1.1558 -1.309 0.096172 -1.6459 0.44042 1.4187 -1.5335
0.82117 -1.4411 -1.5742 -1.2989 -0.0043388 0.41231 2.3897 -0.17003 0.0040781 0.1492 -1.4312 -1.9916 1.7208 -1.3486 -0.75246 -0.91409 -0.14012 1.2908 0.36744 1.7555 -1.9361 0.19616 -2.6294 -1.8125 -1.2395 1.1147 -0.82587 0.78724 0.038134 1.524 1.3304 -0.52857 -1.9081 -0.42804 -0.33386 -0.23442 1.0762 2.0652 -1.6415
0.061851 -1.4114 -1.693 -1.2994 0.01732 0.31231 2.2236 -0.32619 -0.1845 -0.59738 -2.0919 -2.0905 1.8347 -1.1744 -0.20293 -0.62103 0.4095 1.3247 0.43207 0.92592 -1.5747 0.017398 -2.1887 -0.9192 -0.13319 0.30199 0.71876 1.0456 0.46251 0.69811 -0.097709 -0.76611 -2.0389 0.20198 -0.62488 1.2256 1.2726 2.2141 -1.5568
-0.16975 -1.6185 -2.1844 -1.3076 0.48569 0.81698 2.2351 -0.91615 -0.29287 -1.1589 -2.1382 -2.0605 1.8099 -0.61094 -0.0071266 -0.17829 0.43923 0.97626 0.28656 0.19453 -1.1566 -0.4056 -0.83257 -0.5533 0.93277 -0.044217 1.6033 0.75657 1.1502 0.23407 -0.94585 -0.67737 -1.6632 0.50712 -0.62761 2.0268 1.1074 1.6062 -1.1491
-0.089151 -1.5799 -2.2526 -1.3422 0.41273 0.3331 2.3926 -1.4442 -0.20257 -0.96509 -1.8638 -1.355 1.7369 0.25115 0.22175 0.30554 0.25885 0.48356 -0.3692 -0.3369 -1.3057 -0.78964 0.02969 -0.16204 1.5862 -0.23789 1.6992 0.62781 1.4151 -0.084364 -1.4352 -0.93902 -1.5114 0.83514 -0.60957 1.6635 0.56272 0.4684 -0.81468
0.19935 -1.4094 -1.866 -1.2105 0.75632 0.42847 2.0598 -1.1669 -0.63841 -0.79713 -1.636 -0.94891 1.655 0.89562 0.27929 0.88323 0.32891 -0.036728 -0.52529 -0.53419 -1.111 -0.58236 0.51218 -0.047034 1.264 -0.43091 0.99904 1.0279 1.4228 0.070314 -1.345 -1.0953 -1.5504 1.3005 -0.30483 0.68646 0.24065 -0.51781 -0.99494
0.60617 -1.2095 -1.6084 -0.86888 0.67243 0.37454 2.0621 -1.4796 -0.82491 -0.18816 -1.884 -0.30215 1.5939 1.2066 0.68536 1.6298 0.32064 -0.82172 -0.95524 -1.3641 -0.03273 -1.042 0.62883 -0.079712 0.68595 -0.79224 -0.24701 1.389 1.0019 0.35344 -0.91167 -1.256 -1.6036 2.0345 0.18017 -0.09465 0.28289 -0.67032 -1.2455
0.90738 -1.2167 -1.1318 -1.0984 0.3703 -0.34302 1.8722 -1.9873 -0.94132 -0.16545 -2.0916 -0.14757 1.4697 0.75144 1.4532 1.9562 0.52552 -0.8572 -1.5123 -2.0148 0.63004 -0.84923 0.31157 -0.12358 0.30608 -1.3392 -1.1768 1.6418 0.34405 0.5527 -0.20264 -1.3638 -1.5247 2.1285 0.45664 -0.50303 0.59135 -0.15076 -1.2759
1.1009 -1.2634 -0.81575 -0.94058 -0.063755 -0.11514 1.4983 -1.8685 -0.63092 -0.51922 -2.2397 -0.99955 1.2692 -0.14005 1.9232 1.738 0.75583 -0.79108 -2.2745 -2.413 1.6009 -0.30613 -0.06215 0.42865 0.6695 -1.7513 -1.5051 1.3384 -0.22352 0.74848 0.70242 -0.84753 -0.80567 1.5109 0.92529 -0.40609 0.618 0.32987 -0.88078
1.4733 -0.57395 -0.057079 -0.97273 -0.60748 -0.76054 0.15992 -0.40295 -1.8826 -0.44468 -1.9248 -1.0845 0.63819 -0.6132 2.366 1.5046 1.0431 -0.42587 -2.4704 -2.6876 2.0227 -0.075866 -0.18973 0.84666 0.96266 -1.9669 -1.1257 0.65273 -0.44658 0.57715 1.1005 -0.087865 0.030502 0.55655 0.84442 0.12171 0.54266 0.55302 -0.14756
0.56855 0.67671 0.2789 -0.43864 -0.038522 -2.0708 -0.18553 -0.49935 -1.0407 -0.47304 -1.8298 -0.36519 -0.089902 -0.9 2.4337 1.415 1.3242 0.26231 -2.0947 -2.4424 2.0823 0.33462 0.035096 0.63449 1.0528 -1.8703 -0.46479 -0.25264 -0.34308 0.24123 0.98745 1.1126 1.0267 -0.89883 0.53821 0.40316 0.28751 0.31991 0.61867
-0.2521 0.81782 0.070132 -0.053381 0.074009 -2.84 -0.69848 0.97947 -0.73208 -0.61062 -0.89599 0.85023 -0.3628 -0.95611 2.2706 1.2385 1.2144 0.65191 -1.7694 -1.9458 1.4402 0.44035 0.52392 0.8274 1.276 -1.5142 0.065004 -1.4007 -0.3344 -0.37899 0.20473 2.2668 1.7589 -1.582 0.15879 0.4576 0.03858 0.0024937 1.1727
0.22856 1.3376 0.29767 0.31131 0.062357 -2.778 -1.0385 0.2845 -0.93321 -0.2467 -1.1466 0.89346 -0.56979 -0.83447 1.5487 1.1953 1.076 0.49676 -0.4987 -0.9796 0.25822 0.46492 0.43143 0.99962 1.1871 -1.0026 0.34808 -1.8239 -0.34356 -0.76887 -0.37399 3.0692 2.0276 -1.9146 0.093551 0.26474 0.039447 -0.49823 1.1677
0.10554 1.2655 0.97145 0.35123 0.54688 -2.5166 -1.0367 0.43779 -0.43383 -0.20273 -1.9182 0.21078 -0.62035 -0.53249 0.49069 0.95577 0.52565 -0.16365 1.0629 -0.32839 0.040557 0.16852 0.57653 0.74489 0.90633 -0.55101 0.11854 -1.9117 -0.92517 -0.88816 -0.2841 2.9697 1.8742 -1.4313 0.44888 -0.36793 0.38577 -1.0722 0.88079
0.044199 1.6567 1.017 0.30389 0.34948 -2.6346 -1.3147 0.30597 -0.73841 0.2659 -0.83936 0.46042 -0.68646 -0.47506 0.30713 0.87972 0.36867 -0.020573 2.3535 0.31153 -0.72569 0.65632 0.5693 0.75821 0.20183 -0.51015 -0.28918 -1.4676 -1.5415 -0.7476 -0.029747 1.9383 1.5463 -0.64403 0.88024 -0.55494 0.58709 -1.2549 0.56029
-0.1108 1.6027 1.5863 0.50551 -0.09749 -1.621 -0.94103 -0.20201 -1.2418 -0.22788 -0.26607 1.131 -0.83429 -0.92337 -0.27003 -0.42402 0.066665 0.38613 2.4786 0.70185 -0.68423 1.2044 -0.30947 1.6991 -0.46694 -0.37157 -0.45903 -0.93198 -1.7084 -0.43628 0.34902 0.51404 1.1732 -0.25349 1.1954 -0.74438 0.20818 -1.3894 0.47618
-0.6148 0.99282 0.97126 0.22968 -0.3287 -0.62199 -0.5984 0.38924 -0.39802 0.2232 -0.8854 1.5437 -0.81112 -1.1803 -0.4992 -1.147 0.041471 0.16774 2.4972 1.2225 -0.54334 1.6249 -0.28167 1.6622 -0.74373 -0.20943 -0.18761 -0.61756 -1.4008 -0.35785 0.16022 -0.76361 0.56121 0.11999 0.62418 -0.61218 -0.36374 -1.1971 0.64429
-0.64209 1.5282 1.2025 0.68293 0.50828 0.57467 -0.41313 -0.35016 0.49283 0.19297 -0.12729 0.55377 -1.1253 -1.0351 -0.65001 -1.3912 -0.049039 0.38842 1.9737 1.2779 -0.49415 1.9599 -0.55083 0.70112 -1.5197 0.048781 0.37943 -0.095778 -0.16006 -0.18977 0.084297 -1.4497 -0.21042 -0.054242 -0.23867 -0.19777 -0.55693 -0.30647 0.66012
-1.0633 0.86739 -0.73765 0.26123 1.0335 -0.083554 -0.30324 -0.60547 0.70919 -1.0647 1.0578 -0.68398 -0.91578 -0.77269 -0.5276 -1.3923 -0.17933 0.27541 1.1478 1.0101 -0.57529 1.4708 -0.586 0.56136 -1.7684 0.2952 0.60387 0.087467 0.57717 -0.19534 0.035985 -1.8642 -0.72738 0.18672 -1.008 0.15203 -0.35461 0.80322 0.5277
-1.5538 0.85967 -0.11511 0.41788 0.19987 0.51781 0.54189 -0.0019792 1.2108 0.028669 0.079512 -0.41402 -0.77812 -0.43247 -0.41904 -0.6172 -0.14496 0.48903 0.38448 0.43906 -0.74421 0.83711 -0.56542 1.1807 -0.5896 0.41663 0.60748 0.28197 1.072 0.10083 -0.053634 -1.3647 -0.75608 0.45608 -1.4228 0.47766 -0.34111 1.6137 0.17253
-1.0998 0.94715 -0.16599 0.27323 0.42082 0.074673 0.13774 -0.49109 1.0941 -0.50483 -0.33858 -1.0081 -0.59262 -0.37201 -0.47534 -0.40014 -0.24199 0.18484 -0.26896 0.36473 -0.049753 0.28278 0.050086 0.74412 0.47585 0.43812 0.47217 0.17194 0.91787 0.11092 0.11013 -0.99142 -0.65561 0.44436 -1.1413 0.47894 -0.23677 1.5142 -0.17481
-1.1622 0.84455 -0.10535 0.23303 0.01795 0.42977 0.2548 -0.89389 0.41359 -0.78388 0.39869 -0.6187 -0.51826 -0.11917 -0.21565 0.21951 0.151 0.3354 0.075629 0.27301 0.10852 -0.13638 0.13756 -0.04243 0.73701 0.24813 0.26683 -0.046269 0.34667 -0.050025 -0.15717 -0.76282 -0.11129 0.35962 -0.51176 0.63503 -0.40829 0.54705 -0.25647
-1.1866 0.61923 0.35857 0.26061 1.1142 0.23774 -0.32551 -0.79768 1.1889 -0.36904 1.5714 1.1831 -0.50905 -0.063198 -0.35047 -0.0068214 -0.14156 0.55673 -0.59115 -0.05794 -0.15783 -0.19889 0.071613 0.72219 0.73904 0.10196 0.29461 -0.15131 0.06397 -0.22672 -0.45683 -0.90933 0.21218 0.1786 0.3738 0.49801 -0.5523 -0.40322 0.0065248
-1.4882 0.7877 -0.37891 0.29136 0.85804 -0.23285 0.41421 -0.0029691 1.0278 0.11773 0.88917 0.40755 -0.62663 -0.10032 -0.56294 -0.13326 -0.28121 0.013338 -0.91105 0.45557 -0.002675 0.11564 0.75982 0.40984 0.42795 0.17832 0.19297 -0.0031948 -0.18612 -0.5261 -1.0998 -1.0355 0.13411 0.037695 0.66397 0.10656 -0.66184 -0.75469 0.27095
-1.32 0.61281 -0.30884 0.66003 0.98812 0.49847 0.47002 -0.25426 0.57701 -0.88473 -0.23286 -0.3728 -0.5591 0.15648 -0.5566 -0.099051 -0.4103 -0.49797 -1.5121 0.64687 0.35942 0.8741 0.78799 -0.54187 -0.20688 0.48179 0.0081444 0.30708 0.24583 -0.27529 -0.96763 -0.19641 -0.36247 -0.22933 0.65339 -0.21421 -0.48093 -0.512 0.27511
-1.4172 0.43053 0.033336 -0.11782 0.58008 -0.8758 0.14039 -0.75811 1.0072 0.14017 1.2668 0.41402 -0.56414 0.12101 -0.12294 -0.10143 -0.6046 -1.1699 -1.4414 0.15687 -0.056468 0.59484 0.0086169 -0.6817 -0.36198 0.48439 -0.11867 0.51659 0.26377 -0.22689 -0.20473 0.69259 -0.81812 -0.76879 0.44276 -0.25175 0.12143 0.28217 0.039589
-1.0859 0.14597 -0.33414 -0.15585 0.11031 -1.1781 0.84694 -0.74386 1.1678 0.52306 0.47812 -0.25017 -0.19608 -0.1655 -0.068533 0.45958 -0.4463 -0.63999 -0.70051 -0.54469 -0.52988 0.80913 0.0046734 0.34588 0.069361 0.38167 -0.1789 0.63464 -0.080315 -0.072139 0.55875 1.679 -0.47012 -0.48126 -0.40077 -0.34649 0.46724 0.95885 -0.35541
-0.88899 0.21197 -0.0087294 -0.13368 -0.15415 -1.7715 0.84438 0.088029 2.1686 0.13969 -0.11546 -0.096385 0.19392 -0.16539 0.040886 0.10502 -0.64791 -0.29334 0.0069901 -0.3852 -0.95213 0.99625 0.63034 0.20669 0.88528 0.28934 0.43551 -0.046156 -0.49751 -0.16126 0.80367 1.8657 0.23439 0.14421 -0.64552 0.15753 -0.014715 0.90326 -0.10816
-1.3781 0.92501 -0.11246 -0.34246 -0.10907 -1.3814 -0.43601 -0.78726 1.4248 -0.8144 0.60621 0.71516 -0.23036 -0.037712 0.40427 -0.36129 -0.51202 0.097765 0.97201 0.092698 -0.056446 -0.078404 -0.24243 -0.077767 1.1794 0.016731 1.1638 -0.75607 -0.96938 -0.72477 0.51809 1.3482 1.0308 0.2571 -0.82657 0.2592 -0.86709 -0.09976 0.64959
-1.9694 0.52332 0.42602 0.11426 0.6346 -0.25377 -0.31481 -0.99869 1.6838 0.10202 1.4561 0.012602 -0.35225 0.85548 -0.44061 -0.67037 -0.8456 -0.051899 1.2874 0.2506 -0.0030506 -0.1774 0.46816 -0.49196 0.97672 0.49459 1.4431 -1.2614 -0.7307 -1.0897 0.32534 0.65484 1.6668 0.19121 -0.26002 0.40409 -1.0904 -1.3588 1.5124
-1.1981 0.37247 -0.45234 -0.67506 0.47354 0.13637 0.4211 -2.0197 2.0109 0.81146 -0.015742 1.4797 -0.12295 1.4687 -1.0812 -1.06 -1.5729 0.19814 1.2357 0.9489 -0.50603 -0.16346 0.63468 -0.97233 -0.17928 1.3029 0.93219 -1.1536 -0.24549 -1.2217 0.16727 0.13797 1.8046 -0.35383 0.67055 0.69121 -0.81523 -1.9594 1.8353
-1.0452 0.95535 -0.80021 -0.83279 0.25509 -0.14872 0.98452 0.36265 0.49643 -0.48005 0.88697 1.7607 -0.397 1.7424 -1.3041 -0.98356 -1.9592 0.25893 1.1269 2.1155 -0.3505 0.55394 1.0441 -1.4447 -1.2702 2.0321 -0.38883 -0.2927 0.65555 -0.41518 0.25809 0.20273 1.3368 -0.27097 0.74632 0.18267 0.21717 -2.1027 1.1287
0.8589 -1.0097 -1.0967 -1.2057 -0.45653 0.037654 0.95682 -0.498 1.7852 1.3097 -0.99977 0.35929 1.1287 1.2353 -1.0738 -0.68851 -2.0199 0.25253 1.3165 2.3311 -0.51135 0.83611 0.92323 -1.1688 -1.7873 2.1436 -1.3488 0.292 1.5557 0.79779 0.058806 0.35252 0.094867 -0.13443 0.27865 -0.13276 1.3521 -1.3583 -0.011628
0.56024 -0.71766 -1.1491 -2.283 0.57179 -0.062854 1.3655 -1.5784 2.0491 0.15085 -0.83663 -0.81382 1.8474 0.24668 -0.93266 0.43188 -1.3248 0.399 1.6349 1.9086 -0.47615 0.7467 0.71252 0.03182 -2.6091 1.8545 -1.7057 0.70959 1.8752 2.0494 -0.3607 0.16929 -1.3161 0.74643 -1.0255 -0.99833 2.6011 -0.022771 -1.3784
0.10019 -0.29084 -0.8956 -2.3587 0.72431 0.97453 2.4766 -1.6069 2.3706 1.0015 -0.46743 -1.0674 1.854 -0.28347 -0.78987 1.2902 -0.54448 0.2377 1.6558 1.2197 -0.66708 0.27702 0.52854 0.90587 -2.3436 1.3719 -0.71878 0.46899 1.4169 3.1144 -1.0305 -0.67645 -2.141 1.8464 -1.6284 -1.5462 2.3341 1.5124 -2.1835
-0.63437 -0.53796 -0.60299 -2.1891 0.83137 2.0266 2.8295 -1.6577 2.5869 1.5489 -0.044341 -1.2449 1.7673 -0.65788 -0.27954 1.7133 0.76228 -0.39975 1.2814 0.35977 1.1284 -1.1032 -0.8432 2.5455 -1.034 0.24058 0.67637 0.3229 0.41766 3.2822 -1.5166 -1.9486 -2.9025 1.7875 -1.3566 -2.047 0.79449 2.9154 -2.4136
-0.65681 -0.66155 0.21397 -1.9447 0.4392 1.9426 2.483 -1.2614 1.9095 0.94337 0.46257 -1.6139 1.8136 0.35223 -0.63106 1.4558 2.1943 -1.2527 0.20169 -0.655 2.1165 -1.3192 -1.5309 2.0865 0.59217 -0.49782 1.3812 0.32725 -0.63713 2.4533 -1.6046 -2.8821 -3.2499 0.58359 -0.57274 -2.1801 -1.0626 3.0896 -2.1479
-0.23969 -0.85214 0.77518 -1.4129 0.013209 1.4995 1.9023 -0.45414 0.81222 0.32888 1.438 -1.7847 1.8522 1.1724 -0.48399 1.1693 2.8468 -1.6593 -1.3599 -2.2522 1.4536 -1.0198 -2.5386 0.98151 2.0228 -1.0223 1.25 0.49355 -1.2202 0.99029 -1.0513 -2.7693 -2.506 -1.5742 0.89364 -1.2479 -2.776 2.1662 -1.4474
0.21826 -1.3311 0.75249 -0.42537 -0.73944 1.4637 1.3037 0.99027 0.66881 -0.37646 2.2563 -1.0128 1.6097 1.3478 -0.1524 0.30831 2.5545 -2.0987 -2.5289 -3.1829 0.27098 -0.84264 -3.1835 -0.35715 2.592 -1.3889 0.12073 1.0688 -1.1919 -0.35305 -0.25572 -1.7314 -0.85224 -2.8067 1.6262 -0.11465 -3.1264 0.76642 -0.90433
1.1443 -1.1297 0.26469 0.45124 -0.52508 0.20016 1.1379 0.68083 1.2622 -1.4231 1.0144 0.60893 1.0113 1.1482 0.29096 -0.11349 2.2529 -1.9198 -2.6432 -2.778 -0.82873 0.36182 -2.6242 -1.5853 2.4999 -1.6002 -0.86864 1.2003 -0.63668 -1.1131 0.52766 -0.24938 0.96557 -2.4378 1.7046 1.4483 -2.4696 -0.89693 -0.2795
1.2202 -0.60078 0.72878 0.92464 -1.0845 -0.67262 -0.50922 -0.89244 1.7341 -1.3995 0.17079 1.8378 0.43156 0.58081 0.74112 -0.24754 1.8935 -1.5944 -2.4637 -1.8886 -1.8958 1.0828 -1.7222 -2.659 1.9613 -1.6379 -1.3415 0.82552 0.097318 -1.2238 1.0889 1.2336 1.8898 -0.88519 0.87247 2.5266 -0.9797 -2.3349 0.43202
0.636 -0.77625 -0.1655 0.25836 -1.9011 -1.3947 -1.2852 -1.6984 0.96376 -2.3579 -0.45481 1.2158 0.25894 -0.056456 1.0459 0.19419 1.296 -0.93493 -1.8682 -1.2024 -1.936 1.2589 -0.23008 -2.6287 0.46885 -1.3405 -1.0952 0.044725 0.24733 -1.2794 1.4583 2.0977 1.8768 0.98439 -0.61497 2.6079 0.38014 -3.0015 1.0372
0.96963 -0.39375 0.59151 0.88677 -1.7627 -1.2653 -0.3437 -1.49 2.1955 -1.9099 -0.79282 0.79835 0.14593 -0.53627 0.82803 0.34475 0.9647 -0.57681 -0.55906 -0.65005 -0.78421 0.37199 0.91685 -1.7204 -1.2677 -0.83832 -0.35313 -1.1082 -0.13188 -1.1813 2.0057 2.1742 1.5532 2.266 -1.8896 1.8327 1.4248 -2.2305 1.5795
0.72564 -0.16784 0.49256 1.4738 -1.8305 -1.6039 0.027466 -1.8952 2.0321 -1.6014 -1.408 1.0155 -0.1173 -0.32443 0.31627 0.075623 0.55526 0.26881 0.41259 -0.099508 0.4555 -0.44083 1.524 -1.3145 -2.1541 -0.36423 0.30974 -1.9871 -0.75164 -1.2575 2.1062 1.3289 1.1422 2.3428 -2.7956 0.26844 1.7412 -0.49899 1.9152
0.47674 -0.028453 1.022 1.4414 -1.3943 -1.2794 -0.42243 -1.0638 2.4809 -0.50437 -1.1152 0.077995 -0.15823 0.055337 -0.72887 -0.44865 0.26755 1.5133 0.55025 0.28913 1.1127 -1.6431 1.245 -0.55925 -1.384 0.36573 0.69674 -2.0487 -0.90107 -1.307 1.7016 0.30043 1.1465 1.5912 -2.3661 -1.116 1.5377 1.0819 1.9261
0.4511 -0.11995 0.53538 1.5934 -1.4235 -0.58691 -0.66615 -0.73316 1.17 -0.50032 -1.2942 -0.85277 -0.10538 0.21363 -1.4616 -0.88821 -0.48044 1.9154 0.11669 0.33517 1.4615 -3.0277 0.17408 0.15822 -0.51043 1.0792 0.66016 -1.438 -0.80045 -0.79876 0.50841 -0.22218 1.4315 0.62945 -1.4702 -1.8604 1.1509 1.7917 1.4543
0.81451 -0.54959 0.24972 0.94572 -1.0257 -0.32873 -1.1054 -0.71363 0.68933 -0.17613 -1.8307 -1.1421 0.066002 0.47598 -1.6707 -0.94625 -0.72611 1.7471 0.16353 1.1474 1.6723 -2.8141 -0.73923 0.51809 0.1776 1.479 0.42011 -0.23035 -0.30784 -0.065273 -0.7405 -0.16259 1.766 0.06734 0.16544 -1.5429 0.43306 1.5123 0.5168
0.97257 -2.0866 -0.89913 0.71594 0.29922 -1.1774 0.019792 -0.28278 -0.88486 -1.4829 -0.95285 0.18144 1.0234 0.67889 -1.5921 -1.2506 -0.29831 1.0928 0.18219 1.9868 1.361 -2.6354 -1.3739 0.37488 0.81604 1.3733 0.1815 0.80675 0.22996 0.72176 -1.5802 0.41976 1.5591 -0.082964 1.6984 -0.57315 0.15152 0.63868 -0.52295
1.182 -1.7474 -0.075031 0.64013 0.274 -1.6402 0.54689 0.35861 -1.0838 -1.744 -0.56906 0.68029 1.4187 0.5926 -1.049 -0.87384 0.064703 0.55619 0.20758 2.5664 1.3113 -1.5171 -1.206 0.17474 1.1197 1.033 -0.15577 1.5005 0.65551 0.74766 -1.8643 0.75608 0.4315 -0.034689 2.2471 0.55301 -0.1717 -0.58275 -1.2929
1.148 -1.5748 -0.26912 0.90583 -0.25225 -0.83711 1.4315 0.48157 -0.31406 -1.8359 -0.87456 0.66113 1.3434 0.48413 -0.44549 -0.4733 0.34141 -0.41022 0.89729 2.3652 1.5131 -0.44651 -0.78678 0.62873 0.35923 0.47518 -0.35677 1.4159 0.88122 0.14306 -1.2995 0.56067 -0.71985 0.0329 1.9893 1.1903 -0.35607 -1.4036 -1.3429
1.4021 -1.7167 -0.93104 1.4385 -0.56738 -0.30493 1.5827 0.60184 -1.0003 -1.6909 -1.0918 0.21972 1.1069 0.27872 0.22835 -0.047023 0.21502 -0.94763 1.2511 1.7168 1.5563 0.36185 0.13143 0.066045 -0.80654 -0.11452 -0.32385 0.84935 0.71724 -0.46956 -0.56676 -0.057059 -1.59 0.0099287 0.97687 0.92437 -0.22463 -1.551 -0.91821
1.3237 -1.526 -0.70966 1.3441 -0.50781 -0.28978 2.1824 0.86535 -0.78993 -1.652 -1.4911 0.48779 1.1117 0.16964 0.10184 0.067662 -0.13345 -0.55735 0.73224 1.1476 1.3233 0.20661 0.45633 -0.25183 -1.1492 -0.17439 -0.15314 0.30911 0.60898 -0.85451 0.08897 -0.88601 -1.8375 -0.29422 0.17789 0.45906 -0.15929 -0.76485 -0.2842
1.5914 -1.7871 -0.58919 0.94114 -0.97712 0.57925 1.8173 1.5865 -0.22489 -1.5603 -0.064121 -0.41208 1.0398 0.1445 0.0746 0.26495 -0.49237 -0.41736 0.18179 0.38258 1.4486 0.017543 0.11437 0.1877 -1.3626 -0.093218 0.072286 -0.0093714 0.21958 -0.56033 0.25934 -1.1754 -1.766 -0.44751 -0.41112 0.071624 0.15728 0.049259 0.093847
1.2738 -1.6348 -0.53021 0.80384 -0.5565 -0.11571 2.3382 2.0067 -0.55668 -1.3937 -0.98036 -0.74711 1.1308 0.26147 0.13669 0.56711 -0.74945 -0.50998 -0.26001 -0.19494 1.0483 0.071389 0.18923 0.26672 -0.95591 0.014365 0.19552 0.22724 -0.18371 -0.0013742 0.078543 -1.1327 -1.4258 -0.7444 -0.68323 0.22213 -0.022381 0.71864 -0.0090619
1.4279 -1.4855 0.10039 0.63128 -0.43168 -0.83445 2.1437 1.7687 -0.73896 -1.1895 -1.3758 -0.61839 1.2435 0.35974 0.19039 0.13395 -0.42477 -0.49092 -0.49765 -0.71362 0.89241 -0.34195 0.42106 0.11672 -0.79461 -0.062292 0.21443 0.434 -0.66108 0.39144 0.036003 -0.7339 -1.0256 -1.2062 -0.68886 0.76202 0.070658 1.2123 -0.42089
1.485 -1.5467 -0.49526 0.68384 -1.1098 -0.17247 1.758 2.3369 -0.49054 -2.016 -0.50755 -1.2733 1.0651 0.41676 0.41407 -0.22916 -0.17113 -0.37447 -1.0913 -0.80845 0.25225 -0.90117 0.77427 -0.25322 0.074597 -0.2057 -0.41924 0.94873 -0.58655 0.52774 0.35074 0.059912 -0.96663 -1.8308 -0.5522 0.72411 0.64159 1.3454 -1.0113
1.9438 -1.5382 -0.16072 0.54207 -1.3044 -0.51487 1.3565 1.7476 -0.84876 -1.1887 -0.80366 -0.57174 1.0992 0.45654 0.64741 -0.63792 -0.12206 -0.41767 -0.80395 -1.1117 -0.35437 -0.7944 1.4238 0.59039 0.66178 -0.64913 -1.6985 1.3974 0.49495 0.15098 0.98017 0.8051 -0.81969 -2.3519 0.17892 0.71235 1.1999 1.4322 -1.3844
1.8292 -1.3529 -0.75524 0.8413 -1.0261 -0.66758 1.2474 2.5138 -1.0167 -0.86676 -0.95028 -0.91943 0.9735 -0.56861 1.4695 -0.20142 -0.011181 0.10282 0.0082966 -1.6933 -1.6816 -0.7414 1.2104 1.2747 1.1339 -1.2901 -2.7674 1.5325 1.5071 -0.1069 1.3932 1.2887 -0.66403 -2.1108 1.2042 0.30731 1.4011 0.88978 -1.3842
1.9854 -1.1591 -0.84765 0.63004 -1.0763 -1.5923 1.182 1.8004 -1.5851 -0.41228 -0.81238 -0.14133 0.79241 -2.2941 1.9648 1.0922 -0.25134 1.0837 0.49136 -1.7105 -2.4552 -0.074134 1.7009 1.6753 1.6751 -1.7069 -2.8847 1.0555 1.7068 -0.065949 1.4391 0.90756 -0.26931 -1.3661 1.6779 -0.14553 0.62299 0.15013 -0.87145
1.8111 -0.67012 -1.1482 0.53168 -0.93855 -1.2459 0.91938 1.2197 -1.3139 0.44411 -0.051843 0.24515 0.1961 -3.3303 2.2806 1.8682 -0.28858 1.4519 0.72378 -1.6749 -2.5671 1.0311 1.2854 1.9153 1.4335 -1.8633 -1.6112 0.12497 0.82057 0.061035 0.98268 0.41519 0.24262 0.32479 1.8583 -0.52986 -0.49103 -0.73704 -0.03013
-0.033344 0.63081 0.32624 0.69841 -0.43233 0.228 -0.63014 -0.94981 -1.3387 -0.75645 0.85411 0.66465 -0.59206 -3.5017 1.9795 1.6823 -0.09629 1.5696 0.57284 -1.5934 -2.4075 1.5102 1.0876 1.4791 0.83142 -1.7397 0.35235 -0.74158 -0.68285 0.062258 -0.051003 -0.17871 0.75292 1.7798 1.172 -1.0362 -1.3729 -1.103 0.78412
-2.2141 0.55876 1.5349 0.21105 0.30367 0.57619 -0.2335 -0.47543 -0.16688 0.52676 1.4229 1.1114 -0.87907 -2.9498 1.6635 1.116 0.012805 1.6778 0.76145 -1.325 -1.0822 1.9994 0.41349 0.43128 0.020676 -1.3228 2.0578 -1.4685 -1.6545 -0.037739 -0.86513 -0.74523 1.2887 2.4123 0.037293 -0.70986 -1.4719 -0.80465 1.378
-1.989 0.97671 1.7417 0.39529 0.30695 -0.388 -0.40648 -0.61579 0.54067 0.47191 0.87578 0.8859 -0.84042 -1.8397 1.0439 0.12451 -0.29845 0.87731 0.13179 -0.56209 0.10967 1.673 -0.027056 -0.22666 0.081397 -0.74093 2.9135 -1.4904 -1.4416 -0.037232 -1.4913 -0.49169 1.4389 2.011 -1.0095 -0.75093 -1.0229 -0.60815 1.4784
-1.8576 0.62073 0.062243 0.93427 0.57042 -0.84729 -0.50086 -0.25401 0.14955 0.61378 0.37382 -0.10162 -0.97438 -0.36398 0.31872 -0.60745 -0.25278 0.19919 -0.47871 0.074029 0.64834 1.0288 0.36217 -0.066907 0.13217 -0.18906 2.4565 -1.3952 -0.60874 -0.12729 -1.6901 0.092355 1.305 0.90356 -1.4015 -0.20746 0.12805 -0.2912 1.1712
-1.3816 1.0648 0.14618 0.50433 0.80635 -0.0069596 -0.60159 0.46274 0.72591 -0.1237 -0.26635 0.072117 -0.92553 0.58433 0.186 -0.29172 -0.027926 -0.44766 0.25427 0.23548 0.46097 0.089143 -0.45327 -0.24022 -0.48996 0.025702 1.3757 -1.1351 0.66817 -0.17214 -1.0111 0.94067 0.65325 -0.28393 -1.1157 -0.22374 0.76387 -0.25528 0.92831
-1.4332 1.0289 -0.30503 -0.14335 -0.21529 -0.35516 -0.14364 0.45492 0.48528 -0.036256 0.56066 1.2305 -0.99498 0.37245 -0.21615 0.12601 -0.33898 -0.78406 0.87735 0.56937 0.43305 0.14149 0.1982 0.69156 -0.29674 0.14113 0.27627 -1.0498 1.107 -0.3655 -0.36759 0.9432 0.25319 -1.011 -0.53631 -0.23007 0.67156 -0.27142 0.72321
-1.5365 0.90322 0.81072 0.42375 0.11694 -0.36256 -0.48844 -0.56728 0.19836 0.53063 1.6463 1.1512 -0.85429 0.32837 -0.56791 1.0706 -0.5476 -0.49989 1.2515 0.3385 -0.28235 0.0089143 -0.40755 0.87503 -0.23215 0.55783 0.23251 -1.4391 0.19293 -0.59356 -0.40295 -0.048762 -0.21441 -1.0264 0.20231 0.40401 0.29322 -0.18563 0.87713
-1.3526 0.83182 1.6537 0.51375 -0.1477 0.92438 0.16089 0.23155 0.16354 -0.13855 0.33555 -0.54646 -0.81161 0.26802 -1.0426 0.88717 -0.61172 -0.45353 0.82527 0.46798 -0.82092 0.060018 -0.13645 0.67819 -0.55847 0.68498 1.0668 -1.4232 -0.99755 -0.65212 -1.077 -1.1299 -0.65862 -0.74799 0.27215 0.17144 -0.46684 -0.39225 1.1502
-1.4352 0.47703 0.69462 0.060388 -0.45357 0.45032 0.2399 0.32185 1.0227 1.1557 1.6235 0.1994 -0.696 1.0597 -1.7819 -0.29402 -0.89544 -1.3572 0.18785 -0.089819 -0.78144 0.52195 0.56622 0.33881 -0.7415 1.1369 1.6089 -0.95923 -1.6317 -0.52184 -1.65 -1.765 -0.84542 -0.32571 0.021063 -0.089765 -0.15537 -0.41142 1.2063
-1.1068 -0.010601 1.2229 -0.036411 0.4502 1.146 -0.49891 -0.64386 0.11772 -0.96063 0.91711 -0.079304 -0.098428 1.9722 -1.964 -1.1543 -1.2678 -2.3461 -0.74879 -0.37281 -0.67315 0.4095 0.076419 0.06479 -0.8564 1.6657 1.6616 -0.0079614 -0.85969 -0.23895 -1.3014 -1.4296 -0.74737 0.21444 -0.62977 -1.0265 0.2117 -0.5619 1.021
-1.0238 -0.10144 0.96806 -0.61807 -0.29806 0.50755 0.31537 -0.77069 0.8539 0.045944 0.83648 0.078945 -0.2377 2.4438 -1.696 -1.1184 -1.1023 -2.6038 -1.3326 -0.72562 -0.93299 -0.11753 -0.6959 0.88811 -0.93759 1.9701 0.78915 1.0316 0.21058 0.079332 -0.2387 -0.63494 -0.17463 0.74099 -1.1113 -1.2348 0.51055 -0.61473 0.29797
0.49253 -1.4428 -0.89528 -0.98911 -2.6788 -0.62614 -0.65005 -0.70577 1.1157 1.6635 1.558 0.2142 0.57661 2.6409 -1.1038 -0.39219 -0.91335 -2.2357 -1.145 -0.52638 -0.32545 -0.80637 -1.6491 0.81852 -1.6294 1.8785 -0.35944 1.4015 0.89727 0.36082 1.2622 0.52285 0.18382 0.81654 -1.0366 -0.80143 0.1597 -0.53103 -0.47017
1.4518 -1.1598 0.019503 -0.79568 -2.6378 -1.027 -0.72829 -0.94287 0.45428 -0.13289 1.1947 -1.1371 1.3203 2.1774 -0.5139 -0.26208 -0.94027 -1.8528 -0.82639 -0.31915 0.43573 -0.9696 -1.1508 0.95385 -1.6344 1.4993 -1.4629 1.3956 0.92172 0.35339 2.3966 1.342 0.67104 0.59993 -0.4374 -0.075973 -0.66955 -0.090607 -1.2134
1.5818 -0.85672 0.48441 -0.72379 -2.5209 -0.46436 -0.60278 -0.8055 0.023741 -1.46 2.1621 -1.7484 1.4661 1.4343 -0.24621 0.1808 -0.7411 -0.38674 -0.0023356 -0.25245 0.17289 -1.1222 -1.3684 0.34652 -1.6124 1.1574 -1.9587 0.87599 0.13525 0.41569 2.5258 1.3899 0.5907 0.22949 0.5901 1.2087 -1.1493 0.8371 -1.7192
1.7727 -0.72496 0.67208 -1.1807 -1.8769 -0.51578 -0.4048 -0.16016 -0.30138 -1.5766 2.2887 -1.7584 1.4098 0.33622 0.1744 0.40646 -0.59325 0.90401 0.66063 0.31694 -0.051348 -0.78089 -0.98926 -0.16208 -1.1299 0.41375 -1.9171 0.74111 -0.23837 0.55204 2.2855 0.94055 0.3239 -0.09421 1.1171 1.7325 -1.7073 1.7161 -2.0415
1.4725 -0.77536 0.397 -1.5606 -2.0177 -0.075518 -0.68276 -0.094078 -0.58409 -1.0117 1.634 -1.6868 1.4346 -0.066022 -0.0066716 -0.46159 -0.38645 1.0571 0.76754 0.19395 0.36553 0.22685 0.80748 -0.83584 -0.1262 -0.29414 -1.9601 0.94299 -0.24263 0.73573 1.5921 0.20365 -0.068838 0.072635 1.2768 1.799 -1.5735 1.7283 -2.1211
1.389 -1.1619 0.23715 -1.5324 -1.7184 -0.065632 -0.28574 -1.0582 0.10753 -0.27856 1.088 -1.8862 1.421 -0.62308 0.5849 -0.4107 -0.18694 1.6522 0.58624 0.027326 0.18972 0.483 1.3956 -1.7445 1.2153 -0.99908 -1.8355 1.2924 -0.03681 0.87852 1.3257 -0.33954 -0.46525 0.25884 0.77081 0.82396 -0.68029 1.3483 -1.8005
1.33 -1.1307 -0.19872 -1.3553 -1.7715 0.027171 -0.29702 -0.94756 0.078923 -0.25447 1.4507 -1.7136 1.3288 -1.716 1.1004 0.11121 0.2966 2.184 0.42463 -0.22791 0.21045 0.67597 1.2128 -1.8934 0.8333 -1.486 -1.8557 1.6237 0.79248 1.0927 1.1417 -0.43748 -0.45307 0.19039 0.15847 -0.59448 0.46317 1.2377 -1.3753
1.6225 -0.84171 -0.35393 -0.99178 -1.2159 0.15445 -0.59589 0.22989 0.76196 0.1937 0.36175 -1.3761 0.83508 -2.2384 1.7496 0.046602 0.5472 2.7927 0.18412 -0.28878 0.52779 0.46489 0.53976 -0.94022 1.2144 -1.8341 -1.3157 1.1733 0.76736 1.1149 0.28662 -0.34122 -0.022353 0.14464 0.039241 -0.98142 1.0286 0.72219 -0.72833
0.37972 0.46634 0.49788 -1.2647 0.043646 0.31462 -0.56061 -0.36513 0.070612 -0.20737 -0.024334 0.61878 -0.064535 -2.6955 2.0867 0.867 1.0902 2.5989 0.13351 -0.44324 0.57181 0.54482 -0.0035165 -0.33756 2.4672 -2.0492 -0.24061 0.1768 0.47987 0.97759 -0.87642 -0.14172 0.4049 -0.14324 -0.43763 -0.79193 1.3023 0.28468 0.10741
-1.3291 0.45812 1.0068 -0.96491 0.66312 0.05502 -0.84893 0.049843 0.39443 0.066156 -0.19489 -1.6701 -0.29498 -2.5721 2.0239 0.71924 1.2975 1.9757 0.080609 0.096395 0.29996 0.63135 -0.04551 -0.53058 1.9136 -1.8687 1.0613 -0.96824 0.083243 0.90292 -2.09 0.11542 0.53495 -0.43184 -0.69903 -0.10932 0.93142 -0.8916 0.8697
-1.2995 0.97764 -0.27632 -0.88884 1.0097 0.123 -0.80703 0.086587 0.16911 -0.20511 1.0639 0.0028304 -0.53607 -2.0007 1.2501 0.7174 1.5708 0.97286 0.20633 0.29147 0.084233 -0.22896 -0.14702 0.42202 1.0844 -1.3006 2.3177 -1.4263 -0.72473 0.4595 -2.2456 0.11137 0.58594 -0.34237 -0.99794 0.71302 0.42292 -1.3288 1.1543
-1.7797 1.0125 1.5956 0.28336 0.65884 0.16697 -0.75727 -0.48329 1.2664 -0.25354 0.82456 2.3601 -0.95805 -0.63064 0.56422 0.284 1.8301 -0.25788 0.36892 0.2843 -0.00093693 -0.46571 0.38865 0.48434 0.047657 -0.83701 2.4766 -1.2166 -0.71743 -0.036383 -1.6001 -0.045142 0.19683 0.21255 -0.98042 0.87487 -0.27151 -1.1818 0.99947
-1.4765 1.3553 0.21586 0.20786 0.34871 0.22959 0.073923 0.020685 0.97384 -0.021788 -0.31504 0.10872 -0.9653 0.6115 0.45652 -0.34156 1.5983 -0.43565 0.20282 0.49282 0.11477 -0.79109 1.2787 -0.022292 0.62803 -0.74443 1.7897 -0.68198 -0.93517 -0.66274 -0.52291 -0.069876 0.18717 0.6301 -0.80911 0.50328 -0.78001 -0.85446 0.63151
-1.368 0.78622 1.0902 0.68018 0.3988 0.59748 -0.47889 0.34861 -0.53268 -0.081887 1.0342 -0.046626 -0.88113 0.69321 0.40695 -0.1631 1.2207 -0.27785 -0.0031786 0.34217 0.70089 -0.93879 1.0799 -0.82623 -0.32295 -0.57063 0.53992 -0.29652 -0.40924 -0.96804 0.16922 -0.27431 0.15133 0.62961 -0.21194 -0.26986 -0.81062 -0.039057 0.40893
-0.90173 1.2088 0.8387 0.84684 -0.044859 0.69904 -0.5447 -0.51987 -0.43983 0.59396 0.55953 -0.38505 -1.1634 0.63909 0.19768 -0.89902 0.75475 0.016813 0.25958 0.592 0.91979 -1.5187 0.56744 -0.42212 -0.51084 -0.43848 -0.36077 -0.22475 0.0076998 -1.1327 0.090359 -0.21283 -0.042075 0.36705 0.63447 -1.0361 -0.63784 0.12964 0.4135
-0.36724 1.2595 -0.29495 0.86895 0.63533 -0.05658 -0.14414 0.43809 -0.090238 1.9385 -0.0022725 0.74679 -1.3544 0.34695 0.19898 -0.24307 0.61561 -0.17034 -0.18283 0.50122 0.78212 -0.49554 0.18521 -0.87428 0.54107 -0.346 -0.64171 -0.76168 0.17731 -1.3829 0.10017 -0.3348 -0.39893 -0.019916 1.0312 -1.2807 0.21644 0.32619 0.79599
-0.88887 1.6466 0.41684 0.89716 0.63415 0.077991 -0.3378 1.1232 -0.23158 0.21111 -0.36453 0.56348 -1.3185 0.11104 0.18434 -0.28752 -0.013572 -0.32145 -0.11326 0.34005 0.77537 0.19902 -0.43767 -1.2232 0.47263 -0.20554 -0.60447 -1.1736 0.33311 -1.8876 0.27166 -0.59711 -0.68874 -1.007 1.1739 -0.86594 0.70128 -0.027136 1.4252
-1.0801 1.0431 0.049276 1.2446 0.4184 1.027 0.57606 0.67427 -0.97675 0.022665 0.32638 0.71082 -1.4196 -0.2357 -0.84905 -0.12128 -0.73203 0.07738 -0.45567 -0.232 0.76046 0.16655 -1.0935 -0.0015297 -0.12721 0.56789 -0.11662 -1.1453 -0.36262 -2.2935 0.78941 -0.91394 -0.40294 -1.8562 0.82413 -0.080742 0.99592 -0.45283 1.8867
-0.89002 1.4231 0.5263 1.0281 -0.212 -0.28277 0.2909 0.8942 0.28243 0.41167 -1.3198 0.45746 -1.2289 -0.19367 -1.221 -0.30599 -1.7606 0.39615 -0.74405 -0.25066 -0.90292 0.38519 -0.60063 0.50159 -0.2278 1.3529 0.34224 -0.32722 -0.31947 -1.994 1.1084 -1.1647 -0.040034 -2.0758 1.0025 0.49268 0.52745 -0.19165 1.7503
-0.87409 1.0724 0.56814 0.42451 -0.021384 0.61094 -0.60849 0.95158 -0.2918 -0.13482 -0.3079 0.4271 -1.2158 0.27704 -0.99435 -0.94797 -2.3855 0.93141 -1.6128 0.089393 -1.7788 0.98286 0.10368 0.19217 -0.049683 1.8516 0.4423 0.86665 -0.083178 -0.99144 0.84025 -0.74624 0.61829 -1.2174 0.92494 0.77756 -0.094849 0.21093 0.67459
-1.0616 -0.22123 -0.046708 -0.30658 0.81696 -0.65942 -0.91895 0.80778 -0.11278 -0.15524 1.0496 -0.39711 -0.17596 0.48063 -0.28834 -0.50346 -2.5556 1.3018 -1.759 0.10969 -1.7601 1.7007 0.0016241 -0.29557 0.038867 1.914 0.3764 1.1923 0.53095 0.37956 -0.10517 -0.3676 0.56771 0.40359 0.48074 0.38238 -0.30083 -0.027312 -0.41026
-0.72653 0.15077 -0.8125 -1.4604 1.3982 -1.0949 0.12665 -1.2828 0.38961 1.1112 0.24462 1.0059 0.45808 0.23808 0.11045 -0.18719 -2.0103 1.1791 -1.3731 0.67467 -1.0326 1.2715 0.23988 0.22027 0.18598 1.3507 0.28783 0.87148 1.1422 1.1586 -1.4091 0.28629 -0.15356 1.4037 -0.095774 -0.099757 -0.013832 -0.54102 -1.0612
-0.43838 0.88107 -0.79239 -1.4744 1.3771 -1.9629 0.53233 -1.1894 0.93392 -0.10564 -0.74294 0.55702 0.69433 0.51492 0.19005 0.35659 -1.3087 0.07871 -1.5654 0.45469 -0.50739 1.161 0.13815 -0.086864 -0.39711 0.9542 0.33346 -0.060196 1.1524 1.3694 -1.9664 0.66602 -1.1149 2.031 -0.49815 -0.36506 0.50576 -1.1802 -1.0379
-0.3538 1.1601 0.32861 -1.4092 1.3177 -1.1874 0.37781 -0.79946 1.6965 -0.022585 -0.8649 0.54646 0.47784 0.78527 0.20027 0.86698 -1.0539 -1.0617 -1.1619 -0.35221 0.20832 1.0794 -0.16742 0.067437 -0.95699 0.65473 0.23681 -0.91715 0.74542 0.75177 -1.5682 0.79151 -1.9448 1.7736 -0.6885 -0.59979 0.6758 -1.4127 -0.50735
-0.90124 1.2121 0.5254 -1.2508 0.91087 -1.7028 0.48505 0.62082 1.1115 0.80016 0.062383 0.46969 -0.010328 0.81676 -0.43771 1.2343 -0.72283 -1.2129 -0.59155 -1.3347 1.3901 0.86026 -0.55317 0.76351 -1.851 0.6221 -0.14097 -1.1194 -0.056354 0.038574 -0.4494 0.98662 -1.8008 1.237 -1.3677 -0.78301 0.67092 -0.90837 -0.071727
0.04672 0.14827 0.51626 -1.4901 0.087276 -2.1395 -0.73184 -0.10749 0.74606 -0.1081 0.51665 -0.83584 0.53099 0.51822 -1.095 0.83864 -1.0353 -1.074 -0.34723 -1.8465 1.3146 0.12433 -0.6645 1.106 -2.0345 0.71427 -0.25292 -0.71445 -0.41258 -0.22244 0.48837 1.1611 -1.0442 0.48138 -1.9108 -0.92951 0.098291 -0.034956 0.050823
0.32347 0.057633 0.38841 -2.393 -0.14191 -2.6382 -1.0451 -0.1249 1.722 0.0583 0.70623 -1.1768 1.2896 0.38117 -1.0156 0.25887 -1.2545 -0.74523 -0.087208 -1.961 1.2455 -0.94722 -1.2471 0.69534 -1.7516 0.80966 -0.23012 0.3483 -0.13613 0.14849 0.70415 1.6038 0.071733 -0.01508 -2.1978 -0.4834 -0.67361 1.1004 -0.46134
0.44758 0.19834 0.85393 -2.2092 0.54997 -1.6601 -1.1272 0.66973 1.8883 -0.0030834 0.32218 -1.3277 1.2591 0.52884 -0.69549 0.54234 -1.1653 -0.39157 0.80476 -1.8727 1.1927 -1.6327 -1.761 0.29758 -1.0742 0.63964 0.086405 0.96677 0.22976 1.4677 0.40243 1.6545 0.97613 -0.017414 -2.1669 0.2569 -0.90695 1.554 -1.2069
-0.22165 -0.19497 0.60495 -2.5559 0.22863 -2.1309 -1.651 0.81678 0.8848 -1.1173 0.44296 -1.9877 1.1357 0.37937 -0.067484 1.1137 -0.40865 -0.25119 1.8972 -1.1949 1.4473 -2.4214 -1.0112 -0.12633 -0.025277 -0.07037 0.3375 1.0583 0.055234 2.4609 -0.057383 1.1365 1.4522 -0.59534 -1.2603 1.0403 -0.71661 1.7126 -1.7103
-0.082559 0.13215 0.67181 -2.7209 0.22186 -1.2843 -1.9916 1.4054 -0.32577 -1.1369 0.3135 -1.3887 1.0528 0.67215 0.022063 0.86193 1.0187 -0.57601 1.8222 -0.51404 1.2057 -3.2402 -0.23834 -0.22766 0.35634 -0.75241 0.29613 1.1153 -0.67706 2.8494 -0.024465 0.20468 1.3553 -1.296 0.1521 1.5197 -0.37061 1.613 -1.68
0.54922 -0.027062 1.4417 -2.6241 -0.03741 -0.70096 -2.2222 1.7839 -1.0149 -1.4605 0.85413 -1.179 0.94288 0.92671 0.36792 0.2066 1.8077 -0.75824 1.5759 -0.088548 0.16491 -2.5255 0.17626 -0.41908 1.1188 -1.1957 -0.074188 0.8817 -1.2905 2.3319 0.30055 -0.87181 0.75791 -1.859 1.6418 1.1668 0.12506 0.81355 -1.1288
0.92692 0.099712 2.1428 -1.943 -0.34555 0.58971 -2.0551 1.3857 -1.3386 -0.62513 0.13824 -0.85642 0.69468 0.7959 0.92314 -0.33654 2.5367 -0.18241 1.3571 -0.044404 -0.53269 -1.2839 0.83403 -0.26515 1.7312 -1.4512 -0.7808 0.71411 -1.1943 1.1514 0.85962 -1.2277 0.17119 -1.7337 2.3365 0.6581 0.42582 0.061435 -0.45058
1.2446 0.11244 1.0001 -0.55093 -0.53621 -0.63391 -1.2732 1.5877 -1.7262 0.1547 0.20562 -0.98608 0.26253 0.17367 0.93267 -0.82571 2.7686 0.10861 0.46485 -0.097611 -1.0888 -0.27727 0.90239 0.14016 0.99352 -1.5044 -1.1444 0.08289 -0.53717 -0.20038 1.0549 -1.2797 -0.22209 -0.87522 1.7787 -0.0022274 0.70029 -0.65302 0.23454
1.1908 0.71397 0.5014 -0.27493 -0.17179 0.15596 -1.5458 0.52704 -0.88214 -0.66319 -0.33174 0.23352 -0.37235 -0.40137 0.91368 -0.97144 2.4811 0.58094 0.032877 -0.20809 -1.3415 0.075714 0.78291 0.32104 0.55299 -1.3109 -0.92374 -0.51479 0.51987 -1.5509 0.63854 -0.65267 -0.30977 0.11399 1.0431 -0.86016 0.61887 -1.0075 0.81074
0.46729 1.1475 0.14925 0.069607 0.31345 -0.15639 -2.3644 0.39294 -0.95166 -0.35781 0.52783 0.58386 -0.51909 -0.59679 0.50444 -0.5333 1.4955 0.81148 -0.2061 -0.39619 -1.0211 0.1767 0.20323 0.64599 0.34842 -0.89716 -0.33934 -0.95516 1.1128 -2.0786 0.039327 0.037107 0.12001 0.90772 0.43504 -1.1039 0.33905 -0.8411 1.1842
0.28587 0.93953 0.35737 0.32524 0.13042 -0.50998 -2.2726 0.39663 -1.0155 -0.11522 0.94014 -0.78885 -0.55231 -0.53315 0.28222 0.53843 0.55265 0.64773 0.4464 -0.43863 -0.33215 0.47592 -0.6117 0.68293 -0.046647 -0.47652 0.16754 -1.3121 1.0225 -1.7512 -0.64908 0.41998 0.95571 1.3288 0.20232 -1.0715 -0.10949 -0.68855 1.2312
0.37333 0.82672 0.89248 0.49605 0.44577 -0.085196 -2.14 0.097707 -1.3004 -0.11348 0.8278 -0.55191 -0.52302 -0.39441 -0.33372 0.60653 0.22121 0.1488 0.32967 0.22914 0.10511 0.35612 -0.70616 0.62004 -0.45925 -0.053774 0.33985 -1.4425 0.43036 -1.3369 -1.0663 0.63938 1.696 0.61523 0.12826 -0.51758 -0.51928 -0.45853 1.3384
0.51744 0.52048 1.1411 0.082526 0.41391 -0.038414 -2.0369 0.33985 -1.1944 -0.21907 0.56768 -0.04754 -0.47177 -0.19954 -0.83869 0.46815 0.15944 -0.28706 0.56803 1.1588 0.57078 0.37809 -1.0004 0.12897 -0.47688 0.20939 0.1305 -1.3327 -0.42366 -1.2319 -0.77149 0.59753 1.9019 -0.62681 0.32899 -0.056415 -0.85541 -0.42598 1.4721
0.57276 0.8934 1.41 0.15955 0.23784 0.42412 -1.9073 1.15 -0.43875 -1.368 0.84839 -0.5082 -0.5989 -0.14206 -1.3219 0.34701 -0.56698 -0.69194 0.95527 1.7851 -0.31354 0.47724 -0.68028 -0.073141 -0.38934 0.87113 -0.092417 -0.73931 -0.71125 -1.4063 0.11083 0.73588 1.2897 -1.4473 0.61274 -0.12814 -0.98005 -0.15053 1.4687
0.19627 0.38428 0.62388 0.19272 0.059652 0.30697 -1.483 0.28258 -0.43332 -1.2805 0.7948 -0.25677 -0.44979 -0.42477 -1.4291 -0.16596 -1.1351 -0.35758 1.2759 2.1252 -1.255 1.0477 -0.73672 -0.61547 -0.96644 1.3834 -0.1394 -0.12069 -0.69908 -1.4984 0.96497 0.20059 0.25011 -1.38 0.57872 -0.1091 -0.91046 0.43683 1.2147
0.041891 -0.11387 0.73852 0.59677 -0.10967 0.34915 -0.66661 1.3204 -0.85333 -1.0497 0.84784 -0.7944 -0.15222 -0.45932 -1.2642 -0.47609 -1.5078 0.38986 1.3823 2.0123 -1.6277 1.1918 -1.1003 -0.89333 -0.52351 1.6761 0.11306 0.59986 -0.15413 -1.0545 1.3806 -0.62657 -0.56517 -0.26564 0.3273 -0.091205 -1.1778 1.085 0.37475
0.32159 -0.92604 1.3226 -0.86392 -0.67799 1.1578 0.11224 -1.022 -0.60159 -0.41329 0.67519 -1.379 0.89484 -0.30529 -1.0719 -0.49603 -1.902 0.95721 0.73841 1.4853 -1.2937 1.1268 -1.0128 -1.2122 0.50895 1.7229 0.38411 1.133 0.51368 -0.29881 0.98346 -1.2941 -1.049 0.76356 -0.11821 0.43868 -1.2836 1.4473 -0.7062
-0.23295 -0.61736 0.62986 -1.2082 0.61806 1.9205 0.24434 -1.6165 0.51283 -1.4738 -0.50862 -1.6257 1.1186 0.00050877 -0.51518 0.2079 -1.9658 1.2044 0.027673 1.1129 -0.76014 1.0668 -0.72715 -2.0421 1.1465 1.2914 0.25776 1.4827 1.0479 0.88001 0.10215 -1.4526 -1.1178 1.9799 -0.76473 1.3305 -0.95364 0.75673 -1.8565
0.023058 -0.46279 0.42463 -1.5674 1.1327 1.693 0.0023341 -0.7154 0.57663 -2.5151 -0.31069 -0.037238 1.2081 0.048665 0.061949 0.50106 -1.4122 1.0545 -0.5185 0.7328 -0.25615 0.89436 0.0015084 -2.5126 1.2295 0.4594 -0.052507 1.4017 1.2733 1.8753 -0.98058 -0.99559 -1.0471 1.9665 -1.4335 2.0566 0.1249 -0.70734 -2.4346
0.12871 -0.43152 0.53434 -1.7454 1.0673 0.57136 -0.24775 0.14918 0.65594 -2.3142 -0.42567 0.72367 1.2366 -0.16651 0.61184 1.0849 -0.26817 0.53095 -0.76362 0.42559 1.5299 -0.13406 1.185 -2.0777 0.70368 -0.62436 -0.48482 0.87166 0.92387 2.3547 -1.4997 -0.26103 -0.8161 1.3262 -1.7062 2.267 1.3967 -1.733 -2.214
0.25901 -0.54592 1.4632 -1.8154 0.9211 0.010792 0.48454 -0.58294 0.27505 -1.1024 -2.1572 0.74975 1.042 -0.32553 0.67397 1.5681 0.41451 -0.51836 -0.76726 -0.0098438 1.2131 -0.98331 2.3443 -0.94693 -0.74261 -1.1639 -0.44248 0.13509 0.16175 1.9213 -1.3727 0.5471 -0.56446 0.60943 -1.6294 1.47 2.2502 -1.7625 -1.2704
0.090032 -0.30755 1.6838 -1.318 0.64389 0.3915 0.70068 -0.06501 0.28786 -0.28516 -2.3661 -0.35331 0.60829 -0.71529 0.61294 1.49 1.0956 -0.78128 -0.34594 0.051201 0.97588 -1.2222 2.8552 -0.12234 -1.4844 -1.3934 0.046492 -0.61389 -1.2157 0.92748 -0.82234 0.92472 -0.46682 -0.10414 -1.2122 -0.046043 2.5253 -0.89623 0.07497
-0.31843 0.073704 2.4825 -1.2125 0.36554 1.0262 0.48555 1.0809 -0.56917 0.60668 -1.6722 -0.97166 0.072798 -0.50159 0.27938 0.61552 1.1488 -0.82676 0.31856 -0.070948 1.1692 -1.6436 2.251 0.85987 -1.3551 -1.163 0.67872 -1.0683 -2.3403 -0.0014494 -0.11579 0.63505 -0.13848 -0.26097 -0.96215 -1.5532 1.9913 0.31275 1.1062
-0.68804 0.28163 2.0778 -0.7648 0.29845 0.70531 -0.42478 -0.2151 -0.46315 0.2642 -0.88465 -2.2215 -0.18592 0.00077098 -0.20952 -0.83031 0.92935 -0.83456 0.46079 -0.36327 1.3839 -2.0947 1.1413 1.9001 -0.85791 -0.50798 1.2752 -1.2086 -2.5942 -0.67104 0.23712 0.027133 0.36206 -0.47826 -0.68949 -2.2854 0.89781 0.67048 1.6568
-0.79242 0.035914 2.0981 -0.27587 0.36656 0.47304 0.21103 1.011 -0.72099 0.66681 -0.44106 -0.66546 -0.23924 0.56439 -0.68371 -1.8748 0.49363 -0.70496 0.043286 -0.045218 0.55177 -2.3636 -0.04542 1.8923 -0.39646 0.13803 1.3238 -0.90308 -1.7834 -0.94387 0.38991 -0.54967 0.9481 -0.50321 -0.14703 -1.924 -0.61669 0.42133 1.5144
0.0063548 -0.47621 1.2225 -0.70656 0.0032311 0.82933 0.15695 1.5737 -1.5709 0.64075 -0.36594 -0.59881 0.086352 1.1024 -0.90607 -2.3671 0.28845 -0.40286 -0.15577 0.67505 0.42645 -2.1616 -0.77672 1.1009 -0.55652 0.56996 0.95687 -0.24473 -0.4987 -0.89149 0.27566 -0.56176 0.90081 -0.61006 0.58676 -1.0739 -1.6432 -0.17041 0.85514
0.49448 -0.82096 0.16628 -0.7121 -0.21565 0.88715 0.20227 1.2279 -2.4497 0.46018 -0.11449 -1.0132 0.50354 1.3881 -0.86848 -2.124 -0.12621 -0.32077 -0.42258 1.0761 0.74374 -1.8807 -0.81334 0.075299 -0.61941 0.68698 0.29166 0.49554 0.60861 -0.55064 0.017088 -0.66321 0.11765 -0.45441 1.4323 -0.13942 -1.7523 0.085035 0.075891
0.57734 -0.76997 -0.36893 -0.69483 -0.1914 0.50759 0.59418 0.40371 -2.6245 -0.37757 0.19331 -1.7033 0.50099 1.3511 -0.52628 -1.6874 -0.26772 -0.51607 -0.37878 0.6592 0.18658 -1.2149 -0.71779 -0.3572 -1.097 0.56591 -0.38885 1.1858 1.4481 -0.21941 -0.27137 -0.88636 -0.9017 -0.44528 2.0171 0.47178 -1.1182 0.74893 -0.64217
0.85243 -0.67845 -0.13762 -0.53635 0.13 0.64649 1.1454 1.5005 -2.6961 -0.35665 -0.31793 -2.3806 0.48104 0.97251 -0.060508 -1.019 -0.1597 -0.61589 -1.1115 0.17006 -0.14247 -0.11204 -0.36079 -0.75502 0.057176 0.25832 -1.0745 1.6804 1.6486 0.38053 0.08355 -0.59884 -1.2413 -0.56065 2.1595 0.68982 -0.18247 1.4237 -1.1681
1.0965 -0.8108 -0.29614 -0.82362 -0.081608 -0.26393 0.94333 1.4077 -2.3954 -0.24397 -1.031 -2.0239 0.53789 0.58467 0.64266 -0.073228 -0.066883 -0.75622 -1.5039 -0.45529 0.072232 0.7882 -0.0088834 -0.63615 0.67634 -0.23096 -1.8304 1.7255 1.4189 0.81737 0.98784 0.11036 -0.9788 -0.56449 1.8583 0.46787 0.67441 1.8047 -1.4065
1.3516 -0.79741 -0.2846 -0.76003 -0.65998 0.41765 0.67698 1.4402 -2.4001 0.18129 -0.6762 -1.596 0.5731 -0.22164 1.3164 0.30967 0.4144 -0.045334 -1.0034 -0.54655 -0.20924 1.222 0.28295 -0.13115 1.4756 -0.75998 -2.2202 1.3596 0.90968 1.0153 1.8016 1.2637 -0.62731 -0.79283 1.1222 0.27846 1.3192 0.99055 -1.3555
1.4198 -0.59198 -0.62205 -0.92533 -0.89171 -1.0781 0.052337 0.82791 -1.8558 0.11578 -1.1285 0.030713 0.53311 -1.4421 1.6292 0.43735 0.82394 1.0261 -0.22134 -0.70131 -0.79726 1.651 -0.053741 0.63909 1.9718 -1.1467 -2.1272 0.67405 0.66236 0.85961 2.1757 1.6835 -0.23565 -0.59627 0.75069 -0.056491 1.0212 -0.17294 -0.92739
1.0718 0.33784 0.20939 -0.59712 -0.90245 -1.3209 -0.20032 1.1387 -1.4931 -0.042878 -0.42029 -0.97135 0.0017777 -2.125 1.6861 0.51345 1.1078 1.8251 0.66208 -0.80827 -1.1462 1.5934 0.2509 1.1602 1.4857 -1.4251 -1.4599 -0.23964 0.63589 0.087144 1.3514 1.4246 0.14982 0.04458 0.68172 -0.13487 0.61892 -1.2277 -0.18072
-0.14389 1.0123 0.12171 0.20179 0.67941 -0.14886 0.68621 0.43082 -1.1987 -0.14463 0.0017114 -0.15756 -0.66026 -2.4026 1.5657 1.1263 1.0365 2.3324 0.88036 -0.73774 -0.53515 2.0347 -0.10509 0.69585 0.31542 -1.3639 -0.069513 -1.0406 0.45971 -0.56499 -0.050273 0.55462 0.32541 0.48659 0.24156 -0.18894 0.25473 -1.2088 0.61115
-1.3777 0.86156 0.29524 0.34396 1.6197 0.63146 0.19821 0.6315 -0.5578 -0.4286 0.16267 0.39924 -0.76701 -2.4467 0.94741 1.2145 0.45374 1.8012 1.1681 -0.26447 -0.23395 2.3315 0.032248 1.0416 -0.25684 -0.93821 1.2192 -1.3666 -0.10706 -0.8429 -1.6924 -0.93009 0.26361 0.78095 -0.12815 -0.096818 -0.16741 -0.68638 1.1789
-1.2142 0.79168 0.10207 0.23463 1.2854 0.71079 -0.57327 -0.26153 -0.71573 0.75031 0.33389 -0.099582 -0.95166 -1.4164 0.27531 0.98969 0.19532 0.94601 0.5859 -0.40088 -0.33164 1.7485 -0.33403 1.1965 0.3219 -0.42694 2.0061 -1.2737 -0.62302 -0.71681 -2.7672 -1.3882 0.52028 0.54256 -0.73465 0.026502 -0.25663 -0.24276 1.2184
-1.3378 1.1174 1.4978 0.18426 1.4071 0.48183 -0.5225 1.2557 0.50943 -0.29157 -0.47715 -1.2791 -0.842 -0.37107 0.06975 0.37012 0.10343 -0.61025 -0.96686 -0.51293 0.2168 1.5018 0.16869 0.59308 0.053255 -0.034153 1.966 -0.91926 -0.63659 -0.55782 -2.2414 -1.0642 0.48403 0.30559 -1.0135 -0.12039 -0.53292 -0.15845 1.0721
-1.9758 0.78539 1.001 -0.55853 0.73231 -0.025376 0.14787 0.52231 1.2043 0.066906 0.86122 -0.32145 -0.63752 0.26123 -0.10351 0.32229 -0.00041025 -1.5778 -0.7035 0.30116 0.26446 1.0645 -0.11172 0.43101 -0.34147 0.10586 1.2241 -0.63075 -0.67043 -0.62604 -0.85932 -0.1192 0.17445 -0.47001 -1.2674 0.24751 -0.41769 -0.07301 0.81191
-0.81411 0.9356 1.2351 0.35939 0.89962 -0.094055 -0.41254 0.20967 -0.023749 -0.84487 1.5936 0.39812 -0.82063 0.34205 -0.38603 0.29537 -0.39194 -1.0807 -0.21954 0.2355 0.05583 0.75949 -0.32496 0.40187 -0.25076 0.48622 0.92572 -0.84839 -1.1656 -0.769 0.7057 0.47575 -0.14344 -0.81522 -0.9476 0.77274 -0.68276 0.14647 0.86038
-1.0615 1.1017 -0.066761 0.67368 0.19984 -1.5789 -0.182 0.92255 0.75479 0.70469 0.033937 0.042892 -0.79472 0.48314 -0.54328 -0.29233 -0.61573 -0.40687 -0.014791 -0.46796 -1.0941 -0.27595 0.43722 0.49207 0.32691 0.59298 1.0065 -1.2585 -1.9134 -0.94816 1.3421 -0.040052 -0.4943 -0.65126 -0.29847 1.4885 -1.2621 0.085967 1.1634
-1.0598 0.51914 1.1347 0.0088346 -0.44083 0.77057 0.49063 0.76092 0.74228 -0.40483 0.50889 -0.97394 -0.67095 1.2225 -1.1162 -1.6156 -0.88907 0.11006 -0.40163 -0.37969 -0.58368 0.38304 1.5186 -0.74916 0.030859 1.0789 1.4292 -1.4598 -2.0857 -0.62786 1.2049 -0.32573 -0.16897 -0.18465 -0.11952 1.3682 -1.4689 -0.091557 1.1414
-0.93234 0.34574 1.284 -0.80421 0.67107 0.52226 -0.67987 0.074533 0.79104 0.015224 0.73027 -0.94942 -0.062985 1.6749 -1.8214 -2.4857 -1.3545 0.30945 -0.68828 -0.25893 -0.59308 0.69493 2.0899 -1.4236 -0.29696 1.6445 1.2781 -1.3177 -2.0855 0.013975 0.72615 -0.4645 0.33616 0.26355 -0.06765 0.30805 -1.5308 -0.50212 0.93186
-0.86943 0.50774 0.7171 -0.71513 1.1311 -0.2346 -1.217 -0.86281 0.036801 0.45264 0.93083 0.30842 -0.1162 2.3814 -2.1622 -2.7103 -1.0843 0.78991 -0.50439 -0.16518 -0.51122 0.055698 1.7201 -1.4695 -0.1246 1.7607 0.54454 -0.74512 -1.132 0.89515 0.068242 0.28128 0.45283 0.037903 -0.628 -1.4065 -0.64772 -0.45848 0.3329
0.7256 -0.8201 -2.4527 -1.0609 0.62402 -1.5468 0.081066 0.33995 1.9351 2.3517 -0.46244 0.14693 0.75623 2.2596 -2.201 -3.8469 -0.49605 0.59678 -0.85012 0.015999 -0.62005 -0.23224 0.98768 -2.0965 -0.63936 1.7216 -0.43354 0.013531 0.35549 1.715 -0.072985 1.4657 0.31743 -0.10254 -0.8037 -2.8369 0.30341 -0.39015 -0.21815
1.6331 -1.2776 -2.1744 -0.85896 0.66883 -1.3262 -0.54673 -0.060111 0.81167 1.7815 -1.1039 -0.72255 1.1718 1.9301 -2.1618 -3.1621 0.19175 0.093449 0.21736 0.27902 -0.47617 -0.33614 -0.86986 -1.6568 -0.75071 1.5643 -1.5558 0.93078 2.0952 1.9356 0.20073 2.4273 -0.3033 -0.68098 -0.80353 -3.334 1.1638 0.010804 -0.68084
1.8457 -1.465 -2.2167 -0.75309 0.95027 -0.63233 -0.08496 0.35094 0.47653 1.7728 -1.4732 -0.74508 1.1418 1.0924 -1.8044 -1.5618 0.90192 0.52359 1.7517 0.077284 -0.77567 -0.62518 -2.5501 -0.73794 -0.79383 1.3967 -1.9026 1.4674 3.2874 1.6033 0.80239 2.4228 -0.80479 -0.94041 -0.33786 -2.4437 1.8381 0.8545 -0.94311
1.2415 -1.9063 -3.5083 -0.9247 0.64043 0.0020815 -0.10865 -0.94599 0.28548 -0.11268 -1.5829 -2.1233 1.4583 0.082327 -0.82877 0.26605 1.4837 1.1985 2.8326 -0.72796 -1.6655 -1.2635 -3.4872 0.10423 -0.019161 0.8468 -1.6531 1.5857 2.9321 1.0453 1.1537 1.0303 -0.96134 -0.94435 0.32775 -0.54848 1.665 1.1868 -0.96359
1.55 -1.9822 -2.509 -0.37763 1.0614 0.50761 -0.81768 -0.83185 0.50206 -1.0527 -0.61296 -0.62605 1.8136 -0.3403 -0.44967 0.90213 1.5638 1.5288 2.4715 -0.89364 -1.7361 -0.40101 -2.8154 0.57769 0.78669 0.59004 -0.83439 1.3171 1.8762 0.35098 0.81663 -0.63608 -0.46182 -0.26511 1.0897 1.3798 1.0747 1.1561 -0.93881
1.133 -1.9734 -2.0387 0.62107 1.8254 1.7788 -0.62075 -1.3625 -0.0015119 -1.4905 -0.32004 -0.39673 1.811 -0.41609 -0.22606 1.3704 1.6244 1.725 1.8265 -0.92368 -1.7139 0.18175 -1.8798 0.90581 0.94543 0.44505 -0.15537 0.76287 0.33111 -0.42544 0.087769 -1.716 0.36636 0.45847 1.262 2.2257 0.23542 0.1518 -0.79542
1.3585 -1.7741 -1.9221 0.72789 2.0546 2.2087 -1.0895 -1.81 0.063589 -1.1573 -1.0915 -0.13921 1.7603 -0.20748 0.063841 1.5743 1.4227 1.7712 1.0403 -0.63548 -1.2164 0.72731 -0.45817 0.94227 1.1462 0.1141 0.15764 0.53477 -0.75123 -0.87131 -0.6129 -1.9956 0.87498 1.0138 0.52908 2.2228 -0.26956 -0.53043 -0.79984
1.2659 -1.9108 -1.0281 0.6948 2.394 1.5979 -1.5012 -2.0386 0.44763 -1.1562 -0.64828 -0.006346 1.7949 -0.27798 0.16897 0.57999 0.83428 1.2405 0.27069 -0.21278 -1.0555 0.57424 0.0014178 0.38273 0.12401 -0.1724 0.2056 0.30747 -1.2947 -1.0213 -1.0762 -1.8395 1.0823 1.4373 -0.42836 1.6151 -0.527 -0.62462 -0.81603
0.99855 -1.9632 -1.2696 0.97273 2.6735 1.7273 -0.9208 -2.1069 0.90803 -1.0616 -0.14684 -0.28325 1.8052 -0.12463 0.23069 -0.18094 0.48598 0.63863 -0.56231 0.28869 -0.17108 0.41459 0.90516 0.3252 0.094227 -0.36539 0.21055 0.33336 -0.97146 -0.95465 -1.2333 -1.359 0.82816 1.6172 -1.2603 0.64415 -0.77882 -0.48418 -0.83383
1.1287 -1.8145 -1.4558 0.93255 2.6859 1.5088 -1.026 -2.3562 1.315 -1.0704 0.078968 -0.016762 1.6932 -0.084147 0.1931 -0.29892 0.36655 0.30229 -0.88567 0.51624 0.43889 -0.46601 0.82712 0.20334 0.17135 -0.60491 0.15105 0.62875 0.31464 -0.87461 -1.3835 -0.91382 0.17827 1.8673 -1.6022 0.10835 -0.59934 0.28706 -0.90253
1.0817 -1.6977 -1.9456 0.97141 2.5986 1.4134 -1.0396 -2.224 0.49638 -1.3399 -0.45429 -0.55416 1.5418 0.078129 0.59711 0.10238 0.04293 -0.039323 -0.97711 0.45554 1.0438 -1.1347 0.48408 -0.46517 0.11605 -0.98744 -0.13897 0.87452 1.3358 -0.98097 -1.6194 -0.32778 -0.37956 1.8069 -1.335 -0.29374 -0.35306 0.65551 -0.92214
1.1093 -1.6104 -2.2768 1.3408 2.557 1.0702 -0.24738 -1.3092 0.26516 0.35195 -0.36322 0.096828 1.2785 -0.10683 1.0188 1.056 -0.42269 -0.97779 -1.267 0.01764 1.8058 -1.6817 0.44494 -0.37276 0.71878 -1.2876 -0.44829 0.97384 1.6285 -1.0594 -1.9294 0.10495 -0.5953 1.6316 -0.33974 -0.40855 0.089679 0.91487 -0.74868
1.2702 -1.6891 -1.5033 1.0269 2.5335 0.68477 -0.86659 -1.3272 -0.5384 -0.46954 -0.79971 0.26085 1.0127 -0.37687 1.2567 1.7673 -0.77749 -1.7149 -0.99715 -0.12813 2.5028 -1.5013 0.48716 -0.061981 1.1964 -1.4812 -0.81984 0.6635 1.0625 -0.77837 -1.8494 0.58421 -0.30705 0.78127 0.85407 -0.77993 0.3151 0.74248 -0.36997
1.283 -1.0113 -0.41179 0.62282 2.454 0.25746 -0.89883 -0.72912 -0.39383 -1.0792 -1.0288 -0.14678 0.53507 -0.69202 1.4661 2.0698 -1.0138 -2.4267 -0.67444 -0.23705 2.7433 -0.91873 -0.023951 0.18118 1.5492 -1.5414 -0.79689 0.25964 -0.16884 -0.096116 -1.2231 1.0872 0.33227 -0.30444 1.6974 -0.64847 -0.1833 0.14551 0.029077
0.61799 -0.54078 0.036145 0.35592 1.0185 -0.015427 -1.0393 0.2601 -0.82274 -0.47475 -0.070771 1.082 0.24136 -1.1515 1.4639 1.6836 -0.97747 -2.7337 -0.1566 0.044144 2.0404 0.11206 -0.90877 -0.12754 1.2585 -1.4461 -0.39814 -0.17932 -1.2583 0.59499 -0.39811 1.1053 0.57264 -1.3336 1.6012 -0.18118 -0.91333 -0.37875 0.37388
0.57146 -0.36754 0.21443 0.087769 0.5638 0.50649 -1.076 0.98334 -0.45157 -0.2184 -0.10834 1.5462 -0.082254 -1.1993 1.3388 0.7647 -0.48656 -2.7292 0.39036 0.51589 1.4995 0.73947 -0.20908 -0.68751 0.99751 -1.2608 0.16083 -0.49768 -1.7485 0.99115 0.69864 0.77812 0.42693 -1.7072 1.1328 0.78242 -1.1453 -1.0221 0.5234
0.1564 -0.088538 0.11591 0.076622 -0.10866 0.50729 -0.91397 1.4038 -0.66851 -0.98153 -0.53237 1.5336 -0.30162 -0.8659 1.0192 -0.055472 -0.037936 -2.2989 0.58268 0.50206 0.68877 0.71496 0.20637 -1.3844 0.68612 -1.0329 0.64221 -0.46728 -1.3586 1.0812 1.453 0.021954 -0.016265 -1.5626 0.39515 1.7178 -0.35555 -1.372 0.54831
-0.42235 -0.075855 -0.1242 0.26952 -0.16674 0.73017 -0.079803 0.5342 0.62965 -1.3057 -1.1334 1.3895 -0.46129 -0.54419 0.8617 -0.49992 0.18858 -1.3514 0.44317 0.28467 0.2939 0.93674 1.0632 -1.3949 -0.29545 -0.92334 0.78388 -0.21496 -0.40311 0.70184 1.8142 -0.73676 -0.46145 -1.2529 -0.31603 1.5454 0.94205 -1.4761 0.51715
-0.055495 0.11232 -0.1719 0.42653 -0.45047 1.0242 -0.43585 0.56807 0.20126 -0.52646 -1.9857 1.233 -0.60208 -0.29858 0.92585 -0.35658 0.50925 -0.73509 -0.14036 0.13185 -0.21526 0.77126 2.0587 -0.4539 -0.95748 -0.75084 0.64472 -0.037933 0.44484 0.42174 1.6931 -1.0611 -0.29984 -0.45319 -1.0349 0.67062 2.1783 -1.0701 0.51786
0.17973 0.41756 -0.29831 0.45818 -0.62528 0.742 -0.64227 0.66098 -0.01098 -0.26635 -2.2195 1.2852 -0.79132 -0.040607 1.0255 0.12151 0.42347 -0.15564 -0.65496 -0.10899 -0.33568 0.12025 2.1074 0.67209 -1.2607 -0.58699 0.38687 -0.31835 0.77233 0.12815 0.8528 -0.92651 0.36557 -0.15308 -1.233 -0.45198 2.6426 -0.14207 0.62246
-0.22656 0.52765 -0.57881 0.37562 -0.60495 0.60033 -0.93082 1.3844 0.44899 1.4564 -1.0089 0.73562 -0.98703 0.067411 0.86958 0.50745 0.55524 0.23475 -0.89467 0.17282 0.19165 -0.83138 1.0948 1.7935 -1.0626 -0.38509 0.34024 -1.1322 0.23528 -0.30768 -0.022202 -0.41371 0.80913 -0.049844 -0.91246 -1.1126 2.2087 0.5162 0.88903
-0.010317 0.83927 -0.022121 0.83212 -0.32997 0.10095 -0.62534 0.53418 0.55192 1.7605 -0.36906 0.075322 -0.97983 -0.018731 0.35913 0.58568 0.38044 -0.25856 -0.94903 0.90706 -0.16784 -0.59227 0.60461 2.5892 -0.53426 -0.12515 0.50517 -1.8711 -0.77091 -0.69413 -1.0172 -0.19824 0.76481 -0.47539 -0.20654 -1.0764 1.2653 1.0311 1.1679
-0.13055 1.1365 0.40961 0.55835 -0.24216 -0.40437 -0.61401 0.46337 -0.42492 0.35687 -0.04688 -0.11119 -0.97229 0.31274 -0.61535 -0.12709 0.0096322 -0.72381 -0.78299 1.0459 -0.36702 -0.5948 0.48619 2.8576 -0.23604 0.42009 0.77444 -2.1319 -1.6473 -1.1175 -1.5453 0.024791 0.090269 -0.36144 0.58289 -0.20294 0.31629 1.2808 1.2121
-0.14078 0.7747 0.4164 1.1529 0.032217 -0.10391 0.36709 1.0661 -0.70888 -0.45891 0.52973 0.42625 -0.90219 0.76386 -1.3264 -1.0782 -0.47745 -1.5563 -1.0888 0.7987 -0.90921 -0.38144 0.16349 2.5889 0.48705 0.85243 0.8523 -1.8038 -1.7907 -1.147 -1.1863 0.32636 -0.66651 0.218 0.9732 0.49033 -0.70066 1.0536 0.95407
0.10499 0.36411 0.20347 0.65863 -1.496 -0.19679 0.58492 0.28305 -0.14751 1.1443 1.031 0.9561 -0.77621 1.101 -1.8126 -1.9008 -0.90451 -1.9729 -0.77671 0.38625 -0.080331 0.17711 0.89645 2.4105 1.1097 1.038 0.4978 -0.6641 -0.86475 -0.85148 -0.34863 0.60976 -1.1023 0.56901 1.2236 0.70277 -1.6148 0.17452 0.30208
0.7097 -0.63198 -1.2515 0.19803 -1.5084 -0.41261 0.092888 0.48496 -0.30329 1.6314 1.8303 0.52774 -0.13652 1.156 -2.0255 -2.0497 -1.1009 -1.8268 -0.32799 0.066683 0.11506 0.87599 1.4324 1.4665 1.001 1.0704 -0.19062 0.82993 0.44607 -0.16649 0.90876 0.75823 -0.91073 0.7754 0.78872 0.39797 -2.2516 -0.95103 -0.49411
0.91414 -0.78076 -1.9333 -0.14635 -2.3148 -1.5541 -0.22628 -0.37439 0.22957 1.614 2.3352 1.1325 0.050583 1.0302 -1.3674 -1.3429 -1.1181 -1.2324 0.0022036 -0.52389 0.19461 1.1055 1.3296 0.30799 -0.12258 0.78643 -0.86589 2.1863 1.6288 0.53533 1.3814 0.47822 -0.25583 0.32539 0.10708 -0.35206 -2.6878 -1.3643 -1.2363
1.4501 -0.89487 -1.8399 -0.1211 -2.1272 -0.77015 -0.032677 1.1451 0.36487 1.9583 2.421 1.5993 0.11052 0.44019 -0.18383 -0.48111 -0.65339 -0.24539 -0.029025 -0.34548 0.40782 0.65866 0.78645 -0.70016 -0.8792 0.19671 -1.2656 2.801 2.0052 0.96331 1.3958 0.24334 0.57948 0.32272 -0.48325 -0.87535 -2.1494 -0.93388 -1.5816
1.1003 -1.2592 -1.6159 -0.44708 -1.9487 -0.2604 0.044807 0.89176 0.4713 1.3443 1.1734 1.2023 0.16765 -0.14844 0.8712 0.51657 -0.22585 -0.20851 -0.011874 0.14357 0.39765 0.49722 0.48821 -1.6884 -0.79653 -0.47821 -1.3885 2.3114 1.5744 1.168 1.0782 -0.10844 1.2902 0.061856 -0.77843 -0.87492 -1.2642 0.030506 -1.4231
1.2336 -0.68091 -0.96193 -0.15992 -1.7671 0.031969 -0.28784 0.86629 0.8381 1.858 0.82741 -0.34571 -0.077445 -0.60098 1.4749 0.96252 0.078126 0.24317 0.14464 0.75162 0.63297 0.27191 0.025993 -1.6783 -0.60854 -0.79543 -1.0668 1.1986 0.94842 1.2603 0.7256 -0.0020142 1.2142 -0.32965 -1.1237 -0.73325 0.010731 0.68945 -0.86795
0.68134 0.2055 -1.1094 -0.2557 -1.9072 -1.0189 0.047612 0.47273 0.3279 2.606 0.65189 -0.355 -0.46944 -1.0225 1.6146 1.0302 0.48696 0.51792 -0.2911 1.1947 0.22024 -0.16917 -0.11645 -1.6371 -0.18853 -0.96547 -0.6535 -0.31096 0.59183 1.0474 0.64798 0.54899 0.87412 -0.93667 -1.3444 -1.0211 0.86636 0.9524 -0.058661
0.63073 0.31625 -1.0543 -0.13834 -2.2928 -1.0935 0.27073 0.85811 0.47772 1.9573 0.064092 0.47458 -0.65951 -1.1016 1.4184 1.1259 1.117 0.73396 0.10744 1.2626 -0.087479 -1.1312 -0.44076 -0.69878 0.26361 -0.93132 -0.25699 -1.4764 0.58392 0.61517 0.29881 1.354 0.20545 -1.3647 -0.99188 -0.97926 1.1225 0.76235 0.55831
0.29889 0.76091 -0.66899 -0.030045 -1.7662 -0.79784 1.0595 1.2871 0.77016 1.2659 0.68101 1.1107 -0.77525 -1.1129 0.38094 1.5975 1.0219 0.74512 1.0562 1.4243 -0.94592 -1.3427 -1.4108 -0.49944 0.76386 -0.5044 -0.012103 -1.8078 0.45996 0.21598 0.43269 1.6851 -0.58002 -1.3794 -0.065357 -0.32212 1.1633 0.094836 0.81597
-0.042527 0.53182 -0.34432 0.55693 -1.1078 -0.70813 1.4781 1.3631 -0.00030799 1.7774 -0.31291 0.9952 -0.95035 -1.0376 -0.35111 1.826 0.84792 0.68296 2.0584 0.9984 -1.2773 -1.0143 -1.3716 -0.07398 0.51447 -0.14617 0.19088 -1.6052 0.0030232 -0.22584 0.40014 1.1614 -1.3132 -1.3461 0.51042 0.39761 0.68755 -0.68064 0.77177
-0.32304 0.47597 0.11868 1.1875 -1.0654 0.36528 1.0393 0.13299 -1.266 1.0258 0.49164 0.39585 -0.96529 -1.0836 -0.49052 1.5835 0.98465 1.3444 1.9534 0.30855 -1.7054 -0.34324 -0.31957 0.30253 -0.1101 -0.07152 0.45112 -0.90469 -0.75434 -0.73281 -0.094188 0.17986 -1.8305 -0.85115 0.42916 0.77946 0.60002 -0.7318 0.55752
-0.29886 -0.19831 1.2463 0.64918 -1.3325 1.2755 1.4804 -1.0031 -0.49844 0.30134 0.027977 0.62696 -0.63338 -0.77003 -0.80132 1.1378 0.75267 1.1751 1.8784 -0.48566 -2.1668 -0.65445 -0.1476 0.23382 -0.71658 0.068997 0.72307 -0.33035 -1.246 -0.93335 -0.32964 -0.70425 -1.4158 0.06924 0.11134 0.67533 -0.093017 -0.085308 0.34363
-0.75256 -0.028705 0.82801 0.47825 -1.5064 1.5151 1.2295 -0.51301 -0.26506 1.1948 0.56152 0.89464 -0.70768 -0.41942 -0.89276 0.45722 -0.16949 0.32577 1.4905 -1.0487 -2.0472 -0.70031 -0.38434 0.51127 -0.14472 0.26657 0.84704 0.19248 -1.5798 -0.77355 -0.58194 -0.91433 -0.7402 0.94202 -0.24469 0.20172 -0.54679 0.3683 0.11328
-0.94499 0.14587 0.65227 1.4226 0.12034 0.97314 0.76131 -0.64776 0.71079 1.909 0.60862 0.51743 -0.94865 -0.039725 -0.70051 -0.062077 -0.1527 0.58359 0.9451 -0.80941 -0.95453 -0.6162 0.081208 -0.35159 0.35907 0.22569 0.59528 0.492 -1.3022 -0.42205 -0.44385 -1.0229 0.081212 1.3395 0.33778 -0.092373 -0.68144 0.39793 -0.10518
-0.6291 -0.35107 0.74772 1.109 -0.24311 1.8028 0.49339 -1.6038 -1.2633 0.86225 0.4839 -0.25912 -0.72639 0.11036 -0.22821 -0.92402 0.1295 0.56493 0.67398 -0.82924 -0.54965 -0.81811 -0.0054463 -0.45397 0.12756 0.027419 0.38033 0.7432 -0.56868 -0.049073 -0.28321 -0.91337 0.46765 1.2688 0.89791 -0.15044 -0.48959 0.012253 -0.21624
-0.52516 -0.7448 0.3513 0.038817 -1.5338 1.6851 -0.022797 -1.7975 -1.7197 0.63923 0.49637 1.1703 -0.483 0.05879 -0.32633 -0.73317 -0.11109 0.23567 0.33316 -0.45207 -0.42042 0.053468 -0.52443 -0.5927 -0.015291 0.020996 0.0085892 0.9897 0.22616 0.17378 -0.27764 -0.88564 0.35517 0.68142 1.63 0.23155 0.23115 -0.38754 -0.30356
-0.28067 -0.39599 0.59044 1.1042 -0.26366 2.0463 0.66 -0.91909 -1.2707 1.0884 -0.52978 1.1985 -0.61758 0.2277 0.14216 -0.32656 -0.27473 -0.023083 0.052263 -0.40519 0.050365 0.67626 -0.3905 -0.30697 0.073687 0.026016 -0.11408 1.1024 0.88617 0.59206 0.13234 -0.98632 0.51344 0.5119 1.4019 0.65218 0.60642 -0.85714 -0.276
-0.49079 -0.092553 -0.42043 0.96161 -0.55591 2.1372 0.45508 -1.4589 -0.56046 0.80724 -0.1477 0.49154 -0.79397 -0.089203 0.74332 0.082834 0.34131 0.36509 -0.43531 -0.39682 0.026592 1.7366 0.76474 0.027446 -0.41847 -0.25435 -0.22153 1.0692 0.66192 0.46725 0.087235 -0.87767 0.38615 0.37715 0.066944 1.0777 1.3124 -0.76095 -0.2726
-1.0223 -0.47938 0.062856 0.58802 -0.61075 1.3607 0.46464 -1.0436 0.72996 0.87531 0.18441 0.40506 -0.80491 -0.033214 1.052 0.40944 0.90154 0.74579 -0.82539 0.045788 0.19526 1.0077 0.72189 0.41292 -1.457 -0.27214 -0.25736 0.54083 0.27191 0.1153 0.059737 -0.53465 0.54133 0.32206 -1.1713 0.51643 1.0754 -0.069496 -0.21152
-0.17378 0.28984 0.67013 0.94509 -0.0064567 1.2017 -0.19876 -1.0057 0.34652 1.1213 0.37753 0.4704 -0.74069 -0.22695 0.97901 0.19932 0.088256 0.013406 -0.90405 0.0014694 0.22698 0.023046 1.1824 1.5872 -0.83502 -0.26178 -0.030469 0.14558 -0.25821 -0.44106 -0.028233 -0.0048244 0.60586 0.32609 -2.0166 -0.62521 0.36778 0.93151 -0.055907
-0.79226 0.41822 0.85756 1.357 -0.46564 1.3648 -0.12741 -2.0108 0.096476 2.0933 0.35116 -0.41195 -0.98749 -0.18586 0.9122 0.14878 0.044945 0.26408 -0.7341 0.34731 0.56839 -0.68019 0.48829 0.9954 0.14231 -0.3057 -0.10965 -0.3026 -0.66276 -0.80626 -0.093698 0.40306 0.44311 0.53763 -1.3594 -1.3203 -0.5065 1.832 -0.061415
-0.3428 0.60946 0.62836 1.6448 -0.19033 0.60372 0.80029 -0.79335 -0.94067 1.2643 0.53416 -0.85572 -0.78421 -0.075894 1.0485 -0.29565 0.023245 0.5546 -0.48947 0.51742 0.46568 -1.236 -0.42173 0.4525 0.73471 -0.32736 0.058718 -0.35955 -0.6068 -0.53759 0.25515 0.49185 -0.03945 0.71837 -0.095252 -1.8932 -1.5099 1.5963 -0.0018969
-0.93493 0.72107 0.012585 0.58066 -0.53342 1.0465 0.61895 -0.54761 -0.71998 2.6562 2.1183 0.59347 -1.0731 -0.31813 0.51256 -0.64738 -0.42904 0.30281 -0.26195 0.5669 1.0918 -0.93273 -1.235 0.0088254 1.5934 -0.33784 0.075033 -0.45269 -0.18643 -0.50686 0.016954 0.3551 -0.97568 0.34226 1.1549 -1.2792 -1.4063 0.87972 0.039147
-0.88126 0.75646 -0.090746 0.83737 -0.055038 0.89933 0.70121 -0.66309 -0.44035 0.52621 0.48067 1.1243 -1.1963 -0.058965 0.58011 -0.59689 -0.58413 0.46671 -0.19977 -0.17696 1.3146 -0.022996 -1.9146 -0.82791 1.7818 -0.25025 0.18337 -0.51891 0.55215 0.041769 -0.17717 0.0039586 -1.2878 -0.10326 1.6972 -0.2468 -1.0798 -0.12452 0.12707
-0.64991 1.1264 0.21941 0.98053 0.47867 0.56025 0.63744 -0.77445 -0.82505 0.30175 0.40626 1.2183 -1.1105 -0.06231 0.3939 -0.068273 -0.50884 0.34025 -0.19984 -1.0188 0.79942 0.91214 -1.4381 -1.0729 1.4633 -0.284 0.27249 -0.33616 0.95832 0.58162 -0.24579 -0.27639 -1.119 -0.89498 1.1719 0.93487 -0.19933 -0.85834 0.16698
-0.76856 0.75645 -0.020905 0.64805 -0.11755 1.0322 0.4447 0.40393 -0.97051 0.22709 0.34734 2.1458 -1.1796 0.12848 0.246 0.49945 0.13212 0.20914 -0.51227 -0.95136 0.44548 1.069 -0.83098 -1.0849 0.54507 -0.15523 0.063192 -0.39736 0.6003 0.71002 -0.33555 -0.42452 -0.37608 -0.90828 0.43669 1.5368 0.75398 -1.1654 0.11334
-0.71306 1.3027 -0.030802 0.76959 0.018541 0.7708 -0.26092 0.0036365 0.14837 -0.061847 -0.64515 1.2044 -1.1987 0.085162 0.11951 0.68779 0.19345 -0.022037 -0.63304 -1.011 -0.10055 0.7523 0.18712 -0.24118 0.42312 -0.12329 -0.0071203 -0.20471 0.12849 0.64875 -0.029079 -0.2127 0.34835 -0.44969 -0.37894 1.0317 1.0821 -1.195 0.1121
-0.64527 0.98141 0.46957 0.60972 0.096111 0.27269 -0.5724 0.1575 0.46488 0.45387 0.23741 1.5404 -1.2592 -0.022577 0.056165 0.20442 0.26217 0.028267 -0.79351 -0.8409 0.11312 0.89353 0.49728 0.21804 -0.12864 -0.15322 -0.016077 -0.14482 -0.39048 0.31352 0.11048 0.15921 0.63154 0.32279 -0.77582 0.51552 0.92146 -0.66335 0.044529
-0.76877 0.98777 0.72632 1.0763 -0.092424 0.23576 -0.14262 -0.41036 0.46349 1.262 0.42342 1.4992 -1.3036 -0.0066335 0.14575 0.33082 0.52011 0.37779 -0.46488 -0.46144 0.16014 0.28948 0.064561 0.37084 -0.69229 -0.10959 0.13621 -0.0015852 -0.68645 0.21908 0.11941 0.4056 0.73565 0.9789 -0.72153 -0.033951 0.07063 -0.39927 0.058593
-0.6359 1.0062 0.79928 1.1791 0.21051 -0.055344 -0.46876 -1.0068 -0.27961 0.18963 -0.0074451 2.0563 -1.2805 0.13797 -0.011299 -0.090976 0.49666 0.21438 -0.29149 -0.11599 0.9347 -0.16275 0.31602 0.39426 -0.27825 -0.093326 0.27205 0.03514 -0.63058 -0.063131 -0.069153 0.45654 0.46765 1.1097 -0.47865 -0.077758 -0.41165 0.048816 0.082626
-0.74941 1.1755 -0.18301 1.0506 0.34707 -0.31382 -0.48264 0.56184 0.38101 0.85648 0.69543 0.91613 -1.3062 0.25 0.14555 -0.51542 0.44461 0.10657 -0.10848 -0.080405 1.3186 -0.07974 0.21273 -0.18662 -0.33106 -0.062278 0.23541 -0.017659 -0.53551 -0.31421 -0.34503 0.26274 0.20201 0.81532 0.16914 0.32284 -0.49556 0.31217 0.053249
-0.74204 1.1158 0.62751 1.2986 0.32908 0.81067 -0.37425 0.77474 -0.2754 -0.15175 0.25091 0.69594 -1.3136 0.34531 0.10921 -0.6135 0.19175 0.036878 -0.098809 -0.20922 1.6052 0.17863 0.26643 -0.29156 -0.20159 -0.047981 0.11955 0.012415 -0.17457 -0.30011 -0.2836 0.13462 0.037915 0.22306 0.45668 0.34802 -0.34299 0.15763 0.032556
-0.3317 1.1315 -0.044139 1.301 0.11491 -0.076915 -0.52239 1.2212 0.39574 1.1022 0.017884 1.3779 -1.3426 0.31818 0.051269 -0.46202 0.14041 -0.17058 -0.058568 -0.059281 1.353 0.44794 0.77155 -0.23656 -0.072449 -0.04974 0.033161 -0.071579 0.066223 -0.19442 -0.20645 0.036295 0.054318 -0.062722 0.34481 0.38453 -0.014896 0.15192 0.0083592
