39 259
-0.72526 1.2262 0.708 1.2363 0.52609 0.51074 -0.7581 -0.68091 -1.0795 -0.15325 -0.0084532 2.0718 -1.2527 0.23357 -0.14873 -0.79548 0.13242 -0.334 0.49963 0.86014 0.61318 0.97494 0.35206 -0.37502 -0.91222 -0.074959 0.003138 0.21064 0.33244 0.061707 0.18173 -0.13232 -0.42129 0.58764 -0.21936 -0.17311 0.38818 0.090475 -0.10247
-0.90041 0.59526 0.18283 0.68759 0.28324 1.2537 0.28763 0.06503 0.073501 -0.37637 -0.98217 0.85232 -1.2121 0.27235 -0.064842 -0.67907 0.16828 -0.38371 0.52284 0.53271 1.3405 0.98389 0.52899 0.25594 -1.0465 -0.19398 -0.065547 0.33154 0.71381 0.074374 0.32895 -0.39852 -0.60479 0.43229 -0.61568 -0.30422 0.48753 0.29454 -0.12305
-0.51721 1.0522 0.43319 0.67016 -0.044896 1.0471 -0.30832 -0.17851 0.14698 -0.39517 -0.27256 1.9304 -1.2323 0.22208 0.15742 -0.23211 0.22572 0.041876 0.2121 0.1824 1.2916 0.54246 -0.073913 0.11106 -0.63619 -0.17631 -0.092118 0.43819 0.91928 0.11601 0.37827 -0.79961 -0.64254 -0.19285 -1.0808 -0.32049 -0.02853 0.48837 -0.065012
-0.30883 1.2806 -0.23613 2.0393 0.30052 0.77823 0.21287 -0.023349 0.038669 0.8291 -0.36367 0.64872 -1.4199 0.119 0.24358 0.24895 0.22009 0.10758 -0.15512 0.0035371 1.039 -0.0086286 -0.022384 0.39076 -0.42493 -0.21809 -0.21154 0.15238 0.77374 -0.02341 0.14848 -0.78771 -0.39777 -0.97283 -1.027 -0.18664 -0.62698 0.39333 0.074941
-0.49495 1.1344 0.31401 1.198 0.078477 1.0673 -0.55391 1.3785 0.10743 0.39161 0.83778 0.86685 -1.497 0.14033 0.41647 0.44619 0.31674 0.14316 -0.74732 -0.14358 0.41409 -0.63443 0.0093067 -0.51018 -0.20218 -0.16378 -0.17079 -0.229 0.21638 -0.34314 -0.30928 -0.77545 -0.11861 -1.0922 -0.67398 0.090414 -0.25763 0.3732 0.14103
-0.6031 1.3651 0.7147 1.2248 0.89636 0.66403 -0.52903 0.5451 -0.55584 -1.0682 -0.57365 1.5884 -1.3385 -0.079605 0.058656 0.41861 0.078823 -0.14623 -0.56001 -0.10038 0.038391 -0.4286 0.1241 -0.74965 -0.43661 -0.077024 -0.10166 -0.40002 -0.39073 -0.19007 -0.1745 -0.39309 -0.16259 -1.0716 -0.22933 0.10369 -0.061879 0.20019 0.17274
-0.67202 1.1545 0.77184 1.1054 0.28752 0.61556 -0.12909 0.55496 -0.63912 0.0042732 0.16473 1.0167 -1.4715 0.0046104 -0.11945 0.090227 -0.3305 -0.40901 -1.1239 -0.023154 -0.16191 -0.5609 0.017702 0.13556 0.15547 -0.01781 -0.12139 -0.51224 -0.52999 0.052418 -0.14877 -0.010559 -0.11649 -0.63797 0.30375 0.23343 0.54825 -0.051767 0.081763
-0.39595 1.2943 0.33629 1.2491 0.14672 0.25385 0.1405 0.23793 -0.66797 0.015026 -2.3546 0.68877 -1.3757 -0.00085338 -0.13687 -0.28747 0.19594 0.060826 -0.75465 -0.39903 -0.59008 -0.4928 0.16359 -0.069445 -0.17099 -0.011265 -0.11253 -0.13158 -0.20733 0.22404 0.13593 0.11478 -0.12876 -0.349 0.47459 -0.028814 0.4249 -0.036025 0.0013791
-0.55364 1.1562 0.55073 1.3722 -0.31716 0.55187 -0.59509 0.037591 -0.11285 0.54353 -0.39453 0.91077 -1.414 -0.12359 -0.31729 -0.17243 0.35249 -0.23453 -0.68688 -0.24767 -0.41538 -0.0116 0.42706 0.28521 -0.41635 -0.062525 -0.1764 -0.013465 0.40733 0.15577 0.18102 0.60333 -0.11298 0.077203 0.6879 0.03838 0.092539 -0.43585 0.014696
-0.31742 1.0732 -0.14459 1.3096 -0.025638 -0.73102 -0.03051 0.69657 -1.0679 0.40965 1.3101 1.1976 -1.5026 -0.22353 -0.052778 0.17435 0.14452 0.030921 -0.56937 -0.26521 -0.46321 0.22019 -0.143 0.053681 -0.19994 -0.049242 -0.13879 0.040146 0.48402 -0.32371 0.022096 0.80085 0.36644 0.27178 0.37741 0.055132 -0.26838 -0.31409 0.096307
-0.71488 1.0791 0.47585 1.4115 1.0109 0.67998 -1.488 0.33525 -0.85731 -0.4234 -0.42052 0.76767 -1.435 -0.21129 -0.17911 0.61923 -0.022075 -0.044378 -0.048301 -0.3367 -0.093561 0.42146 0.23666 0.25881 -0.69515 0.027926 0.090418 0.18954 0.020043 -0.46285 0.034035 1.0457 0.34606 0.1241 0.0095278 0.1469 -0.57497 -0.40414 0.14433
-0.84557 0.89898 0.77277 1.6463 -0.013215 -0.26969 -0.037489 -0.23394 -0.27639 -0.0101 -0.8198 0.68373 -1.4387 -0.21404 -0.13609 0.21829 -0.20822 0.014806 0.48209 0.32378 -0.27218 0.024854 0.35639 -0.62436 -0.64824 0.10094 0.30821 0.097913 -0.7713 -0.53888 -0.38771 0.70572 0.64661 0.48625 -0.21243 0.36035 0.031967 -0.35506 0.11193
-0.77092 1.3531 0.76442 1.0923 0.0067908 -0.089998 -0.2173 -0.095965 -0.10636 0.047988 -0.76992 0.61304 -1.5174 0.042495 0.038013 -0.14995 -0.31624 -0.15483 0.82405 0.096812 -0.29547 0.10382 0.4499 -0.58348 -0.99261 0.096711 0.44671 0.094285 -1.1374 -0.584 -0.2927 0.271 0.50503 0.7827 -0.35132 0.12472 0.55418 -0.18738 0.11844
-0.50202 0.8919 0.86273 1.283 -0.17128 0.43472 -0.74845 0.49458 0.082728 0.98911 -0.86674 -0.41763 -1.2876 0.22695 0.002798 -0.85852 -0.69212 -0.64 0.36374 0.73686 0.49905 -0.035483 0.42981 0.53328 -0.75146 0.098816 0.72661 -0.63428 -0.98283 -0.53194 -0.44288 -0.44401 0.054826 0.86614 -0.039003 0.2559 1.0156 -0.1387 0.51508
-0.84457 0.93767 0.11235 1.1148 0.13716 0.87317 0.067091 -0.17627 -1.0439 0.7559 -0.22694 0.65972 -1.3612 0.40412 -0.090336 -0.93623 -0.8461 -0.26339 0.52673 0.40244 0.91085 -0.23335 0.4302 0.82786 -1.0016 0.22185 0.97898 -1.1003 -0.57117 -0.58295 -0.58562 -1.1831 -0.20392 0.38659 -0.028056 0.23695 0.73911 0.23367 0.96537
-0.24546 1.2505 -0.1956 1.0491 0.2869 0.35005 -0.65148 0.25688 -0.7912 0.24303 -0.11417 -0.45299 -1.441 0.96353 -1.1026 -1.1968 -0.91435 -0.76142 -0.25707 0.24808 0.66351 0.11668 0.84656 0.78049 -0.90247 0.86636 1.2956 -1.1427 0.18008 -0.25527 -0.63018 -1.3859 -0.85112 -0.39573 0.021604 0.56398 -0.015891 0.27876 1.2082
-0.60737 0.99742 -0.065069 0.53418 -0.54247 0.57893 0.21328 1.0525 -0.25707 0.082246 0.054797 -0.082399 -1.3207 1.5037 -1.2005 -1.0286 -1.2692 -1.1946 -1.2042 -0.080884 0.30588 -0.027703 0.68572 0.82656 -0.41601 1.2619 1.1331 -0.60751 0.29729 -0.09393 -0.57877 -1.2769 -0.99368 -0.91197 -0.089121 0.36414 -0.58696 0.69885 0.93504
-0.18921 0.85493 0.1496 0.54635 -0.34327 0.23309 0.3987 0.90359 -0.40531 1.1269 0.14928 -0.94918 -1.1379 2.0977 -1.3024 -0.47225 -0.94723 -1.3592 -1.5077 -0.6922 0.089858 -0.097038 1.3697 0.49253 -0.45117 1.5166 0.28456 0.65753 0.34525 0.2651 0.31969 -0.34932 -1.0094 -1.1781 -0.26642 -0.38275 -0.89497 0.67818 0.04982
0.95399 -0.71524 -0.64935 0.10199 -1.2089 -0.31881 -0.56656 0.56145 0.25899 1.9682 0.12517 -0.68899 -0.11869 1.9541 -0.97742 -0.74187 -1.0022 -1.0521 -1.3709 -1.0732 -0.43471 -0.30086 0.8553 -0.26088 0.22305 1.3972 -1.1932 1.3222 0.4884 0.74444 1.3031 0.6386 -0.41718 -1.2968 0.0059189 -1.3392 -0.87672 0.74609 -0.82914
1.4143 -0.13218 -0.42208 -0.19911 -1.5022 -0.86277 -0.83269 0.42669 -0.95168 1.3353 0.57761 -0.25351 -0.010722 1.2715 -0.1368 -0.6949 -0.56581 -0.2207 -0.87567 -1.2319 -1.0732 -0.26639 0.024647 -0.55107 0.18616 0.88173 -2.603 1.6727 0.91611 0.94682 2.167 1.1587 0.92818 -0.86923 0.33452 -2.2634 -0.55035 0.67739 -1.534
1.896 -0.020019 -0.32404 0.35586 -1.2211 -0.68519 -0.86252 0.090763 -1.3091 2.2877 0.32622 -0.24401 -0.062198 -0.30849 0.37866 -0.0075565 -0.10395 0.70835 -0.28273 -0.64455 -1.4314 0.067693 -1.2021 -0.48886 0.81206 0.25494 -3.081 1.0332 1.3248 1.0155 2.0978 1.3661 1.756 -0.0024881 0.92333 -1.8165 -0.013577 0.14111 -1.4834
1.6206 0.42123 -1.0485 -0.41933 -1.0226 -0.86684 -1.5532 0.24653 -0.58712 0.50924 -1.0446 -0.15947 -0.21208 -1.6278 0.75352 0.86041 0.32856 1.867 0.20673 0.85553 -0.96797 0.36935 -1.9237 -0.54983 0.66087 -0.36539 -2.5465 0.14478 1.2127 0.58289 1.1075 0.6972 1.8539 0.8707 1.1292 -1.0545 0.45667 -0.21507 -0.88804
0.52417 0.80549 -0.51527 0.056858 -0.54213 -0.11756 -0.71577 -0.41319 -0.21153 0.44509 -0.45642 -0.4156 -0.41774 -2.3454 0.26777 0.93538 0.40069 1.8796 0.75361 1.2422 -0.49768 1.1786 -1.6408 -0.29807 0.29791 -0.35131 -1.1528 -0.56094 0.53792 0.10888 -0.13654 0.26462 1.4531 1.1514 0.85969 0.48997 0.87594 -0.6586 -0.13258
-0.60023 0.38065 0.23484 0.45942 0.48607 -0.40628 -0.48208 -1.1484 -0.026047 -0.107 -0.026591 0.46977 -0.43247 -2.4615 0.15926 1.0813 0.24328 1.2959 -0.041273 1.3728 0.0068823 1.3765 -1.7737 0.29797 0.028643 -0.2339 0.4935 -0.7465 -0.5162 -0.43985 -1.2899 -0.09413 0.53544 0.69118 0.34216 1.0362 0.77453 -0.8121 0.48014
-0.61408 0.099549 0.33933 0.36449 1.0304 -0.456 0.76148 -0.075029 0.17237 -0.49958 -0.44858 0.20673 -0.36879 -2.0414 -0.23521 0.88316 0.13592 0.74285 0.34461 1.8715 0.1287 1.2375 -0.35063 0.90634 -0.19148 -0.019887 1.5945 -0.3218 -1.0471 -0.76015 -1.676 0.013594 0.10338 0.16586 -0.42906 0.7089 0.17021 -0.54831 0.58323
-1.0304 0.31625 0.19144 0.23621 0.31068 0.1514 0.068114 0.06843 0.67267 -0.04907 0.066896 -0.19166 -0.35793 -0.85655 -0.2088 -0.059664 -0.34222 0.0024805 0.21028 1.5452 -0.054362 1.0054 -0.60097 0.45553 -0.72731 0.24093 1.7317 -0.10015 -1.1104 -0.75374 -1.5505 0.15165 -0.59382 -0.5088 -0.67121 0.21904 -0.33954 0.24777 0.50824
-1.0568 0.595 0.28295 0.26192 -0.0049424 -1.3321 0.15113 0.15088 0.98729 -0.75295 0.1957 -0.41329 -0.40029 -0.16945 -0.06896 -0.42112 -0.69368 -0.63684 0.63836 1.3268 -0.17716 0.52776 -0.88326 -0.03001 -0.41871 0.34838 1.3124 -0.017836 -0.96764 -0.56422 -0.82431 -0.27398 -0.90381 -0.86773 -0.68989 -0.56362 -0.623 0.83691 0.36325
-1.4093 0.14787 -0.16668 -0.23267 0.18161 0.35637 1.2137 -0.24251 1.3184 0.55625 0.43051 -0.37784 -0.29197 -0.16294 -0.082939 -0.31044 -0.71735 -0.93996 0.093413 0.47087 -0.75352 0.42341 -1.0973 0.049564 0.67213 0.399 0.56232 -0.14613 -0.61162 -0.025186 0.11654 -0.32559 -0.83465 -0.61025 -0.5632 0.16338 -0.21875 0.99981 0.16506
-0.55576 0.41024 -0.34684 -0.074462 0.0034186 0.028644 1.2695 -1.1582 1.0124 -1.1719 -0.018892 -1.1864 -0.086578 0.063643 -0.32289 -0.77162 -0.70644 -0.33797 -0.15099 0.63634 -1.0752 0.1842 -1.1844 -0.19859 0.84084 0.48595 0.17466 -0.2328 -0.26545 0.62759 0.78214 -0.81172 -0.85519 0.051671 -0.2865 0.87138 0.10012 0.44038 -0.06666
-0.85291 0.10841 0.11183 -0.36238 -0.089604 0.31961 1.2975 -0.62885 0.4675 -1.714 -0.53704 0.55456 -0.039677 0.078612 -0.31594 -1.0069 -0.38303 0.080766 -0.050391 0.2515 -0.69961 0.079576 -0.14646 0.075237 0.70737 0.43967 0.0007454 -0.22453 0.027494 0.8961 0.87359 -0.80231 -0.75646 0.97144 -0.17451 1.7899 0.12971 -0.11918 -0.34857
-1.226 0.15206 0.080644 -0.43841 -0.62563 -0.86514 0.45382 -0.60847 1.3242 -1.554 0.096483 1.3109 0.0062301 0.037856 -0.32799 -0.55586 0.28207 0.33959 -0.89942 -0.2421 -0.11786 0.14093 0.29489 0.15778 0.48658 0.22453 0.024183 -0.08529 0.31544 1.0084 0.7521 -0.36872 -0.51357 1.0999 -0.48768 1.7616 0.20571 -0.52257 -0.56497
-0.95912 0.023979 -1.0305 -0.54777 0.11962 -0.42193 1.0354 -1.361 1.1927 -1.2455 -0.015199 0.040016 0.1313 -0.14661 -0.44243 -0.3601 0.42084 0.38104 -1.1236 -0.578 0.49445 0.1044 1.5676 0.13374 0.63035 -0.025215 0.52408 -0.24716 0.22064 0.61148 0.38366 0.024065 0.16058 1.1325 -0.78853 1.1756 -0.076168 -0.3314 -0.41205
-0.95848 0.17606 -0.92631 -0.10835 0.40281 -0.61223 1.0126 -0.61581 1.1822 0.27299 0.58132 -0.10764 0.049718 0.22344 -0.39446 -0.50485 0.72874 0.94186 -0.35441 0.031591 0.28356 -0.77875 1.3092 0.19306 -0.16271 -0.18305 1.0272 -0.4406 -0.091257 -0.15889 -0.43227 -0.12781 0.62532 1.1535 -1.0049 0.46617 -0.34178 -0.0043588 0.24784
-1.0151 -0.27822 -0.31628 0.36841 0.52897 -0.56296 1.0114 -0.5502 1.3227 0.063174 0.16353 0.035761 -0.054276 0.96615 -0.68166 -0.61735 0.50718 0.51264 -0.29181 0.3958 1.1135 -0.99701 1.5799 -0.10954 0.38004 -0.013115 1.2355 -0.40212 -0.14241 -0.86242 -1.2014 -0.64435 0.83373 0.84 -0.7384 -0.86891 -0.29814 -0.041778 1.0757
-0.8295 -0.16644 -0.3274 0.099227 0.015935 -1.4562 0.17914 -0.19952 0.763 0.3396 -0.39292 0.89012 -0.1441 1.401 -0.923 -0.58839 -0.052041 -0.53666 -1.5824 0.44875 1.6239 -1.2662 1.1699 -0.44182 0.62712 0.61854 0.70662 -0.21605 -0.046881 -1.407 -1.8071 -0.94859 0.51333 0.65554 0.13645 -1.2481 0.47902 -0.091613 1.6006
-0.62285 -0.31437 -0.68881 0.30874 1.2551 0.12777 1.5442 -0.57597 -1.0047 -0.65134 0.11377 0.4585 -0.20736 1.573 -0.82999 -0.57398 -0.76234 -1.145 -1.7907 0.79325 1.3165 -1.0907 -0.026613 -0.17903 0.17446 1.2997 -0.16017 0.071235 0.24628 -1.159 -1.6774 -0.066947 0.058692 0.021773 0.82854 -1.6038 1.6468 -0.83115 1.4723
0.52481 -0.78638 -1.3625 -0.14955 -0.21815 -1.4728 1.1354 0.95011 0.6127 1.3587 0.05886 1.4408 0.26509 1.2411 -0.66849 -0.60571 -1.2029 -1.6404 -1.4833 0.79456 1.3453 -0.46699 -0.27425 1.2189 -0.22259 1.7267 -0.80692 0.27744 0.93914 -0.66716 -1.2499 1.029 -0.57174 -0.44557 1.4628 -1.2968 2.1079 -0.78339 0.69919
0.84212 -1.0562 -1.5846 -0.59576 -0.80796 -2.8762 1.6189 0.82368 -0.60089 0.73703 -0.65198 0.11791 1.1158 0.74915 -0.68831 -0.1463 -1.0317 -2.1013 -0.4889 0.30746 1.2858 0.21614 -0.7629 2.4874 -0.86684 1.7935 -1.162 0.28418 1.6829 0.1184 -0.42774 1.8099 -0.98558 -0.99372 1.4069 -0.84666 1.4989 -0.12933 -0.369
0.63012 -0.65688 -0.68159 -0.77915 -0.96513 -2.2296 1.782 0.7032 -0.021761 -0.56631 0.54633 -0.028503 1.4058 0.30868 -0.53673 0.94014 -1.135 -2.4156 -0.22928 -0.44006 0.83873 0.9283 -0.94155 2.6141 -0.42652 1.4944 -0.87843 0.18895 1.8094 1.038 0.32173 1.9479 -1.0196 -1.5442 1.1654 -0.057667 -0.090377 0.9592 -1.272
0.11237 -0.95729 -0.7785 -0.94809 -1.4746 -1.6692 1.4136 1.056 0.64127 -0.36728 2.4159 0.26022 1.4934 -0.12779 -0.42777 1.7696 -0.58174 -1.5593 1.1193 -0.51958 -0.20841 0.95068 -1.3144 2.2421 0.0368 0.82819 -0.26264 0.091849 0.94354 1.6369 1.0309 0.88882 -0.49675 -1.618 0.41835 1.0351 -1.917 1.4334 -1.5676
0.21262 -1.0717 -0.75206 -0.74292 -2.1984 -0.876 0.62702 1.3528 0.41328 -0.80824 3.302 -0.31824 1.481 0.041843 -0.48607 1.7864 0.46334 -1.2956 1.5205 -0.78775 -0.66753 1.4345 -0.11592 1.1448 1.3072 0.17586 0.40363 0.076269 -0.27589 1.959 1.5833 -0.28141 -0.034283 -0.95805 -0.40925 1.6364 -3.0187 0.95173 -1.365
0.48126 -1.1616 0.12674 -1.2573 -2.1251 -1.0848 1.1171 0.7609 0.92469 -0.81479 2.5977 0.66164 1.4705 0.39436 -0.5594 1.1811 1.1522 -0.70401 0.36494 -0.50574 -0.85272 0.77698 0.79004 -0.78543 1.2155 -0.054146 0.87641 0.2862 -1.2802 1.6822 1.5962 -1.2633 -0.012423 0.078233 -0.90424 1.816 -3.2611 0.12985 -1.0975
0.65094 -1.3766 0.34631 -0.78624 -2.1092 -1.1532 0.87038 0.40802 1.7138 -0.28712 1.8305 1.2084 1.4486 0.80309 -0.3421 0.73213 1.5683 0.15903 -0.42074 -0.54179 -0.55368 0.21734 1.1181 -2.1778 0.95047 -0.24681 0.68084 1.1533 -1.5733 1.1728 1.8336 -0.63247 -0.38539 0.71311 -1.5561 0.73498 -2.1653 -0.80847 -1.3833
0.80391 -1.4172 0.28176 0.36081 -2.4721 -1.1161 0.83477 -0.14749 1.5482 0.46173 0.89275 1.8133 1.395 1.1296 -0.028364 -0.060891 1.9314 0.74018 -0.40635 -0.69519 -0.13171 -0.20255 1.5229 -2.9081 0.50441 -0.71463 -0.21994 2.1651 -1.1889 0.37853 1.9952 1.1254 -0.62494 0.95603 -1.4842 -0.13778 -0.50288 -0.90564 -2.0306
0.85362 -1.296 0.12442 0.47336 -1.7699 -1.8707 1.1283 0.19155 0.79488 0.37591 0.30052 0.89199 1.3786 0.94717 1.1348 -0.49173 2.2106 1.4581 0.64836 -1.4652 0.23788 -1.107 0.91125 -2.3192 0.037279 -1.7057 -1.3522 2.5089 -0.73668 -0.6896 1.5595 2.3395 -0.20297 0.43794 -1.2258 -0.87304 0.64749 -1.0281 -2.333
1.2569 -1.3596 -0.25808 0.57459 -1.3286 -1.7455 0.14702 1.0895 0.71799 0.77689 0.1942 0.98755 1.1451 -0.086194 2.2397 -0.39594 1.5199 2.4279 2.0235 -1.2784 0.45065 -1.452 0.62331 -1.7721 -0.15163 -2.573 -2.08 2.115 -0.098847 -1.4091 0.89431 2.6453 0.1745 -0.28274 -0.62421 -1.2441 0.98814 -0.75689 -1.8136
1.9854 -1.0112 -0.54157 1.154 -1.344 -0.92084 -0.12824 0.98861 0.40909 1.1208 -0.9707 0.56796 0.45851 -1.111 2.6223 -0.45385 0.51559 2.2724 2.9409 -0.67043 -0.069704 -1.5458 -0.10387 -1.4033 -0.79509 -3.0501 -2.1227 0.76538 0.26464 -1.625 -0.19122 1.3429 0.88923 -0.99306 -0.014473 -1.1068 0.99117 -0.50614 -0.5384
1.4192 0.72743 0.085121 1.4274 -0.057115 0.10505 -0.75718 0.46787 -0.50359 0.065301 -0.40165 1.3984 -0.78829 -1.7219 2.6836 -0.25501 0.20874 2.032 3.6244 -0.7846 -0.48809 -1.1996 -0.34859 -1.3129 -0.59961 -2.9433 -1.3718 -0.72206 0.45196 -1.1299 -1.0118 -0.68902 0.86276 -0.98992 0.15048 -0.89256 1.245 -0.094468 0.92037
-0.30373 1.3369 0.040091 1.0601 1.0713 1.2754 -0.066151 0.65504 -0.17584 1.0465 -0.78809 1.2379 -1.3134 -2.1952 2.1662 -0.065879 -0.09771 1.3016 2.468 -0.025204 -1.0697 -1.2622 -0.72013 -0.48932 -0.74727 -2.3795 -0.09774 -1.8621 0.64109 -0.22599 -1.2744 -2.317 0.45533 -0.26494 0.39193 -0.15681 1.4083 0.58007 2.0766
-0.77389 1.0925 -0.52894 0.62986 -0.17409 1.3463 0.66321 -0.34511 -1.004 0.038871 -1.2833 -0.23658 -1.5274 -2.1027 1.2938 0.25245 -0.23461 1.0065 0.89114 0.034843 -0.82073 -1.3016 -0.77753 0.36006 -0.34403 -1.4313 1.1327 -2.254 0.5829 0.51006 -1.2688 -3.1668 -0.15512 0.24404 0.50447 0.45475 1.5137 0.68669 2.3696
-0.59332 1.3628 -0.32136 0.85018 0.78227 1.7176 -0.72124 0.34418 -0.65456 0.16458 -1.6784 0.20566 -1.4231 -1.101 0.28284 0.48418 0.32398 0.38177 -0.25733 -0.23037 -0.3818 -0.73234 -0.19583 0.68993 0.28507 -0.47773 1.6523 -1.845 0.76487 0.54439 -0.76834 -2.3019 -0.39142 0.88302 1.0371 1.0589 1.1715 0.83617 2.0814
-0.83958 1.0354 -0.32825 0.86398 -0.06631 0.42475 0.017364 -0.26366 -1.3459 -0.086961 -0.1455 0.1904 -1.5386 -0.15255 -0.048503 0.55422 0.92654 0.09916 -1.246 -1.01 -0.40273 -0.48289 0.24863 1.2471 0.30974 -0.096624 1.2521 -1.5121 0.42738 -0.29449 -0.7853 -0.96899 0.69092 0.6242 1.5612 0.97553 0.67807 0.30049 1.631
-0.76669 1.2268 0.23882 1.1698 0.79885 0.28155 -0.36444 0.01366 -1.9022 -0.11467 -0.096049 0.96538 -1.5252 -0.083927 -0.169 1.2037 0.31295 0.30913 -0.9986 -0.28662 0.29019 0.34722 0.77781 1.5028 0.65638 0.28923 0.47495 -1.162 -0.13792 -1.4992 -0.53624 0.29926 1.5368 0.41858 1.7505 0.35025 0.1195 -0.11566 1.3871
-0.52476 1.3629 0.64304 1.8696 0.85782 0.61299 -0.78178 0.16142 -0.93268 0.47485 0.22641 1.9833 -1.4902 -0.27194 -0.9434 0.68967 -0.76726 -0.43541 -0.65666 1.3673 -0.049392 1.1983 0.5878 1.3599 0.10776 0.80006 -0.15927 -1.1491 -0.6959 -2.0023 -0.2133 1.2073 1.4511 0.042258 1.4804 -0.56709 -0.5501 -0.29516 1.1905
-0.71705 1.1194 -0.057915 1.8243 0.57205 0.03815 -1.1319 -0.32034 -0.91496 1.378 0.36288 0.10121 -1.4822 -0.15273 -1.1616 0.1691 -1.5636 -0.35806 0.019358 1.5173 0.18215 1.8352 0.29476 0.87458 0.17433 1.2983 0.32311 -1.1168 -1.2162 -1.402 0.31537 1.1319 0.48288 0.25521 0.27887 -1.1187 -1.0583 -0.45838 1.0221
-0.95886 0.83555 0.88705 0.2185 0.2794 0.63455 0.65843 0.56499 -0.12385 0.68553 0.47498 0.54685 -1.005 -0.41341 -1.423 -0.20666 -1.7869 0.036522 0.59904 0.85895 -0.27925 1.6552 -0.59837 0.40541 -0.027257 1.3084 0.95158 -1.0324 -1.3873 -0.36403 0.76074 0.47982 -0.66558 1.1419 -0.67601 -1.1167 -1.2065 -0.22419 1.0073
-1.0833 -0.24051 0.05541 -0.34318 -0.26613 0.49309 1.6837 -0.153 1.0469 0.39495 0.68607 0.43596 -0.39761 0.59199 -1.7472 -0.58758 -1.7345 0.67698 0.57957 0.87048 0.85439 0.66102 -0.76912 -0.23595 -0.1872 1.6749 1.3155 -0.91898 -1.574 0.69798 0.46321 -0.63203 -1.071 1.4628 -1.208 -0.80117 -1.0561 -0.7896 0.98709
-0.7892 0.0049566 -0.037151 -0.44128 0.10033 0.30256 1.0316 0.11017 0.76136 0.12916 1.1219 1.3394 -0.18207 1.134 -2.3309 -1.4874 -1.3468 0.49337 -0.010957 0.37794 1.6452 0.46806 -1.0165 -0.6101 -0.14469 2.2279 1.2135 -0.32901 -1.2 1.1963 -0.19164 -1.2306 -0.82467 1.6141 -1.0684 -0.43642 -0.64114 -1.0247 0.89412
-1.315 -0.092701 0.29987 0.15948 1.65 1.3848 -0.89474 -0.51405 0.23415 -0.81038 0.046824 1.1845 -0.4711 1.5313 -2.2029 -2.0909 -0.51244 0.297 -0.93257 -0.33709 1.8228 0.075483 -1.031 -0.82909 -1.3539 2.4223 0.23898 0.20769 -0.47065 1.0495 -1.0214 -1.0247 -0.11945 0.56851 -0.55511 -0.23826 0.063407 -1.0688 0.38185
1.0584 -0.8425 -0.25517 0.022177 1.5688 0.83953 0.57468 2.1556 -0.4117 0.50595 -0.33085 0.56847 0.49232 1.3841 -1.7277 -1.6644 -0.21816 -0.12874 -1.0769 -0.15696 2.1094 -0.13345 -1.3069 -0.64378 -1.5106 2.3696 -0.53197 0.80064 0.48851 0.4323 -1.4758 -0.46005 0.93875 -0.48188 -0.39283 0.02282 0.97951 -0.63633 -0.34798
0.38195 -2.2036 -1.794 -0.67948 0.070031 -0.42318 0.49281 2.0013 0.67629 -0.23441 -0.2558 -0.50352 1.4456 0.91508 -1.7056 -1.3611 -0.38671 -0.93684 -0.91523 0.87881 1.6303 -0.12009 -1.0856 -0.09507 -1.6609 2.2187 -1.3548 1.1958 1.3171 0.048635 -1.3118 0.3994 1.0644 -1.6801 -0.29818 0.22944 1.4519 0.21654 -1.2351
0.63993 -1.724 -1.1947 -0.65051 0.16254 -0.5858 0.96452 2.0565 0.71968 -1.1849 -0.25984 -1.4048 1.7841 0.45117 -1.2687 -0.94239 -0.62276 -1.6742 -0.93894 1.5524 0.8761 -0.19998 -0.95314 1.0581 -1.2654 1.7757 -1.318 1.5816 1.4129 0.17996 -0.51395 0.68733 0.6788 -2.2536 -0.53073 0.93318 1.2908 0.46199 -1.9521
0.28421 -1.6376 -1.1759 -0.32369 -0.050494 -0.21868 0.96573 1.8814 0.64153 -1.6662 0.26563 -0.32994 1.8029 -0.52919 -0.47672 -0.011329 -0.22274 -1.4044 -0.23363 0.83302 -0.56289 -0.47275 -0.77795 1.3406 -1.0104 0.74469 -0.82591 1.7096 1.0338 0.39809 0.20925 0.69126 -0.33912 -2.0547 -0.62866 1.661 0.49898 0.46024 -2.3164
0.19604 -1.8828 -0.95291 -0.60335 -0.21106 0.22505 1.316 1.7788 -0.14176 -1.0161 0.70761 -0.4614 1.7567 -0.35205 0.24314 0.27834 0.026683 -0.85989 -0.084534 1.1469 -0.81922 -0.99149 0.31071 1.3229 -0.86883 -0.016031 -0.026115 1.6856 0.65927 0.26987 0.77944 0.34117 -1.1978 -1.7399 -0.11058 2.0132 -0.71743 0.68311 -2.2622
0.24105 -1.9745 -0.97984 -0.68291 -0.53738 0.062889 1.3794 1.533 -0.37647 -1.319 1.4529 -0.83911 1.6749 -0.22297 0.33262 -0.054273 0.013067 -0.94091 -0.0015384 0.39867 -1.1925 -0.94943 1.4413 0.8052 -0.89578 -0.59132 0.31118 1.5846 0.57423 -0.010914 1.1532 -0.37127 -1.6187 -1.5104 0.51176 1.5338 -1.7552 1.2906 -1.7555
0.21315 -1.8335 -0.9188 -0.3993 -0.76696 -0.1748 1.4347 1.4989 -0.50627 -0.45908 1.0965 -1.6486 1.6471 0.25135 1.0816 0.30444 -0.24992 -0.42427 -0.40138 -0.5699 -1.9181 -0.17779 1.7675 -0.17917 0.09552 -1.1754 -0.20564 1.5539 1.058 -0.31507 1.5558 -0.68201 -1.7831 -1.3739 0.88399 0.52265 -2.0241 1.9386 -1.1786
-0.038418 -1.5502 -1.6173 -0.67835 -0.90523 -0.94817 2.202 0.92587 -0.47029 -0.17434 1.2946 -2.0057 1.543 -0.24798 1.6942 1.0439 -0.10561 0.56647 -0.82023 -1.4602 -2.7132 0.11623 1.4099 -1.5783 1.1654 -1.4835 -0.74 1.1941 1.3081 -0.54277 2.0132 -0.49615 -0.9687 -0.86879 0.7007 -0.45894 -1.2732 1.9698 -0.42759
0.39808 -1.1617 -1.0212 -0.45816 -1.0044 0.022991 0.84922 0.49276 -0.62191 0.67435 0.64488 -1.7819 0.94758 -0.72137 2.1025 1.6913 -0.48966 1.3367 -1.0302 -1.3925 -2.5151 0.19641 1.3152 -1.7162 2.0808 -1.454 -0.9881 0.34433 0.83946 -0.63379 1.8004 -0.2518 -0.027401 -0.069535 0.022682 -0.86962 -0.20628 0.92884 0.46894
0.77636 -0.20847 -0.4499 -0.87983 -0.26983 -0.46267 -0.076843 -0.77363 0.60284 0.55138 -0.068135 1.0939 0.31495 -1.1159 1.775 1.6763 -0.85787 1.994 -0.6773 -1.0876 -2.4494 0.22725 0.78511 -1.0906 2.1554 -1.1335 -0.64799 -0.56944 -0.001564 -0.68264 1.0426 -0.097276 1.0082 0.94444 -0.13269 -0.91634 0.7248 -0.76518 1.2484
-0.72565 -0.076104 0.38609 -0.64591 0.83474 -0.94466 -0.27786 -1.6195 -0.45486 0.3326 -1.6102 0.65566 0.28448 -1.1571 1.6074 1.5465 -1.0305 2.2749 -0.98331 -0.83773 -2.1799 -0.18993 0.4147 -0.86157 1.5201 -0.59626 -0.10442 -1.3476 -0.84565 -0.082092 0.046039 0.37001 1.6167 1.7803 0.0085418 -0.92479 1.0048 -2.5262 1.5922
-0.89084 0.38573 0.46126 -1.3483 0.89521 -1.4101 0.64866 -0.70514 -0.27873 0.68531 -0.07169 0.84087 0.43238 -1.2377 1.0168 1.1208 -1.081 2.0768 -1.0508 0.17877 -1.2023 0.050182 0.10589 -0.50178 -0.091438 0.089851 0.69315 -1.3581 -1.4199 0.35035 -0.85715 0.79871 1.412 2.2838 0.5998 -0.87497 1.0257 -2.7224 1.2342
-1.1494 -0.12524 -0.097555 -1.4616 1.4694 -0.74647 0.78933 -1.4646 -0.12743 0.73995 0.34108 0.044455 0.61071 -0.85336 0.28686 0.41418 -0.52904 1.3896 -0.13324 1.0648 0.030617 0.30077 -0.11559 0.077374 -1.9265 0.48706 1.0266 -1.259 -1.452 0.6672 -1.2588 1.125 0.27595 1.9271 0.88836 -1.1009 0.82997 -1.6344 0.48353
-0.84198 0.60502 -0.069696 -1.7411 1.6783 -1.8611 0.41509 -2.0194 -0.92471 0.61584 -0.41963 -0.045862 0.67348 0.028165 0.22352 -0.37321 -0.47117 0.82248 0.44951 0.65661 0.51262 1.1492 -0.62518 0.57143 -1.6522 0.30435 0.9337 -0.70167 -0.81715 0.51959 -1.3764 0.55402 -1.0862 1.2233 0.69303 -0.78765 0.3559 0.27073 -0.22556
-0.94 0.2414 0.66851 -1.5923 1.7035 -0.97148 0.49897 -1.0416 0.43323 0.72414 -0.90377 -1.0493 0.749 0.12828 -0.046053 -0.38158 -0.12032 0.52816 0.45898 -0.57294 0.39366 0.98982 -1.3258 0.32502 -1.0102 0.073951 0.3051 -0.42576 -0.034421 -0.054417 -1.2577 -0.34309 -1.4054 0.34664 0.2742 -0.16806 -0.001496 1.8344 -0.32303
-0.85726 0.057415 0.18344 -1.0871 1.7099 -0.53747 1.4887 -0.62024 0.9612 0.075871 -0.29149 -1.4899 0.7712 0.016477 0.042632 0.016511 -0.33931 -0.08874 -0.27545 -1.1265 0.79202 1.0545 -0.79797 0.10862 0.027145 -0.061562 -0.21435 -0.38843 0.48473 -0.435 -1.0349 -0.81051 -0.8347 -0.19039 -0.73164 0.42808 0.16246 1.7926 0.043642
-0.74758 0.45161 -0.30677 -1.6396 1.8795 -0.66702 0.49414 -0.77283 1.2615 -0.5661 0.16132 -0.87607 0.53814 -0.27595 -0.31311 0.16316 -0.69544 -0.52653 -0.46045 -0.78372 0.50324 0.88129 -0.35706 0.29742 1.0013 0.15597 -0.12454 -0.20542 1.0338 -0.54864 -0.58342 -0.40451 -0.2881 -0.25004 -0.97288 0.55895 0.35262 0.96683 0.32283
-0.87547 0.10573 -0.11983 -1.668 1.6783 -1.1032 -0.59772 -0.82135 0.52186 -1.049 0.67759 -0.19017 0.56947 -0.16779 -0.27244 0.25733 -0.97793 -0.60062 -0.69809 -0.87705 0.11237 -0.2222 -0.30101 0.9159 1.0241 0.33643 0.21897 -0.055253 1.6108 0.31132 -0.20346 0.82456 0.032737 -0.23899 -1.1548 0.13588 0.35977 -0.36863 0.2167
-1.1452 0.22704 0.26553 -2.1161 1.2225 -1.8469 -0.66395 -0.76161 1.1393 0.60593 -0.54562 0.096522 0.63379 -0.010003 -0.21938 1.4153 -0.80253 -0.31226 -0.13996 -1.2822 0.28164 -0.26729 -0.51627 0.64876 0.48844 0.3951 0.51673 0.40097 1.7351 1.4021 -0.06366 1.9842 0.15275 0.18384 -0.58453 -0.051957 0.074311 -0.91701 -0.48729
-1.2604 0.01623 0.54066 -2.4722 0.93051 -1.9087 0.40276 -1.1131 0.851 0.3237 -0.36951 0.77995 1.0828 0.29429 -0.090041 2.3736 0.28054 -0.57348 1.1669 -0.84281 0.47069 -0.62098 -0.46685 0.67523 -0.44434 0.16909 0.75463 0.17375 1.0865 1.9855 -0.84665 2.456 -0.064806 -0.086999 0.16748 -0.236 -0.21172 -0.24267 -0.94404
-0.87539 -0.16173 0.63178 -2.3015 1.2124 -0.90282 -0.050239 -0.4561 0.052938 -0.45969 1.3458 -0.81678 1.0914 0.45961 0.25436 2.3179 1.2302 -0.65326 2.4863 -0.53481 0.64605 -0.058476 -0.38068 0.56454 -0.11138 -0.5374 0.9319 -0.080795 -0.078137 1.77 -1.9707 1.7707 -0.6358 -0.75544 0.42274 -0.20303 -0.50863 0.7581 -0.97632
-0.65277 0.090884 1.5936 -1.8479 1.761 -0.36662 -0.90569 -0.1421 1.0567 -1.5337 0.64669 -0.8877 0.9162 1.0081 -0.22141 1.8207 1.6242 -2.0244 2.7942 -1.4044 -0.2309 -0.0012439 -0.82618 0.50809 0.85311 -0.70573 0.81527 -0.4063 -0.82252 0.73209 -2.4146 0.25332 -0.73923 -1.257 0.63531 0.0063039 -1.0045 1.7263 -0.40918
-0.36314 0.43006 2.2272 -0.94398 0.65332 0.57633 -1.0997 -0.36534 -0.16501 -0.86478 0.98803 -1.0655 0.44272 1.3747 -0.28118 1.5548 1.7513 -3.3074 2.5064 -2.2567 -0.72077 0.24531 -0.73113 -0.33699 1.4109 -0.72759 0.48761 -0.77625 -1.2624 -0.44054 -1.9785 -1.2116 -0.32861 -1.1355 -0.003543 0.54553 -0.86096 1.2939 0.50026
-0.63325 0.43479 1.9301 -0.40393 0.44419 1.1424 -0.88437 -0.10371 1.2133 -0.24503 0.51139 0.86828 -0.19929 1.3606 -0.48092 1.243 1.3535 -3.8066 1.638 -1.4367 -1.0937 0.46356 -0.28711 -0.97785 2.3414 -0.38779 -0.089084 -0.65161 -1.4379 -1.2798 -0.18325 -2.1465 0.41811 -0.26475 -0.36881 0.96483 -0.29237 -0.10882 1.0505
0.37101 -0.65835 1.7159 -0.97209 -2.3936 0.54389 -2.1106 -1.8763 0.99546 -0.61324 0.058123 1.8378 0.45762 1.1956 -0.87823 0.2821 0.56121 -3.4975 0.66958 -1.1813 -0.95355 -0.29858 0.38221 -0.49683 1.809 0.10788 -0.46809 -0.40582 -1.3169 -1.5043 1.4288 -2.4914 0.76811 0.52864 -0.92091 0.85447 0.51673 -1.9693 1.132
0.76848 -0.28928 2.1863 -0.63177 -2.9638 1.0344 -2.4938 -1.5497 0.77515 -1.5367 -0.23882 1.2927 0.59163 0.93339 -0.98185 -0.19192 -0.11528 -2.2688 -0.51757 -1.1641 -0.59259 -0.44834 0.44889 -0.030171 0.4563 0.56192 -0.75081 0.30639 -0.91568 -1.027 2.6971 -2.138 0.7386 1.4176 -0.89135 0.71452 0.88214 -3.3824 0.49246
0.7695 -0.44461 2.3857 -0.62357 -2.3751 1.0536 -1.3701 -1.1148 0.97164 -1.1401 0.074403 1.5489 0.61367 0.71658 -0.68858 -0.15317 -0.25812 -1.3663 -1.3231 -0.93975 -0.034432 -1.093 0.52223 0.25891 -1.6408 0.61337 -0.7453 0.79457 -0.42961 -0.33148 2.7865 -1.6618 0.79716 1.3267 -0.31016 0.54345 0.7098 -3.1394 -0.20175
0.61926 -0.734 1.8346 -0.95752 -2.2081 0.52354 -2.4225 -0.98677 -0.2291 -0.10935 0.38409 0.91675 0.71942 0.20067 -0.071393 -0.22356 -0.11051 0.23705 -1.579 -0.16122 0.96908 -0.87593 0.99746 0.47631 -2.8115 0.15123 -0.55598 0.89702 -0.25084 0.17267 1.9369 -1.0557 0.57725 0.65655 -0.077823 0.23543 0.33296 -1.8037 -0.58463
0.61897 -0.70702 1.7367 -0.90228 -2.2085 -0.10158 -2.5222 -1.15 -0.22163 0.17092 0.96433 -0.10272 0.75591 0.17275 -0.032486 -0.4883 -0.046784 0.52791 -2.0783 -0.17349 0.62585 -0.68961 1.1364 0.72244 -2.9389 -0.0066079 -0.34471 0.65512 -0.22669 0.36506 1.0732 -0.52779 0.33124 -0.058767 0.099261 -0.34053 -0.061427 0.13566 -0.52146
0.75092 -0.67578 1.765 -0.81474 -2.7187 -0.59764 -2.4113 -0.80229 -0.18233 -0.13871 0.22748 -1.1393 0.62724 0.16951 0.15824 -0.48032 0.092589 0.45525 -2.2286 -0.46224 0.24232 -0.80238 0.5831 0.42442 -2.5509 -0.061014 -0.1254 0.2896 -0.30185 0.25506 0.33448 0.081202 -0.0097037 -0.52688 -0.33764 -0.77832 -0.31752 1.5755 -0.16237
0.86135 -0.43904 1.8313 -0.95966 -2.1377 -0.77492 -2.0898 -0.42484 2.5841e-05 0.1229 0.453 -1.8316 0.64337 0.090752 0.27 -0.43616 0.30462 0.56202 -2.0506 -0.17886 0.21824 -0.93724 0.072762 0.14847 -1.4699 -0.11227 -0.24115 0.19648 -0.46387 0.032359 0.40781 0.94462 0.066195 -0.53782 -0.66551 -0.74566 -0.24162 2.2177 0.053565
1.0338 -0.36475 1.7712 -0.54102 -1.8853 -1.045 -2.3491 -0.8052 -0.18614 0.028663 1.1006 -1.8724 0.58246 0.0096297 0.2543 -0.79984 0.17753 0.85998 -1.4496 -0.20592 0.2273 -1.4105 0.038086 0.092653 -0.30673 -0.052711 -0.34528 -0.0032446 -0.53401 -0.11823 0.38715 1.3901 0.2792 -0.59991 -0.58695 -0.53639 -0.049566 2.1619 0.15334
0.77608 -0.4723 1.6014 -0.71251 -1.6952 -1.6133 -2.4395 -0.9625 -0.98946 0.01688 0.65629 -1.3193 0.62691 -0.19542 0.24448 -1.1781 -0.031527 1.1042 -0.62951 -0.2026 -0.33174 -1.6824 -0.020028 0.37603 0.48861 0.078228 -0.28315 -0.10401 -0.26028 -0.16124 0.088212 1.3899 0.43646 -0.49954 -0.032535 -0.33942 -0.16423 1.4196 0.11212
0.62042 -0.47533 1.1987 -0.61727 -1.6922 -1.9427 -2.8399 -0.64293 -1.8916 0.096367 0.58519 -1.1021 0.61481 -0.32989 0.17007 -1.0885 0.043837 0.92376 -0.22625 0.05963 -0.55853 -1.5737 -0.40051 0.199 0.9056 0.092483 -0.07109 -0.0016653 0.46155 0.11335 -0.27393 0.96014 0.7724 -0.28733 0.89461 -0.04501 -0.39406 0.39641 -0.17129
0.76614 -0.3404 0.88145 -0.79111 -1.2982 -1.4892 -2.5125 -0.59143 -2.0406 0.13537 0.82305 -0.97336 0.66868 -0.266 0.14674 -0.76525 0.076239 0.70426 0.050091 0.50176 -0.28568 -0.91981 -0.36247 -0.25555 0.84495 -0.0021202 0.11941 0.27407 1.1059 0.46944 -0.60755 0.58726 0.90539 -0.19369 1.7606 0.39359 -0.37259 -0.34901 -0.58134
0.55818 -0.23405 0.67088 -0.95946 -1.1036 -0.94015 -2.3522 -1.3542 -2.1811 -0.20608 0.93609 -1.0028 0.72838 -0.085736 0.30481 -0.14615 0.32902 0.54906 0.079322 0.9034 -0.31408 -0.050368 0.11601 -0.42187 0.34828 -0.28359 -0.04989 0.60872 1.1403 0.67544 -0.78913 0.38085 0.82003 -0.46434 2.1713 0.53052 0.14658 -0.54448 -0.85166
0.50853 -0.24001 1.0309 -0.57421 -0.91922 -1.2932 -1.9548 -1.2354 -1.9916 -0.59747 0.90419 -0.70113 0.68598 -0.092548 0.6287 0.40122 0.68046 0.14958 0.35444 1.0936 -0.80531 0.98388 0.46451 -0.099068 0.079362 -0.66138 -0.47241 0.79389 0.47371 0.6203 -0.58357 0.35913 0.67291 -0.34254 1.9658 0.53147 0.65721 -0.32535 -0.89865
0.69237 -0.31397 1.0737 -0.37952 -1.1734 -1.5124 -1.8918 -0.90484 -1.5562 -0.21825 0.22329 -0.61722 0.493 -0.50769 0.92678 0.44226 0.97187 -0.28439 0.35308 1.3171 -1.1328 1.7023 0.18983 0.41831 0.20163 -0.93838 -1.001 0.70308 -0.37121 0.24666 -0.079387 0.88302 0.60124 0.15474 1.0659 0.25563 0.8556 -0.23304 -0.70853
0.64771 -0.02879 1.3777 -0.34062 -1.0578 -1.8338 -1.5564 -1.1475 -1.3199 0.72074 -0.087623 -1.0573 0.19613 -0.9348 1.1356 -0.17691 0.88444 0.024334 0.60208 1.5645 -0.49316 2.0314 0.60626 0.68717 0.27865 -1.1105 -1.2811 0.23154 -0.93909 -0.075312 0.70366 1.4108 0.78627 1.0242 0.031949 0.078313 0.66364 -0.31172 -0.33986
0.47423 0.53972 1.3574 0.13558 -1.5324 -0.90548 -1.5708 -1.958 -0.23917 0.69356 1.1764 -1.0534 -0.16095 -1.5311 1.203 -0.53542 0.67547 0.46877 1.6729 1.7993 -0.20007 1.5008 0.52493 0.96168 -0.20263 -1.1904 -0.89843 -0.53235 -0.95841 -0.19364 1.2381 1.1365 0.87946 1.4566 -0.88934 -0.35817 0.23198 -0.33262 0.25473
-0.26675 0.83235 0.998 0.1813 -1.5523 -0.71772 -0.68444 -2.3953 0.47111 -0.49858 1.8693 -0.44747 -0.23054 -1.9702 0.87278 -0.83736 0.69009 1.1113 2.4481 2.3408 0.54904 1.146 0.43874 1.0055 -0.33033 -1.0764 0.033724 -1.2757 -0.55109 -0.53875 0.96362 -0.31263 0.50254 1.5344 -1.5493 -0.69953 -0.34922 -0.035731 0.87653
-0.78161 0.91981 0.29148 -0.014691 -0.51987 -0.47274 -0.35742 -1.1548 0.54209 0.70583 1.4377 -0.4942 -0.40003 -1.665 0.19385 -0.99064 0.71474 1.5214 1.645 2.597 0.93813 0.41218 -0.41668 0.73486 -0.14834 -0.54433 1.3465 -1.8819 -0.15404 -0.78897 0.14973 -2.1204 -0.65178 1.3942 -1.6787 -0.047828 -0.68646 0.28296 1.4021
-1.3716 0.93104 0.79512 0.24594 -0.24383 0.5828 0.12347 -1.004 -0.43088 0.3035 1.5042 -1.4467 -0.67408 -0.80286 -0.43725 -0.95994 -0.11868 1.3281 -0.013886 2.1065 1.6685 -0.44236 -0.26394 0.063807 0.20287 -0.026738 2.3494 -1.9831 0.21234 -0.95552 -0.95895 -3.1781 -2.0358 0.46019 -1.6818 0.44344 -0.67971 0.43444 1.6724
-1.6222 0.57648 0.4476 0.54366 0.2001 1.0401 0.99771 -0.15272 0.31314 0.98499 1.2324 -1.2677 -0.74473 0.40065 -1.2086 -0.75127 -0.35981 0.65089 -1.2749 0.63028 1.7208 -0.97492 0.7776 -0.0077806 0.13245 0.53308 2.606 -1.5467 0.42188 -0.85441 -1.4708 -2.8541 -2.8879 -0.22125 -1.285 0.95596 -0.48798 0.59548 1.5234
-1.032 0.28883 0.43533 0.67507 0.43912 -0.67239 1.3594 -0.9375 -0.39037 -0.6123 1.5635 -0.92965 -0.23066 1.3845 -1.6577 -0.55734 -0.51594 -0.26012 -2.3472 -0.63216 0.97254 -1.4365 0.67942 -0.049423 0.44005 1.0661 2.0878 -0.73262 0.57377 -0.24532 -1.2751 -1.5676 -2.6473 -0.96725 -0.85946 0.47608 -0.17502 0.48101 1.0248
-0.39079 0.19984 0.11342 -0.59714 -0.40541 -1.4726 0.58661 0.04335 -0.60066 0.12642 1.5506 -0.098033 -0.1014 2.1079 -1.7155 -0.40513 -0.6456 -0.45941 -2.8076 -1.6339 0.8856 -1.5941 0.92647 -0.23476 0.97246 1.3518 0.93545 0.22063 0.61929 0.17757 -0.55274 0.15232 -1.401 -1.0365 -0.29569 -0.11505 -0.335 0.36485 0.18677
0.20322 -0.74686 0.0054038 -0.23258 -0.53953 -1.8885 -0.5402 0.19347 -1.0448 1.8354 1.7199 -0.65313 0.34963 2.2427 -1.375 -0.065604 -0.42431 -0.52153 -2.3411 -1.8974 0.35512 -1.8074 0.56168 -0.19607 0.78868 1.208 -0.25303 1.0887 0.69174 0.63136 0.20849 1.7978 0.02327 -0.88138 0.37527 -0.42252 -0.60137 -0.050341 -0.66341
0.64476 -0.95716 0.010269 -0.26054 -0.65776 -2.1339 -0.97498 -0.073698 -2.0934 1.4065 1.0426 -0.54787 0.56562 1.7198 -0.98559 0.15436 -0.083163 -0.25673 -0.99509 -1.4687 0.17501 -1.3661 0.60965 -0.64156 0.7269 0.7644 -1.2735 1.9643 0.33626 0.62492 0.36638 2.5612 1.2516 -1.0368 1.1885 -0.87057 -0.56562 -0.42353 -1.4087
1.0942 -0.93173 0.55588 -0.098029 -0.28807 -1.8536 -1.0159 0.34086 -2.3283 1.1623 1.0288 -0.055363 0.62295 1.1083 -0.24169 0.44825 0.35263 0.040184 0.25973 -0.69855 -0.24999 -0.82042 0.024901 -1.1088 0.48439 0.30077 -2.1357 2.2404 -0.39255 0.44507 0.61142 2.3654 1.8078 -0.93632 2.0977 -0.80863 0.017464 -0.62423 -1.6296
1.2839 -0.81147 0.27401 0.16958 -0.29974 -2.0873 -0.48325 -0.23004 -2.1188 0.56312 1.2929 -0.11625 0.57549 0.30003 0.92757 -0.033433 0.10397 -0.039946 0.90397 0.15262 -0.66683 0.22613 -0.4722 -0.96659 0.28464 -0.44693 -2.5367 1.8837 -1.0911 0.18655 0.62303 1.5097 1.8464 -0.83478 2.4067 -1.0128 0.54933 -0.80511 -1.2742
1.1374 -0.82742 0.37122 -0.033281 -0.2451 -2.0366 -0.54466 -0.42111 -2.1345 0.60981 0.52795 0.34015 0.56002 -1.0321 1.3288 -0.68947 0.29227 0.53391 1.3368 0.7509 -0.89977 1.4809 -0.44638 -0.0053586 -0.23969 -0.7925 -2.3518 1.0743 -1.2645 0.049037 0.47115 0.5595 1.7466 -0.34888 2.3832 -0.82876 0.54552 -0.79002 -0.64364
1.0865 -0.2424 0.4811 -0.22742 -0.64686 -0.93954 -0.89667 0.056367 -1.7668 1.2827 -0.19573 0.052604 0.2744 -1.9431 1.3074 -1.2851 0.28585 0.68221 1.4141 1.3401 -0.99482 2.1694 -1.0928 -0.055549 -0.52967 -0.72598 -1.5781 0.013129 -0.9609 0.4336 0.36633 -0.17412 1.6028 0.076732 1.9354 -0.68684 0.27738 -0.47997 0.02318
0.52907 0.50235 -0.32276 -0.085806 -0.64999 -1.0381 -0.46543 -0.90418 -0.76757 1.1139 0.56529 -0.64057 -0.22813 -2.1581 1.3258 -1.2546 0.34983 0.57761 1.0869 2.0488 -0.71411 2.8483 -1.2521 -0.43453 -0.69627 -0.58711 -0.40622 -0.53636 -0.46493 0.52427 -0.0044231 -0.75001 1.2504 0.19257 1.0245 -0.627 0.1197 -0.38297 0.47358
-1.044 0.41529 -0.60477 0.39903 0.77799 -0.71143 0.20904 -1.0601 0.25855 0.26509 1.7989 -0.75077 -0.16599 -2.0807 0.95485 -1.5186 0.86444 0.63843 0.67095 2.5672 -0.62872 3.3108 -1.3861 -0.18158 -0.4422 -0.50929 0.74386 -0.80194 0.28259 0.42034 -0.50472 -0.77974 0.63748 0.32452 -0.08866 0.0060488 0.25668 -0.063749 0.65935
-1.1741 0.28497 -0.7174 0.29013 0.50891 -0.61886 1.0214 -0.85181 0.75966 -1.1016 0.52057 -0.4403 0.097363 -1.7195 0.63423 -1.4242 0.95752 0.5547 0.21985 2.521 -0.74529 2.9046 -1.5025 0.29914 -1.0406 -0.13931 1.5764 -0.68211 0.75814 -0.041911 -0.8409 -0.38668 -0.72078 0.16494 -1.0975 0.84905 0.52377 0.17875 0.52625
-0.93444 0.74024 -0.67961 0.38597 -0.1097 -1.2004 1.9669 -0.92823 2.0014 -0.58667 -0.3528 -0.80664 -0.0081748 -0.77183 0.34897 -0.67081 0.74707 -0.25383 0.30069 2.3052 -0.40637 1.9677 -0.96362 0.10485 -0.4633 0.10911 1.6711 -0.32025 1.1394 -0.43575 -0.63348 0.066301 -2.277 -0.15058 -2.1329 1.2431 0.78 0.044038 0.15003
-1.2564 0.40195 -1.1897 1.016 0.30191 -0.8277 1.8918 -0.97248 2.6566 -0.31744 0.21393 -0.10822 -0.26242 0.13211 0.52005 -0.27047 0.33083 -0.55968 0.49678 0.76053 -0.53701 1.3817 0.14764 0.50667 -0.29669 -0.050444 1.158 -0.18628 1.2704 -0.66924 0.029712 0.38283 -3.1085 -0.054145 -2.4294 1.0589 0.88363 0.44791 -0.20052
-1.3185 0.92281 -1.2303 0.79643 0.13549 -0.53735 1.6998 -1.3606 2.2267 -0.63607 1.3714 -2.4724 -0.0083379 0.11498 0.4937 0.016921 0.38209 0.0045579 0.64649 -0.97428 -1.0073 -0.082324 0.15103 1.3336 -0.70002 -0.31027 0.38067 -0.26231 0.94766 -0.61219 0.67101 0.097895 -2.8525 0.14029 -2.2061 0.15965 0.65648 0.31443 -0.092403
-0.85149 0.79294 -0.85001 0.77581 -0.67671 -0.56255 2.5973 -1.4186 1.9424 -0.56938 1.1441 -0.60149 -0.030319 0.0006936 0.26225 0.58627 -0.081375 0.48897 0.78235 -1.8651 -0.54729 -0.8024 -0.04865 1.5199 0.016016 -0.24749 -0.049942 -0.4765 0.47869 -0.16401 0.65338 -0.58524 -1.5669 0.86994 -1.4967 -0.97199 -0.20335 0.28435 0.30517
-0.84502 1.0068 -0.79015 0.54445 0.34029 -0.10228 0.67885 -1.5489 2.6716 0.24318 1.8771 -0.74238 -0.17784 0.0064952 0.054183 0.65895 -0.16421 0.49841 0.33394 -1.9139 -0.15693 -1.2373 -0.56863 0.95951 0.046233 0.062887 -0.024235 -0.35115 0.15698 0.16962 0.41603 -0.73144 -0.029285 1.5997 -0.33196 -1.1449 -1.3337 -0.26553 0.56775
-1.1182 0.91819 -0.75173 0.96446 0.5368 -0.30769 -0.1978 -2.2209 0.38529 -1.2473 1.5976 -1.8049 -0.41992 0.095167 -0.033402 0.30027 0.3037 0.4366 -0.51201 -1.8214 0.5834 -0.95636 -1.3529 0.26126 -0.065303 0.25486 0.52042 -0.62249 -0.68715 0.20965 -0.042474 -0.57378 1.4323 2.0488 0.48361 -0.10948 -1.9894 -0.18175 0.53138
-1.1712 0.87228 -0.19671 0.35524 0.65276 -0.32095 0.17639 -1.0641 1.5087 -0.3566 1.8365 -0.26151 -0.28953 0.024548 0.072862 0.45734 0.49752 0.82498 -0.15841 -1.0813 1.2745 -0.65262 -1.3869 -0.82757 -1.1769 0.35088 1.1372 -1.2232 -1.2258 -0.57901 -0.50599 -0.47978 1.7419 1.7221 1.2318 1.052 -2.0608 0.56881 0.63681
-1.2404 0.50519 -0.87294 0.94642 0.5591 -0.47631 0.22298 -1.1694 0.77317 -1.469 1.8098 -1.128 0.15678 0.96516 -0.75854 -0.57492 -0.03128 0.2526 -0.11406 0.45329 2.3851 -0.15374 0.1443 -1.745 0.28099 0.4626 1.4394 -1.5971 -1.3495 -1.1591 -0.77873 -0.45762 1.1154 0.6332 1.1969 1.4936 -1.7524 0.91092 0.80967
-0.74109 1.1054 -0.95152 1.3021 0.088238 -1.4327 0.0087487 -0.50555 1.1732 -2.6784 1.4741 -2.4587 0.34294 1.6964 -1.5749 -1.1606 -1.0536 -0.35948 -0.82309 0.28059 2.0076 0.75949 0.68068 -2.3447 1.0581 0.98193 1.3094 -1.4885 -1.2236 -1.3957 -0.79775 -0.56311 0.025021 -0.58302 1.022 1.2289 -0.82002 1.0292 0.80996
-0.81729 1.0114 0.012082 1.1881 1.1549 0.093234 0.85907 0.071241 1.3056 -1.4614 -0.50166 -2.1527 0.037563 1.9482 -1.8114 -1.3763 -1.0352 -0.43699 -1.0942 -0.3791 1.3402 0.66771 0.45306 -2.6441 0.70027 1.239 0.36473 -0.68023 -0.83882 -1.184 -0.1607 -0.031683 -0.86548 -1.7265 0.3041 0.45034 0.20119 0.025315 0.6221
0.82694 -0.55644 -1.9951 0.022419 0.62278 -0.20816 0.8817 1.4472 1.8364 1.4693 -0.44876 0.75909 0.10972 1.9792 -1.8253 -1.395 -1.5463 -0.33202 -0.78996 -0.6455 0.75124 0.92607 0.79388 -2.0969 0.73794 1.2628 -0.51518 0.38249 -0.87195 -0.8267 0.1144 0.57382 -0.90069 -2.1073 -0.50757 -0.20072 1.1246 -0.8563 0.19113
0.943 -1.2629 -1.7379 -0.82428 -0.38083 -2.0319 -0.35442 -0.33733 1.8029 -1.0287 -1.2636 -0.0038031 1.0685 1.5066 -1.739 -1.9999 -1.9449 -0.057851 -0.20897 -0.78209 -0.071707 0.35439 0.93868 -1.4574 0.51699 1.3215 -1.1896 1.5324 -0.39787 -0.48243 0.27514 1.1597 -0.38077 -2.1549 -0.94934 -0.63647 1.4402 -1.4021 -0.31377
0.90776 -0.80658 -1.5095 0.065962 0.20446 -1.6292 -0.4491 0.39494 2.1989 -1.0734 -1.2824 -0.68161 1.3465 0.95756 -0.98257 -2.4522 -2.1072 -0.32538 -0.15535 -1.2843 -1.0506 -0.073124 0.047748 -0.60009 -0.57335 1.25 -1.1633 2.2215 -0.079727 0.19166 0.29162 1.5914 0.34157 -1.4473 -1.1632 -0.30576 1.286 -1.0435 -0.99125
1.1951 -0.89967 -2.185 -0.39122 0.31038 -1.0377 -0.28953 -0.12206 2.1289 -1.0066 -0.71301 -1.5494 1.3519 0.24042 0.2722 -1.5753 -1.6355 0.087419 0.84893 -0.82301 -1.608 -0.68229 -0.39466 -0.39621 -1.4808 0.74626 -0.60418 2.0496 0.57344 0.5586 -0.077051 1.1561 0.79748 -0.64418 -0.96417 -0.057077 1.0923 0.063676 -1.4448
1.0306 -0.8119 -2.8897 -1.2222 0.66539 -0.5816 -0.26194 -0.12571 1.3647 -0.15259 -1.3255 -1.3568 1.3652 0.44293 0.79861 -1.7472 -1.3528 0.15425 1.789 0.0052674 -1.0677 -0.82169 0.87019 0.047062 -0.36827 -0.033572 -0.022945 1.2191 1.2437 0.9606 -0.36635 0.35819 0.84942 0.31997 -0.78075 0.18141 0.80642 1.5439 -1.4503
0.96301 -0.78572 -3.2116 -1.9866 0.22644 -0.2712 -0.8279 -0.96821 1.3674 -0.28133 -1.4478 -1.4519 1.2913 0.63819 0.71935 -1.2857 -1.3049 -0.43616 1.0723 0.083041 -1.2179 -1.1498 0.41115 0.48962 0.56866 -0.34699 0.34915 0.24532 1.4648 1.2669 -0.88312 -0.80622 0.2862 0.71305 -0.5787 -0.18505 0.7884 1.9594 -1.028
1.2836 -0.34981 -3.1102 -1.7693 0.23457 -0.24265 -0.42228 -1.0663 0.8286 -0.16097 -1.2137 -1.1471 1.2561 0.71789 0.78763 -0.29212 -0.52246 -0.74934 0.41998 -0.12717 -0.68088 -1.3606 -0.016843 0.63107 1.5767 -0.52252 0.30214 -0.1635 1.6635 1.7701 -0.75193 -1.3583 -0.16586 0.73358 -0.60962 -0.64862 0.70848 1.0817 -0.52881
1.7013 -0.088411 -3.1627 -1.5471 -0.066656 -0.065914 -0.18686 -1.1309 1.0663 -0.041435 -0.99901 -0.52791 1.0815 0.75672 0.68237 0.4106 0.25783 -1.1241 -0.065436 -0.2333 -0.53563 -1.5406 -0.31141 0.94827 1.5693 -0.65219 0.16729 -0.32005 1.0792 1.848 -0.090136 -0.95376 -0.27494 0.86426 -0.46468 -0.065764 0.59211 -0.033778 -0.30201
1.8229 -0.13414 -2.8756 -1.3716 -0.29563 -0.50774 -0.31133 -0.96284 0.41053 -0.843 -0.097575 -0.30197 0.94564 0.9497 0.55465 0.4852 1.0916 -0.91691 -0.32489 -0.18522 -0.10644 -1.8143 -0.012485 1.2875 1.363 -0.7245 -0.064553 -0.47862 0.40864 1.2274 0.63015 -0.51881 -0.11156 0.72229 -0.363 0.58343 0.62154 -1.0998 -0.050726
1.9233 -0.087701 -2.7029 -1.3952 -0.48352 -0.42308 -0.71425 -0.80217 -0.30582 -0.65609 -0.34103 0.64904 0.77604 0.8366 0.31793 0.3267 1.2558 -0.51562 -0.44381 -0.44704 0.030345 -1.8287 0.27611 1.3884 0.63084 -0.72636 -0.37402 -0.5228 0.046941 0.49983 1.2475 0.023938 0.1971 0.54574 0.27137 1.1133 0.38759 -1.6172 0.21398
1.7938 -0.051642 -2.6682 -1.2767 -0.97932 -0.51545 -0.81896 -1.279 -0.97479 -0.32524 -0.40283 0.15535 0.6591 0.5595 0.19319 0.51218 1.2149 0.14572 -0.4255 -0.26419 0.31842 -1.9243 0.79409 1.6994 -0.17399 -0.56344 -0.85231 -0.69553 0.25944 -0.064227 1.5376 0.37441 0.4341 0.13114 1.4282 1.0703 -0.18491 -1.9437 0.46616
2.5327 0.071584 -2.9006 -0.36593 -0.69857 -0.55115 -0.74118 -1.1038 -1.2107 0.012441 0.5653 0.056414 0.51108 0.2557 0.014344 0.49126 1.1062 0.71177 0.015712 0.15778 0.21935 -0.95794 1.4001 1.5427 -0.93798 -0.38688 -1.1085 -0.9832 0.70019 -0.31852 1.4698 0.36171 0.38495 0.28199 2.3218 0.44989 -1.2173 -1.3994 0.71621
2.488 0.12536 -2.8503 -0.28787 -0.17299 -0.70712 -0.7312 -0.87899 -1.4633 0.21737 0.83845 -0.43035 0.44861 -0.34878 -0.42419 0.88964 1.0481 1.3853 0.16423 0.3212 0.027027 0.53077 1.4583 0.81637 -1.7945 -0.14459 -1.1836 -1.2647 1.1648 -0.65149 0.78963 0.27464 -0.10729 0.97249 2.6631 -0.64255 -2.2626 -0.13659 0.83098
2.2283 0.059267 -2.3113 -0.38716 0.21217 -0.64856 -0.40054 -0.42223 -1.8793 0.70593 1.747 -0.64602 0.50379 -0.7764 -0.97344 1.4389 0.75728 1.6522 -0.044727 -0.025733 0.67306 1.4645 0.79414 -0.71777 -1.3901 0.21425 -0.92528 -1.2484 1.606 -0.70342 -0.29925 -0.026514 -0.32094 1.7522 1.9174 -1.7405 -2.4609 1.2097 0.78123
1.9309 -0.25505 -2.3072 -0.34695 0.41246 -0.27393 -0.2559 -0.87937 -0.60197 1.0209 1.4266 -1.2204 0.50982 -1.1319 -1.3724 2.1977 0.20032 1.1764 0.12773 -0.40808 1.8201 2.05 -0.13529 -1.8988 -0.20238 0.46981 -0.31979 -0.76268 1.6638 -0.52072 -1.399 -0.17575 -0.050966 2.0181 0.67261 -2.2839 -1.7127 2.0251 0.51951
1.2209 -0.74 -1.73 -0.088116 1.0961 -0.27019 -0.60093 -1.2022 0.94435 1.2904 -0.20991 -1.9434 0.61572 -1.0779 -1.5444 2.8116 0.24634 0.25738 -0.034242 -0.12543 2.442 2.0156 -1.1284 -2.2419 0.75859 0.56008 0.22077 0.047134 1.2888 -0.33854 -1.9324 -0.13267 0.55495 1.6352 -0.70335 -2.1046 0.090407 1.8147 0.1668
1.2536 -1.2129 -1.3355 -0.055045 0.98325 -0.93412 -1.1234 0.14516 0.77271 0.23213 -1.6861 -1.1577 0.93645 -0.79292 -1.3789 3.2844 0.35294 -0.55646 -0.20219 0.24405 2.7359 1.5643 -1.9417 -2.0028 1.2877 0.51757 0.52249 0.76065 0.48131 -0.37537 -1.7046 -0.095158 1.304 0.78778 -1.8377 -1.1386 1.801 1.0557 -0.058888
1.3529 -1.3523 -0.58888 -0.25387 0.62207 -0.30887 -1.1871 2.0775 1.2052 -0.47135 -1.2812 0.51396 0.96456 -0.53173 -0.88892 3.2839 0.062501 -1.1295 -0.15637 0.6902 3.1256 0.33685 -2.3221 -0.48537 1.5922 0.46067 0.46587 1.1446 -0.54111 -0.71457 -0.77951 0.21726 1.6376 -0.40686 -2.164 0.42543 2.4907 -0.099474 -0.16438
1.0709 -1.5216 0.18103 -0.022778 -0.12041 -0.782 -0.15837 1.9347 0.78907 -1.1043 -1.0361 0.2977 0.97367 -0.42758 -0.45456 2.8581 -0.39338 -1.3473 -0.01417 1.6713 2.8774 -0.69033 -1.7164 0.97198 1.5593 0.42843 0.30268 1.0453 -1.6376 -0.82709 0.24913 0.48491 1.5724 -1.6636 -1.7742 1.8315 1.8748 -1.1402 -0.12822
1.1229 -1.487 0.91391 0.098504 -0.41438 -0.66154 0.18645 2.0057 0.81226 -1.3714 -0.66312 0.1365 0.97814 -0.3889 -0.13447 2.0325 -0.68451 -0.81452 0.28211 2.2917 1.6397 -1.0721 -0.43757 1.4584 0.4441 0.34465 0.33924 0.67034 -2.524 -0.64756 0.96963 0.64511 0.78773 -2.3211 -0.90771 2.6711 0.37824 -1.6033 -0.094001
0.96476 -1.3237 0.68828 -0.36764 -0.51843 -0.34753 0.19616 2.5456 0.30057 -1.641 0.41537 0.14961 1.0558 -0.29728 -0.046067 0.89228 -0.7827 -0.23543 0.51436 2.4482 0.50589 -1.1872 0.59996 0.92817 -0.44061 0.37349 0.47102 0.32234 -2.8049 -0.25841 1.0104 0.65083 -0.28797 -2.231 -0.12857 2.3945 -0.70444 -1.3884 -0.12969
0.61402 -1.4706 0.99818 -0.7178 -0.30611 -0.57678 1.2118 2.8955 -0.20503 -0.76783 0.26741 0.48477 1.275 0.038413 0.0050825 -0.38859 -0.92468 0.15605 0.82965 1.7928 0.16579 -1.1833 1.6042 0.31735 -0.65527 0.34084 0.60483 0.097785 -2.2509 0.09338 0.45944 0.46508 -0.93883 -1.6866 0.33981 1.5143 -1.0165 -0.67671 -0.24869
0.98582 -1.445 0.68682 -0.88475 0.069813 -0.41109 1.4804 2.6472 -0.61711 -0.30666 -0.056282 -0.21526 1.2985 0.24003 0.0060284 -1.1056 -0.74568 0.08612 0.97359 1.3365 -0.3705 -0.88595 1.8197 0.064692 -0.69978 0.22588 0.54293 0.16592 -1.356 0.39383 -0.18437 0.37025 -1.3957 -1.191 0.6685 0.42398 -0.64923 -0.33469 -0.42595
0.97371 -1.4869 0.46 -0.84093 -0.027458 0.3143 1.9953 2.337 -0.28151 0.064214 -0.25586 -0.21132 1.296 0.47351 0.0034134 -1.1194 -0.53405 -0.098939 0.94936 1.0076 -0.93601 -0.56179 1.8318 -0.23872 -0.78292 0.023462 0.16725 0.23597 -0.18644 0.48735 -0.51904 0.19345 -1.3451 -0.67274 0.74251 -0.40689 -0.1913 -0.21001 -0.44939
1.2548 -1.4627 -0.16335 -0.91801 -0.26452 0.043184 1.5873 2.0452 -0.92995 0.87615 -0.49494 -0.74271 1.2705 0.50068 0.22988 -1.2399 -0.26128 -0.44944 1.1652 0.11946 -1.0732 -0.19684 1.2869 -0.15642 -1.0355 -0.14666 -0.20509 0.24448 0.62325 0.30475 -0.31973 -0.15792 -1.2952 -0.018073 0.56015 -0.83466 0.15553 -0.14801 -0.26803
1.3198 -1.3686 -0.14046 -0.85952 -0.5089 0.48927 1.5163 1.8407 -0.39696 0.5091 0.22209 -0.52231 1.2159 0.22234 0.28259 -0.65844 -0.27964 -0.55074 1.0975 -0.22242 -0.68859 -0.082612 1.0875 0.020593 -0.89169 -0.18925 -0.45229 0.12939 0.97048 0.13625 0.074476 -0.52766 -0.94639 0.34567 0.55361 -0.86801 0.30948 0.043234 -0.059383
1.3996 -1.3703 -0.093022 -1.2404 -0.4807 0.45593 1.8553 1.6576 -0.7601 0.97474 0.033442 -0.6604 1.1372 -0.01517 0.26976 -0.17725 -0.31856 -0.28554 0.57336 -0.5759 -0.53235 -0.035472 0.5933 0.25125 -0.92315 -0.093734 -0.34636 -0.073193 1.0152 0.14138 0.39522 -0.97784 -0.56214 0.14559 0.53351 -0.36867 0.10465 0.13659 0.043935
1.2743 -1.1167 -0.29945 -0.95315 -0.7007 0.83302 1.343 1.6602 -0.50608 0.94406 -0.33044 -1.2929 1.1434 -0.1108 0.19897 0.14955 -0.25829 -0.032748 0.19324 -0.49919 -0.59584 0.43486 0.51642 0.19484 -0.72658 -0.094869 -0.054506 -0.011225 0.71322 0.39944 0.37517 -1.0947 -0.60114 -0.31163 0.55608 0.23363 -0.042985 0.32193 -0.060867
1.2107 -1.1799 0.087867 -1.2147 -0.53749 1.0322 1.4022 1.9201 -0.6903 1.3686 -0.17502 -1.4032 1.104 0.022762 0.15661 0.23903 -0.015477 0.046436 -0.31849 -0.85535 -0.86581 0.5826 0.86215 -0.033469 -0.81502 -0.12028 0.084978 0.28209 0.64041 0.59322 0.10585 -1.0074 -0.69 -0.55142 0.20282 0.79711 -0.1255 0.76352 -0.37251
0.9986 -1.241 0.038216 -1.1955 -0.37013 0.54309 1.0856 1.4789 -0.46036 0.84542 0.22618 -1.4606 1.2582 0.10368 0.32521 0.45844 0.29578 0.00021994 -0.62179 -1.2711 -1.0835 0.69048 1.3909 0.065039 -0.26455 -0.27022 -0.035288 0.88298 0.66237 0.88357 -0.080272 -0.75444 -0.71444 -0.64252 -0.50717 0.39893 -0.13699 1.1173 -0.83504
1.3136 -1.2265 -0.12406 -1.1757 -0.41232 0.14778 1.0794 1.0729 0.13942 1.6133 -0.040176 -1.4106 1.0784 0.038261 0.67132 0.85882 0.48466 -0.09453 -1.0129 -1.5498 -1.2778 0.23091 1.6681 0.046087 0.42813 -0.59932 -0.58464 1.5727 0.69902 1.3735 0.26392 0.19279 -0.25747 -0.26092 -0.78662 -0.76674 -0.19219 1.5086 -1.5203
1.528 -1.1183 0.1304 -0.85021 -0.57777 0.22174 0.50107 0.63634 0.38586 1.9367 -0.024709 -1.6897 0.99724 -0.18238 1.3868 1.0707 1.1012 -0.10685 -0.95681 -1.559 -1.5417 -0.37779 0.86643 -0.13897 0.95598 -1.1892 -1.0894 1.8028 0.13108 1.485 0.58139 0.9161 0.079481 0.33733 -0.68077 -1.8971 -0.052524 1.5027 -1.8461
1.4231 -0.73067 0.40693 -0.78021 -0.61151 0.053934 0.12121 0.54172 0.02007 3.1648 -0.11065 -0.98143 0.76042 -0.92349 2.1965 1.2317 2.0847 0.60647 0.21133 -1.2368 -1.108 -0.41597 -0.34472 -0.34063 1.6774 -2.0919 -1.269 1.3891 -0.45995 1.3414 0.87287 1.0518 0.53156 0.91734 -0.16453 -2.3266 0.27257 1.186 -1.5751
1.0474 -0.18048 0.81743 -0.47012 -0.78207 -0.20148 -0.5371 0.39874 -0.69089 2.8996 -0.22642 -0.65704 0.3991 -1.447 2.5088 0.5216 2.2018 0.75676 0.5484 -1.3029 -0.57274 -0.31265 -1.2266 0.14058 2.2016 -2.4768 -0.88041 0.16879 -0.87882 0.60053 0.87448 0.64415 0.81531 1.071 0.50043 -1.9749 0.64588 0.75107 -0.61774
0.77471 0.57554 1.0928 0.18714 -0.42147 -0.13507 -0.14291 -0.16043 -1.3571 1.3114 -0.19044 -0.15254 -0.31287 -1.6963 2.3816 0.2911 2.3787 1.1321 0.28313 -0.68096 -0.13216 -0.12288 -1.728 0.4667 2.2497 -2.4744 -0.31966 -1.4349 -1.1674 -0.89318 0.60127 -0.055267 1.0113 0.68545 1.1658 -1.0382 0.61906 -0.10923 0.92804
-0.38777 1.4017 0.95841 1.588 0.93045 1.2372 -0.091709 0.25166 -0.05382 0.0058126 -0.38721 0.77384 -1.2948 -1.4374 1.5741 -0.075079 2.0478 1.2918 0.25571 -0.29262 -0.12531 0.44943 -2.2142 0.79653 2.2267 -1.9839 0.13357 -2.4083 -0.75306 -2.4691 0.2857 -0.5767 0.83823 0.22279 1.0979 0.1547 0.090585 -0.94016 2.2589
-0.18589 1.4044 -0.087152 0.90973 0.051038 0.49252 -0.90038 0.48272 0.18446 0.94218 0.49767 1.1692 -1.3912 -1.5229 0.32665 -0.61918 0.53204 1.4836 0.23303 0.18044 -0.11514 1.4726 -1.8375 0.61462 1.4662 -0.84912 0.50539 -2.4985 -0.06624 -3.4899 -0.41075 -1.0787 0.48672 -0.20424 0.13454 1.5818 -0.26578 -1.5913 2.8603
-0.43143 1.4369 0.85933 1.6945 0.70555 -0.059162 -0.25548 0.50658 -0.19707 0.7514 0.60475 0.99737 -1.3548 -1.2822 -0.38933 -0.40702 -1.3775 1.1287 -0.57486 -0.14514 -0.1898 1.0269 -0.88443 0.24735 0.69913 0.33077 0.81829 -2.0319 0.44038 -3.3093 -1.131 -1.2214 0.22545 -0.61155 -0.71111 2.3587 -0.73122 -1.6427 2.6326
-0.24378 0.89617 0.62946 1.2871 0.86008 0.19256 -0.37026 0.050737 0.26161 0.065018 0.80722 2.0254 -1.2012 -0.82839 -0.70947 0.34213 -2.2725 0.4439 -1.4355 0.15564 -0.47007 -0.1504 0.61495 0.17858 -0.20946 0.95159 1.4744 -1.3503 0.52349 -2.2046 -2.0496 -1.0354 -0.12997 -0.87187 -1.3431 2.2616 -1.1278 -1.2083 1.8287
-1.4097 0.2198 0.14072 -0.26433 1.4496 0.41493 0.0056548 -0.011823 1.7679 -0.38016 0.082118 0.79821 -0.48738 -0.25514 -1.2192 0.26524 -2.5845 -0.32057 -1.3239 0.12607 -1.0444 -0.12475 1.0483 -0.51914 -0.26331 1.3344 1.8482 -0.69676 0.54358 -0.48799 -2.4749 -0.59257 -0.061823 -0.53068 -1.0933 1.6085 -1.572 -1.0393 0.92496
-1.1755 0.80668 0.72191 -1.2271 1.2517 -0.50847 -0.6624 -0.17176 -0.15505 0.0051169 -0.10388 0.94544 -0.34247 0.71785 -1.4575 0.019203 -2.8849 -1.6617 -1.4413 -0.23457 -1.2487 -0.56802 1.4998 -1.3631 -0.49393 1.5805 1.9895 -0.18752 0.39594 0.90382 -2.1105 -0.030959 -0.21028 0.045475 -0.83034 0.61928 -1.6375 -0.73883 0.245
-1.1103 0.87516 1.1872 -0.49727 0.77757 -0.79232 -0.047622 -0.018939 -0.80813 2.3078 0.54053 0.51503 -0.62154 1.3967 -1.1479 0.76607 -1.9622 -2.4928 -1.7514 -0.097971 -0.75286 -0.89427 1.7319 -2.2695 -1.2551 1.5006 1.4676 0.14188 0.26414 1.7695 -1.0801 0.62038 -0.18905 0.60463 -0.52559 -0.33629 -1.1382 -0.61777 -0.19094
0.059239 -0.48441 0.068344 -1.5254 -0.78738 -1.1272 -0.7076 -1.097 0.46535 2.1369 -0.32626 1.2653 0.16713 2.0615 -1.0467 0.83059 -0.93711 -2.455 -1.2987 -0.16669 -0.54066 -1.3835 1.4462 -2.3705 -1.1969 1.264 0.50443 0.53583 -0.034645 2.1162 0.41073 1.2887 -0.23136 0.73493 0.1629 -1.6904 -0.15291 -0.15339 -0.57553
0.76913 -0.60435 0.89347 -1.6376 -1.3607 -1.326 -0.4595 -1.13 -0.78179 1.6367 -1.805 0.53734 0.54306 1.8146 -1.1887 0.35495 -0.33375 -1.9597 -0.19352 -0.30126 -0.32601 -0.74138 0.42656 -2.3982 -1.1482 1.1902 -0.87935 1.4421 -0.3811 1.8419 1.8926 1.3281 -0.010104 0.67258 0.91935 -1.8667 1.2945 0.40517 -1.2126
0.80399 -0.28267 1.5565 -1.2924 -1.6664 -1.5364 -0.23396 -0.32874 -0.32003 1.6609 -2.8517 -0.53843 0.56703 1.4525 -0.55841 0.16819 0.15774 -1.144 0.2935 -0.60795 -0.15729 -0.32803 -1.0774 -1.626 -0.83613 0.81741 -2.3718 1.8377 -0.80003 1.4673 3.0073 1.0879 0.40252 0.19739 1.3144 -1.3966 2.2396 1.149 -1.6792
0.93663 -0.52829 0.99713 -1.5573 -0.89497 -1.0195 -0.46125 -0.55472 -1.3558 1.7895 -2.5158 -0.73107 0.728 0.061733 0.96558 0.40066 0.84718 0.43912 0.043664 0.074498 0.24909 0.36759 -0.57231 0.050538 -0.58445 -0.21456 -2.9757 1.5673 -1.0966 1.0044 3.0753 0.61514 0.57394 -0.54814 0.98704 -0.88952 2.7199 1.5626 -1.8005
0.99125 -0.5605 0.9019 -1.2095 -1.3353 -0.56989 -1.1171 -0.66832 -1.2433 1.4128 -2.4964 -0.033109 0.7048 -1.4873 0.87942 -0.66281 1.1462 2.0416 0.70226 0.39334 -0.48208 0.621 -0.72412 1.0691 0.89018 -0.71921 -2.7221 0.58046 -0.79917 0.42968 2.1 0.4609 0.66732 -0.72065 0.82942 -0.56777 1.9909 1.2845 -1.2331
1.2405 -0.14491 0.84568 -0.44573 -1.3477 -0.7567 -0.92542 -0.76383 -0.22099 0.47733 -1.3622 0.036498 0.38444 -2.2681 0.6544 -1.2479 1.0019 2.2722 0.79356 0.27671 -1.1471 0.70552 -1.4533 1.9202 1.2015 -0.9214 -1.5657 -0.87778 -0.21273 -0.56514 0.29395 0.57865 0.31737 -0.51332 0.046551 -0.9797 0.67403 0.48019 -0.065978
-0.17746 1.1342 0.94129 -0.79579 -0.020528 -1.76 0.034025 -0.69964 1.2914 1.7935 -0.66683 0.18294 -0.15811 -2.4618 0.54875 -0.47646 0.86246 1.9192 0.80722 0.54972 -0.75036 1.1175 -1.7268 1.5842 0.91621 -0.80039 0.04091 -1.2376 1.2114 -1.1416 -1.3563 0.33077 -0.21317 0.6771 -0.57984 -0.92509 -0.52297 -0.61167 0.77175
-1.7545 -0.0071304 0.26526 -0.23965 1.8394 -0.034543 0.25496 -1.7163 -0.74636 0.46714 -1.3498 1.5943 -0.12974 -2.3716 -0.29712 -0.078084 -0.042567 1.0636 1.111 0.57994 -0.53817 0.20921 -1.9461 1.1909 0.40668 -0.2764 1.4849 -0.96848 1.9928 -0.62126 -1.8366 0.39731 -0.80637 1.9643 -0.80954 -0.49839 -1.0158 -0.93594 0.84201
-1.7103 0.049675 0.00064625 -0.47341 0.68807 -0.40541 -0.57685 -1.7492 0.11547 -0.63778 -0.084735 0.27516 -0.19909 -1.3572 -0.65998 0.99768 -0.41414 0.087514 1.1767 -0.19821 0.41514 -0.26085 -2.2487 0.33452 0.063714 0.19727 2.3962 0.27239 1.7144 0.53531 -1.6088 -0.069299 -1.2249 2.2585 -0.64437 0.85494 -0.63145 -0.89255 -0.02028
-1.3641 0.064174 1.0025 -0.53684 0.59112 0.045083 -0.18132 -0.94513 0.56874 -0.46905 -0.70703 0.39153 0.088777 -0.046505 -0.31727 1.7039 0.50633 -0.27887 1.3726 -0.9337 1.7676 -0.18267 -2.1499 0.41761 -0.25782 -0.068738 2.3519 1.487 0.57538 1.9376 -0.53485 -0.47392 -0.6427 1.7505 -0.16435 2.0559 -0.43378 -0.22122 -1.1043
-1.6742 -0.89045 0.96318 -1.3342 -0.70744 0.39461 -0.31895 -1.2107 -0.85798 -1.2364 -0.56516 0.49589 0.42197 0.85061 1.0077 1.8072 1.5627 -0.44554 0.5242 -1.0853 2.1188 0.057718 -0.0025973 0.6453 -0.54856 -0.93348 1.2582 1.4476 -1.5923 1.8227 0.54873 -0.72921 0.54322 0.93234 -0.041002 2.4602 0.26138 0.25743 -1.421
-0.69832 -0.056177 2.1691 -0.74639 -0.30323 -0.15324 -0.92273 0.1732 0.18823 -1.9183 -0.95135 0.31781 0.26259 0.91687 1.3 0.58753 2.5003 0.32568 0.49074 -0.24515 1.7261 -0.27095 0.84258 0.12232 0.28569 -1.476 0.17423 0.4322 -3.0394 0.26892 1.1969 -0.96266 1.5906 0.0067037 0.22143 1.9624 0.54007 0.42049 -0.58803
-0.97844 0.89014 2.0717 0.75647 1.2981 0.46424 -1.033 1.3625 0.59132 -0.9363 0.10195 0.38617 -0.75582 0.51187 0.89797 -1.3782 1.9106 0.83051 0.16997 0.47686 2.0928 -0.29737 0.93737 1.0192 0.34154 -1.3712 -0.83108 -1.0226 -3.2713 -1.6835 1.0027 -0.55665 1.7309 -0.90629 0.58454 0.83214 0.51512 0.40217 0.75277
-0.68631 1.3844 1.3824 1.8729 0.81675 0.36785 -1.246 0.025521 -0.7731 1.1494 -0.021562 0.37099 -1.4633 0.45014 0.44723 -2.3109 0.82139 1.3544 -0.35625 1.3252 1.7867 0.42529 1.1135 1.3491 0.17944 -0.78823 -1.0332 -1.5602 -1.7021 -3.1615 -0.022854 -0.31177 0.92454 -1.5732 0.80608 -0.035313 0.3703 0.13798 1.7579
-0.47843 1.0397 0.30153 1.8034 0.52421 0.21325 -0.095667 0.1661 -0.082176 -0.037611 -0.53438 0.8723 -1.3708 -0.46533 -0.23025 -2.7795 -0.66838 0.94402 -0.16125 1.4402 0.46631 0.84716 1.4407 1.0983 0.3495 -0.068792 -0.69104 -1.4502 0.66567 -3.163 -0.8649 0.32489 -0.30397 -1.8368 0.77665 -0.77185 -0.51794 0.26975 1.9467
-1.0906 0.0018238 -0.53448 -0.001777 1.0789 0.28384 0.67362 2.3242 -0.29924 -0.31209 1.15 0.78493 -0.5558 -0.5211 -0.67759 -1.8488 -1.9753 0.23295 0.028135 1.0282 -0.27226 0.72578 0.51609 0.84705 0.58755 0.69079 -0.25821 -1.1389 1.8683 -2.3673 -1.3616 1.0522 -1.4014 -1.7746 0.19698 -1.0573 -0.81878 0.21127 1.6388
-0.63283 -0.12548 -0.38588 -0.67493 1.3773 -0.44927 0.80153 1.2928 0.71935 -0.25727 1.1536 0.35015 -0.21933 -0.29042 -0.90172 -0.37207 -2.4589 -0.23759 0.59943 0.010259 -0.15949 1.0641 -0.24278 0.18149 0.7122 1.0096 0.63281 -0.66956 2.1116 -0.78935 -1.3077 1.2758 -1.4348 -1.7804 -0.28941 -1.4102 -1.1171 -0.45222 1.1845
-1.7484 0.65598 -0.049341 -0.39161 1.4698 0.19138 -0.071431 0.40702 1.9647 1.1544 0.31709 0.88232 -0.52681 -0.11727 -1.0711 -0.055821 -2.6005 -0.62321 1.3129 -0.69211 -1.0712 0.69964 -0.067832 0.091146 0.45347 1.2999 0.89005 -0.62267 1.1829 0.4759 -0.92567 1.1131 -0.57082 -1.8226 -0.95165 -1.2357 -0.99548 -1.3183 0.93934
-1.2892 0.49367 0.25754 -0.52622 1.0448 0.84422 -0.1785 0.24017 0.23332 0.22557 1.1252 1.3888 -0.56011 0.51605 -1.1217 0.2323 -1.7961 -1.0944 1.6847 -0.49647 -2.3155 0.29582 -0.96313 -0.8625 -0.48196 1.5266 1.0355 -0.73011 0.28634 1.1271 -0.23715 0.31746 0.63147 -1.6608 -1.5523 -1.1499 -0.3006 -1.8717 0.9593
-0.51783 -0.16332 0.62917 -0.94835 -0.15158 1.0267 -0.92705 0.34358 0.79166 -0.020217 -0.49144 1.4208 -0.2501 0.73914 -1.5793 0.041711 -1.4403 -1.0824 1.6544 0.15164 -2.4508 -0.74421 -1.4869 -0.71591 -1.4811 1.9396 0.75333 -0.46171 0.049204 1.8063 0.61804 -0.73963 1.2138 -0.65198 -1.4061 -0.72729 0.28532 -1.7655 0.66779
-0.87326 -1.0702 -0.80057 -2.3789 0.17977 1.5933 -0.012077 -0.21932 1.0255 -0.53025 0.731 0.99512 0.81194 1.2163 -1.8347 0.11557 -0.98543 -0.44932 1.0357 0.778 -2.4375 -1.2378 -1.7328 -0.050309 -2.1156 2.229 0.29505 0.15719 -0.12351 2.3855 1.351 -1.3516 1.0547 0.4859 -1.2215 0.3327 1.0402 -0.90491 -0.090126
-0.25723 -1.2044 -0.13229 -1.9705 0.18344 1.6057 0.56026 -1.1393 0.61114 -1.7602 -0.21876 -0.86097 1.3352 0.94089 -1.4637 0.10087 0.28592 0.23063 0.16922 0.98369 -2.1789 -1.2728 -1.0769 0.27203 -2.3079 2.0212 0.21001 0.97891 0.036289 3.2124 1.3365 -1.4156 0.25312 1.3095 -0.90225 1.0454 0.94666 0.35448 -1.2404
-0.21903 -1.3371 0.067249 -1.6433 0.31312 1.2668 0.60717 -2.2809 -0.36415 -1.1863 0.04222 -1.4537 1.4775 0.96799 -0.91867 -0.018013 1.6885 0.81202 -0.24218 1.0937 -1.5907 -1.8195 -0.54139 0.80533 -1.8908 1.3447 0.12768 1.1445 -0.44364 2.9449 0.84446 -0.9587 -0.36784 2.1664 -0.47059 1.3062 0.51691 1.7996 -1.9608
-0.0114 -1.2319 0.49535 -1.1114 0.92404 1.5345 0.37339 -2.1497 -0.45905 -0.96597 0.80107 -0.86811 1.4898 1.2573 -0.43554 0.18297 3.078 0.82232 -0.50178 0.45347 -0.54469 -2.2112 -0.097172 0.8229 -0.84593 0.39873 0.31796 0.75307 -1.0003 1.5941 0.23502 -0.51615 -0.55286 2.6558 0.25427 0.60449 -0.26893 2.5465 -1.8957
0.12062 -1.4599 0.19783 -0.13899 0.74491 0.90476 0.6007 -1.6358 -1.4342 -1.1864 1.0496 -1.0716 1.5969 1.2984 -0.47682 -0.73763 2.9862 0.85951 -0.52702 0.30476 0.60324 -1.6858 0.25989 0.74437 0.84981 -0.096239 0.084372 0.23622 -1.1717 -0.20029 -0.18316 -0.39165 -0.78721 2.4269 1.2586 0.011973 -1.4425 2.3177 -1.2305
0.75942 -1.6201 -0.29665 0.36507 0.86942 1.0744 0.78689 -1.4491 -1.4619 -0.98143 0.67679 -1.1413 1.5265 1.3712 -0.45141 -1.3798 2.5421 0.65873 -0.7178 0.28286 1.4547 -0.84525 -0.33273 -0.26677 1.5422 -0.29053 -0.21545 0.21065 -1.0122 -1.8241 -0.14476 0.02359 -0.77356 1.4951 2.1672 -0.29931 -2.2291 1.3109 -0.62269
0.95838 -1.5656 -0.46204 1.2012 1.2441 1.1755 0.69088 -1.2536 -2.4068 -1.2483 1.5571 -0.73251 1.3359 1.0706 -0.52091 -1.3938 1.59 0.55461 -0.9192 -0.36842 1.7319 -0.052326 -0.40828 -1.6673 1.6687 -0.27774 -0.44062 0.87049 0.14368 -2.3035 -0.40231 0.47963 -1.0919 0.48737 2.2529 -0.14541 -2.094 0.057676 -0.62474
1.4088 -1.8141 -0.72472 1.1114 1.3223 0.88271 0.93783 -0.83602 -1.6284 -1.161 0.40025 0.4597 1.24 0.97113 -0.065384 -1.3515 0.44939 0.70819 -0.27553 -0.73101 1.5515 1.1918 -0.34115 -2.6298 1.444 -0.50438 -0.81788 1.7968 1.4821 -1.8869 -0.78829 0.87006 -1.6563 -0.029775 2.0476 0.60534 -0.92196 -0.60863 -1.1339
1.414 -1.7572 -1.1424 1.0849 1.214 0.33748 0.7307 -0.39533 -1.2197 -1.7304 -0.47931 0.68663 1.2127 0.67805 0.75503 -0.47898 -0.16825 0.081014 0.17728 -1.3236 1.4181 1.6822 -0.020586 -2.4507 1.0409 -0.98647 -1.2449 2.5151 2.316 -0.60985 -1.0309 0.89891 -1.6942 -0.41443 0.89285 0.93429 0.84021 -0.87462 -1.7007
1.1447 -1.9437 -0.73389 0.73664 1.5813 0.34796 -0.46288 0.25038 -0.64158 -1.3972 -1.7642 0.82548 1.3455 0.042841 1.8471 0.90824 -0.020138 -0.58839 0.42588 -2.4637 1.5526 2.2744 0.61987 -1.8067 0.63846 -1.7485 -1.5718 2.4452 2.4652 0.6134 -1.0502 0.41479 -0.77948 -0.60772 -0.53809 1.1603 2.0234 -0.91117 -1.817
1.7402 -1.2948 -1.4812 0.47527 1.7138 1.1745 0.036998 0.023434 0.45328 -1.4609 -2.4219 0.080025 0.86494 -0.78697 2.6315 1.7624 0.71171 -0.73986 0.47865 -2.7994 0.98634 1.1444 0.88473 -0.33435 0.31102 -2.3757 -1.6443 1.6181 1.5619 1.032 -0.61822 -0.1416 0.83636 -0.75568 -1.1722 1.0703 2.1634 -0.56542 -1.379
1.746 -0.3227 -0.40713 0.66573 0.62722 1.5577 -0.81229 0.15452 0.28553 -0.79861 -1.3358 0.29965 0.065497 -1.2284 2.991 2.0895 1.1264 -0.86067 0.37194 -1.5256 0.67769 0.412 1.4105 0.52491 -0.026097 -2.716 -1.4297 0.091584 0.37667 0.54723 0.06096 -0.4519 2.5487 -1.0183 -1.6893 0.6433 1.665 -0.20873 -0.25931
0.72561 0.78285 0.87903 1.6646 0.33607 1.1892 -2.5648 1.0268 1.1349 -0.26927 -0.61884 0.85088 -0.84246 -1.7536 2.8279 1.8233 1.1386 -0.94503 -0.089877 -0.20773 0.50195 0.3297 1.6169 0.88841 0.2437 -2.7076 -0.7489 -1.3567 -0.77076 -0.37622 0.37202 -0.40628 3.6537 -0.80316 -1.276 0.13362 0.56359 0.080848 0.98107
0.044957 0.93016 0.63338 2.0523 0.71255 0.74741 -2.036 0.21957 -0.78873 -0.46669 -0.41662 1.1246 -1.1412 -2.1406 1.9027 1.581 0.7628 -0.36323 -0.19316 1.129 -0.027162 -0.60897 1.4726 1.0472 0.27046 -1.9946 0.14512 -2.3476 -1.7521 -1.1113 0.6297 -0.22075 3.2036 -0.54444 -0.87965 -0.42309 -0.22965 0.23832 1.8507
-0.053625 1.2912 0.50063 1.8748 0.49354 0.71391 -0.23648 0.6582 -0.35224 0.22678 -0.87022 0.13407 -1.3355 -1.7268 0.96612 0.60015 0.20637 -0.27759 -0.052559 2.8935 -0.099554 -0.83094 1.1009 0.57197 0.35199 -1.1622 1.036 -2.274 -1.6992 -1.0832 0.48782 -0.17946 1.3545 0.060682 -0.35405 -0.67865 -0.61533 0.18424 1.9883
-0.72197 1.2635 0.5108 1.4272 0.43585 0.75857 -0.26866 0.82889 1.0566 0.77599 -1.2031 0.97474 -1.5457 -0.96888 0.095421 -0.52823 -0.43468 0.0040332 -0.096246 3.0758 0.0015352 -0.72157 0.85449 0.19579 0.43034 -0.52207 1.1131 -1.9289 -0.81576 -0.75493 0.11054 -0.58856 -0.98511 0.28493 0.53077 -0.8701 -0.36835 0.33055 1.8078
-0.78797 1.08 0.5558 1.2948 1.0422 1.517 1.0253 -0.31583 -0.96891 0.42932 -0.17795 0.38438 -1.4057 -0.40349 0.025076 -0.2537 -0.23862 -0.19862 -0.5068 1.4034 0.58992 -0.3043 0.62471 0.022222 0.56399 -0.25683 0.73508 -1.4686 0.21441 -0.44306 -0.077598 -0.97335 -2.6025 -0.086062 0.73192 -0.95912 0.15712 0.12812 1.6094
-0.56316 1.2014 0.79318 1.4986 -0.32371 1.2346 1.6622 0.69222 -0.85276 0.6444 -0.15633 1.3442 -1.4724 -0.72249 -0.77013 0.50836 -0.3923 -0.18636 -1.1376 -0.05517 0.13037 0.16055 0.044569 0.54544 0.86324 0.45062 0.41712 -0.9344 0.60509 -0.14575 -0.1644 -0.96851 -2.609 -0.16592 1.0386 -0.93493 0.13004 -0.26215 1.2126
-0.62431 0.86161 -0.11812 1.4308 0.84464 0.41883 0.35018 1.08 -0.28539 0.72676 -0.63303 1.4662 -1.523 -0.47575 -0.99325 0.48537 -0.62384 -0.32192 -1.4589 -0.59065 -0.32336 0.15257 -0.32998 0.71668 0.42124 0.93166 0.36107 -0.65721 -0.19318 -0.058936 0.22441 -0.033896 -1.2474 -0.47229 0.52437 -0.77325 0.17998 -0.71568 0.70873
-0.4536 1.2936 0.5214 1.8874 0.31995 -0.11615 -0.42606 1.1795 -0.88435 0.56447 -0.91244 1.2342 -1.4999 -0.15207 -0.91585 0.2275 -0.50906 -0.23805 -1.5377 -0.98925 0.15636 1.0718 -0.45789 0.11161 -0.0089514 0.82865 0.93255 -0.29183 -1.1268 0.26176 0.15632 1.1804 0.32617 -0.11031 -0.0059535 -0.4347 -0.22405 -0.912 0.08503
-1.7756 -0.10129 1.5144 0.80408 0.24989 -0.35061 -0.014602 0.25503 1.1193 0.36812 0.24099 1.3386 -0.54462 -0.012653 -0.97017 -0.46272 -0.28896 0.25899 -0.38946 -0.56475 -0.2713 0.26046 -0.60558 0.60636 -0.43602 0.69222 1.2648 -0.74124 -1.9297 0.18027 -0.12826 1.7974 1.3013 0.42801 -0.058195 -0.082744 -0.65824 -0.43844 -0.024821
-1.0762 0.15376 0.72153 0.48203 0.086896 -0.12611 0.0019824 -0.30659 0.061652 0.15452 0.29673 1.2017 -0.48402 0.78876 -1.2535 -1.0918 -0.08378 -0.17385 0.62883 0.53248 -0.098309 0.09421 -0.65379 0.12495 -0.54485 0.70971 1.6233 -0.9721 -2.0604 -0.11195 -0.61883 1.5662 1.5221 0.69191 -0.54933 -0.33318 -1.1215 -0.098818 0.30111
-0.36619 0.379 0.40355 1.2489 0.47477 -0.038366 0.38269 0.97179 0.50119 -0.082697 -0.56499 0.46108 -0.94492 1.4169 -2.0296 -2.4125 -0.50909 -0.58939 0.97028 1.1303 0.56141 0.52724 -0.39726 -0.67142 -0.1812 0.9546 1.304 -1.0412 -0.8626 -0.59781 -0.90412 0.61611 1.121 1.1811 -0.11989 -0.69231 -1.4455 0.21063 0.84358
-0.54222 0.080087 -0.3881 1.5589 0.51992 0.84804 0.42806 0.76922 -1.0522 0.051679 0.68152 1.0834 -0.99006 2.1653 -1.9681 -2.5966 -0.60436 -0.97719 0.84091 1.0712 0.96811 -0.13217 -1.2047 -1.5973 -0.31373 1.1828 0.34101 -0.59768 0.76561 -1.071 -0.58001 -0.11776 0.37625 0.42424 -0.15296 -1.0308 -0.72435 0.27992 1.2472
0.61459 -0.8475 -0.92075 1.348 0.27504 0.77245 0.64934 0.96279 0.28198 -0.15159 -1.1916 0.69307 -0.49234 1.7352 -2.3077 -1.2964 -1.1198 -1.0424 0.69786 1.3001 1.296 0.13937 -1.6574 -1.5563 -0.097499 1.8097 -0.53196 0.40057 2.2961 -1.0474 -0.11855 -0.31081 -0.090125 -0.70027 -0.2622 -1.1576 0.35551 -0.26618 1.0609
0.7289 -2.0079 -1.3903 0.23326 -1.048 0.5129 1.1186 1.4889 1.3127 0.1147 -1.5885 1.2879 0.30082 1.2682 -2.0855 -0.22798 -1.7323 -1.0373 0.5177 1.1448 0.2851 -0.010536 -1.9962 -0.95196 0.0087555 2.2825 -1.3461 1.2868 2.4117 -0.68013 0.32745 0.043871 -0.43704 -1.5086 -0.38739 -0.52988 1.6675 -0.60143 0.26335
1.2021 -1.9586 -0.83758 -0.17017 -0.92284 0.4275 1.1697 0.99711 0.075551 -2.1124 -1.8172 0.51438 0.84867 0.87452 -1.3129 0.65234 -1.856 -0.77633 0.50555 0.89094 -0.3519 -0.045014 -2.2158 -0.2607 -0.86134 2.1068 -1.3419 2.0941 1.3809 0.14633 0.54789 0.52697 -0.8835 -1.7016 -0.71626 0.17192 2.0807 -1.1108 -0.94241
1.0695 -1.9403 -0.22567 -0.18137 -0.5872 0.89722 1.6968 2.0147 -0.087265 -1.9962 -1.5461 0.8546 1.0575 0.085081 -0.3612 0.89181 -1.4775 -0.48353 1.007 0.40387 -0.90442 -0.79522 -1.9431 1.2253 -1.1348 1.4592 -1.1807 1.9361 0.15109 0.56141 0.26233 0.95726 -1.021 -1.0248 -0.31674 1.2689 1.6234 -1.2633 -1.7398
1.0087 -1.8326 -0.12142 -0.25811 -0.506 0.94841 1.5201 0.72883 -0.070091 -2.26 -0.98655 0.64889 1.2405 -0.17601 0.25177 0.70223 -0.98171 -0.27555 1.4716 -0.062645 -1.1498 -0.86399 -1.3637 1.6875 -1.7681 0.71554 -0.75492 1.2022 -0.7608 0.40772 -0.18471 0.90414 -1.0423 -0.49466 0.27747 1.8346 0.52724 -1.0923 -1.76
0.90923 -1.7558 -0.28124 -0.63209 -0.70017 1.4858 1.3323 0.10156 -0.42868 -2.4974 -0.075624 -0.56163 1.2915 -0.40847 0.29593 0.033609 -1.1472 -0.78418 1.8978 -0.3768 -1.1495 -0.2187 -0.010895 1.4523 -2.0916 0.19561 -0.2242 0.47619 -0.94788 0.092707 -0.3831 0.23968 -0.84036 0.35212 1.0267 1.896 -1.0219 -0.75906 -1.2977
0.74728 -1.7306 -0.48546 -0.75238 -1.0872 1.7175 1.1483 0.24698 -0.35027 -2.4453 0.1603 -0.50173 1.269 -0.28585 0.3246 -0.31662 -1.2791 -0.96815 1.819 -0.75836 -1.1175 0.20628 0.30796 0.71748 -2.5876 -0.076427 0.090588 0.23458 -0.50195 0.07927 -0.15055 -0.68877 -0.64717 0.84329 1.1554 1.5509 -1.8387 0.15737 -0.76627
0.73182 -1.737 -0.49829 -1.0267 -1.469 2.043 1.1322 0.41614 -0.29302 -2.3611 0.24911 -1.2518 1.1899 -0.27646 0.3838 -0.34244 -1.161 -0.85465 1.2877 -0.89823 -0.29849 0.66832 0.82787 -0.42985 -2.2496 -0.21957 0.33684 0.50192 0.2707 0.53019 0.5961 -1.5315 -0.36453 0.97392 0.92703 0.85277 -1.8874 1.0733 -0.38798
0.67793 -1.5604 -0.5024 -1.5433 -1.7444 2.745 0.95496 0.013506 -0.18013 -1.8247 -0.26353 -2.0542 1.0857 -0.070875 0.59499 -0.029617 -0.83153 -0.51785 0.4083 -1.0792 -0.07721 0.94185 1.1658 -1.2155 -1.3436 -0.30063 0.37098 0.74345 0.54166 0.95925 0.98713 -2.1846 -0.024519 0.7364 0.75135 0.49268 -1.229 1.7786 -0.2016
0.76732 -1.5062 -0.43096 -1.5362 -1.4828 2.7125 0.70503 0.2395 0.45381 -1.678 -0.60754 -2.4929 1.0519 0.11486 0.98415 0.39763 -0.40564 0.12554 -0.41955 -0.94835 0.06143 1.2181 1.1783 -1.5269 -0.49906 -0.31033 0.54478 0.65725 0.46841 1.2915 0.9741 -2.3904 0.19556 0.53566 0.28713 0.43019 -0.095932 1.7651 -0.20522
0.5641 -1.3221 -0.58915 -1.5186 -1.5117 2.0501 0.3036 0.17092 0.88414 -1.2649 -1.4662 -2.2285 1.0675 0.21304 1.242 0.32144 0.090758 0.4163 -1.6322 -0.80927 0.01002 1.3938 1.0644 -1.3061 0.1907 -0.35064 0.57799 0.39169 0.086966 1.4022 0.5265 -2.0379 0.4658 0.39263 -0.22794 0.80803 0.69172 1.2212 -0.38812
0.88411 -0.97258 -0.30424 -1.4747 -1.4738 1.7525 -0.0028245 0.10061 0.74182 -1.0525 -1.3961 -1.8104 0.93572 0.60056 1.1372 0.35479 0.73108 0.52818 -2.4009 -0.68455 0.60733 1.0007 1.6911 -0.59289 0.60935 -0.51996 0.37114 0.28319 -0.046105 1.3402 -0.071507 -1.0637 0.2918 0.21582 -0.67945 1.3287 1.2277 0.63641 -0.7674
0.93397 -0.45231 0.032085 -1.205 -0.91372 1.3949 0.32831 0.56577 1.4969 -1.0185 -1.7122 -1.1429 0.89137 0.76724 1.162 0.15989 1.1553 0.28405 -2.618 -0.34109 0.34418 0.60583 2.4422 -0.24769 0.61842 -0.81408 -0.16612 0.38838 0.19673 1.2301 -0.19245 0.18849 0.095244 -0.025865 -1.0682 1.4485 1.3704 0.55441 -1.1578
0.97633 -0.29939 -0.40149 -1.1065 -1.1863 0.37732 0.25458 0.15451 1.798 -0.86084 -1.4106 -1.7358 0.73427 0.53261 1.4906 0.40065 1.5042 0.063658 -2.0311 -0.64815 0.27336 0.28805 3.0149 0.49677 0.60999 -1.3042 -1.0065 0.5373 0.66302 0.96498 0.21741 1.3533 -0.25732 -0.56767 -1.5507 0.23277 0.98707 0.88777 -1.3321
1.6741 -0.49851 -0.18007 -0.59508 -1.0743 0.27936 -0.048915 1.1682 1.1003 1.1137 -0.97764 -1.7063 0.43508 -0.061034 1.7034 0.66936 1.9455 0.29178 -1.4632 -0.67239 0.12497 -0.3309 3.1564 0.99959 1.346 -1.8093 -1.739 0.40391 0.95667 0.53415 1.0339 1.8445 -0.00061838 -0.62392 -1.8657 -1.1665 0.32166 1.481 -1.0203
1.6015 -0.076445 -0.43592 -0.15825 -1.2999 -0.27204 0.20653 0.27113 1.41 1.8187 -1.5064 -1.6327 0.1034 -0.86197 1.7476 1.3323 2.094 0.94283 -0.33776 -1.044 -0.3014 -1.5517 1.7703 0.83441 2.0814 -2.1521 -1.9659 -0.022356 0.83703 -0.084593 1.5413 1.5432 0.42074 -0.62883 -1.6076 -2.6923 -0.40759 1.5646 -0.27022
0.95684 0.91958 0.19222 0.15594 -1.4522 0.18282 -0.93746 0.43224 1.2761 2.4619 -0.5905 -0.94342 -0.52293 -1.7796 1.697 1.4688 1.833 1.8074 0.14035 -0.17302 -0.48709 -2.1086 0.83334 0.24627 2.929 -2.0207 -1.5818 -0.75174 0.27413 -0.81649 1.4447 1.2999 0.73972 0.075563 -1.1207 -3.2965 -0.44976 0.48515 0.60032
0.5455 1.264 0.65585 0.86576 -0.49086 0.18935 -0.41594 0.43606 0.26829 2.3836 0.032623 0.75603 -1.0949 -2.2757 1.4617 1.5547 1.405 2.2287 0.18053 -0.11477 -0.54801 -1.9546 -0.9633 0.014891 3.0354 -1.6279 -0.5421 -1.4319 -0.89364 -1.4251 0.75534 0.79107 1.0185 0.5964 -0.090724 -2.5167 0.1876 -1.2452 1.41
-0.31783 1.3418 1.3255 1.0657 0.65939 0.94886 -0.90283 0.073926 -1.1622 0.10107 -1.0193 1.1922 -1.3554 -2.3047 0.62401 1.072 0.80017 2.3889 0.81338 0.26145 0.37714 -2.3127 -1.7683 0.46284 1.8832 -1.1069 0.52855 -1.6617 -1.4664 -1.4562 -0.43255 0.41266 0.43864 0.53923 1.0001 -1.2257 0.7654 -2.8107 1.71
-1.0273 1.2403 0.57297 0.80278 1.0582 0.01651 0.70084 -0.083943 -1.2428 1.3857 -1.3955 1.5345 -1.2274 -1.6093 -0.048069 -0.11277 0.010915 2.0882 0.86255 0.67504 0.32425 -1.6271 -1.7338 1.1093 0.087691 -0.34805 1.2177 -1.3248 -1.7945 -1.0943 -1.3751 -0.14538 -0.038869 0.036331 2.0158 0.57747 1.1343 -2.9445 1.5074
-0.86213 1.252 1.2499 1.0347 1.1768 0.14181 -0.61057 0.49209 -0.8861 0.16734 -0.91341 1.6887 -1.2658 -1.1242 -0.25544 -0.39907 -0.12603 1.0667 0.5933 0.24966 0.03258 -0.32558 -1.1254 1.2876 -1.3083 0.080665 1.4067 -0.49718 -1.4024 -0.52339 -1.7848 -0.68602 -0.65164 -0.71411 2.5805 1.0969 0.49568 -1.9416 0.95114
-1.4356 0.89711 0.59009 0.74266 1.2842 1.2388 0.10583 1.1836 -2.0545 -0.035412 0.15791 0.1949 -1.3083 -0.5909 -0.25603 -1.0175 -0.12816 0.29576 -0.010986 -0.21253 -0.31684 0.97665 -0.19141 1.9605 -1.353 0.19516 0.98057 0.068558 -0.77848 0.01946 -1.5566 -0.89115 -0.63231 -1.0237 2.2631 1.0101 -0.57616 -0.36286 0.36819
-0.87089 1.1123 0.057752 0.26829 1.4332 1.2648 -0.11267 0.46996 -1.0651 0.4086 1.6746 -0.59635 -1.0299 -0.18597 -0.078967 -1.0589 -0.085765 -0.083826 -0.11277 -0.58063 -0.58183 1.4101 -0.45605 1.063 -1.334 0.14773 0.63069 0.32259 -0.080401 0.086301 -0.82646 -0.70196 -0.20991 -0.58207 1.3583 0.29213 -1.3069 0.99061 0.095408
-1.2723 1.058 0.83099 1.1865 1.0808 0.60918 -0.27716 -0.14606 -0.26346 0.28905 0.4921 -0.34584 -1.1519 -0.24594 -0.02007 -1.2136 0.024991 -0.27379 -0.55003 -0.15838 -1.2003 1.9115 -0.15044 0.011334 -0.61558 0.2112 0.28281 0.24909 0.66818 0.032668 -0.37646 -0.062316 0.46876 0.17416 0.17115 -0.31705 -1.4641 1.4025 0.0062212
-1.3669 1.0354 -0.10888 0.83054 1.1531 0.15195 -0.82187 -0.45699 0.56875 0.35451 1.1017 0.37442 -1.1504 -0.11731 0.15735 -0.44216 -0.046539 -0.20462 -0.5314 -0.21106 -0.56972 1.8515 -0.59655 -0.47244 0.3687 0.22863 0.12801 -0.014009 0.78539 -0.20139 -0.037452 0.53683 0.83677 0.70622 -0.82173 0.022331 -0.34696 1.0226 0.040035
-1.1197 1.191 -0.32789 0.63385 0.96369 0.012695 -0.13044 -0.10652 0.53364 0.1985 -0.56729 -0.20298 -1.1057 -0.095277 0.036647 -0.084109 -0.089486 -0.3487 0.05984 0.47839 -0.018186 1.0885 -0.73304 -0.3343 0.68186 0.16789 0.12517 -0.17336 1.0821 -0.11271 0.092933 0.78378 0.38135 0.84232 -1.4602 0.31814 0.89073 -0.0092076 0.070982
-1.4063 1.0529 -0.057883 0.96563 0.91918 0.35234 -0.51954 -0.64818 1.366 -0.28157 -0.25151 0.31832 -0.99853 -0.0203 -0.12582 -0.16532 -0.39696 -0.10996 0.62003 0.68668 0.080766 0.22052 -0.12967 0.50379 0.12812 0.23671 -0.002121 -0.27539 0.63505 -0.11344 0.23021 0.65305 -0.10147 0.2987 -1.3117 0.8771 1.3935 -0.4145 0.020354
-1.3613 1.1985 0.31979 0.37672 1.242 1.1009 -0.074131 0.84102 0.44019 -0.79512 0.72663 0.25559 -0.95185 -0.058753 -0.15701 0.65446 -0.0065545 -0.13806 0.39679 0.099811 -0.02915 -0.11749 0.21509 1.3732 -0.48981 0.32404 0.067537 -0.034911 0.27143 -0.22017 0.57412 0.2019 -0.70373 0.10801 -0.7203 0.76687 0.73086 -0.31076 -0.13151
-0.98443 1.091 0.22417 0.59917 0.68665 0.96754 0.55013 -0.11935 0.78719 -0.19389 1.2024 0.3854 -0.92773 -0.13749 -0.19085 0.36916 -0.29609 0.13279 0.566 -0.2462 -0.037415 -0.10089 0.59388 1.5727 0.133 0.18637 0.14697 0.16544 0.024027 0.0071183 0.38577 -0.092642 -0.67378 0.047074 -0.19223 0.2821 -0.45071 0.1935 -0.40753
-1.4771 0.78982 0.10496 0.69926 1.0676 0.7877 0.081432 -0.48825 0.16849 0.71857 1.0561 -0.28413 -0.94472 0.091432 0.016552 0.15751 -0.54259 0.62321 0.46706 -0.44153 0.22763 -0.15438 0.35956 0.64768 0.069574 -0.014302 0.30108 0.19795 -0.39266 0.0062403 -0.096703 0.13126 -0.091263 0.67664 -0.10741 -0.27831 -1.2533 0.41748 -0.58719
-1.3795 1.0026 0.53991 0.89707 0.87279 0.12163 -1.1353 -0.39523 0.75682 0.43696 2.4949 -0.64647 -0.72114 0.18099 0.061725 0.13497 -0.11723 0.24641 0.38687 -0.37123 0.030429 -0.1362 0.32835 -0.081957 0.26755 -0.24346 0.6645 0.23533 -0.43721 0.37769 -0.81054 0.17379 0.79794 0.79645 -0.49751 -0.7018 -1.3391 0.4513 -0.53401
-1.3727 1.0093 -0.082638 0.029648 1.3153 1.2606 -0.24043 0.13531 0.82105 0.47063 0.88755 0.85207 -0.97447 0.34606 0.044078 0.053584 -0.08587 -0.37054 0.72789 -0.042411 1.1378 -0.30982 -0.19017 -0.42239 0.31909 -0.39806 0.61214 0.051544 -0.46227 0.67986 -1.1382 0.15616 1.4197 0.29525 -0.88456 -0.62752 -1.1163 0.4101 -0.39208
-1.0654 1.2487 0.33667 0.10376 2.0687 1.3431 -0.68416 0.40054 0.78717 -0.5732 0.58682 0.36575 -1.0859 0.97764 0.18377 -0.37914 0.16287 -0.89633 0.76061 1.065 0.92205 -0.99286 -0.47658 -0.69409 0.95343 -0.47361 0.23959 -0.032558 0.065031 0.82087 -0.9575 -0.17726 1.1526 -0.94628 -0.60034 -0.56753 -0.54765 0.065547 -0.012256
-0.95454 1.1458 0.50255 0.71543 0.73182 1.3668 0.15142 0.38678 -0.069598 0.23719 0.97699 0.39943 -1.2723 0.83781 0.044 -0.432 0.55557 -0.95121 0.5706 1.5507 0.30248 -1.4495 -0.4417 -1.3832 0.58774 -0.52383 -0.20556 -0.075864 0.26245 0.69491 -0.26087 -0.58289 0.26678 -1.9018 0.1122 0.11011 -0.32611 -0.15021 0.28505
-0.70713 0.86387 0.091097 0.69551 -0.24963 1.4494 0.2691 1.3003 0.23529 0.069114 0.93184 0.20805 -1.2949 0.38439 0.012995 0.50532 1.0573 -1.2672 0.10136 1.0272 -1.2455 -0.7363 -0.63525 -0.75226 0.29126 -0.19698 -0.59719 0.018491 0.46688 0.12878 0.50859 -0.8376 -0.71743 -1.2624 0.9131 0.4483 -0.070336 -0.1484 0.3871
-0.022891 1.1928 -0.42315 0.90338 0.17906 1.1999 1.0207 0.14343 -1.4934 0.044126 0.51598 1.2212 -1.3027 0.26101 0.010029 0.10363 0.73255 -0.6713 -0.10295 0.46253 -1.1762 -0.22041 0.091563 -1.0819 0.36794 -0.076726 -0.53919 0.12114 0.31804 -0.33035 1.246 -0.4922 -1.0019 -0.10883 1.0238 0.61931 -0.077721 -0.13589 0.30981
-0.64738 1.1006 0.13143 1.135 0.46004 1.1245 0.62887 -0.067719 -0.89635 -0.41687 -0.42895 0.32988 -1.3605 0.15334 0.23529 0.22298 0.3079 -0.06696 -0.56312 0.19629 -0.59602 0.17001 0.10388 -0.99975 0.78478 -0.074114 -0.31048 0.028005 -0.2105 -0.7128 1.3543 0.050793 -0.8754 1.3015 0.57108 0.65074 -0.31818 -0.45577 0.073053
-1.152 1.1259 1.1541 1.2163 -0.014056 1.6326 0.52917 -1.8693 0.71478 -0.9007 0.039112 1.1604 -1.1355 -0.051116 0.13488 0.30413 0.32675 0.8128 -0.079573 0.004398 -0.22224 0.090306 0.36182 -1.4299 0.087949 -0.085973 -0.0046545 -0.087916 -0.34261 -0.49338 0.96419 0.12762 -0.65707 1.5827 -0.1221 0.2041 0.024624 -0.76285 -0.012591
-0.39992 1.211 0.033647 0.96521 0.95589 1.0846 -0.18694 0.098313 0.15119 0.54578 -0.73307 0.53433 -1.2984 -0.037074 0.00062752 0.023625 -0.040565 0.55981 0.17323 -0.46129 0.59279 0.21969 0.46261 -1.2503 -0.4745 -0.072167 0.19234 -0.2065 -0.60975 -0.26115 0.32394 0.082301 -0.6645 1.2661 -0.85162 0.012288 0.34773 -0.6231 -0.043484
-0.45279 1.39 0.352 0.99533 -0.15132 0.46492 0.98577 0.7327 -0.32193 0.45868 0.026376 1.7785 -1.4642 0.34957 -0.011741 -0.4222 0.0060162 0.84646 -0.23675 -0.50502 1.0462 -0.48384 0.29376 -0.91347 -0.53478 -0.094645 -0.0072226 -0.15075 -0.31825 -0.15926 -0.56287 -0.26458 -0.69888 -0.14938 -0.93047 -0.39809 0.96921 0.1915 -0.030265
-0.5974 0.95934 0.074438 1.2894 1.4516 1.8044 0.56864 0.45763 -0.65459 0.23912 -1.7988 -0.092583 -1.3673 0.31408 -0.024 -0.53287 -0.0091066 0.53625 -0.33912 -0.85968 1.0219 -1.2022 0.15384 -0.54078 -0.15106 -0.13619 -0.2366 -0.057923 0.052309 -0.0092951 -0.71087 -0.42007 -0.67056 -1.1901 -0.53274 -0.37984 1.3511 0.64828 0.0045734
-0.35452 1.2091 -0.10177 0.79984 0.69527 1.4332 0.034066 0.12711 -0.76452 0.13308 -1.3329 0.27576 -1.3237 -0.23813 -0.094448 0.001867 0.01939 -0.2329 -0.35896 -1.1734 -0.7091 -1.0116 -0.25015 0.22907 0.34128 -0.099207 -0.48597 0.13047 0.44151 -0.037999 -1.1067 -0.28536 -0.25583 -1.2193 0.31072 -0.20196 1.3641 0.67762 -0.037934
-0.37559 1.1158 0.25351 1.3157 1.5366 0.59204 -0.25001 0.57061 -0.7512 -0.37983 -1.1902 -0.016782 -1.3867 -0.18283 -0.04818 -0.084347 -0.065465 -0.23795 -0.60648 -1.4495 -0.65788 -0.55473 0.0029855 0.98884 0.4346 -0.059345 -0.31223 0.1861 0.45513 -0.014831 -0.89476 -0.13367 0.7293 -0.36452 0.92274 -0.13441 0.40457 -0.022146 -0.070646
-0.53708 1.2133 0.27908 1.0312 0.40009 1.0323 -0.73799 0.059073 -1.3348 0.15438 -0.42069 1.6748 -1.371 -0.30707 0.21761 0.1766 -0.036349 -0.85262 -0.67943 -0.73237 -0.29436 -0.20328 -0.023292 1.1591 0.57939 -0.19059 0.13697 0.22849 -0.016881 -0.065424 -0.44483 0.11964 1.172 0.86126 1.1119 0.023745 -0.66891 -0.50957 -0.046957
-0.90037 1.1073 0.0035635 0.96806 0.078435 0.46956 -0.98346 -0.83795 -1.4918 0.43408 -0.17513 1.2397 -1.5367 -0.23223 0.12802 0.22798 -0.0095428 -0.83919 -0.45744 0.29815 0.15851 0.18982 -0.22332 -0.17005 -0.29103 -0.2004 0.35254 0.12394 -0.20597 0.049554 0.1038 0.22681 1.0297 1.059 1.1707 -0.16978 -1.3601 -0.75497 0.047873
-0.55784 1.208 0.11452 1.0125 0.37074 0.41113 -0.4617 0.37169 -0.85001 0.33355 0.76101 1.2779 -1.4482 0.044295 0.19467 -0.17806 -0.12911 -0.76647 -0.21476 0.18519 0.41283 0.78069 -0.099233 -0.59517 -0.31145 -0.10065 0.54542 -0.017813 -0.38744 0.09682 0.6851 0.24817 0.17303 0.9059 0.9927 -0.11371 -1.1861 -0.39519 0.21943
-0.9128 1.3829 0.2758 1.1969 0.41156 1.3207 -0.24254 0.2284 -0.80071 -0.2092 -1.0403 -0.026882 -1.5773 0.30161 0.16989 -0.2801 0.069993 -0.077407 -0.40972 0.049576 0.87129 1.2323 -0.29019 -0.97962 -0.63626 -0.024443 0.40371 -0.042476 -0.37901 0.10564 0.67281 0.054623 -0.67421 0.25053 0.45775 0.11842 -0.28685 0.3984 0.21942
-0.45992 1.2836 0.28316 0.86777 -0.25998 0.33998 0.49573 0.60201 -0.41887 -0.50481 -2.2352 -0.22787 -1.5311 0.44617 0.17197 -0.27769 0.099131 0.069713 -0.23224 -0.30294 0.959 1.2079 -0.21412 -0.91869 -0.030134 0.076001 0.15352 -0.10562 -0.16875 0.10799 0.43981 -0.051274 -0.70602 -0.19796 -0.04917 0.1733 0.081884 0.59476 0.13015
-0.31915 1.3536 -0.14856 1.1118 0.29852 0.38315 -0.9739 0.70209 0.2713 0.070839 -1.0286 0.98909 -1.4515 0.32248 0.074416 -0.41495 0.067659 0.022693 -0.35762 -0.78719 0.32634 0.86685 0.052356 -0.61493 0.40556 0.065833 -0.02305 -0.091073 -0.11417 -0.0092168 0.036651 0.0028362 -0.54436 -0.47961 -0.2748 0.25352 0.25157 0.60542 0.051195
