39 300
-1.4366 1.1144 0.74826 1.1236 0.15745 0.64407 0.2272 0.83461 -1.175 0.88278 0.092524 0.41909 -1.4411 0.39345 0.026219 -0.40211 -0.00050947 -0.39372 -0.23942 0.40225 -0.70506 0.65838 -0.67698 -0.83929 -0.3587 -0.0067787 0.17879 0.16157 0.35113 0.34696 0.10827 0.00084354 0.010032 0.064098 -0.17892 0.4495 0.73813 0.59791 -0.036704
-1.5934 0.88577 0.51985 0.84336 0.025771 0.56927 0.12958 0.36294 -1.123 0.7041 -0.71889 0.011673 -1.3667 0.56473 0.0015514 -0.10529 0.44315 -0.19545 -0.38101 0.27125 -0.64296 0.44502 -0.27618 -0.47915 0.058897 -0.027741 0.25224 0.23925 0.45713 0.42921 0.3383 0.20758 -0.093146 0.022257 -0.28014 0.61645 0.78152 0.95169 -0.00085228
-1.2663 0.82179 -0.085678 1.1537 0.016347 0.32614 0.59384 0.065089 -0.11502 0.0036625 -1.1964 0.79154 -1.4922 0.62991 0.31608 0.11179 0.41372 -0.26714 -0.15511 0.46627 -0.62078 0.37847 0.048972 0.56244 0.70434 -0.056318 0.29702 0.20422 0.30937 0.18989 0.36825 0.36794 -0.39082 -0.028979 -0.25294 0.73553 0.45618 0.74791 0.068191
-0.89682 1.4326 0.59521 1.2131 -0.41259 0.4326 0.76057 0.032688 -0.49192 0.078053 -0.45523 -0.45258 -1.4449 0.73072 0.28947 0.19861 0.57786 0.22005 0.11738 0.18713 -0.71633 0.20097 0.22947 0.13408 1.1293 0.016694 -0.055484 -0.014687 0.031856 -0.4103 0.20477 0.47323 -0.82385 -0.03163 -0.427 0.55867 0.081221 -0.063513 0.15866
-0.99494 1.0053 0.92487 1.8808 0.24064 0.17605 0.24428 0.28184 -1.0277 1.1052 -0.080192 1.0161 -1.4692 0.84728 0.23154 0.031267 0.28282 0.13436 0.20931 -0.26282 -0.74093 0.23967 0.58434 -0.16476 0.69495 0.082796 -0.37338 -0.34381 -0.30099 -0.54014 -0.14038 -0.068946 -1.2653 0.1267 -0.17795 0.19062 -0.18699 -0.80833 0.15097
-1.0071 1.5382 0.82746 1.2686 -0.22743 0.71207 0.87311 0.015111 -0.66824 1.0202 1.2056 1.7058 -1.4912 0.35272 0.024901 0.0088186 -0.23114 0.018849 0.33101 -0.83363 -0.66079 -0.38875 0.60683 0.066815 -0.062473 0.16267 -0.54835 -0.3395 -0.1755 -0.50767 -0.73116 -0.41581 -0.77643 0.56807 0.1953 -0.13769 -0.083867 -1.3957 0.065454
-0.81043 1.107 0.59858 1.6707 0.67068 0.82246 0.18216 -0.5012 -0.73385 0.76162 -1.3212 1.6599 -1.3399 0.13828 -0.12413 -0.33292 -0.1574 -0.42871 -0.37851 -1.2698 -0.40686 0.28876 0.25465 0.20706 -0.39999 0.11807 -0.4596 -0.33402 0.095281 0.0099489 -0.52996 -0.61366 -0.099442 0.88282 0.088811 -0.34311 -0.54209 -1.2384 -0.051894
-0.57805 1.052 0.050506 1.0139 -0.21033 0.54191 -0.1593 -0.79993 -0.12973 1.0881 -1.5371 0.22303 -1.3176 0.086823 -0.097941 0.072385 -0.11866 -0.91976 -0.35198 -0.69532 0.24928 0.56908 0.11399 -0.22116 -1.2649 0.10637 -0.023364 -0.0037472 0.27968 0.28518 -0.31966 -0.38385 0.62677 1.0508 -0.043784 -0.52537 -0.36814 -0.5238 -0.16661
-1.0006 1.0865 0.40647 0.95102 -0.21214 0.66366 -0.38897 -0.49956 -1.2611 0.69546 0.047259 0.005253 -1.3529 0.14302 -0.26306 0.19023 0.25035 -0.42289 -0.58133 -0.52617 0.57202 -0.068332 0.12828 -1.1663 -1.313 0.026048 0.058641 -0.33092 0.12387 -0.013497 0.24499 0.33423 1.185 0.85958 -0.19766 -0.45677 -0.0039029 0.72594 0.16762
-0.81835 1.3353 0.55026 1.6471 -0.88869 -0.54605 -0.92357 -0.030966 0.10986 0.83823 0.7593 -0.1325 -1.3868 0.30534 0.093845 0.27785 0.088798 -0.598 -0.27126 -0.12125 0.95689 -0.3154 -0.40701 -0.021445 -0.70482 -0.064122 0.23208 -0.75905 -0.66404 -0.76353 0.3996 0.25696 1.3709 -0.13921 0.45605 -0.45238 0.56055 1.7889 0.81645
-0.91694 0.98606 1.3185 1.6684 -0.69832 0.40739 0.28001 0.81093 -0.15237 1.4623 -0.69773 0.082634 -1.3603 0.13294 -0.77083 -0.1922 -0.27996 -0.09562 0.21621 0.51012 0.96042 0.30538 -0.4209 0.10821 0.8624 0.47797 0.72233 -1.2493 -0.97218 -1.6119 -0.29415 -0.32197 1.3106 -1.0104 1.0061 -0.13671 0.83389 1.6159 1.5568
-0.63115 1.0859 0.55671 1.5335 0.14978 0.25919 0.033473 0.049544 -1.265 0.88016 -2.2976 0.061616 -1.4131 0.51075 -1.115 -0.94512 -1.235 -0.28606 -0.25974 1.1808 -0.23999 1.3178 -0.53843 0.34507 1.4364 1.2178 1.4028 -1.5914 -1.146 -1.5826 -1.0714 -1.2563 0.59461 -1.6922 0.98194 0.43571 0.77465 0.38148 2.0372
-0.33429 1.2783 0.50462 1.2644 -0.49049 0.58803 -0.42461 0.45606 -0.99816 -0.23774 -0.63106 0.23725 -1.3815 1.3495 -1.7541 -0.97493 -2.0106 -1.1427 -1.1754 1.1109 -0.88327 1.1961 -0.08431 0.43625 1.0398 1.9351 1.7381 -1.1899 -0.59761 -0.89543 -1.6261 -1.7267 0.12279 -1.0278 0.33686 0.76659 1.1977 -1.088 1.802
-0.87495 -0.28324 -0.39082 0.34827 -0.53145 0.73359 0.49687 0.50384 0.81411 0.78464 0.12448 1.874 -0.50112 2.2419 -2.0854 -1.4279 -1.9154 -2.1634 -1.9056 0.60596 -1.5512 1.2699 0.32271 1.4741 0.020919 2.5443 1.1776 -0.63495 -0.022198 0.36008 -0.76318 -1.4098 0.013944 0.32779 -0.68903 0.91486 0.45064 -1.69 1.0521
-0.37994 0.20017 -0.54428 -0.28824 -1.0298 -0.73626 1.1321 -1.2494 1.3526 0.13899 1.1056 1.7224 0.075737 2.4212 -2.2812 -1.0371 -1.5609 -2.3343 -2.168 0.99454 -0.47277 1.0168 0.72652 2.1046 -0.72117 2.7664 0.2184 0.45941 0.33202 1.398 1.0792 -0.38469 -0.041985 1.6642 -1.2429 0.35155 -0.67173 -1.5184 -0.11172
0.94168 -0.62477 0.20011 -0.31055 -2.5242 -2.1527 0.45351 -0.64906 0.95739 1.5488 -0.4132 0.42244 0.54995 2.1108 -1.9136 -0.9398 -0.79998 -1.1745 -2.3798 1.2444 0.20238 -0.041299 0.93883 0.48023 -1.2467 2.5256 -1.0311 0.97899 0.41469 1.593 2.9642 0.98979 -0.49668 2.5205 -1.1017 -0.44031 -1.989 -0.69871 -1.1785
1.4268 -1.0104 -0.88972 -0.067872 -2.6939 -1.1293 0.61568 -1.3745 0.28247 1.5438 0.35026 -0.59467 1.0506 1.8091 -1.0615 -0.59191 -0.022731 0.49357 -1.6436 0.69865 1.5853 -0.75047 0.3327 -0.48848 -1.5274 1.7616 -1.892 1.3579 -0.052517 1.2254 3.745 2.0529 -1.1962 1.8105 -0.12998 -1.2906 -2.3038 0.21318 -1.7644
1.2356 -1.0994 -0.7405 -0.19401 -1.9889 -1.7141 1.2317 0.66184 -0.0017522 0.94017 1.3535 -0.43961 1.1879 0.67292 -1.0428 -0.87106 0.21537 2.2521 -0.31059 -0.13956 2.4936 -0.15449 -0.3826 -1.4573 -1.0445 1.1165 -1.8151 1.2963 -0.19522 0.57688 2.9886 2.3275 -1.5906 0.85835 1.0351 -1.2323 -1.519 0.63194 -1.8242
0.83662 -0.98206 -0.98614 0.10756 -1.106 -2.1282 1.6124 0.79448 -0.16963 1.1394 -0.27481 -0.1194 1.3421 -0.29821 -0.42697 -1.1532 0.16355 3.3138 0.63662 -0.43837 2.0223 0.78867 -1.2624 -1.8252 -0.36356 0.58112 -0.9061 0.93446 -0.34967 0.10065 1.3237 2.0936 -1.4598 -0.66304 1.4633 -0.32276 -0.6212 0.41461 -1.456
0.94302 -1.1151 -0.93988 0.020997 0.26244 -1.5773 1.2291 1.9627 0.57727 0.99445 -0.53009 0.11331 1.3531 -0.13428 -0.044693 -1.0038 0.16066 3.2926 0.83132 -1.0064 1.7025 1.3306 -0.79339 -2.078 -0.4849 0.128 0.36792 0.70198 -0.056718 -0.14389 -0.48397 1.4387 -1.0659 -1.4661 0.71101 0.46711 0.5638 -0.23491 -1.0683
0.83655 -1.2293 -1.4564 -0.15721 0.73423 -1.3693 -0.0073976 1.4207 1.4453 -0.18765 -1.5041 -0.46588 1.2876 0.56462 0.016931 -1.1548 0.19318 2.5838 1.7006 -1.4569 0.6284 1.54 -0.12256 -1.4922 -0.92281 -0.12891 0.77419 0.19096 0.18464 -0.18579 -1.6113 0.45518 -0.23203 -1.5468 -0.27588 0.62531 1.3346 -0.59836 -0.65089
0.99486 -1.1871 -1.6128 -0.0068137 0.54099 -0.83697 0.0084091 1.2146 1.6717 0.0030029 -2.1702 -0.61735 1.2961 0.90707 -0.078305 -0.95961 -0.055157 1.6808 1.8516 -1.5258 0.21706 0.93639 0.010017 -0.41342 -1.2532 -0.27821 0.09178 -0.1018 0.45853 -0.11633 -1.8346 -0.52671 1.0558 -1.1633 -1.1279 0.045941 1.5967 -0.26275 -0.22987
1.3957 -0.94153 -2.116 0.20615 1.0681 -0.399 0.024108 1.5486 1.4568 0.91566 -1.0104 -1.3916 1.2066 0.58447 -0.083198 -0.81983 -0.060389 0.97157 0.98705 -0.60626 -0.3714 0.39728 -0.37645 0.19507 -1.2359 -0.2818 -0.86797 -0.27249 0.7803 -0.07955 -2.1077 -1.7665 1.8771 -0.85652 -1.5033 -0.77142 1.0759 0.34262 0.020722
1.7036 -1.0711 -2.0235 0.11952 1.2291 0.091398 -0.11051 1.6904 1.8201 1.1359 -0.57403 -1.3218 1.0824 0.019891 -0.16007 -0.31111 0.081787 0.51223 0.21807 0.4078 -0.15979 -0.46065 -0.56941 0.48911 -0.87553 -0.17198 -1.4392 -0.11006 1.5023 0.22757 -2.5047 -1.9531 1.8387 -1.4178 -1.2705 -0.80576 0.37139 1.105 0.023709
1.5155 -1.2357 -1.9217 -0.16305 1.2402 -0.074719 -0.4448 1.3657 0.99289 0.67233 -1.248 -1.5394 1.0879 -0.5706 -0.39472 -0.025808 -0.014125 -0.95417 -0.76407 0.8615 -0.92619 -0.90593 -1.4155 0.35785 -0.37934 -0.14799 -1.3993 0.6829 2.0429 0.1486 -2.278 -1.488 0.88208 -1.782 -1.0612 -0.19308 0.40055 1.4752 -0.27742
1.142 -1.2861 -2.0967 -0.11059 1.4952 -0.8885 0.37807 1.0577 1.6846 -0.77459 -0.87123 -1.5842 1.0899 -1.1316 -0.10187 1.4274 0.34086 -2.2575 -0.90219 0.95797 -2.3815 -1.0716 -1.1237 0.30571 0.66212 -0.30618 -0.78564 1.6395 2.1727 -0.041362 -1.2769 -0.68726 -0.15024 -1.5898 -0.65097 0.80741 0.79845 1.5725 -0.6267
0.73845 -1.3308 -1.8054 0.20148 0.99656 -1.0299 0.65833 1.2403 0.63274 -0.81219 -1.3496 -1.6441 1.1786 -1.3835 1.0421 2.0912 0.085754 -2.1 -1.215 0.65229 -2.8718 -1.5209 -0.49348 1.1494 1.1213 -0.66899 0.1004 1.6688 1.6477 -0.28457 0.16522 0.41169 -0.9588 -0.55504 -0.29378 1.7549 0.72492 0.98754 -0.56104
0.77332 -1.5152 -1.8431 0.064167 -1.2373 -1.5261 1.0457 -0.29779 0.36618 -1.2124 -1.1625 -1.1651 1.0658 -1.003 1.8849 2.6499 -0.037602 -1.4071 -0.82585 0.22878 -2.4102 -1.5227 0.63144 1.8036 1.7057 -0.93789 0.60602 0.61358 -0.10646 -0.88437 1.4078 1.1284 -1.3558 0.55588 0.69225 1.1384 0.14861 0.16397 0.012223
0.5855 -0.78168 0.52562 0.7614 -1.3373 -0.69873 0.69295 -2.0188 0.29577 0.58585 -0.0045459 -0.022104 0.67938 -0.45516 1.4245 2.4149 -0.33621 -1.0419 -0.02276 -0.48088 -2.0463 -1.3061 1.3158 1.1625 1.1942 -0.75099 0.52043 -0.93088 -1.5729 -0.93969 2.0308 1.8037 -0.95839 1.6153 1.7272 -0.25006 -0.47944 -0.3489 0.86464
0.37876 0.45423 0.36202 -0.38135 0.016646 -1.5655 0.13158 -1.5486 -0.47599 0.27517 0.93709 -0.045141 0.25475 -0.49778 0.74475 1.0845 -1.0492 -0.011005 0.61732 -0.88138 -1.6862 0.24846 0.31365 0.62507 0.98042 -0.24506 0.10458 -2.0274 -2.9645 -0.78547 1.9876 1.6997 0.053765 2.2172 2.1725 -2.0442 -0.69572 -0.83725 1.5128
0.57907 0.58687 0.85883 -0.22092 0.43473 -1.2865 0.1217 -0.80427 -0.6584 0.80888 0.63082 0.58008 0.2584 -0.69358 0.052248 -0.0099464 -1.11 1.1999 1.4381 -0.4989 0.012918 1.1761 -0.84584 0.72665 0.75473 0.40094 -0.31829 -2.1332 -2.9829 -0.075226 1.4911 1.3776 1.2187 2.2054 1.912 -2.7017 -0.31932 -0.8501 1.5398
0.70621 -0.8278 0.12817 -0.27789 -0.44665 -0.74466 0.097946 -1.4047 0.079875 0.3911 -0.62247 -0.85554 0.73011 -0.69641 -0.83322 -1.5863 -1.0721 1.3852 1.6245 0.31329 1.0217 1.746 -2.4861 0.54878 0.16405 0.96416 -0.49518 -1.4369 -1.959 0.53982 0.8502 0.74424 1.7951 1.7192 0.74132 -2.0444 0.071457 -0.96901 0.92242
0.047799 -0.9926 -1.1021 -1.1433 -0.12633 -0.1899 -0.22743 -1.9253 1.6821 -1.3217 -0.71209 0.073192 1.1358 -0.93645 -1.3688 -1.7323 -0.45575 1.1989 2.0539 1.048 1.0375 1.9124 -2.8337 0.52976 -0.18612 1.1667 -0.3248 -0.15218 -0.46024 0.77203 0.72303 -0.034399 1.5908 0.9675 -0.31118 -0.66302 0.34204 -0.62682 -0.028683
-0.008952 -0.85662 -0.69648 -0.71191 0.3285 0.57169 0.69348 -0.39741 1.7584 -1.7849 1.2386 0.67992 1.2644 -1.2782 -0.95569 -1.6498 -0.38987 1.6709 1.7089 1.486 1.2578 1.41 -2.891 0.88507 -0.589 0.88304 0.039139 0.67606 0.92262 0.80591 0.58829 -0.54976 0.76246 0.42579 -1.1811 0.95308 0.091318 -0.38235 -0.78302
-0.014784 -0.77644 -1.2212 -0.65283 1.2008 0.57262 1.01 -0.31846 1.7325 -2.587 1.301 0.029998 1.3064 -0.9951 -0.1367 -0.81128 -0.042757 2.4889 1.3437 1.6961 1.8338 0.68214 -2.0033 1.2965 -0.18535 0.39461 0.58536 0.77318 1.2718 0.50504 0.13619 -0.80165 -0.23255 -0.16686 -1.248 1.7674 -0.6347 -0.050696 -0.94234
-0.3833 -0.92117 -1.3688 -0.7646 1.4644 0.62671 1.3204 -0.08139 1.4288 -2.7233 0.89137 -0.57777 1.3055 -0.59858 -0.30638 -0.33122 0.19133 1.9077 0.9666 1.3124 1.469 -0.11233 -0.94004 0.36928 -0.63626 0.067747 0.93687 0.2031 1.1908 0.40038 -0.80038 -0.49508 -0.9094 -0.86892 -0.74911 2.0585 -1.0834 0.29344 -0.62132
-0.58329 -1.0236 -1.3342 -0.75543 1.8021 0.7657 1.7108 0.35983 1.4216 -2.8015 0.67245 -0.84577 1.2764 -0.2158 -0.38723 -0.032544 0.17691 1.361 0.94245 0.70635 0.58103 0.060684 -0.17453 -0.55514 -0.26146 0.030921 0.88611 -0.21425 0.6036 0.27116 -1.4914 -0.1546 -1.1606 -1.4234 -0.19846 1.6701 -0.91772 0.3552 -0.18434
-0.23271 -1.012 -1.0801 -0.58009 2.4751 1.1328 1.8149 0.73809 1.8208 -2.5503 1.1032 -0.20954 1.2734 0.030959 -0.48304 0.1706 0.23341 0.67775 0.99843 0.3608 0.11612 0.1468 0.42762 -0.48782 0.077421 0.047282 0.63204 -0.05095 0.11888 0.24449 -1.3954 -0.034754 -0.91145 -1.2832 -0.024494 1.1642 -0.15503 0.37935 0.066506
-0.50245 -1.3177 -1.4549 -0.83042 1.7608 1.1944 1.276 0.10966 1.5219 -2.7438 0.29275 -0.39877 1.25 0.29673 -0.40295 0.065413 0.43455 0.19082 1.0515 0.10967 -0.37711 0.12531 0.7477 -0.22068 0.2167 0.103 0.21543 0.019569 -0.36608 0.24793 -1.3345 -0.29032 -0.48084 -0.97257 -0.41485 0.65728 0.083458 -0.27118 0.080445
-0.048084 -1.1122 -0.69769 -0.31476 2.1328 1.7657 1.6777 0.22812 1.9116 -2.1313 0.72281 0.29325 1.3621 0.29036 -0.37843 -0.14595 0.5124 -0.23182 0.85922 -0.012942 -0.65626 -0.20967 0.99398 -0.11887 -0.065415 0.14074 -0.011391 0.071822 -0.53805 0.12112 -1.1064 -0.60805 -0.11856 -0.83263 -0.54876 0.15113 0.017395 -0.75699 0.0095263
-0.20866 -1.3586 -1.291 -0.48423 2.0288 1.5531 1.5827 -0.21751 1.7028 -2.1273 0.55531 -0.51971 1.354 0.043151 -0.40083 -0.53383 0.49356 -0.78935 0.48275 0.027631 -1.0101 -0.63896 0.89563 -0.55248 -0.75502 0.11606 -0.27085 0.086077 -0.46629 -0.24482 -0.90727 -0.89837 -0.020637 -0.55293 -0.56761 -0.19302 -0.37449 -0.84636 -0.10871
-0.23891 -1.3376 -1.3939 -0.22277 1.793 1.8735 1.6376 -0.32133 1.4912 -1.7654 0.63828 -0.48286 1.3928 0.13448 -0.35752 -0.5063 0.42965 -0.98969 0.16113 0.17398 -1.2622 -0.62779 0.66686 -0.27553 -1.0284 0.056455 0.049549 0.47971 0.19132 -0.27419 -0.56865 -1.0401 0.028767 -0.25275 -0.16091 -0.20354 -0.25516 0.078162 -0.27422
-0.23096 -1.425 -1.4628 -0.15572 1.7569 1.7729 1.6785 -0.1962 1.1529 -1.4651 0.6376 -0.75086 1.3932 -0.11979 -0.26285 -0.59869 0.036832 -1.1971 -0.26238 -0.039258 -1.2044 -0.8616 0.51723 -0.93081 -1.0824 -0.03283 0.46956 1.3254 1.0653 -0.26033 -0.25308 -1.2743 -0.55121 -0.38362 -0.018707 0.13366 -0.17408 1.07 -0.77914
-0.27524 -1.535 -1.8862 -0.14165 1.1564 1.6228 1.5893 -0.97697 0.87124 -1.6665 -0.21061 -1.3287 1.3579 0.45923 0.36521 0.25422 0.24831 -1.1304 -0.69539 0.052002 -1.0834 -0.44744 0.76753 -0.46395 0.27164 -0.23387 0.38011 2.3014 1.8636 0.26109 0.089644 -1.4317 -1.3889 -0.13777 -0.25723 0.43745 0.057078 1.4545 -1.4878
-0.13156 -1.6107 -1.5947 -0.25323 0.69983 1.5223 1.6121 -1.7169 1.0868 -1.8975 0.32149 -1.4418 1.3313 0.73093 1.4728 1.0644 0.11697 -1.2023 -1.4528 -0.90086 -1.8879 -0.78211 1.1226 -0.8198 0.8645 -1.0149 -0.34744 2.4305 1.9601 0.77399 0.68343 -1.0805 -1.5544 0.70212 -0.17058 0.52575 0.31983 1.1442 -2.0165
-0.25723 -1.3164 -1.5016 -0.41152 1.0474 1.3782 1.5757 -1.0571 0.72264 -1.2554 -0.6963 -1.1276 1.3328 0.39684 2.6512 2.112 0.86962 -0.79795 -1.9009 -1.8594 -1.2126 -1.2172 1.2658 -0.20011 1.0804 -1.8894 -1.6123 1.5806 1.0129 0.91034 1.1076 -0.36399 -1.1511 1.2317 -0.15785 0.19925 0.034709 0.049867 -1.9377
0.47016 -0.69497 -0.67401 0.14484 0.81722 0.65979 1.7219 -1.4736 1.3065 -0.73445 0.61282 0.73864 1.0261 -0.72211 2.6879 2.1002 1.1381 -0.0091216 -1.6622 -1.8391 0.26349 -0.84595 1.3512 -0.37205 0.93968 -2.508 -2.1176 -0.028023 -0.11489 0.69645 1.0108 0.50452 -0.23489 1.7172 0.37191 -0.4103 0.35536 -0.748 -1.0482
0.39546 0.57727 0.041274 -0.10246 0.26281 -0.03625 -0.13215 -3.3582 -0.19989 -0.0538 -0.8224 0.33195 -0.034025 -1.7449 2.4219 1.6182 1.3974 0.45945 -1.2574 -1.5244 0.31315 -0.75825 1.0653 -0.60455 0.34761 -2.6611 -1.9191 -1.7046 -1.318 -0.20819 0.49436 1.1741 0.50335 1.6378 0.7214 -0.87449 0.58349 -1.0387 0.22952
-0.27262 1.3133 1.0877 1.2916 0.86317 -0.41076 -0.78782 -1.2102 -0.76434 -0.29092 0.5309 -0.2451 -0.70316 -2.0464 1.5461 1.1147 1.1241 0.16551 -0.82205 -1.501 0.80149 -0.25118 0.38227 0.14878 -0.34184 -2.3458 -0.87468 -2.5016 -1.5477 -0.69962 0.026247 1.3638 1.1073 1.4502 0.80948 -0.98886 1.2702 -0.091102 1.4161
-1.4732 0.39765 -0.069351 0.82213 1.3074 0.25543 0.22006 -0.019474 0.63956 -0.32147 -1.0646 -0.57631 -0.97904 -2.4287 0.36073 0.19077 0.50406 0.098004 -0.12014 -1.1615 1.8103 -0.026417 -0.044256 0.79184 -0.46606 -1.5945 0.51189 -2.1695 -1.1152 -1.2889 -0.34165 1.2365 1.4808 0.71914 0.92477 -0.25326 1.3298 0.97411 1.9698
-1.6838 0.64409 0.037869 1.1126 1.3701 0.26236 0.4155 -1.8657 0.24458 -0.4527 -0.62042 -0.71966 -0.95319 -1.9712 -0.48327 -0.023424 0.31935 0.23638 0.32374 -0.090375 2.4282 0.45971 -0.12355 1.6449 1.1621 -0.72173 1.6023 -0.83917 -0.3609 -1.0624 -0.33091 0.8259 1.4685 -0.025619 0.37078 0.63361 0.71819 1.2239 1.7213
-1.2617 0.44813 0.24841 0.70626 0.64971 0.000382 -0.56305 -0.26923 0.63495 -0.57582 0.47695 -0.57555 -0.91331 -0.85546 -0.20669 0.14696 -0.53627 -0.23307 0.48691 0.35784 0.93737 0.79796 0.8004 1.4895 1.6626 -0.24659 1.6839 0.14387 0.063289 -0.51349 -0.16888 0.36185 1.0012 -0.72553 0.13786 0.69353 -0.22328 0.6109 1.0124
-1.5921 0.22247 -0.085282 0.60343 0.58539 0.18726 -0.63535 0.40861 0.37299 -0.45169 1.6685 0.51148 -0.94264 0.07422 0.42418 0.48655 -0.28018 -0.30496 0.42615 0.30521 1.1722 0.094685 1.2646 1.3392 1.1888 -0.20014 0.89477 0.59392 -0.19704 0.020066 0.075509 0.031696 0.40668 -1.491 -0.21259 0.045689 -1.1725 -0.91085 0.37671
-1.7458 0.47972 0.6744 0.99547 1.1164 0.26226 -0.16902 0.64513 0.030527 -0.14783 1.1253 2.3431 -1.0915 -0.39592 0.15477 0.067562 -0.12339 0.050581 0.51522 0.38399 0.95972 0.42914 0.68949 0.47836 0.81992 -0.19683 0.31606 0.37207 -0.28176 0.64183 0.093569 -0.22739 0.11098 -1.3975 -0.69551 -0.87625 -1.8778 -1.4624 -0.011065
-1.3962 1.0553 0.92392 0.38274 0.8391 0.52916 0.48223 -0.4913 1.3011 1.2508 1.2216 0.99164 -1.0412 -0.57864 0.34074 -0.33175 0.15506 0.25598 0.38063 0.59331 -0.60668 0.18742 0.028425 -0.33791 -0.33345 -0.12949 0.39337 -0.023459 -0.17408 0.41907 -0.37977 -0.45604 -0.21039 -0.98248 -0.93129 -1.4667 -1.8479 -0.94597 -0.17096
-1.3821 0.82776 0.15454 0.71728 0.96082 0.7953 0.60402 1.1646 0.35208 1.0348 0.10856 -0.11688 -1.1937 0.042362 0.46663 0.05194 0.41788 -0.31668 0.09768 0.39001 -1.0082 -0.71071 -0.37957 -1.6628 -0.65886 -0.29995 0.95453 -0.065721 0.1576 0.31662 -0.72569 -0.53272 -0.70347 0.03961 -1.5793 -1.1622 -1.2246 0.12881 -0.25117
-2.2534 0.37609 -0.10058 0.97032 1.1861 0.5912 -0.0247 -0.55531 1.0463 -0.66941 0.69424 0.59335 -1.0606 0.56686 0.23458 0.18866 0.21625 -0.85321 -0.20335 -0.087311 0.15886 -1.2887 -1.2124 -1.5174 -0.062955 -0.42851 1.1328 -0.17377 0.27167 -0.0096847 -0.47428 -0.2404 -0.84639 1.1617 -1.3303 -0.0122 -0.089356 1.1925 -0.22081
-1.8011 0.80444 -0.21536 0.85472 0.78633 0.27272 -0.11741 -1.0687 0.49035 -0.79114 0.77624 -0.51494 -1.0164 0.76218 0.10309 0.11296 0.42694 -0.80543 -0.17403 -0.5332 0.64285 -2.1355 -1.0758 -1.5313 0.96508 -0.45863 1.0192 -0.077794 0.29436 -0.4242 -0.096274 -0.057412 -0.69464 1.6876 -0.62533 1.1618 1.0974 1.0871 0.091183
-1.1958 1.0184 0.95416 1.282 0.12329 0.34607 0.22108 -0.52569 -1.336 -0.20737 -1.2241 1.1441 -1.4839 1.116 0.23602 0.15358 0.13863 -0.41696 0.080238 -0.45419 0.89882 -1.8842 0.35411 -0.58468 1.383 -0.41173 0.6714 -0.20968 0.42495 -0.78668 0.11466 0.025554 -0.7754 1.0193 0.14699 1.754 1.6044 0.050644 0.6131
-0.8783 0.90871 1.1503 0.7623 0.099919 0.17808 0.055155 1.7247 -0.96672 -1.1438 -0.48124 2.2518 -1.5657 1.6162 0.34084 0.62715 -0.3083 -0.71043 -0.1392 -0.66852 2.0144 -1.7291 1.2272 0.21805 0.92394 -0.15889 0.31158 -0.49605 0.35015 -1.234 -0.031262 -0.25602 -0.88714 0.051818 0.85621 1.0842 1.9283 -1.5793 1.2301
-0.92984 0.96319 0.13288 1.046 0.30318 0.69714 -0.27638 0.43724 -1.5252 0.25974 -0.7876 1.3204 -1.4122 1.3566 -0.23119 0.72991 -0.83969 -0.66247 -0.16117 -1.4038 1.5166 -1.1998 1.2432 1.0351 0.07282 0.42594 0.014614 -0.84509 0.38408 -1.2171 -0.17553 -0.63282 -0.96854 -1.2227 0.62115 -0.12256 0.94356 -2.3691 1.5153
-0.88588 0.80062 -0.15232 0.96794 1.0275 0.90983 -0.1773 1.4122 -1.4163 1.2518 0.34004 1.4676 -1.4587 1.2052 -0.49186 0.48529 -1.3201 -0.73074 -0.51869 -1.6392 0.42452 -0.70884 0.71021 1.776 -1.7095 1.1374 -0.076578 -0.83631 0.45359 -1.0567 0.027701 -0.72285 -0.53835 -1.8357 0.34481 -1.0956 -0.32147 -1.9587 1.2806
-0.51494 0.97195 1.3633 0.42711 -0.32434 -0.21019 -1.1202 1.6144 -1.2599 0.36881 1.2465 1.2157 -1.0541 1.3455 -0.76326 0.94753 -1.561 -0.73793 -0.89787 -1.693 -0.78833 -1.115 0.36339 0.65577 -2.2992 1.4222 0.082921 -0.26729 0.42913 -0.57257 0.24914 -0.52865 0.10305 -1.3286 -0.067328 -1.1387 -1.7224 -0.96173 0.63154
-0.20508 0.48646 1.3796 -0.16135 -0.42601 0.098637 -1.8522 0.72507 -1.9318 0.61564 0.87312 -0.13124 -0.636 1.48 -0.79398 1.3695 -1.8618 -0.60507 -1.1065 -1.4908 -0.55271 -1.0675 -0.5818 -0.26779 -2.0216 1.4407 -0.094442 0.17375 -0.086957 0.11384 0.8865 0.08515 0.60138 -0.33961 -0.18924 -0.51151 -2.3678 0.51106 -0.20012
0.037104 0.4746 1.3452 -0.29125 -0.64386 -0.2728 -1.3825 0.60917 -2.2643 0.051409 0.67326 -0.9003 -0.34399 1.3671 -0.52393 1.0939 -1.6034 -0.22319 -0.84089 -1.3157 -0.69084 -1.1747 -0.44818 -1.6029 -1.7956 1.3088 -0.49008 0.36928 -0.86748 0.75365 1.075 0.47901 1.1163 0.22338 0.60557 0.16402 -1.2572 1.5187 -0.53785
0.2809 0.061388 1.6915 -0.80537 -0.12436 -0.59323 -1.9082 0.19493 -2.644 -0.054421 -0.363 -0.67252 -0.20218 1.0203 -0.31351 0.26699 -1.0864 0.76456 -0.37648 -0.78834 -0.32382 -1.087 0.067462 -2.1296 -0.87301 0.86638 -0.88806 0.32602 -1.2886 1.0006 0.95631 0.25497 1.4918 -0.074076 1.5455 0.61004 0.35646 1.7344 -0.41524
0.34113 0.29249 1.5968 -0.91764 0.081475 -0.36125 -1.9077 0.42634 -2.6135 -0.013744 -0.67872 -0.88751 -0.10606 0.6828 -0.3766 -0.08491 -0.57381 0.6997 -0.3579 -0.098132 -0.46592 0.14179 0.37846 -1.0822 0.34444 0.82843 -1.0911 0.35947 -1.2696 0.84813 0.42791 -0.45123 1.6977 -0.33382 2.3314 0.32144 1.9401 1.1751 -0.084745
0.44467 0.51912 1.735 -0.8339 0.26163 -0.33987 -2.1718 0.93816 -2.7447 0.76122 -1.1474 -0.80314 -0.072863 0.2069 -0.3135 -0.40105 -0.55295 0.82314 -0.86073 0.50735 -0.82876 1.4784 0.26114 0.24055 0.58224 1.0008 -1.071 0.43777 -1.0767 0.55057 -0.10367 -1.1985 1.4095 -0.71042 2.2603 -0.088948 2.3464 0.14241 0.23188
0.49288 0.4878 1.5688 -0.884 0.39468 -0.59483 -2.2623 0.8485 -2.8845 0.40934 -1.1771 -0.20729 -0.077968 -0.21026 0.086461 -0.897 -0.32351 0.60041 -1.4281 1.0059 -1.1263 2.3832 0.11816 1.3545 -0.031499 1.1029 -0.91738 0.62243 -0.95342 0.27057 -0.14997 -1.3511 0.90494 -0.74001 1.2441 -0.36241 1.5747 -0.86708 0.088304
0.47198 -0.30387 1.0526 -0.78827 0.053074 -0.44261 -1.3889 -0.66047 -1.1698 0.87531 0.21179 0.20526 0.51168 -0.48066 0.19705 -1.2963 -0.20555 0.62407 -2.0638 1.1218 -1.4417 2.485 0.017447 1.6601 -0.3759 1.1091 -0.58156 0.67407 -0.57307 0.23007 -0.25865 -0.8298 0.2062 -0.48598 -0.11666 -0.21151 0.3386 -1.1189 -0.29116
0.17991 0.12994 0.99739 -1.3073 0.66025 -1.9137 -0.6644 -0.68894 -0.015935 -0.1861 0.90746 -0.4452 0.82398 -0.64197 0.42081 -1.3793 -0.25023 0.51825 -2.2633 1.1685 -1.6673 2.2151 -0.24182 1.5721 -1.0009 0.91906 -0.15112 0.65138 0.11957 0.11634 -0.26918 0.036826 -0.47916 -0.021951 -1.4292 -0.019163 -0.86938 -0.86336 -0.75668
0.073545 0.59215 0.56343 -1.135 0.67706 -2.2108 -1.0991 -0.87082 0.15299 0.24497 0.77382 -1.3581 0.80493 -0.63594 0.65887 -1.2009 -0.16589 0.37 -1.9782 0.76987 -1.5533 1.3056 0.009094 0.86243 -1.2898 0.61595 0.31732 0.4205 0.74885 0.20361 -0.34804 1.1082 -0.72317 0.37271 -1.924 0.28975 -1.342 -0.32509 -0.97193
-0.018947 0.69672 0.030503 -0.93445 0.87719 -2.5583 -1.035 -0.84891 -0.23271 0.53953 0.59539 -1.2344 0.84027 -0.40963 0.95693 -0.70917 -0.12628 0.21257 -1.3903 0.31918 -1.1289 -0.017149 0.085581 -0.089415 -1.3911 0.11012 0.50081 -0.0082032 1.3176 0.19933 -0.4165 1.5675 -0.58329 0.73252 -1.5264 0.22333 -1.225 0.3547 -0.82476
-0.035389 0.79026 0.2231 -1.125 0.69882 -2.7012 -0.87681 -1.3196 -0.2553 0.3497 0.55987 -1.7393 0.73524 -0.02316 0.64204 -0.23611 0.10809 0.10728 -0.42234 0.25426 -0.97265 -0.41924 0.4518 -0.35874 -0.8597 -0.078356 0.46664 -0.23542 1.5392 0.023926 -0.26125 1.6072 -0.44572 0.69876 -0.60369 -0.26054 -0.50087 0.89192 -0.59745
-0.047611 0.67802 0.093254 -1.07 0.58646 -2.597 -1.0323 -1.8829 -0.64662 0.51092 0.37213 -1.4119 0.78436 -0.041472 0.42121 0.58185 -0.019377 -0.15433 -0.10685 0.38039 -0.49301 -0.115 -0.0015915 -0.41767 -0.45811 -0.084601 0.38746 -0.068504 1.2478 0.02908 -0.015804 1.3946 -0.55668 0.74974 0.078613 -0.64829 0.17464 1.2252 -0.52903
0.054835 0.8734 0.38184 -1.1636 0.50048 -2.4392 -0.63128 -2.0624 -0.63434 0.5297 0.44077 -2.0055 0.74169 0.02484 0.53654 1.0056 -0.17018 0.054112 0.38837 -0.064513 -0.47479 0.083387 -0.48011 -0.031132 0.13698 -0.26518 0.14901 0.42774 0.94713 0.6406 -0.22404 1.3239 -0.46128 1.1606 0.039137 -0.83744 0.13048 0.94226 -1.0822
0.17721 1.029 0.63772 -1.0286 1.087 -2.5414 -0.51478 -1.5747 -0.22419 0.55809 0.47374 -1.7924 0.75347 0.26743 0.90023 0.98483 0.071385 0.22142 0.81642 -0.52053 0.12158 -0.11879 -0.77809 0.12815 0.70815 -0.66289 -0.32869 0.34093 0.23527 1.5384 -0.47896 1.5719 -0.098054 1.5059 -0.32177 -0.57198 -0.7212 0.78198 -1.727
-0.13953 1.0527 1.2491 -1.0778 0.33497 -2.5081 -0.82431 -1.1735 0.045747 0.14318 0.048268 -1.8706 0.71902 0.090413 1.1277 1.3232 1.2323 -0.50692 1.5961 -0.12644 1.0488 -0.34987 -0.87828 -0.34436 0.5568 -1.5618 -0.90961 -0.19099 -0.50264 2.0128 -0.72051 1.6713 0.63507 1.5483 -0.47233 0.29252 -1.0332 0.56383 -1.8667
0.022899 1.3081 1.1389 -1.2737 1.0674 -1.9717 -1.3893 -2.0456 -0.38271 -0.37468 0.81827 -0.71183 0.42115 -0.67373 0.70483 0.87183 2.08 -0.80031 2.2318 0.2196 1.771 -0.58242 -0.97532 -1.7881 0.99286 -2.265 -1.2718 -0.76037 -1.0493 1.8154 -0.28335 1.2765 1.0754 0.75308 -0.53602 1.1671 -0.18406 0.52052 -1.3473
0.39408 1.824 1.1701 -0.87035 0.8551 -1.5551 -1.5928 -1.2723 -0.89386 -0.59413 0.62298 -0.71285 -0.11293 -1.159 0.31878 0.15082 2.4881 -0.83547 2.8086 0.66425 1.8119 -0.68236 0.22226 -1.2648 1.1944 -2.5216 -1.2847 -1.1901 -1.4058 0.92183 0.29674 0.22619 1.0795 0.069776 0.037355 1.8675 0.91989 0.79184 -0.17657
-0.0765 1.8466 1.997 1.085 -0.5593 -0.36803 -0.36493 -0.10251 -1.1452 -0.3028 -0.56599 -1.4216 -1.1194 -1.42 0.031591 -0.34783 2.7474 -0.15699 2.6019 0.95814 1.2461 -1.0827 1.0727 0.2056 1.4976 -2.3898 -0.75639 -1.186 -1.2061 -0.16161 0.6484 -0.89566 0.47855 -0.58357 0.77988 1.9462 1.9015 0.84334 1.0352
-0.95568 1.2569 1.2137 1.1762 -0.030082 -0.00052256 -0.078827 0.63089 -0.92322 -0.72864 -2.6057 -0.48738 -1.4795 -1.8721 -0.53152 -0.64291 2.5791 -0.23307 1.8447 1.3855 1.438 -0.035951 1.938 0.62777 1.9862 -1.7885 -0.070906 -0.91932 -0.92349 -1.1442 1.0824 -1.8191 -0.28004 -0.80395 0.89105 0.75744 1.7827 0.83222 1.8041
-0.97618 1.2512 0.67385 1.2462 0.35328 0.54385 -0.10724 0.3009 -0.75143 1.5569 0.18809 0.10734 -1.4386 -1.6934 -0.85901 -0.93912 1.7466 0.184 1.0558 0.68225 0.76588 0.70433 2.1689 1.3258 2.3876 -0.93588 0.51183 -0.57797 -0.28709 -1.9658 0.77626 -2.1471 -0.79563 -0.81432 1.1064 -0.52065 1.1022 -0.49847 2.1442
-1.1461 1.3356 0.8658 1.5975 0.83285 0.19902 -0.37602 -0.81446 -1.9725 1.1312 1.927 0.74628 -1.539 -1.1537 -0.77639 -1.2404 0.91529 1.131 0.20211 0.29007 0.4151 0.26556 1.2333 1.9821 2.5165 -0.2933 0.97238 -0.35024 0.3678 -2.386 0.26842 -1.9816 -0.93066 -0.94752 0.62139 -2.2614 0.26626 -2.0916 2.1767
-1.452 0.94323 0.5257 1.7572 0.36506 0.031261 0.33808 0.46881 0.14431 1.9064 0.91222 2.0959 -1.4809 -0.85231 -0.81232 -0.56306 0.01337 0.69735 -0.56787 0.086121 0.099721 1.0563 0.35774 1.8859 0.18708 0.37478 1.0437 -0.22645 0.47075 -2.4364 -0.20147 -1.3056 -0.19776 -0.19165 0.59004 -2.8433 -0.7541 -3.0912 1.9439
-1.1585 0.96159 0.42927 1.7497 0.30421 0.10296 -0.68206 0.39451 0.10046 1.8502 0.71744 1.6854 -1.4014 -0.5294 -1.1382 -0.13793 -0.88351 0.050206 -1.026 0.026142 -0.15563 1.068 -1.8011 0.92431 -1.326 1.1215 0.93313 -0.052984 0.36816 -2.1515 -0.0051193 -0.55256 -0.10116 -0.32286 0.49945 -2.5923 -1.12 -2.9738 1.5484
-1.5052 0.84635 0.14104 2.2219 1.3061 0.11695 0.41965 0.84049 -1.5496 0.43018 0.86185 1.8992 -1.6441 -0.11262 -1.0532 -0.60762 -1.7749 0.34237 -0.75239 0.44694 0.65032 1.5177 -2.1543 0.25761 -2.2162 1.5408 0.90061 0.48844 0.014958 -1.4545 0.64032 -0.021765 -0.30558 -1.1731 0.11153 -1.6953 -0.93463 -1.209 0.89536
-1.8688 0.29145 0.6138 0.51639 0.8067 -0.75079 -0.187 0.058191 1.1663 0.50938 1.0432 -1.5789 -0.77041 0.16848 -0.73927 -0.52448 -2.0938 1.3117 -0.72385 -0.087558 -0.52599 1.0608 -2.8354 0.41958 -2.5588 1.66 0.9847 1.0659 0.27618 -0.66211 0.64835 0.53752 -0.78529 -1.6359 -0.012732 -0.023718 -0.97905 0.32499 0.053857
-1.2617 0.072799 0.70269 0.21452 0.16432 -0.78105 -0.234 -0.74215 -0.0062055 -1.3518 2.5933 -1.1191 -0.043804 0.43168 -0.18446 -0.32707 -2.0183 1.3363 -0.74756 -0.4141 -2.0971 1.2781 -2.6063 0.15654 -1.7436 1.5722 0.71572 1.127 0.81493 0.17587 -0.31122 0.75464 -0.67894 -1.0308 -0.72429 1.4711 -1.1561 1.9277 -0.84496
-1.1953 0.37499 -0.50165 -0.18927 1.443 -0.38922 0.67103 1.4322 0.9965 -0.8081 1.1826 -0.78141 -0.16122 0.98409 0.22603 0.24596 -1.959 0.83867 -0.014301 -0.94488 -2.0981 1.1473 -1.6212 -1.1015 -0.8673 1.1942 0.51861 0.65678 0.8631 0.39367 -1.4018 0.47794 -0.33985 0.32788 -0.97206 2.8391 -1.2336 2.2107 -1.1377
-1.2456 0.35464 -0.06591 -0.090172 2.4105 -0.7019 -0.53696 -0.79773 1.2904 -1.7187 0.82919 -0.75012 -0.097851 0.77676 0.36552 0.52427 -1.517 -0.018472 0.31171 -0.33873 -0.65848 -0.04773 0.26449 -1.4354 1.0205 0.38986 0.66672 0.025077 0.96388 0.51772 -2.2091 0.040296 -0.40631 0.8555 -1.6607 2.7632 -0.33138 1.6964 -0.87452
-0.89774 0.95502 0.30096 -0.14498 1.825 -0.87692 -1.1453 -3.3186 0.98092 -1.7873 0.97842 -0.55553 -0.037272 0.93516 0.096189 0.65574 -1.6235 -0.74808 -0.35047 -0.74265 -0.5975 -0.31444 1.5662 -1.403 0.73958 0.38773 0.80384 -0.48501 0.64117 0.44598 -2.1895 -0.33277 0.026118 0.96093 -1.7282 1.8884 0.70372 0.90204 -0.27177
-0.66996 0.69228 1.0908 -0.79856 1.4338 0.15023 -0.66989 -1.2392 0.58245 -1.3532 -0.70141 -0.76039 -0.14194 1.6643 -0.071575 1.2597 -1.2398 -2.1916 -0.49239 -1.2496 -1.1346 -1.4631 1.4811 -0.38936 1.0464 0.5431 0.83585 -0.61632 0.42941 0.40911 -1.3869 -0.22137 0.2695 0.80255 -1.1844 0.39062 0.9319 0.15843 0.23535
-1.1859 0.30144 1.118 -1.5782 -0.1858 -0.61956 0.038127 0.59721 0.69332 1.3671 0.45498 0.31736 -0.10337 1.9975 -0.36541 1.0751 -1.2817 -2.3575 -0.22069 -0.4626 0.065561 -1.7578 1.6539 -0.11608 1.0344 0.67251 0.26402 -0.11186 0.023122 0.73657 -0.33674 0.12235 0.64105 0.41834 -0.76756 -0.81914 0.85851 0.1079 0.083029
-0.045341 0.17367 0.52553 -1.5732 0.21698 -1.569 -1.2107 -1.2884 -0.21766 0.34531 0.79978 -0.24234 0.57175 1.7609 -0.43452 1.1212 -0.93896 -1.9218 -0.15394 -0.023479 0.61596 -1.8063 1.026 -0.084307 1.2161 0.63306 -0.61586 0.655 -0.21113 0.88507 0.88676 0.44723 0.86656 -0.016705 -0.20988 -1.5695 -0.03018 -0.50704 -0.50474
0.61014 0.59637 1.3036 -0.97145 -0.43415 -0.82166 -1.6861 -1.9053 -0.98029 -0.14552 0.58613 0.85558 0.31074 1.3638 0.09531 0.78275 -0.43 -1.5304 -0.27965 -0.24638 -0.64236 -1.7552 0.11306 0.28274 0.89093 0.47885 -1.5364 1.3762 -0.06929 1.2597 1.2106 0.61562 0.70204 -0.13883 0.33908 -1.3844 -0.16611 -0.87409 -1.3302
0.5509 0.15644 1.5643 -1.6061 0.0077028 -0.57874 -0.9038 -1.6041 -0.83635 0.074032 0.33853 0.37709 0.54255 0.86022 0.80553 1.0319 -0.051926 -0.85192 0.38284 0.1486 -0.82838 -1.9155 -0.97128 -0.64373 0.054637 -0.18672 -2.1338 1.3486 -0.60446 1.8759 1.3124 0.60251 0.53796 0.32724 0.80039 -0.28762 -0.46044 -1.071 -1.9084
0.34436 0.48779 2.1239 -1.5077 -0.6558 -0.61095 -0.48301 -0.98493 -1.319 -0.10205 0.052257 1.1387 0.41345 -0.34476 1.3351 1.0072 0.56916 -0.50377 0.6706 0.66807 0.49343 -1.0111 -0.18991 -0.18089 -0.22412 -1.0963 -2.442 0.65444 -1.2026 2.3548 1.1423 0.69712 0.54679 1.0398 0.959 0.68229 -0.18262 -0.41897 -2.1185
0.16934 0.7367 1.6112 -1.6034 -0.97866 -0.70972 -0.91918 -1.4219 -1.5653 -0.071511 0.25526 0.41734 0.31332 -1.2624 1.2197 -0.089989 1.9753 0.15329 0.50617 0.44716 0.69458 -0.5257 0.58907 -0.82406 -0.48177 -1.7051 -2.135 -0.32754 -1.9916 2.3082 1.1637 0.66014 0.33385 1.093 1.1833 1.2613 0.62819 0.28655 -1.5283
0.061559 1.3169 2.1462 -1.4572 -0.86431 -0.53921 -0.29675 -1.3474 -2.3298 -0.43901 -0.29605 -0.085886 -0.27581 -2.0123 0.99476 -0.8577 2.8403 0.22146 0.97031 0.54774 0.68101 -0.46714 0.73763 -0.0068035 0.28181 -2.2319 -1.1422 -1.2145 -1.926 1.5161 1.1465 0.56907 0.022279 0.76398 1.2238 0.67187 0.59916 0.95989 -0.48667
-0.060165 1.7432 1.9252 -0.19318 -0.077565 -0.4483 -0.87848 -0.71781 -1.1975 0.16388 1.0361 -0.097479 -0.77541 -2.1858 0.43057 -1.6911 3.0118 1.082 1.4757 0.77733 1.2702 0.2625 1.1595 0.6168 0.41546 -2.122 -0.11098 -1.5168 -1.1036 -0.082246 0.82526 0.20794 -0.1169 0.64624 1.2524 0.21182 0.43908 0.78634 0.62289
-0.77403 1.3118 0.88213 1.6964 -0.011189 0.023182 -0.93399 -0.95668 -1.4988 1.1202 -1.4103 0.55597 -1.4022 -1.9598 -0.30737 -1.7268 2.8111 1.2948 1.2588 0.52307 1.7337 1.129 0.90819 0.38442 1.3642 -1.6849 0.98624 -1.7156 -0.28334 -1.5808 0.55701 -0.38926 -0.23653 0.22331 0.71411 -0.14462 -0.57723 -0.24289 1.6618
-1.6391 0.94382 0.60932 0.99492 -0.30061 0.74112 0.40662 -0.46704 -1.8115 0.70657 1.0169 1.5573 -1.5765 -1.4927 -0.6746 -1.6742 1.8462 1.2491 0.76158 0.23457 1.4587 1.2701 0.94171 -0.074947 0.64716 -0.95828 1.7249 -1.6091 0.26053 -2.8495 0.26548 -1.1052 -0.09735 -0.61016 0.30083 -0.62725 -0.46786 -1.5811 2.5863
-1.4442 1.0769 -0.098447 1.2296 0.60996 1.0158 0.30766 0.85574 -0.86168 1.273 1.1089 1.0727 -1.4619 -0.57038 -1.3325 -1.3732 0.55677 1.2441 0.61359 0.38361 1.0235 0.50203 0.55197 -0.88128 -0.33922 -0.091836 1.9237 -1.1156 0.66154 -2.9988 0.23971 -1.6029 -0.37173 -1.3158 0.047766 -1.0031 -0.38076 -2.4128 2.969
-1.2338 0.65038 0.16465 1.3633 0.50585 0.23007 -0.77431 0.59063 0.062801 0.49091 0.059911 2.0442 -1.4168 0.24941 -1.7576 -1.3726 -1.0322 1.6415 -0.25028 0.65655 0.37958 1.1884 0.051259 0.26229 -2.0663 1.3177 1.3433 -0.34013 1.0725 -2.4483 -0.38288 -1.8427 -0.30823 -1.7668 0.13618 -1.4977 0.34814 -1.4736 2.5457
-1.1644 0.99475 0.36834 1.0514 0.84886 0.11434 -0.35529 0.17289 -0.68192 1.2472 -0.6557 -0.27905 -1.4147 0.66006 -1.6364 -0.64324 -1.1922 1.5822 -1.2117 -0.36144 -0.39692 1.2553 -0.70544 -0.58602 -2.3704 2.0403 0.42588 0.9261 1.3423 -1.4921 -1.1645 -1.5491 -0.2587 -1.7241 0.22921 -1.4501 1.6324 -0.028998 1.4339
-0.78156 -0.18063 -0.27263 1.1485 1.3801 0.81927 -0.161 0.27456 -1.2903 1.2863 -0.90828 -0.42031 -0.97393 0.32901 -1.0889 -0.047424 -1.7216 0.34208 -1.7493 0.045345 -1.4116 1.163 -1.5047 0.5284 -1.4435 2.1455 -0.51386 1.5404 1.6079 -0.5086 -1.6343 -0.62169 -0.6762 -1.5387 -0.16038 -1.1621 1.9325 1.8705 -0.092335
-1.0543 -0.85741 -1.3728 -0.21582 1.8185 -0.19724 0.89669 -0.45543 0.62148 0.82405 0.95551 -2.1112 0.35761 0.16064 -0.10338 0.45319 -1.8037 -0.37787 -1.5131 0.21465 -1.5752 0.97798 -1.6474 2.4725 -0.7037 1.843 -0.89794 1.707 1.4985 -0.088272 -1.6747 0.21694 -0.44291 -0.54152 -0.51105 -0.49017 1.895 2.4013 -1.295
-1.0484 -0.23259 0.34687 -0.1315 1.5232 -0.92598 -0.90482 -0.3233 0.31995 -0.76951 0.26371 -0.58978 0.43487 -0.43663 0.072561 1.0579 -1.6448 -0.57178 -1.2467 -0.84101 -2.1513 0.97909 -1.8632 2.8593 1.0619 1.2652 -0.6779 1.1599 1.1854 0.66629 -0.94811 1.1014 -0.77764 1.1037 -1.0166 0.18852 0.48193 2.0351 -2.1206
-1.1003 0.45868 0.27047 -0.48051 0.25184 -1.4013 0.040479 -1.2571 1.0064 -0.93746 1.4547 0.34415 0.25902 -0.59036 0.65975 1.5811 -1.3853 -1.2335 -1.0466 -0.71709 -1.1343 0.2691 -1.5309 2.2948 1.4602 0.35945 -0.34143 0.12145 0.44683 0.95243 -0.18535 1.6913 -0.52213 2.0808 -1.192 1.1795 -1.1236 0.91404 -2.1735
-0.9363 0.85458 0.91459 -0.46776 0.17728 -1.0246 -0.4035 -1.5261 0.4833 -0.85942 3.1136 0.18311 0.043678 -0.52914 0.48613 1.5886 -0.71459 -1.0771 0.082922 -0.87686 0.58185 -0.61339 -1.1729 1.6532 1.7838 -0.58596 0.40128 -0.6326 -0.3761 1.2373 0.7624 2.244 -0.129 2.8626 -0.87096 1.8368 -2.1271 -0.42192 -1.5074
-1.6917 -0.0093518 1.1054 -0.77167 1.1379 -0.60032 -1.5391 -2.8186 0.092541 -0.68124 2.1105 0.80021 0.030243 -0.41572 -0.10011 1.0265 -0.53271 -0.4756 0.98728 -0.7057 1.2445 -0.72185 0.4339 0.69114 0.87534 -0.79143 1.2077 -1.4928 -1.3301 0.8683 0.86292 1.8145 0.017905 2.299 0.3357 1.7805 -2.0669 -0.76157 -0.021366
-1.2706 0.0016525 0.98793 -0.88337 0.032079 -0.84756 -0.098297 -0.10774 -0.40796 -0.92704 1.8727 0.53864 -0.032645 0.2022 -0.60573 0.65712 0.18254 0.55843 1.9319 -1.0929 2.4238 -0.35307 0.93159 -0.86096 0.4708 -0.62834 1.7468 -1.3437 -1.6262 0.053635 -0.16405 0.61158 0.12523 0.99924 1.3867 1.2315 -1.4888 -0.88454 1.4269
-1.4937 -0.038848 1.038 -0.90638 0.55413 -0.35783 -0.81387 1.1072 0.1298 -1.6501 2.9005 0.83894 -0.22511 1.2347 -1.2993 -0.38944 -0.25061 -0.34489 1.4237 -0.59668 2.5714 0.82396 1.0785 -0.84204 0.51527 0.34574 1.7139 -0.85434 -1.1246 -0.48878 -0.91521 -0.22816 0.011994 -0.67144 1.7136 0.26344 -0.88531 -0.74521 2.1423
-1.289 0.2184 1.8256 -0.66554 0.51171 0.1811 -1.8093 0.1821 -0.30944 0.61492 1.053 0.86004 -0.52736 1.8153 -1.1686 -0.68545 -0.7525 -1.4511 1.0169 -0.73006 1.9214 1.4872 1.038 -0.74254 0.10254 1.1827 1.096 -0.42921 -0.47876 -0.88049 -1.3668 -0.78518 0.68391 -2.0204 1.1737 -0.016876 -0.47088 -0.92726 2.1229
-0.61745 -0.1208 0.97651 0.046791 1.2641 1.3547 -1.3764 1.2857 0.79126 0.33647 0.84484 0.907 -0.31591 1.8875 -1.2499 -0.35987 -0.94751 -1.2533 1.0314 -0.88516 0.12628 1.9122 0.92468 -1.2448 -0.50736 1.8121 0.077131 -0.054903 0.24363 -0.4917 -0.70118 -0.68355 1.3671 -2.0008 0.0090927 -0.43283 -0.63902 -1.2284 1.2723
0.218 -1.3206 -0.039011 -1.527 -0.68506 0.012713 -1.1055 0.93615 1.7418 0.19117 2.5477 1.1276 1.0093 1.8635 -1.3466 -0.22491 -1.063 -1.656 0.67617 0.2361 -0.44611 1.5328 0.97647 -1.6534 -0.96949 2.1158 -0.58129 0.24651 0.54957 0.17987 -0.039469 -0.62092 1.9509 -1.3019 -1.1113 -0.36539 -0.66992 -1.1088 0.038442
-0.23977 -1.0584 0.47005 -2.0184 -1.2705 0.17274 -2.0989 0.37841 1.5982 0.068943 0.85903 0.61894 1.3199 1.3481 -1.2969 -0.15554 -0.983 -1.605 0.33163 1.3077 -0.29773 0.80607 0.22249 -1.7386 -1.5368 1.9633 -0.7362 0.75594 0.33654 1.0332 0.44361 -0.34438 1.8458 -0.23305 -1.9531 -0.10358 -0.5415 -0.6708 -1.3417
0.23594 -0.89989 1.2857 -1.5693 -0.63925 0.79966 -1.1914 0.37164 1.9873 -0.012493 0.25864 -0.48317 1.4199 1.0269 -0.72469 0.24042 -0.40227 -1.3394 0.22107 1.5886 -0.50865 -0.28776 0.64089 -1.9134 -1.7181 1.1702 -0.49412 0.81632 -0.19399 1.4418 0.76781 -0.12782 0.93569 0.17241 -1.9282 0.016435 0.15738 -0.15136 -1.9774
0.17259 -1.2374 1.1289 -1.541 -0.85981 0.89965 -0.5572 0.34593 1.5854 0.88563 0.14289 -0.24398 1.4284 0.96634 -0.28356 0.042863 0.6049 -0.5279 0.62886 1.6687 -0.32694 -1.2585 0.88223 -2.259 -1.5426 0.087445 -0.14892 0.54865 -0.71501 1.1643 0.47162 -0.12334 -0.21832 0.35868 -1.4038 0.20489 0.77228 0.57322 -1.7929
0.21297 -1.3507 0.98053 -1.3723 -1.0201 0.8492 0.14896 0.36595 0.79865 0.75871 -1.1664 -1.1318 1.4176 1.1545 -0.47445 -0.66651 0.76831 -0.67468 0.3012 1.6836 -0.09754 -1.4641 0.683 -1.0486 -1.2783 -0.185 0.051969 0.24889 -0.77575 0.48022 0.22037 -0.21787 -0.88386 0.52332 -0.43934 -0.25322 1.3011 0.91112 -1.0102
0.80067 -1.2542 0.55139 -0.93364 -1.0942 0.97358 0.28598 0.6102 0.83115 1.0081 -0.23551 -0.98547 1.3091 1.0112 -0.49342 -1.0047 0.55267 -0.99869 0.073563 0.85672 0.20669 -1.543 0.62512 -0.51646 -0.53704 -0.29562 0.048399 0.22844 -0.20597 -0.23601 0.14564 -0.29904 -1.3067 0.44176 0.41387 -0.38496 1.6036 1.0647 -0.25615
0.99337 -1.5127 0.095469 -1.1935 -1.6301 0.64906 0.023541 0.092319 0.0039828 1.138 -0.72395 -0.89517 1.1602 1.0962 -0.19535 -0.65039 0.50201 -0.65835 0.10448 0.41954 0.26684 -1.0744 0.25169 -0.0035234 -0.28706 -0.29283 -0.2866 0.4516 0.50372 -0.48431 0.52281 -0.11903 -1.3135 0.14465 0.7011 -0.2939 0.65243 0.9693 0.0059299
0.78981 -1.4374 0.15268 -1.0504 -1.7558 0.81821 0.0042341 0.25913 0.091664 0.67199 -0.44995 -1.5987 1.2252 1.0808 -0.033095 -0.32967 0.31496 -0.23703 0.18166 -0.018717 0.36855 -0.60558 0.30941 0.6441 0.22021 -0.2781 -0.38528 0.45977 0.71062 -0.49235 0.70282 -0.061442 -0.93653 -0.16324 0.75094 -0.24859 -0.040719 0.55647 0.10784
1.0931 -1.5375 0.26525 -0.92902 -1.6576 1.0617 0.089928 0.93167 0.0011508 1.2926 -0.53472 -0.80212 1.1506 0.59665 0.060743 -0.060525 0.012952 -0.016422 0.037195 -0.21005 0.099453 -0.48695 0.2395 -0.22967 0.39983 -0.18394 -0.49941 0.24216 0.38518 -0.59883 0.2942 -0.20429 -0.88282 -0.4525 0.37643 -0.063858 -0.84805 0.3656 0.068662
1.2458 -1.3765 0.46687 -0.86317 -1.4082 1.009 0.35439 0.62101 0.10736 1.1452 -0.23664 -0.86428 1.1484 0.55877 0.15763 0.025191 -0.091617 0.072643 0.004606 -0.49627 -0.053187 -0.28703 0.12298 -0.4808 0.30379 -0.17332 -0.5059 0.27625 0.14351 -0.49781 -0.1855 -0.26299 -0.82662 -0.56487 0.23174 -0.23941 -1.0698 -0.051595 -0.013302
1.5162 -1.3134 0.3371 -0.91489 -1.2218 1.0326 0.021928 0.82421 0.01704 1.2407 0.018113 -0.7562 1.0663 0.4477 0.12238 -0.10276 -0.37696 -0.22265 -0.17592 -0.91491 -0.44976 -0.46384 0.2163 -1.2384 0.45201 -0.23265 -0.34906 0.26596 0.0050966 -0.29943 -0.38224 -0.22366 -0.80983 -0.33981 0.32306 -0.43459 -0.48155 -0.2895 -0.071838
1.2062 -1.3025 0.16991 -1.1412 -1.4973 0.72682 -0.25464 0.19111 -0.19706 1.2597 -1.277 -0.44869 1.0913 0.23397 0.40651 -0.028927 -0.38881 -0.48462 -0.19015 -1.1406 -0.51116 -0.1486 -0.16835 -1.1213 0.093239 -0.27543 -0.38864 0.23362 0.080086 -0.052462 -0.21562 -0.10984 -0.60058 0.069364 0.50837 -0.55768 -0.047405 -0.19383 0.0079342
1.4239 -1.4099 0.11237 -1.2882 -1.7992 0.73087 -0.75322 0.04769 -0.40044 0.99612 -1.3276 -1.0097 0.98919 0.12258 0.38941 -0.0089352 -0.37675 -0.47451 -0.27045 -1.3326 -0.37157 0.10253 -0.5053 -0.92593 -0.098574 -0.25046 -0.19577 0.20762 0.23843 0.29945 0.47915 -0.017476 -0.078305 0.62491 0.89092 -0.5697 0.66965 0.12657 0.13003
1.2649 -1.3388 0.15514 -1.3902 -2.0256 0.80407 -1.0028 0.046876 -0.50455 1.2605 -2.0388 -0.61221 0.96541 0.012985 0.42285 0.14102 -0.18134 -0.21123 -0.14096 -1.3638 0.033675 0.47435 -0.65963 -0.72868 0.1776 -0.15132 -0.10235 0.033271 0.17722 0.49553 1.0703 -0.25407 0.55605 0.80808 0.87527 -0.36928 0.95694 0.6487 0.25465
1.4726 -0.84533 0.49425 -1.1468 -1.9285 0.94336 -0.95037 0.50159 0.24929 0.91703 -1.1183 -0.67164 0.84117 0.20011 0.46921 0.26685 0.06905 0.59408 -0.22114 -0.96029 0.52521 1.0658 -0.70618 0.0012146 0.6855 -0.081619 -0.17271 -0.027142 -0.0092347 0.56089 1.0963 -0.51005 1.023 0.69721 0.58871 -0.47301 1.225 0.54148 0.28768
1.4495 -1.02 0.35247 -1.2971 -1.6173 0.53598 -1.3185 0.10079 0.28698 0.27157 -1.0735 -1.0652 0.92462 0.0067711 0.42836 0.17494 0.29427 1.0944 -0.67654 -0.36705 0.65758 1.1783 -0.82417 0.46301 1.0804 0.057362 -0.2286 -0.13745 -0.40437 0.37828 0.61944 -0.60944 0.97926 0.59211 -0.073736 -0.64621 1.3672 0.038284 0.17655
1.3673 -0.97732 0.36745 -1.1725 -1.4715 0.82607 -1.8331 0.78673 0.49583 0.51198 -1.6468 -0.062216 0.97483 -0.19053 0.34679 -0.02778 0.41018 1.037 -0.94164 -0.049232 0.7098 0.9624 -1.3924 1.0973 0.60262 0.11651 -0.45398 -0.10809 -0.74307 0.16194 -0.11796 -0.39784 0.83023 0.38719 -0.75165 -0.68931 1.2959 -0.47486 0.063257
1.493 -0.90679 0.46005 -1.1062 -0.74574 0.33878 -1.2883 0.74926 1.2101 0.40034 -1.4066 0.56002 0.97781 -0.20942 0.25866 -0.44181 0.34106 0.79597 -0.90498 -0.11461 1.1225 0.3585 -1.6418 1.6452 0.30812 0.038898 -0.56588 0.011545 -0.8942 -0.17509 -0.42658 -0.21663 0.85913 -0.0060751 -1.1038 -0.59768 1.2527 -0.87843 -0.035633
1.3271 -0.93217 0.29721 -0.91423 -0.77982 -0.19137 -0.99364 0.82659 0.8806 -0.055461 -0.68309 0.34541 1.0295 -0.51882 0.37804 -0.77916 0.34557 0.5251 -0.83668 0.35587 1.0602 -0.10346 -1.7113 2.1802 0.076187 0.031324 -0.69867 0.16623 -0.92054 -0.43704 -0.265 -0.15805 0.99407 -0.5825 -0.98248 -0.23786 0.9086 -0.82176 -0.050109
1.0712 -0.7338 0.19915 -0.84232 -1.1622 -0.14445 -1.1016 1.0641 0.81674 -1.0897 -0.077605 -0.52106 1.0131 -0.8593 0.43793 -1.0823 0.014169 0.52663 -1.1209 0.92365 0.45603 -0.60114 -1.8904 2.5996 -0.50477 0.041689 -0.64199 0.23149 -0.79911 -0.52936 0.12523 -0.31717 1.1934 -1.4065 -0.39358 0.25796 0.07157 -0.64511 -0.061154
1.4337 -0.6142 -0.2431 -0.8958 -0.98558 0.034421 -1.6174 2.1486 0.54101 -1.4666 1.1169 -0.4935 0.82657 -1.137 0.54253 -1.389 -0.2147 0.66503 -1.1164 1.1624 -0.14684 -0.61763 -1.7544 2.565 -0.71954 0.033141 -0.10449 0.045246 -0.4089 -0.43643 0.42366 -0.3202 0.98975 -1.7302 0.12725 1.1414 -0.97447 -0.41585 -0.15971
0.77672 -0.68244 -0.6777 -0.92103 -0.82302 -0.34827 -0.86797 1.2618 0.18447 -1.539 0.91608 -0.23998 1.0618 -1.0688 0.57155 -1.5946 -0.33484 0.98499 -1.3445 1.5638 -1.1272 -0.21799 -1.0876 1.6145 -0.64929 -0.062079 0.71227 0.04562 -0.065723 0.16011 0.32584 0.019421 0.54554 -1.2865 0.45367 2.067 -1.868 -0.0096618 -0.3883
0.52887 -0.49504 -0.81226 -1.2592 -0.36914 -0.89958 -0.16367 0.93032 0.037109 -1.7279 1.3067 -0.32297 1.0537 -0.60641 0.39312 -1.2615 -0.26713 1.1405 -1.3099 1.759 -1.6547 -0.04409 0.23558 0.60608 -0.72229 -0.17829 1.3217 0.33154 0.57545 0.51104 0.029757 0.47726 -0.29264 -0.24181 0.40028 2.3369 -2.1129 0.076174 -0.7135
0.42589 -0.30199 -1.2275 -1.2253 0.10382 -1.2209 0.27864 0.29501 0.69266 -2.0519 1.9695 -0.62428 0.9985 0.16634 0.59515 -1.252 0.33698 0.94154 -0.97602 1.5666 -1.4011 0.042742 1.365 -0.3911 -0.51565 -0.48852 1.0951 0.75851 1.2033 0.58712 -0.24657 0.94489 -1.0901 0.81733 0.13335 1.7178 -1.6227 -0.0035763 -0.84524
0.46388 -0.29772 -1.6843 -1.1327 -0.0053052 -1.6918 0.56678 -0.59864 0.68563 -1.6411 1.0489 -1.0275 0.8591 0.64321 1.0941 -0.48454 0.38354 0.75842 -0.39889 0.62673 -0.51207 0.071481 1.8244 -0.92397 -0.6172 -0.92222 0.31277 0.95991 1.6437 0.22628 -0.58045 1.1401 -1.4278 1.1483 -0.16645 0.51803 -1.0129 0.27392 -0.71451
0.93404 -0.40898 -1.1263 -1.0542 -0.01515 -1.167 0.3984 -0.21569 0.47292 -0.33289 0.7885 -1.579 0.71593 0.2926 1.5026 0.24993 0.4122 0.70547 -0.026445 0.1917 -0.06275 -0.01211 1.6508 -1.068 -0.70123 -1.0745 -0.6166 0.72589 1.9466 -0.3627 -0.98212 0.97561 -0.90097 0.75143 -0.39642 -0.74785 -0.22331 0.62972 -0.28434
1.6103 0.13935 -2.1043 -0.21646 0.098806 -0.99116 0.26542 0.73353 0.2381 0.54615 0.49393 -0.46308 0.31246 -0.10413 1.5597 1.0321 0.11206 0.13285 0.35278 -0.08617 -0.020025 -0.37729 1.1599 -1.2039 -0.042406 -1.0555 -1.1531 0.18623 1.4184 -0.66603 -1.3245 0.46979 0.2455 -0.21712 -0.49934 -1.654 0.39658 1.0111 0.26611
0.8624 0.76925 -0.79676 -0.95541 0.31261 -1.0538 -0.019648 0.48962 0.29005 0.18415 0.0070967 -1.1441 0.12342 -0.58231 1.5891 1.5925 -0.18055 -0.65943 0.47899 0.31784 -0.14433 -0.57238 0.16305 -0.71752 0.53604 -0.8875 -0.94812 -0.55723 0.88397 -0.86469 -1.4646 0.23591 0.78321 -0.71532 -0.46665 -1.9239 0.94309 0.84194 0.68802
0.3052 1.1695 -0.4666 -0.97435 0.76767 -1.2918 0.4785 0.21097 0.4443 -0.5008 0.67142 -1.6613 0.040832 -1.0159 1.3699 1.4735 -0.52443 -1.1446 0.23621 0.97668 -0.92362 -0.70218 -0.82808 -0.24504 0.9093 -0.57974 -0.10922 -1.423 -0.0044542 -0.41942 -1.0795 0.060266 0.65167 -0.32024 -0.11485 -1.3265 0.96934 0.29484 0.93346
0.40922 0.94732 -0.12332 -1.142 -0.26169 -0.85846 0.28863 -0.53714 0.13207 -0.57022 0.085271 -0.42481 -0.0056414 -0.97587 0.66604 1.6736 -0.83482 -1.5162 0.48362 1.0199 -1.069 -0.83539 -1.3063 0.47096 0.61052 -0.18534 0.67632 -2.1277 -0.70309 0.01967 -0.2315 0.10337 -0.44556 0.54459 0.16831 -0.46764 0.56025 -0.11869 0.99719
0.38432 1.1242 0.22539 -1.1344 -1.2599 -0.89276 1.1529 -0.52418 -0.35075 -0.8169 0.021049 -0.23008 -0.038579 -0.10827 -0.3665 0.99851 -0.31711 -1.5435 0.47478 0.69086 -0.2182 -0.49895 -0.82867 0.2762 0.55167 0.12244 0.92062 -2.186 -0.95376 0.21667 0.92469 0.19915 -1.2617 1.1494 0.44961 0.19153 0.30419 -0.23641 0.8799
0.38678 1.1768 -0.012927 -1.3214 -1.0049 -0.85042 1.5471 -0.95853 -0.55117 -0.94099 0.57167 -0.0028393 0.032597 0.1895 -1.1156 0.54935 -0.24277 -0.90094 0.56437 -0.34273 0.58821 -0.33755 -0.79503 0.22471 0.47216 0.39487 0.66541 -1.6228 -1.0855 0.14051 1.8815 0.32585 -1.4503 0.65416 0.85295 0.42575 0.01324 0.0035962 0.65112
0.44549 1.0033 0.42555 -1.4277 -1.1164 -0.34654 0.92177 -0.27974 -0.68701 -1.3728 1.2399 -0.37308 0.091283 0.070692 -1.4103 0.29292 -0.4211 0.37539 0.57907 -0.58226 0.55386 -0.028906 -0.6875 0.53545 0.487 0.5715 0.033964 -0.74628 -0.81652 -0.037599 1.9521 0.52319 -1.0424 -0.57345 0.97319 0.50308 -0.29304 0.066474 0.38991
0.62379 0.19149 0.53169 -1.1559 -1.0032 -0.79011 0.56221 0.49061 0.23234 -0.88042 -0.01243 -0.94239 0.27777 0.14045 -1.5357 0.040852 -0.52184 1.2294 1.0509 -0.91586 -0.14856 0.69167 -0.49935 0.37887 0.65862 0.65674 -0.14768 0.13806 -0.77487 0.12153 1.273 0.38373 -0.18255 -1.4271 0.92423 0.64728 -0.65263 0.22417 0.047439
0.43641 -0.15531 0.10968 -1.294 -0.42535 -0.45413 -0.30541 0.64326 -0.20888 -1.8074 0.75034 -0.2386 0.45983 -0.024644 -1.4058 -0.237 -0.24019 1.2349 1.2189 -0.87671 -1.0214 0.99891 0.059956 -0.41582 0.6071 0.63026 0.036999 0.98137 -0.68183 0.46902 0.17871 0.11063 0.26458 -1.1362 0.41192 0.58771 -0.67084 0.12798 -0.34596
0.41171 -0.23478 0.34937 -1.8433 -0.11414 -0.077995 0.45278 -0.67049 -0.26958 -1.4025 0.82642 0.95601 0.52365 -0.033596 -0.8798 -0.59868 -0.10674 1.1804 0.97184 -0.53601 -1.5189 1.0591 0.16404 -0.68065 0.89407 0.4433 0.13965 1.6768 -0.054186 1.0754 -0.78073 -0.67234 0.13077 9.575e-05 -0.45489 1.0202 -0.34886 -0.31963 -0.83124
0.59171 -0.12254 0.17219 -1.7676 0.18884 0.60973 0.51757 -1.3467 0.77965 -1.441 0.73836 0.51737 0.59544 0.22233 -0.081891 -0.62884 0.22916 0.76383 0.83681 -0.32557 -1.0686 0.63113 0.19118 -0.35458 0.64794 0.11166 0.027224 1.7876 0.58977 1.3969 -1.2008 -1.3182 -0.46615 1.3992 -1.1189 1.3322 -0.020179 -0.7547 -1.1249
0.33304 -0.2865 -0.24479 -1.2876 0.11147 0.57255 0.15397 -1.9858 0.76542 -0.62143 -0.21631 0.091285 0.65498 0.26799 0.62844 0.15204 1.203 -0.053673 0.00041645 -0.98036 -0.13886 -0.085688 1.5342 -0.38559 -0.02917 -0.44539 -0.28276 1.3722 1.1259 1.2113 -1.2893 -1.6574 -0.79283 1.9445 -1.6149 1.4954 0.034933 -0.86315 -1.1429
0.54716 -0.16225 -0.24807 -1.3602 0.11865 0.22304 -0.12836 -1.1185 0.88232 -1.3486 0.014976 0.62432 0.5259 -0.12857 0.85245 0.48976 1.6486 -0.49099 -0.74109 -1.4943 1.0988 -0.7726 2.1153 -0.59701 -0.51816 -0.76781 -0.64216 0.64356 1.1083 0.44173 -0.75164 -1.6346 -0.28833 1.3314 -1.3272 0.88928 0.19438 -0.7431 -0.75074
0.92014 0.078932 -0.2613 -0.86132 -0.023154 0.11996 -0.10198 -0.11938 0.50939 -1.0705 0.10342 0.17908 0.37285 -0.37422 0.96685 0.93222 1.3899 -0.70867 -1.3172 -1.3665 1.3085 -1.6159 2.2778 -0.47569 -0.33898 -0.98891 -0.63546 -0.66981 0.43786 -0.55408 -0.12633 -0.79908 0.88582 -0.050625 -0.35269 -0.33233 0.52532 -0.54424 0.21836
0.52484 0.70629 0.95783 0.1309 -0.5461 -0.45391 -1.6175 -0.10294 -0.92837 1.1422 0.69036 0.19414 -0.15468 -0.62531 0.83712 1.0389 0.94395 -0.37021 -1.5399 -0.65921 0.88123 -1.3815 1.6495 0.11388 -0.75953 -0.84616 -0.22631 -1.8119 -0.50001 -1.1513 0.065043 0.0020751 1.9523 -0.93431 0.86549 -1.5139 0.89285 0.022531 1.1088
0.077546 0.52425 0.79398 -0.22149 -0.46595 -0.61112 -0.91794 0.13182 -0.66375 1.4492 -0.44805 0.039678 -0.15358 -0.64022 -0.4847 0.6996 0.5544 -0.34866 -1.078 0.14233 -0.1463 -0.5297 1.0868 0.38741 -1.0506 -0.04845 0.61725 -2.1679 -1.6815 -1.1082 0.21598 0.52824 2.2298 -0.61304 1.9079 -2.4488 0.54092 0.36906 1.5707
0.21752 0.67281 0.90779 -0.41842 -0.49106 -0.85357 -0.90661 -0.41038 -1.0649 1.1144 -0.293 -0.021531 -0.27562 -0.40913 -1.4635 -0.30036 -0.019539 -0.5301 -0.84488 1.1689 -0.073825 0.47252 -0.39772 0.88285 -0.10658 0.57826 1.5851 -1.4587 -2.1174 -0.42474 0.26865 0.66302 1.1877 0.16471 1.7266 -2.2145 0.074557 0.37348 1.2088
-0.095399 0.41603 0.67211 -0.38673 0.00071533 -1.3633 -0.33864 -0.73751 -0.45073 0.34104 0.3744 -1.054 -0.036125 0.63605 -1.5233 -1.4821 -0.13593 -0.19168 -0.66795 1.6255 0.53447 1.416 -1.7284 0.30149 0.12272 0.87178 1.9721 0.050624 -1.9149 0.34396 0.23739 0.67572 -0.32577 0.76077 0.86334 -1.211 -0.75743 0.098534 0.23954
0.37516 -1.1862 0.5205 -0.46337 -0.54086 -0.68243 0.040963 -0.92206 0.46328 -0.019956 0.9029 -0.73076 0.75702 1.6125 -1.0913 -1.7577 0.52314 0.091693 -0.49685 0.6708 0.85928 1.2269 -1.4911 0.325 -0.54865 0.67383 1.6399 1.2367 -0.91935 0.76767 0.22263 0.96016 -1.8845 0.34472 -0.3232 0.65052 -1.2363 -0.71788 -0.69502
0.47317 -1.076 -0.51485 -0.42879 -1.1407 -1.0655 0.80986 0.54805 0.52481 -0.7892 1.4051 0.94397 0.68037 1.9277 -0.57987 -2.0859 0.91366 -0.1805 0.019705 -0.20122 0.90877 0.87685 -0.85247 -0.93793 -0.61312 0.29622 0.46935 1.6025 -0.051192 0.49966 0.27169 0.93664 -2.225 -0.5212 -1.4006 1.9426 -1.0624 -1.4121 -1.1698
1.1738 -0.16038 -0.94235 0.052659 -0.41663 -1.4634 -0.0020021 0.87807 0.7788 -0.64973 -0.37228 0.10519 0.38497 1.9205 0.1507 -1.6777 0.85607 -0.08559 0.61333 -1.2542 0.42081 0.055094 0.50378 -1.1218 -1.2477 -0.27227 -0.60591 1.0607 0.67531 -0.2368 0.38012 1.0773 -1.3153 -1.2621 -1.506 2.0837 -0.33654 -1.4864 -0.87082
1.6823 -0.2511 -1.019 0.45143 0.048371 -1.237 -0.64531 0.60313 0.39096 -0.1612 -0.12099 -1.879 0.2797 1.3318 0.5567 -1.6012 0.61108 0.44332 0.53515 -1.348 -0.31245 -0.92857 1.2689 -1.229 -2.504 -0.57117 -1.3797 0.037642 1.0086 -0.78144 0.37686 0.82863 0.17982 -1.314 -1.0023 1.2961 1.0441 -1.0337 -0.10156
1.6714 -0.1944 -1.5625 0.53738 -0.88066 -0.63786 -1.0959 -0.043149 0.13775 -0.16043 -1.4097 -1.0572 0.12594 0.80757 0.13033 -0.74023 0.2499 0.5389 1.2659 -1.0903 -1.0918 -1.0204 1.7329 -0.23706 -2.7364 -0.31874 -1.4625 -0.47024 0.90745 -0.88746 -0.069113 0.24343 1.6395 -0.34635 0.09541 -0.1649 1.0973 0.7083 0.52835
1.5317 -0.26428 -1.0566 0.23403 -0.31121 -0.17837 -1.5163 -0.48861 -0.057412 1.2592 0.19028 -2.569 0.0662 -0.023932 -0.50059 -0.68057 -0.19728 0.25997 1.2502 0.014233 -1.0013 -0.68651 1.1991 0.85325 -2.0453 0.15321 -0.937 -0.42179 0.86826 -0.64101 -0.56329 -0.41582 2.0738 0.79176 1.0653 -1.3673 0.58509 2.4769 0.73604
1.5139 -0.77888 -2.0471 0.066838 -0.1099 -0.53874 -0.64347 -0.58514 -0.88281 1.0948 -0.38729 -3.3801 0.30661 -0.060192 -0.1058 -0.45045 -0.3464 -0.11625 0.72157 0.93158 0.05205 0.11871 0.20243 0.18402 0.028037 0.23105 -0.19322 0.25366 0.58767 -0.052799 -0.90734 -1.2829 1.9888 1.5543 1.3288 -2.0519 -0.79435 3.6753 0.40915
1.5195 -0.43764 -1.2137 0.10787 -0.2205 0.35162 -0.57954 -0.38346 -0.3601 1.1939 0.82104 -2.3818 0.27498 0.061555 -0.028884 -0.13074 -0.24966 -0.32106 0.044034 1.2725 0.69982 0.70606 -0.77313 -0.18379 1.3568 0.35964 0.1396 0.48772 0.8384 0.35327 -0.67478 -1.2888 1.0047 1.1327 1.3533 -1.8492 -1.3956 3.2857 0.10859
1.3089 -0.6782 -1.9819 0.095018 -0.0017683 -0.19859 -0.19299 -0.36762 0.18353 0.52507 0.31806 -3.1763 0.57951 0.41136 0.3269 0.083112 0.18586 -0.93761 -0.51085 1.7625 1.1811 1.0362 -1.495 -1.4014 3.3385 0.24831 -0.12346 0.070638 0.75209 0.40718 -0.22731 -1.064 0.40652 0.32418 0.91407 -1.1698 -0.84347 1.4962 0.029433
1.8476 -0.045338 -1.5669 0.17236 -0.7662 -0.34516 0.19741 0.87595 0.72753 -0.19664 -1.1432 -0.45504 0.28806 -0.0087714 0.10917 0.61302 0.18411 -0.64006 -0.52439 1.3483 0.70664 1.6587 -1.7496 -1.3179 3.2519 0.32255 -0.55896 -0.2499 0.55509 0.16294 0.41846 -0.58095 -0.026516 -0.48419 0.43764 -0.17742 0.055391 -0.22882 0.05396
1.6316 -0.4194 -1.4973 0.12986 -1.1879 -0.55462 0.019892 0.40409 0.76693 -0.6526 -1.141 0.40055 0.48003 -0.25181 -0.05024 0.57896 0.18218 -0.38949 -0.96592 1.5902 0.68898 1.5318 -1.7107 -1.0365 2.2508 0.29791 -0.93534 -0.41074 0.029907 -0.18953 1.1379 -0.31088 -0.55926 -1.0609 -0.10043 0.69571 1.367 -2.2538 0.1679
1.9717 -0.083175 -1.1395 0.52713 -1.1175 -0.89502 1.1274 0.85557 0.68608 -0.28372 -1.4382 1.4706 0.3551 -0.62451 -0.25485 0.65954 0.053908 0.23921 -0.79958 1.2928 -0.045573 1.3556 -1.0272 -0.23894 1.4252 0.42333 -0.60953 0.062728 -0.42786 -0.1017 1.1025 -0.3361 -0.79514 -0.94766 -0.91966 1.2082 1.7256 -2.6623 0.01981
1.1018 -0.91528 -1.0536 0.12914 -0.27693 -0.57397 0.70095 -0.22486 1.7473 -1.2346 -1.0157 -0.12476 0.81798 -0.98192 -0.17615 0.13011 -0.087683 0.86874 -0.94088 0.78654 -0.59835 0.96461 -0.42389 0.98056 -0.50339 0.47304 -0.064764 0.42894 -0.437 -0.091357 0.47217 -0.071151 -1.5097 -0.58973 -1.4813 1.0977 1.5691 -1.9646 -0.19818
1.2482 -0.34829 -0.83733 0.31676 -0.6202 -1.0313 1.5302 0.93521 1.8648 -1.2291 -0.2577 -0.19786 0.58453 -0.7532 0.28341 0.063994 0.13997 0.9073 -1.1516 0.33121 -0.5767 0.013247 0.092418 1.359 -0.98944 0.26753 0.65575 1.0257 -0.048463 -0.036356 -0.69207 0.062211 -1.39 -0.10789 -1.9408 0.80728 0.87528 -0.58399 -0.6726
0.95732 -0.73559 -1.3205 0.11448 0.051619 -1.2379 1.1388 -0.30755 1.9797 -0.77986 -0.80804 -0.090351 0.96749 -0.30765 0.40787 0.086453 -0.021129 0.21618 -0.91063 -0.60573 -0.24994 -0.89569 -0.012182 1.5165 -0.68585 0.051291 0.83089 0.79618 0.63186 -0.16253 -1.3915 0.56748 -1.2435 -0.22199 -1.6065 0.50627 -0.40127 0.46492 -0.76943
1.0737 -0.038761 -1.5275 0.10948 -0.14779 -1.6135 0.79696 0.072068 1.5807 -0.71455 0.1514 -0.64236 0.66709 0.22662 1.1842 0.60718 -0.039724 -0.77915 -0.68677 -0.47706 -0.45162 -1.7696 0.42849 1.3671 0.29036 -0.46739 0.44301 0.192 0.94416 -0.51098 -1.4633 0.96345 -0.89615 -0.26035 -0.52097 0.3669 -1.5229 0.59957 -0.52959
1.1573 -0.030355 -1.0213 0.68593 -0.26255 -2.0204 0.70373 -0.25305 0.13628 -0.34859 0.38621 -0.31968 0.66285 0.034489 0.7184 1.0382 -0.28742 -1.005 -0.10334 -1.0175 -1.123 -1.5032 0.45109 0.13102 -0.15252 -0.41968 -0.2562 -0.42164 0.96251 -0.83799 -0.56207 0.92646 -0.25153 -0.35088 0.67042 0.20859 -1.8763 0.35658 0.020775
1.5409 -0.088914 -0.75866 0.20339 -0.87245 -1.4491 0.18871 0.62992 -0.023635 -1.0976 0.45748 0.28506 0.51408 -0.12233 0.45687 1.3434 -0.64954 -1.3401 0.25296 -1.0596 -0.67974 -0.78187 0.61739 -1.1832 0.019244 -0.36434 -0.79459 -0.71552 0.5718 -1.0883 0.59012 0.62756 0.12515 0.18538 1.6326 -0.19508 -1.1653 0.1156 0.55639
1.1904 0.66675 -0.012811 -0.041385 -1.4199 -1.3255 0.80498 -0.9882 -0.10536 -0.59061 0.78147 0.26824 0.19189 -0.601 0.068122 1.5074 -1.233 -0.59294 0.3587 -0.77639 -0.85823 -0.0075562 0.32465 -1.1963 0.2115 0.033891 -0.92185 -0.2563 0.023985 -0.81614 1.3039 0.0033517 0.63238 0.45296 1.4342 -0.5062 0.41887 0.12123 0.71291
0.9989 -0.058009 0.0724 -0.11888 -1.2283 -1.2199 -0.012795 -1.1324 0.62687 -0.30466 -1.184 -1.0612 0.45689 -0.9012 0.31162 1.4416 -1.5385 0.18596 0.26415 -0.39646 -0.22389 0.86814 0.093457 -0.44238 0.36083 0.21727 -0.57613 0.071064 -0.52681 -0.18909 1.6289 -0.17983 0.49328 0.32771 0.79655 -0.67702 1.8818 -0.010846 0.58735
0.82247 -0.18552 -0.087285 -0.66082 -1.2882 -1.2531 -0.40378 -0.67936 1.0583 0.3004 -2.405 0.047612 0.66042 -1.2527 0.36572 1.0485 -1.32 0.80369 -0.090734 -0.25501 -0.45069 0.64428 -0.32457 0.66229 -0.058921 0.45733 0.088132 0.64521 -0.56377 0.58786 0.81402 0.017877 0.069131 0.012886 0.081597 -0.37116 2.5455 -0.45759 -0.056036
0.58499 0.17167 0.53039 -1.1215 -0.41926 -1.5234 0.095081 -0.84479 0.7484 -0.75458 0.17812 0.030235 0.74209 -0.84529 0.43338 0.61708 -0.94389 1.1709 0.15437 -0.47106 -0.23605 0.53688 -0.44666 1.9058 0.1397 0.3861 0.58184 0.70433 -0.33943 1.0568 -0.32202 0.60799 -0.39759 -0.40186 -0.55641 -0.081308 1.7876 -0.80995 -0.69152
0.57379 0.60589 0.97256 -1.0188 -0.25198 -1.495 0.38781 0.14878 1.0843 -0.70374 0.73954 0.71399 0.7122 -0.47148 1.0982 0.89575 -0.45659 0.52507 0.45887 -0.63654 -0.84019 0.31396 -0.16542 3.0616 -0.63687 -0.14221 0.87005 0.43334 -0.098354 1.2674 -1.4197 1.1434 -1.014 -0.24601 -0.68695 0.045632 -0.38239 -0.377 -1.1894
0.21853 0.49177 0.48971 -1.2059 -0.42966 -1.4032 -0.080043 -1.1707 0.52006 -1.5812 1.3141 -0.48956 0.82664 -0.23777 1.1358 0.90747 -0.044508 -0.29329 1.1348 -0.92475 -0.85439 -0.13934 -0.15059 2.1754 -1.0539 -0.61555 0.54642 -0.5232 -0.092643 1.4087 -1.631 1.1795 -0.87291 0.081856 -0.8101 0.39977 -2.5798 -0.082759 -1.218
0.53407 0.76662 0.56812 -0.90521 -0.13229 -0.8294 -0.33788 -1.7422 1.1074 -0.37068 1.8021 -0.02092 0.56485 0.020935 0.74916 0.73714 0.53863 -1.2365 1.5627 -1.8324 -0.65217 -0.46208 -0.37621 -0.27778 -0.25076 -0.98991 0.39659 -1.818 -0.43103 1.0717 -1.3394 0.62986 -0.32946 0.95861 -0.45628 0.97172 -3.5689 0.67179 -0.60651
0.61529 1.0464 1.4076 -0.74518 -1.0161 -0.67577 -1.2384 -2.0665 1.3492 0.044165 1.6454 -2.2004 0.25552 -0.10177 -0.2663 0.54077 1.1235 -1.1352 1.8135 -1.4289 -0.17889 -0.776 0.48289 -1.911 -0.2201 -1.1849 0.40445 -2.0808 -0.82457 0.74672 -0.71956 -0.48963 0.43095 1.3065 -0.38986 1.2423 -2.4495 0.96613 0.037324
0.46847 1.0866 1.2443 -1.0139 -1.4538 0.099484 -1.0638 -1.0151 0.37068 -0.686 0.5283 -0.47639 0.014323 0.17815 -1.2527 0.29983 0.91216 -1.6687 1.3058 -0.98358 0.74304 -0.33184 1.5174 -2.4887 0.37425 -0.85088 0.56038 -1.6296 -1.2365 0.41047 0.046501 -1.3251 1.2861 1.1466 -0.29798 1.0744 -0.23869 1.0888 0.58159
0.56444 0.9264 1.491 -0.27708 -1.6783 0.11654 -2.0767 -1.1332 -0.013949 -2.1257 -0.36208 0.86739 -0.2409 0.41553 -1.3573 -0.37847 1.1311 -1.4758 0.36238 -0.60967 1.0713 -1.0303 1.4582 -1.928 0.68371 -0.62383 0.64055 -0.27091 -1.4728 0.08481 0.49365 -1.9539 1.1432 0.53978 -0.084447 0.23096 1.2963 0.60758 0.67885
0.22226 -0.2344 1.1425 0.46815 -1.0488 0.59978 -0.7936 -0.50403 0.060505 0.7543 -1.5086 -0.49952 -0.35367 0.77736 -1.4404 -1.0671 1.2863 -0.96169 -0.17018 0.0028185 1.0231 -0.96946 1.3467 -0.76841 1.6066 -0.31773 0.27252 1.0514 -1.2986 -0.06686 0.95775 -1.8786 1.067 -0.045716 -0.047539 -0.43688 1.6056 -0.1809 0.31174
0.72095 -0.8999 0.66961 -0.59371 -2.6474 -0.15858 -1.4002 -0.78857 0.98604 1.5584 -0.73882 -0.37397 0.19574 0.75929 -0.62232 -1.475 1.0962 -0.50684 -1.0795 0.071223 0.75662 -0.64706 1.0455 -0.00023399 0.45601 -0.33946 -0.016681 1.2419 -0.57037 -0.57024 0.81011 -0.99669 0.60958 -0.23782 0.22807 -1.1438 1.266 -0.45416 0.22416
1.1798 0.22988 0.35523 0.58367 -1.875 -0.65602 -1.5089 -0.56784 -0.71004 1.1815 0.2467 0.25467 -0.30591 0.49859 0.15407 -1.5301 0.81382 -0.26066 -1.4638 0.53515 0.79404 -0.63647 0.82856 -0.022836 0.11394 -0.48236 -0.29627 0.7117 0.23344 -0.71759 0.72673 0.21953 0.52096 0.15864 0.3411 -1.1498 0.60965 -0.36399 0.27016
1.2664 -0.18774 0.18554 0.66281 -2.1633 -0.39836 -1.1854 -0.38239 -0.29801 0.3784 0.42096 1.1988 -0.20366 0.52205 -0.059984 -1.1831 0.33698 -0.2235 -0.83706 0.17812 0.69169 -0.73589 -0.63069 0.40557 0.47834 -0.17425 -0.37794 -0.72787 1.0529 -1.1318 -0.059992 1.5218 0.88402 0.43793 0.7667 -0.79222 0.23647 0.11584 0.87041
0.83169 0.63334 -0.51101 0.34115 -1.7708 -1.1689 -1.307 0.052359 -0.53588 -0.32439 -0.60224 0.046464 -0.58947 0.35538 -0.51874 -0.76771 0.36785 0.33584 0.12986 0.84732 1.3618 -0.22878 -0.17537 0.33678 0.83431 0.042282 -0.075111 -1.3761 1.3344 -1.1757 -0.47462 1.9867 0.66424 0.12678 0.88311 -0.38439 0.18937 -0.15211 1.2228
0.73518 0.37203 -0.24126 0.89289 -1.822 -1.3785 -0.80678 -0.015446 -0.51873 0.70382 -1.4209 0.23774 -0.74991 0.14198 -1.5044 0.099465 -0.73145 -0.90952 0.97284 1.4522 1.3427 0.73158 -0.077983 0.33306 0.34882 0.82401 0.18524 -1.2794 1.0844 -0.92731 -0.38316 1.6703 0.60132 -0.30228 0.58993 -0.04383 0.1978 -0.70569 1.306
1.1229 -1.3145 -0.27737 0.1907 -2.0292 0.010183 -0.93959 0.18649 -0.53493 0.47303 0.0056522 0.20536 0.081415 0.54964 -1.4324 0.3031 -0.78233 -0.83562 1.3472 1.0483 0.71039 0.4547 -0.2351 0.42618 -0.13461 1.0215 0.26365 -0.26495 0.61504 -0.84225 0.11363 1.0337 -0.13788 -0.73094 -0.25382 -0.51202 0.48708 -1.0459 0.89109
1.4797 -0.92436 -0.26812 0.28077 -2.0265 -0.028972 -0.31001 1.3828 0.4744 1.5272 0.67683 1.7891 0.18779 0.75875 -1.7493 0.29532 -0.76697 -0.37629 1.6803 1.117 0.39314 0.13678 -0.68827 0.79158 -0.52051 1.4755 0.064351 1.19 0.035698 -0.22231 1.1344 0.14975 -0.35826 -0.60345 -1.0918 -0.61766 0.3325 -1.1598 -0.16132
1.1638 -1.1511 0.7777 -0.43115 -3.5354 0.5392 0.53703 0.96788 0.33657 -0.040353 0.50713 0.57256 0.57033 0.52321 -0.83616 0.28307 -1.1389 0.30546 1.7153 0.75304 0.34699 -0.47394 -0.91982 1.1545 -0.93332 1.1762 -0.39817 1.397 -0.11161 0.13332 1.6509 -0.35016 -0.061666 -0.39882 -1.1444 -0.11832 -0.24378 -1.0187 -0.67866
1.6323 -0.96662 -0.067614 -0.03092 -2.4383 0.55254 -0.60036 -0.0075374 -0.23418 -0.60611 -0.20064 0.054345 0.39798 0.26949 0.20486 0.19041 -0.95137 0.75896 1.0799 0.95 0.29222 -1.0917 -1.0023 0.68657 -1.6949 0.48253 -0.88558 0.9434 -0.54079 0.45573 2.0111 -0.83177 0.36016 -0.48342 -0.61557 0.44002 -1.109 -0.51191 -0.80499
1.3695 -1.461 -0.39669 -0.22026 -1.5338 0.53423 0.17457 0.58266 -0.71169 -0.75407 -0.045332 -1.0613 0.92037 0.068616 -0.054048 0.16498 -0.44222 1.8494 1.0065 1.0041 -0.058255 -1.328 -0.31862 -0.031309 -1.6923 0.40647 -0.86921 0.076555 -0.6173 0.56477 1.2124 -0.8195 0.86927 -0.43096 0.32427 0.71385 -1.5955 0.44491 -0.37427
1.3157 -0.91634 0.32922 -0.79345 -1.4389 1.3111 -0.037075 0.88463 -1.1515 0.27175 1.1586 -0.33612 0.56397 -0.62475 -0.54777 -0.62721 -0.28163 2.8109 0.49596 1.6064 -0.39412 -0.73203 -0.081989 -0.96882 -1.2147 0.54191 -0.74605 -0.33807 -0.73393 0.36661 0.29022 -0.52184 0.5592 -0.4716 1.3015 0.48442 -1.4657 1.3705 0.080011
1.5784 -0.86984 0.092027 -0.885 -1.6792 1.1546 0.79142 1.2346 -1.3944 -0.58687 1.1992 -1.4698 0.51012 -0.61073 -0.3253 -0.43071 -0.44199 1.6715 0.49141 1.936 -0.19382 0.0074404 0.08962 -1.4074 -0.22492 0.5336 -0.407 -0.09438 -0.88777 0.23822 -0.93439 -0.55586 0.089604 -0.45841 1.6436 -0.22474 -0.97781 1.4831 0.20298
1.422 -1.2163 0.38304 0.046377 -0.18564 1.2058 1.2282 0.77134 -0.85827 0.90254 -0.32229 -0.3502 0.843 -0.74824 -0.22235 -0.84928 -0.27974 1.4306 0.3765 1.4493 -0.60603 0.93678 -0.2083 -1.7384 0.476 0.55012 0.08159 0.33742 -0.66627 0.20443 -1.3887 -0.45967 -0.69872 -0.21066 1.2864 -0.22394 -0.14289 1.5878 -0.010846
0.30619 -2.0978 -0.912 -0.75877 0.18872 0.83336 2.159 -0.59866 -0.55222 -1.3004 -1.7595 -1.6241 1.3048 -0.61134 -0.36972 -1.3451 -0.0046732 0.71943 0.041859 1.2212 -0.89171 1.246 -0.71468 -1.7203 0.60505 0.73494 0.4497 0.53044 -0.62673 0.18149 -1.1555 -0.69355 -1.3557 0.28974 0.4348 -0.023733 0.78067 1.126 -0.48185
1.3986 -0.98489 -0.58324 -0.74257 -0.91953 1.3161 1.3314 0.40151 -0.40728 -0.28967 -1.3618 -0.036811 0.92932 -0.47886 0.047742 -1.3829 -0.12319 0.57548 -0.12431 0.7146 -0.48449 1.3133 -0.13741 -1.1075 1.7343 0.42357 0.73837 0.75294 0.051077 0.11188 -0.97874 -0.66072 -1.4403 1.1265 -0.27658 0.4696 1.2775 0.76932 -0.86674
0.62463 -1.376 -1.1153 -0.79048 0.13972 1.3495 1.5528 0.2482 0.50716 -0.60625 -0.82891 -0.1711 1.3198 0.068649 0.43762 -1.3039 -0.18483 -0.15488 -0.53927 -0.10234 0.31622 0.71057 0.008025 -0.050474 1.5338 -0.19228 -0.17943 0.46443 0.50945 -0.28084 -0.33452 -0.59598 -0.94942 1.0012 0.017307 0.30005 1.3369 -0.063487 -0.75231
1.0513 -1.2734 -1.1771 -0.58505 -1.0705 1.2258 1.7314 -0.19215 0.079988 -0.84759 -0.5571 0.0098078 1.2089 0.25007 0.64617 -0.7606 0.019304 -0.039384 -0.5528 -0.44355 1.05 0.61453 0.39801 0.15762 1.6458 -0.40585 -0.82814 0.4257 1.0587 -0.54335 -0.074617 -0.35362 -0.12821 0.83646 0.3238 -0.21051 1.0459 -1.1309 -0.51792
1.0103 -0.98929 -1.5076 -0.66161 -0.00095384 0.73769 2.0002 0.57807 0.41863 0.033342 -1.1607 1.5538 0.95981 -1.3042 0.118 -0.70211 -0.58045 0.38377 -0.84307 0.10982 0.34793 1.6174 -0.36315 0.50466 0.52332 -0.082502 -1.0348 0.70476 1.548 -0.66079 0.27872 -0.206 -0.13378 0.10019 0.38765 -0.14129 0.85135 -1.6641 -0.1771
1.1815 -1.1219 -1.5746 -0.39168 -0.27821 0.28673 0.98158 0.82191 -0.15048 0.19015 -1.1122 0.83174 0.66007 -1.2989 0.92934 0.28271 -0.90685 0.17303 -0.61973 0.36369 1.1741 1.5201 -0.38179 0.85233 -0.14235 -0.47955 -0.45672 1.1785 2.1573 -0.64636 -0.15655 -0.34987 -0.99504 -0.85576 -0.39143 0.31288 0.86579 -1.99 -0.11192
0.70802 -1.0482 -1.6081 -0.98339 -0.24918 0.68506 1.3719 1.1638 0.62051 -1.0222 -1.5275 0.77908 0.93143 -1.0386 1.4872 1.0427 -0.9166 0.29908 -0.87791 -0.7606 0.44235 1.051 0.11019 1.4252 -1.0811 -0.44542 0.64048 1.5556 2.5918 -0.13878 -0.26932 -0.40752 -1.8616 -1.3969 -1.5444 1.1341 0.59238 -0.97824 -0.27714
-0.64901 -1.053 -1.4953 -1.7221 -0.20448 0.48695 1.8884 0.15578 3.0286 -1.1484 0.26092 0.19591 1.2331 -0.71474 1.9495 2.3582 -0.98125 -0.29094 -1.1757 -1.7791 -0.73872 0.06863 0.80694 1.5511 -1.7498 -0.40761 0.83718 0.94629 1.941 0.45329 0.0082258 -0.60821 -2.0449 -1.8718 -2.1593 1.3083 -0.26371 -0.083332 -0.33117
-0.081783 0.059046 -0.31256 -1.5653 -0.022056 0.69504 2.3292 2.23 1.703 -0.88319 0.40536 -0.33023 0.51851 -0.43576 2.2302 3.0521 -0.7897 0.10059 -1.3129 -2.115 -1.5295 -0.88688 1.3758 1.4266 -0.73227 -0.57231 0.92703 0.37536 0.62329 1.4924 0.049773 -0.19097 -1.3072 -1.0431 -2.3637 0.43433 -1.1945 1.1293 -0.8852
0.83978 0.50319 0.046463 -1.1971 -0.51669 -0.46329 -0.26739 -0.17368 0.40121 0.41536 0.72779 -0.83693 0.57387 -0.082581 2.1552 2.8705 -0.14106 0.30168 -1.5242 -2.5779 -1.6324 -2.0213 1.6766 0.29918 -0.4847 -0.95845 0.27077 -0.48302 -1.3016 2.1048 0.13488 0.62383 -0.25884 -0.092575 -1.3488 -0.68782 -1.2184 1.7191 -1.1251
0.43799 0.83248 1.605 -1.7068 -0.43691 -0.97717 -0.91004 -0.65529 -0.14969 1.5085 0.0033741 -0.7188 0.47917 0.32625 2.0214 1.9505 1.3804 0.1137 -1.0478 -2.6814 -1.2304 -2.8401 0.57056 -0.48416 0.68134 -1.6198 -0.83482 -1.1626 -2.4308 2.4595 0.11005 1.438 0.88151 1.0702 0.079373 -1.2854 -0.80672 0.98731 -1.1457
0.22086 0.85092 1.7545 -1.5105 0.15084 -0.75827 -0.84439 -1.0305 -0.621 0.85014 0.501 0.611 0.23321 -0.60659 1.2473 0.52528 1.7634 -0.01957 -0.13328 -1.9707 -1.0892 -1.7774 -0.20131 -0.079715 1.1848 -1.7266 -1.4044 -1.5374 -2.7915 2.3017 0.17147 1.9038 2.0615 1.7037 1.4005 -1.1248 0.098092 0.16801 -0.80568
-0.15913 1.0442 1.2152 -1.3181 0.22135 -0.79521 -0.6771 -0.47112 -0.58703 0.34941 -0.98671 -0.39862 0.024503 -1.6924 0.73462 -0.24028 2.7323 0.49042 0.68463 -0.88601 0.34518 -0.85758 -0.32412 -0.09325 0.52782 -2.0648 -1.3658 -2.1324 -1.713 1.2332 0.048674 1.7055 2.2191 2.0448 2.2379 -0.056268 0.60399 -0.81669 0.057418
0.10887 1.5693 0.7427 0.75704 -0.36536 -0.39181 -1.0634 -0.31509 -1.0931 -0.94071 0.28715 1.2393 -1.0043 -1.6263 0.21854 -1.1639 3.3705 0.46305 1.171 0.1342 1.0047 -0.11039 -0.18491 0.32202 -0.044697 -2.0555 -0.27406 -2.5993 -0.0986 -0.22978 -0.53779 0.83016 1.0026 1.8118 1.9266 0.56547 0.74551 -0.80977 1.2083
-0.29642 1.3736 0.38571 0.24174 -0.36322 0.33827 -1.0078 -0.0027064 -0.89745 -0.042377 0.84906 0.74349 -1.1346 -1.6468 -1.045 -0.347 2.823 -0.018831 1.4917 0.15347 1.8362 0.97235 0.44936 0.611 -0.42182 -1.3612 1.2881 -2.3883 0.38764 -2.2865 -0.94674 -0.46859 -0.47123 0.4931 1.4607 0.84597 0.1347 -0.4937 2.4067
-1.1649 1.1387 0.72859 1.7579 0.522 -0.17062 -1.8461 -0.15021 -0.74075 1.3382 0.028508 -0.87138 -1.3538 -1.1297 -2.2291 0.41205 1.3063 -0.80687 1.0228 -0.74464 1.8086 1.3055 0.57664 1.1657 -0.043653 -0.099056 2.8147 -1.4949 -0.15369 -3.1401 -1.0649 -1.585 -1.049 -0.87952 0.63264 0.58632 -0.64933 -0.18882 2.8407
-1.0248 0.90053 0.28722 1.7704 0.37599 0.46097 0.10096 0.66097 -0.18457 0.89858 0.31834 -0.19425 -1.4772 0.39585 -2.0528 -0.29864 -0.38398 -0.71896 -0.10295 -1.2953 0.92456 1.4621 1.0362 -0.21879 -0.50796 0.89922 4.0508 0.0030966 -1.8137 -2.972 -0.88662 -1.9759 -0.4532 -2.1249 -0.45866 -0.012369 -0.83249 0.1758 2.4181
-1.2406 -0.66026 1.7007 1.2726 -0.26754 1.1422 -0.83241 1.9363 1.0641 0.64369 0.89876 0.28323 -0.90169 2.4614 -1.7861 -1.4562 -0.72538 -1.2631 -0.97475 -1.0073 -0.3289 0.94808 0.72918 -0.63703 -0.39253 1.4673 3.843 1.1368 -2.7138 -1.6415 -0.42476 -1.52 0.62894 -2.6353 -1.0684 -0.21783 -0.57119 0.086205 1.3786
-0.70319 -1.0492 1.4199 0.23265 -1.557 0.069876 -2.6474 1.5263 0.51237 0.16658 1.0575 0.47058 -0.095209 3.9114 -1.2555 -2.7406 -1.555 -1.5171 -1.1814 -0.53215 -1.3984 0.18195 0.35029 -0.2518 0.13235 1.8165 2.0728 1.2551 -2.3659 -0.15354 0.61369 -0.32258 2.3261 -1.7414 -1.1746 -0.25408 -0.21477 -0.014074 0.33975
1.0098 0.34262 -0.85317 0.24016 -0.61162 -0.84186 -2.8073 -0.13632 0.47156 1.3055 -0.59618 -0.044228 -0.36269 4.0889 -0.70999 -3.3536 -1.0847 -1.228 -1.2598 -0.038175 -2.3635 -0.29326 0.47458 -0.025325 -0.17345 1.7006 -0.73818 0.66811 -0.73495 0.68863 2.2385 1.1193 3.3462 0.20556 -0.66363 -0.23976 -0.66378 0.085723 -0.2962
1.8532 -0.43982 -1.7884 0.45758 -1.2677 -0.91698 -1.3995 -0.99566 0.081611 1.7315 -0.25968 -0.86158 0.16859 3.3438 -0.47403 -3.6954 -0.47757 0.48089 -0.54988 2.2958 -1.5875 -0.37715 0.64399 -0.97285 -0.63909 1.3392 -3.3481 -0.47264 1.5149 1.1434 2.8705 1.9101 2.9904 1.9012 -0.10512 -1.1133 -1.2 0.83855 -0.39513
2.0507 -0.40585 -2.4049 0.15256 -1.0386 -0.81289 -1.2281 -1.2591 -0.3208 1.2733 0.39283 -0.019104 0.37129 1.4021 -1.0473 -2.3182 -0.0073041 2.1433 0.80823 3.4501 0.16651 -0.16828 0.092244 -1.6813 0.18252 1.2209 -4.4188 -0.90833 3.0424 0.83455 2.7642 2.0225 1.5925 2.5932 0.13314 -2.0389 -0.8609 1.8689 -0.31775
2.0798 -0.66059 -2.4763 0.47689 -1.4465 -0.27657 -0.14772 -1.2655 0.27751 0.92961 1.0218 0.09111 0.39654 -0.82796 -1.8761 -0.45103 -0.01067 2.4427 1.3577 2.9689 1.1604 -0.11345 -1.7437 -1.9708 1.7348 1.4092 -3.8564 -0.67208 3.4546 0.51205 1.2211 1.2167 -0.51242 1.6904 -0.20739 -2.321 0.61564 2.0722 -0.25244
1.589 -1.4623 -2.4245 0.28326 0.69935 0.33053 1.3391 0.87714 0.70268 1.4745 -1.3479 -0.83511 0.73852 -1.8523 -1.531 0.64671 0.20375 3.2281 1.569 2.4097 1.4832 -0.16189 -2.5189 -1.351 2.5976 1.1452 -2.1092 0.25767 2.4748 -0.041944 -0.42115 0.0032409 -1.5536 0.026558 -0.94441 -1.7397 2.1186 0.48458 -0.41122
0.95089 -1.5268 -1.8439 0.20111 1.5799 0.59935 0.7414 1.2686 -0.047558 0.48916 -2.2059 1.0866 1.1118 -2.0348 -1.3568 1.2044 0.35289 2.3477 1.3501 1.8948 1.1525 -0.82621 -2.8175 0.18287 2.5412 0.96362 -0.33148 1.2442 1.2032 -0.30458 -1.727 -0.34968 -1.42 -1.3399 -1.1408 -0.30205 2.6315 -1.4852 -0.72443
0.53182 -1.7256 -1.6907 0.36505 1.4119 0.32545 0.56033 0.022737 -0.0081258 -1.628 -2.6267 2.6779 1.2146 -1.8273 -0.86775 1.4305 -0.25959 1.3777 0.83001 1.2331 0.21001 -1.7925 -2.9434 1.7646 0.81168 0.77021 0.69384 1.548 0.16454 -0.88084 -2.8364 -0.466 -0.70713 -1.5396 -0.1985 1.0715 1.5857 -2.6997 -0.77396
0.47018 -1.8372 -1.2048 0.79716 2.0335 0.98926 1.6937 0.35241 -0.34554 -1.513 0.14296 2.6154 1.2599 -1.445 -0.1092 1.3898 -0.32667 -0.0073461 1.0872 1.0383 -0.9218 -1.6876 -2.1495 2.0867 -0.50298 0.41021 1.1019 1.8195 -0.36288 -1.3464 -2.6462 -0.53547 -0.47903 -0.45253 1.5343 2.1801 -0.16357 -2.5493 -0.76163
0.43025 -1.8074 -1.1336 0.57363 0.73061 0.88998 1.4018 0.31136 -1.4 -2.0179 1.7426 2.6123 1.2287 -0.88979 0.45468 0.87239 -1.0511 -1.1463 0.84358 1.574 -0.60156 -0.15855 -0.64821 1.0845 -1.5779 0.1543 1.04 1.7919 -0.44395 -1.4508 -1.9438 -1.1145 -1.0981 0.60327 2.7449 2.7656 -1.4303 -1.2457 -0.68675
0.27822 -1.7801 -0.74319 -0.37278 0.92678 0.78605 1.8262 -0.16514 -1.9957 -2.2934 1.6344 -0.95569 1.2922 -0.50518 1.0481 0.82979 -1.6918 -1.5692 0.357 0.86199 0.63072 1.5377 0.51758 0.18383 -1.6438 0.024167 0.8535 1.6138 -0.094527 -1.2241 -0.62412 -2.0718 -2.2296 1.0143 2.6015 2.5884 -1.5628 -0.074386 -0.62966
-0.088796 -1.4464 -0.61703 0.016345 1.3634 2.0678 2.2962 -0.18306 -1.0873 -1.0889 -1.2739 -0.52158 1.2901 -0.41124 1.5732 0.90744 -2.2071 -1.642 -0.87082 -0.63093 0.63745 2.2966 1.4089 -0.32158 -1.2426 -0.16154 0.72781 1.7317 0.45866 -0.11478 0.3022 -2.5629 -3.2337 0.13768 0.74179 1.7749 -0.58625 0.9386 -0.95919
0.10236 -0.96603 -1.0007 -1.0802 -0.10913 1.0966 2.5247 0.3199 0.90196 -0.99992 -1.49 1.0255 1.3041 -0.1369 2.0516 1.2132 -1.9669 -0.97081 -1.9062 -1.8032 0.49214 2.4879 2.1438 -0.53024 -0.81968 -0.46312 0.51537 1.6536 0.56433 1.2481 0.90903 -2.5464 -3.0202 -0.56755 -1.7789 0.49999 0.37551 0.73165 -1.5889
0.20141 -0.66508 -0.36964 -1.2722 -0.2375 0.53608 1.3321 1.496 2.3221 -1.2168 -0.19319 1.256 1.2029 0.2452 2.8713 1.5412 -1.1163 -0.83932 -2.791 -2.805 -0.26841 0.89699 2.1888 0.20192 0.0019433 -1.1731 -0.10486 0.95691 0.34661 2.855 1.3068 -1.0203 -1.6033 -0.38234 -3.5008 -0.39147 0.35332 -0.17901 -2.0583
0.073804 -0.22727 0.15326 -1.7528 0.023624 -0.51571 0.27797 0.70164 1.0778 0.45998 1.818 0.19678 1.0043 0.099952 3.186 1.5682 0.036123 -0.17369 -3.4184 -3.3868 -0.076061 -1.4808 1.1578 0.73137 -0.7116 -2.0726 -0.98949 -0.17816 -0.25291 3.6355 1.4264 1.0079 0.45318 -0.10563 -3.3626 -1.0537 -0.28695 -0.64764 -1.9399
0.27425 0.34246 0.56715 -1.6542 0.098515 -1.3188 -0.71459 0.17435 0.68947 0.67334 0.19168 -0.50037 0.68215 -0.72266 2.6213 1.3839 1.9841 0.53685 -2.005 -2.6807 0.1357 -3.0229 1.1001 -0.19036 -1.6668 -2.7282 -1.5052 -1.5378 -1.0078 3.2184 1.2423 2.9911 2.1748 0.20683 -0.8054 -1.2517 -1.1683 -0.47278 -1.0653
0.42401 1.6021 1.1063 -1.0579 0.19945 -1.6722 -0.80226 -1.101 -1.3273 0.62404 -0.070132 -0.67617 -0.14403 -1.4525 1.8827 0.84082 3.0935 1.153 -0.40808 -1.0868 0.062806 -2.5682 0.52532 -0.93607 -1.3459 -2.8629 -1.2769 -2.3904 -1.5043 1.6303 0.42566 3.9133 3.0483 0.18819 1.5474 -0.70432 -0.68769 0.77519 0.19343
-0.16735 1.8548 0.74254 0.21182 0.74179 -1.9028 -1.3001 1.0317 -2.1723 -0.3919 -0.92982 -0.32078 -0.99977 -1.7146 0.94219 0.06246 3.2079 0.94821 1.2923 -0.14567 0.065604 -0.25043 -0.064565 -1.4439 -0.67193 -2.5227 -0.37063 -2.5518 -1.5734 -0.44938 -0.57607 2.9956 2.5292 0.33701 2.5299 -0.32328 0.16954 1.5066 1.3715
-0.84381 1.1458 0.65557 1.3416 0.18042 -0.66522 -0.50734 1.4946 -1.6758 0.68379 -0.76771 -1.2083 -1.3577 -1.7254 0.010809 -0.52845 2.3919 0.4691 2.2407 0.69266 0.32481 0.34106 0.29532 -0.097563 0.4375 -1.8584 0.65887 -1.9609 -0.98009 -1.8171 -1.004 1.3191 1.2173 -0.40748 1.5981 0.41297 0.68252 1.4293 2.0287
-1.211 1.0777 0.88799 1.7129 1.5762 0.064461 -0.049805 0.79529 -0.30263 0.068172 0.036143 -0.75216 -1.3976 -1.2618 -0.72902 -0.81623 1.5242 -0.23821 2.2674 0.86271 0.67092 0.77639 0.55336 -0.2391 0.63392 -0.98385 1.2132 -0.84151 -0.3323 -2.1628 -0.54596 -0.41033 0.32341 -0.68718 -0.063623 0.4425 0.2826 1.0365 1.9435
-1.0784 1.0187 0.215 1.0816 0.80133 0.66257 -0.56546 -0.45797 1.3411 0.6816 -0.71515 -0.89166 -1.3779 -0.48491 -0.57403 -0.51106 0.63972 -0.21049 1.5755 0.53279 -1.0765 0.2321 1.0676 -0.075126 1.03 -0.30928 1.2283 0.17855 0.33773 -1.5265 -0.27815 -1.5435 -0.51265 -0.35684 -0.6973 0.11551 -0.73196 0.14839 1.3331
-0.95752 1.0116 0.080093 0.80703 0.29572 0.69108 0.011098 0.47939 -0.97642 1.0768 0.084427 0.74244 -1.4374 -0.13418 -0.17498 -0.54355 0.16026 0.23005 0.87184 0.48445 -0.63495 -0.34246 0.46125 -0.84373 1.2306 -0.11376 0.71872 0.46707 0.54742 -0.92085 0.56126 -1.5491 -0.70055 0.30771 -0.53119 -0.47907 -0.17916 -0.044805 0.74636
-0.856 0.98632 0.097976 1.4341 -0.13254 0.42822 -0.031709 1.2878 -1.4736 0.78373 -1.2581 -0.11222 -1.4741 -0.061303 0.039892 -0.027195 0.30616 -0.29753 0.072763 -0.039811 0.24337 -0.56555 0.58137 -1.3452 0.46095 -0.10976 0.18075 -0.14177 0.41043 -0.92747 0.8078 -0.92228 -0.72949 0.21206 1.0995 -1.1474 0.72691 -0.10631 0.81368
-0.96192 1.0229 0.38486 1.6381 1.0058 0.12882 -0.64271 -0.9644 -1.5767 1.4254 -0.79001 0.68158 -1.422 -0.171 -0.24461 -0.03409 0.02363 0.91984 0.14267 -0.10336 0.61809 0.055079 -0.18538 0.023616 0.83193 0.139 0.54357 -1.0046 0.081141 -1.5804 0.3381 -0.52401 -0.4132 -0.59926 2.052 -1.1165 1.712 0.0289 1.4138
-1.2755 0.90244 -0.03239 1.5838 1.3096 1.0143 0.61237 0.75845 -0.59698 0.6893 -1.7222 0.23926 -1.4991 -0.14084 -0.77187 0.0058032 -0.9713 1.0429 0.23261 -0.47663 -1.289 2.3089 -0.96428 1.0491 1.0128 0.89721 1.3746 -1.8096 -0.75365 -2.118 -0.87113 -0.5117 0.36365 -0.90634 1.9656 -1.202 1.2709 0.24417 2.0002
-1.1602 1.2213 0.90098 1.6776 0.46936 0.15692 -0.7167 0.95231 0.0090715 1.1439 -1.676 -0.47998 -1.5051 0.89013 -1.4529 -0.39536 -2.0665 0.23651 -0.17307 -0.043661 -1.0925 2.4792 -1.0578 1.6156 1.0239 1.6987 2.1409 -1.4456 -1.0457 -1.5628 -2.3304 -0.90852 0.84278 -0.58601 0.78234 -0.56123 -0.43569 0.14345 1.6309
-1.0503 0.49936 -0.35266 0.51156 1.9092 1.0945 -0.51602 0.66388 0.52358 0.25227 0.63676 1.6108 -1.0963 1.9018 -2.3939 -1.2204 -2.491 -1.6518 -0.71141 0.55135 -0.74492 2.3013 -1.45 0.57564 0.88919 2.3867 1.833 -0.69482 -1.0627 -0.28296 -2.183 -0.52908 1.4896 0.74236 -0.96558 -0.018966 -1.2876 0.022726 0.57046
-0.96339 -0.022128 0.22281 -0.34903 1.0437 0.6781 -0.57584 -2.4217 2.0601 -0.52983 1.1617 2.1752 -0.1797 2.693 -1.8592 -1.3332 -2.0501 -2.292 -1.0672 0.84711 -0.8509 1.674 -1.0932 -0.65849 1.2051 2.0657 0.39278 0.13195 -0.35523 1.1674 -1.2906 0.13378 0.99497 0.98903 -1.7761 0.41319 -1.5082 -0.66508 -0.63988
0.41681 -0.6177 -0.45918 -0.64308 0.091721 -0.28811 0.19287 0.018511 0.98504 -0.018737 -0.18355 0.65294 0.37052 2.2838 -1.7316 -1.4688 -1.4879 -1.9629 -0.29478 1.6811 0.074697 0.68686 -0.98292 -0.54764 0.97845 1.6482 -1.1153 0.67064 0.33738 1.9142 0.50981 1.1546 0.35858 1.148 -2.0412 0.72991 -0.3524 -1.1929 -1.4934
0.71053 -1.5632 -1.4936 -0.7368 -1.3923 -0.51381 0.62024 -0.90093 1.5654 -0.62128 -1.6498 1.4487 0.83468 1.4098 -1.5564 -0.91077 -0.44143 -2.127 -0.12003 1.1238 0.48007 -0.42604 -0.43961 -1.0264 -0.41819 1.02 -2.2287 0.73726 0.83269 1.8721 1.8222 2.0179 -0.13504 0.53627 -1.5655 0.41793 0.86121 -1.3339 -1.4996
1.0429 0.014296 -1.0105 -0.15102 -1.0377 -0.084808 1.0803 0.43569 1.7658 -0.36969 -2.7873 1.881 -0.1338 0.51531 -1.4116 -0.79469 0.18804 -0.72076 0.97954 1.0251 0.89279 -0.91321 -0.27417 0.018207 -0.81225 0.46353 -2.002 0.82237 1.2391 1.4042 2.3916 1.8584 -0.8627 -0.23871 -1.1191 0.41647 1.301 -1.0695 -1.0726
0.32643 -0.84427 -0.96412 -0.45352 -0.34392 0.78781 1.0099 0.73585 0.81313 -0.50497 0.44136 1.7022 0.23877 -0.47264 -0.77345 -0.12038 0.51893 0.67562 2.0698 0.91826 -0.1915 -0.79984 -0.58616 0.90259 -0.7106 0.20182 -1.1137 0.52193 0.94276 0.65578 2.1914 1.1671 -0.84579 -0.99056 -0.66021 0.15678 1.069 -0.24976 -0.36573
0.0085346 -1.7718 -1.1597 -0.37249 -0.68046 0.73007 0.25544 -0.60462 0.20915 -0.59828 -0.06149 0.6295 0.47768 -0.41318 -0.7341 0.43483 0.58871 1.3416 2.087 0.24609 -0.08544 -1.4706 -0.051166 1.2687 -1.1276 0.30041 -0.18671 0.5343 0.49769 0.15039 1.1277 -0.094577 -0.61024 -1.0195 -0.11774 0.17116 -0.23047 0.13475 0.063416
0.22078 -1.8579 -1.0413 -0.26325 -0.0996 1.4126 1.1882 -0.72384 0.9127 -0.78513 0.39623 0.37051 0.71225 -0.15096 -1.0115 0.22717 0.55536 1.1549 1.5141 0.0052878 -1.0444 -1.5361 -0.2263 0.63491 -0.7802 0.50256 0.49546 0.61771 -0.055047 -0.08232 0.20558 -0.90475 -0.036289 -0.069692 0.3807 0.43997 -0.81853 0.49878 0.072376
0.3883 -1.1207 -0.94399 0.080301 0.36669 2.0563 1.8207 -0.16424 0.26331 -1.0926 -0.69975 0.272 0.5803 0.012826 -0.3881 -0.036054 0.44876 1.2655 1.093 0.38818 -0.75279 -0.80426 -0.099743 -0.3296 -0.48447 0.41713 0.10623 0.64824 -0.46968 -0.26863 -0.28452 -1.0233 0.24815 0.2265 0.9318 0.38538 -0.50308 0.76165 -0.07089
0.57163 -1.6975 -0.65704 0.13834 0.068964 1.7832 0.51402 -0.20683 -0.55993 -0.17969 -0.54823 0.55046 0.6958 0.21154 0.0983 0.028742 0.44504 1.1303 0.89198 0.7642 -0.012559 -0.35428 0.3449 -0.03266 0.030186 0.26211 -0.34585 0.33429 -0.45041 -0.47099 -0.4143 -0.85499 0.17311 0.44043 1.1381 0.62036 0.35787 0.3566 -0.12201
0.53613 -1.3282 -0.83891 0.33532 0.47409 1.6632 0.87567 -1.2557 -0.56926 -0.92395 -0.68612 1.1012 0.3566 -0.40409 -0.19288 -0.31648 0.16152 0.80889 0.50216 0.28434 -0.15821 -0.13523 0.45782 0.54011 0.085113 0.30462 -0.66177 -0.077247 -0.39148 -0.52615 -0.42836 -0.59247 0.03442 -0.07733 0.85933 0.30124 0.83148 -0.11382 0.015906
-0.11294 -1.8418 -1.3738 -0.22222 1.1693 2.103 1.5395 -0.57319 0.13783 -0.72559 0.49989 0.29777 1.013 -0.57315 -0.54102 -0.44762 -0.15103 0.58353 0.22744 0.3428 -0.4667 0.48521 0.77239 0.97176 -0.30317 0.35907 -0.46154 -0.066014 -0.063029 -0.38404 -0.45024 -0.50056 -0.22958 -0.2269 0.56281 0.14748 0.32329 -0.33214 -0.0021513
0.50949 -1.5455 -0.91379 0.34538 0.52879 2.083 1.7733 -0.38311 0.26946 0.0053704 -0.22247 0.47984 0.78343 -0.79918 -0.19259 -0.50426 -0.20342 0.71165 0.33267 0.64033 -0.69588 0.55137 0.3082 0.94886 -0.55019 0.3948 0.18886 0.38246 0.44472 -0.066084 -0.55103 -0.50674 -0.41035 -0.21687 0.088668 -0.13078 -0.58785 -0.042881 -0.30684
-0.22864 -1.8473 -1.4398 -0.0076528 0.92618 2.2363 1.3979 -0.79852 0.40533 -0.39802 0.7705 0.51272 0.97309 -0.43165 -0.0070979 0.021605 -0.06452 0.30881 0.055443 0.16291 -0.2158 0.46036 0.72541 0.46102 -0.34596 0.21359 0.35284 0.6405 0.51617 -0.089389 -0.46073 -0.50161 -0.57112 -0.15012 -0.36509 -0.61041 -1.152 -0.02815 -0.52648
0.079975 -1.8532 -1.2715 -0.084734 0.86373 2.0451 1.5639 -1.0405 0.38125 0.34214 0.15933 -0.13528 0.84519 -0.13445 0.18922 0.2837 0.0039028 -0.12165 -0.34464 -0.36723 -0.73549 0.047811 0.21518 -0.44751 0.024051 -0.12513 0.68075 0.66856 0.44415 -0.12026 -0.78763 -0.8206 -0.58995 0.34959 -0.33502 -0.63445 -1.1412 -0.0022542 -0.73454
-0.27589 -1.6658 -1.332 -0.0078928 1.2123 2.1132 1.3027 -1.7284 -0.10189 -0.51061 0.64558 0.13164 1.0345 -0.26734 0.35115 0.12488 -0.41139 0.10945 -0.35713 -0.17795 -0.76398 -0.037272 -0.43287 -0.7748 -0.64162 -0.24322 0.62397 1.1232 0.031859 -0.057768 -0.86557 -0.79195 -0.16379 0.99403 -0.16798 -0.70008 -0.43351 0.13944 -0.98244
0.14972 -1.3519 -0.70221 0.23488 0.91601 1.776 1.3912 -0.72808 0.54177 0.32057 -0.02461 0.6853 0.67315 0.35234 0.75857 0.27783 -0.24278 -0.72082 -0.97899 -0.24691 0.26982 0.088531 -0.41384 -0.85496 -0.39896 -0.57984 0.3822 1.7699 0.36116 0.44091 -0.89881 -0.805 -0.16974 1.6807 -0.30791 -0.041392 0.26886 0.16796 -1.4592
-0.049214 -1.7108 -0.99176 -0.12436 0.60746 1.7023 1.1005 -1.5683 0.24165 -0.47155 -0.49555 0.35286 0.85742 0.45552 1.6031 0.098395 -0.040434 -1.0767 -1.0919 -0.20472 1.274 0.07619 -0.39613 -0.24944 0.16843 -1.1681 -0.39998 2.1448 0.97763 1.1047 -0.70396 -0.66446 -0.65776 1.6412 -0.7135 0.61477 0.48931 0.3653 -1.7793
-0.024823 -1.2114 -1.1545 -0.41814 0.93992 1.8587 1.6654 -1.5679 0.26148 -0.8752 -0.86752 -1.0555 0.51397 0.19563 2.5459 0.97772 0.62516 -1.2789 -1.4661 -0.67178 1.6241 -0.66411 0.11438 -0.12811 -0.017825 -2.0527 -1.2847 1.8519 1.4402 1.3631 0.20289 0.087135 -0.51773 0.90591 -0.95242 1.0248 0.23308 0.3202 -1.5575
0.30487 -0.98431 -1.0837 -0.17324 -0.23172 0.65646 0.90211 0.041077 0.57304 -0.49622 0.12702 0.20659 0.29239 -0.91792 3.0707 1.5919 1.1673 -0.97948 -1.3404 -1.1425 1.8577 -1.1607 0.569 -0.086502 -0.051959 -2.4211 -1.6914 0.69258 1.4639 1.2242 0.70527 0.7023 -0.28862 -0.24861 -0.90067 1.3286 0.31815 0.34218 -0.68636
0.44514 0.3387 -1.0905 0.18625 -0.14381 0.93497 1.3247 0.67526 0.20102 -0.12835 0.27131 0.77095 -0.54038 -1.2966 3.1453 2.2005 1.6356 -0.35805 -0.68034 -0.70855 1.7926 -1.2903 1.2122 -0.43056 0.39613 -2.5043 -1.3283 -0.7365 0.57731 0.35691 1.2118 1.2443 0.26721 -1.0327 -0.30666 0.80081 0.26493 0.072655 0.4865
-0.28702 1.24 0.87677 1.2002 -0.13507 0.26405 0.10569 0.13809 -1.374 0.011459 -0.034713 0.098156 -1.3642 -1.8726 2.4741 2.2002 1.6841 -0.13999 -0.16351 -0.71357 0.67388 -1.5002 1.7878 0.58888 0.69282 -2.0665 -0.32556 -2.1978 -0.48537 -0.49066 0.9754 0.97844 0.58027 -1.1775 0.40059 0.016031 0.15091 -0.1132 1.4378
-1.2169 1.3198 1.1538 1.3004 -0.011491 0.52106 -0.039222 1.2075 -0.79969 0.92065 -0.90492 0.14765 -1.4994 -1.7418 1.6112 1.7527 1.0209 0.69223 0.27715 -0.43503 0.11735 -1.1469 1.1533 0.10792 -0.22849 -1.433 0.52816 -2.8798 -1.7775 -1.3418 0.33089 0.2933 0.52167 -0.79349 1.065 -0.92841 0.36038 0.10813 1.9592
-0.99438 1.1411 1.1318 1.278 0.56703 1.4462 1.1247 0.23564 -1.1145 0.68624 -1.2884 0.45317 -1.3909 -1.2891 0.14691 0.93636 0.58893 0.42249 0.016968 -0.27696 0.3043 -0.41225 0.63404 -0.024921 0.02928 -0.60152 1.204 -2.4852 -2.2863 -1.5083 -0.15239 -0.22673 0.37877 0.28919 1.2159 -1.852 0.024537 0.46868 1.7093
-1.4069 1.1992 0.93569 1.3375 0.12129 1.1648 0.58435 -0.49916 -1.4364 1.7221 1.6062 0.49302 -1.4629 -0.63174 -0.5289 -0.42843 -0.24893 0.023221 -0.2118 -0.027656 0.36161 0.36943 -0.11616 0.65341 0.96461 -0.027655 0.91028 -1.4672 -1.8443 -1.102 -0.38611 -0.58256 -0.32475 0.80856 1.0593 -1.6209 0.033481 0.78344 1.1133
-0.83044 1.1816 0.91881 0.91581 0.64389 0.6336 0.20103 1.0179 -0.83143 0.44545 -0.15516 -0.20523 -1.4551 -0.2437 -0.63007 -0.90784 -0.41563 -0.091229 -0.32979 -0.26962 1.1214 0.25944 -1.3806 0.37774 1.095 0.030653 0.50052 -0.17552 -0.96829 -0.61756 0.13432 -0.39192 -0.43454 0.48536 0.63586 -0.8575 -0.70905 0.12834 0.48994
-1.0553 0.66733 0.79243 1.4566 0.083609 0.50848 0.50044 1.2701 -0.8048 0.62302 -0.5575 0.93438 -1.4884 -0.61396 -0.46222 -0.70922 -0.47331 0.20477 -0.62363 -1.0295 1.3269 0.70892 -1.1678 -0.012748 0.90262 0.074437 0.063807 0.44758 -0.075497 0.18235 0.36778 -0.1812 -0.18835 -0.44541 -0.027341 0.23406 -0.82289 -0.3503 0.097892
-1.3882 0.77698 0.35192 0.77887 -0.16636 0.14695 -0.02256 0.56647 -0.66872 0.019676 0.6211 1.8835 -1.3977 -0.39164 -0.17586 -0.69274 -0.41518 0.60853 -0.49585 -0.5601 0.78735 0.72804 -0.59968 -1.193 0.33969 0.15004 0.23344 0.88109 0.4795 0.36893 0.41661 -0.0033023 0.16576 -1.3694 -0.4709 1.018 0.23001 -0.41245 -0.0026766
-1.4275 0.68556 -0.054908 0.85093 0.33753 0.98746 0.21479 2.6974 -0.74373 -1.1993 -0.735 1.4181 -1.4375 -0.44447 0.0025789 -0.65999 0.087841 0.40824 -0.45465 -0.23312 -0.38451 0.064172 -0.022996 -0.30491 0.61005 0.073095 0.69315 0.82162 0.82248 0.64937 -0.061071 0.16165 0.61633 -1.0662 -0.82723 0.89388 0.64499 -0.78355 -0.11239
-1.7067 0.84582 0.59402 0.8001 1.0841 0.55477 -0.54554 0.97966 -0.1166 0.29274 -0.034497 1.0971 -1.3056 0.092915 0.62527 -0.033555 -0.020242 0.63775 -0.40848 -0.39517 -0.80118 -0.41277 0.14157 1.0231 0.37774 0.027039 0.71249 0.53636 0.8892 0.65419 -0.51364 0.035384 -0.033645 -0.38121 -0.62209 0.75836 0.8786 -0.80782 -0.19403
-1.2767 1.1249 0.079875 0.87486 0.87584 0.12646 0.083272 0.66084 -0.37892 1.1437 -0.78997 0.20828 -1.3331 0.39995 0.52492 0.49221 0.51469 0.083608 -0.35397 -0.046175 -0.045048 -0.45726 0.3011 0.26254 -0.76426 -0.048061 0.54809 0.079092 0.42703 0.41736 -0.84991 0.26044 -0.12373 0.71321 -0.19596 0.22169 0.086817 -1.0879 -0.19213
-1.2341 0.86094 0.022544 1.4741 0.46374 -0.10134 0.18439 0.47628 -1.1485 -0.067118 -0.40569 1.8679 -1.4701 0.47746 0.47089 0.38516 0.56562 -0.2237 -0.46827 -0.73195 -0.16595 -0.32065 0.79933 0.4043 -0.67231 -0.1071 -0.0024369 -0.49383 -0.073181 0.26484 -0.81581 0.59001 0.034283 0.85701 0.249 -0.0066645 -0.47214 -0.69997 -0.10918
-1.0587 1.5171 0.90428 0.96518 0.67044 0.19427 -0.37247 0.33842 -1.464 0.17168 2.1394 2.1747 -1.4319 0.35601 0.21858 -0.067173 0.55887 -0.81537 0.072739 -0.30169 0.72349 -0.40396 0.10633 0.19879 -1.1561 -0.17444 -0.3087 -0.57745 -0.39329 -0.18087 -0.1899 0.75952 0.011882 -0.046493 0.55323 0.0020631 -0.57288 -0.050555 0.067906
-1.1809 1.1014 0.87064 1.4356 -0.012881 0.23036 0.013859 2.1979 -0.79608 -0.16695 -0.67681 -0.5103 -1.4278 0.10788 -0.046377 0.1264 0.44453 -0.5002 0.4901 -0.2262 0.53044 0.065047 0.22789 0.05852 -0.89758 -0.08851 -0.3861 -0.56865 -0.43994 -0.24545 0.38644 0.65641 0.11763 -0.88254 0.76482 -0.09849 -0.73229 0.21922 0.18919
-1.1237 1.1776 0.24375 1.4478 0.74156 0.30182 -1.4287 1.634 -0.59173 1.0868 -0.50917 0.39975 -1.502 0.021565 -0.18192 -0.088129 0.25233 -0.13747 0.59482 -0.29727 -0.50115 0.48786 0.59369 -0.77566 -0.75031 0.053968 -0.37626 -0.27648 -0.067278 -0.38488 0.9458 0.37438 0.078314 -1.674 0.47664 0.24222 -0.094378 0.8518 0.19065
-1.2818 1.1003 0.073383 1.4692 -0.14989 0.46679 -0.080861 1.2353 -0.93103 0.56157 0.23762 -0.71398 -1.4973 -0.059061 -0.27953 -0.40006 0.27866 0.20886 0.50642 -0.54623 -1.3492 0.81202 0.35588 -0.65918 -0.40369 0.088684 -0.48364 -0.16344 0.19462 -0.28181 0.71447 -0.034729 0.60067 -0.95032 -0.091578 -0.1649 0.33971 0.76408 0.071643
-1.0512 1.0036 0.51686 1.5465 0.35767 0.63731 0.15633 0.80256 -0.66194 0.87288 -0.24356 0.60163 -1.4397 -0.24638 -0.12408 0.087192 -0.051756 0.69913 0.77451 -0.022957 -1.7298 0.20105 0.54274 0.36591 0.40544 0.049335 -0.4703 -0.11745 0.53682 -0.13173 0.4273 -0.43525 0.40414 0.63381 -0.35913 -0.19877 0.6137 0.68464 -0.080786
-1.163 0.90133 0.37681 1.5534 0.48053 0.64715 -0.72825 -0.5633 -0.59161 0.44554 -0.67392 1.3821 -1.3542 -0.63901 -0.34441 0.41257 0.090287 0.49665 0.34746 0.6749 -0.7876 0.0037342 -0.082874 0.22077 0.14759 0.031255 -0.18708 -0.0045178 0.50113 0.10852 -0.081381 -0.74952 0.25514 1.5385 -0.34947 0.043759 0.25713 -0.16939 -0.14334
-1.1734 1.2424 0.36133 1.3799 0.86812 0.76076 -1.4736 -0.34614 0.15503 0.5573 0.72651 -0.010194 -1.3568 -0.54511 -0.34124 0.51009 0.11289 0.57032 -0.12522 -0.21555 0.4834 0.13016 0.40722 0.10109 0.4292 -0.049543 0.22031 0.14953 0.24974 0.29863 -0.41273 -0.74809 0.43177 1.6578 -0.14457 0.15915 -0.51165 -0.66332 -0.15525
-1.5473 0.91928 0.86497 1.3752 0.99166 1.3253 0.19218 0.52887 -0.9668 1.3405 -0.49832 -0.049387 -1.4924 -0.25202 -0.17277 0.32724 0.39919 0.12686 -0.42914 -0.01993 0.63585 0.10574 0.51619 0.030346 -0.7654 -0.096561 0.58066 0.29358 0.018288 0.062239 -0.46384 -0.46356 0.549 0.67932 -0.27404 0.35838 -0.48625 -0.33116 -0.074707
-1.8555 0.64376 0.57945 1.748 0.73758 0.34514 0.19895 0.84525 -0.81711 0.47227 0.070395 0.49169 -1.4829 -0.042379 0.04739 0.60528 0.34204 0.087482 -0.21995 1.0654 0.89081 -0.16501 0.57289 -0.61952 -0.53183 -0.14095 0.62826 0.26183 -0.23408 -0.20963 -0.46548 -0.16289 0.59489 -0.56767 -0.16936 -0.36089 -0.26475 0.096077 0.073673
-1.4261 0.76462 0.87167 1.6176 0.48896 0.20222 -0.85158 1.8253 -0.41214 1.361 0.14612 0.77395 -1.5061 0.16153 -0.039149 0.41382 0.094484 -0.15876 -0.45746 0.98173 0.36592 -0.43334 0.5734 -0.44546 -0.063626 -0.045308 0.33774 0.10281 -0.58631 -0.68017 -0.1549 0.48385 0.50297 -0.71498 -0.10314 -0.59565 -0.24073 0.49757 0.10437
-1.0169 1.0074 0.75859 2.1275 0.64362 0.26685 -0.38057 0.11037 -0.21878 1.3508 -0.53467 -0.79519 -1.4578 0.38647 0.038117 0.050512 -0.10993 -0.18691 -0.40279 0.3117 -0.54158 0.033016 -0.36039 -0.21569 0.28954 0.045602 -0.12481 -0.012936 -0.87293 -0.60909 -0.33926 0.44649 0.33162 -0.62545 -0.034228 -0.74189 0.46652 0.38316 0.10097
-1.3614 1.192 1.299 1.6162 0.9735 0.9391 0.90369 0.52413 -0.86093 1.0889 -1.2922 0.499 -1.5172 0.14431 0.010576 -0.46085 -0.60488 -0.026613 0.5763 1.2232 -0.10528 -0.22207 -0.23861 -0.67508 -0.1163 -0.018795 -0.39322 -0.023282 -0.62427 -0.35668 -0.26141 0.31752 0.087473 0.2472 0.036568 -0.47092 0.6288 0.57306 0.021151
-1.3243 0.87662 0.82629 1.2824 0.63505 0.18537 0.098049 0.64179 -1.0159 1.6125 0.55634 -0.070586 -1.4253 -0.263 0.0065523 -0.55112 -0.40918 -0.63099 0.10754 1.5093 -0.15019 -0.35594 -0.54308 0.49847 0.31248 0.011266 -0.25014 -0.12732 -0.43752 0.022963 -0.21917 -0.23706 -0.60123 0.74454 0.10841 0.12139 0.49132 0.29368 -0.017337
-1.3326 0.68852 0.65992 1.5021 0.57032 0.4302 0.24657 -0.036278 -0.59964 -0.11321 -0.79099 1.0539 -1.4535 -0.2304 -0.056744 -0.42079 -0.39821 -0.43637 -0.1087 0.51778 0.65516 -0.17674 -0.30038 0.54634 1.1442 0.0066048 -0.0063507 -0.05474 0.071887 0.52814 0.040739 -0.59527 -1.2547 0.63 0.52935 0.17759 0.029298 0.27898 -0.024537
-1.5886 0.75882 -0.20224 1.0183 0.6524 1.3081 1.6216 1.6758 -0.88066 0.83979 -1.0223 -0.17363 -1.5617 0.117 -0.13658 -0.76075 -0.16584 -0.39879 -0.49029 -0.41311 0.56708 0.22207 -0.077429 0.22961 0.28814 0.004605 0.24213 0.087684 0.25979 0.3708 0.34593 -0.28267 -1.3588 0.49915 0.58478 0.26486 -0.49542 -0.34582 -0.039968
-1.4395 1.1122 0.64803 1.6643 -0.52624 -0.11728 0.89378 0.64235 -0.79528 0.93375 1.2639 0.86076 -1.4412 -0.059795 -0.0041464 -0.2084 0.23868 -0.049506 -0.22263 -0.043456 0.79375 0.57719 -0.10385 -0.46891 0.49366 -0.055556 0.36434 0.15227 0.42008 0.18584 0.24816 -0.048523 -1.1521 -0.30905 0.23677 -0.21334 -0.66986 -0.56378 0.018411
-1.2127 1.0077 0.71366 1.4727 0.85135 0.39466 0.084251 1.0241 -0.66608 1.0538 -0.65842 1.4752 -1.4538 0.088827 0.13352 -0.16336 -0.048254 -0.13239 -0.35055 -0.62123 0.77404 0.47077 -0.094437 -0.039999 -0.084965 -0.02302 0.24498 0.16095 0.49958 -0.043968 0.39749 0.55113 -0.71366 -0.71091 -0.16949 -0.57618 -0.77238 -0.31892 0.015225
-1.2144 0.73725 -0.11002 1.1492 0.47753 0.061277 -0.11593 1.1983 -0.54426 0.92336 -0.73763 0.16658 -1.4964 0.44275 0.070096 0.069895 -0.11367 -0.069379 -0.25709 -1.4255 -0.086225 0.17792 -0.72766 -0.73656 0.14741 0.050673 0.21044 0.18708 0.37222 0.031027 0.15536 0.61503 -0.47084 -1.2645 -0.40809 -0.6219 -0.20768 -0.30643 0.0265
-1.6081 0.7572 0.62878 1.8193 0.55476 0.31906 0.74558 1.6594 0.11108 0.60551 -0.54789 1.0476 -1.5263 0.30804 0.10279 0.035999 -0.063851 0.40434 0.56639 -0.99754 -0.44202 0.054752 -0.94696 -1.2727 -0.20461 -0.023473 0.026793 0.27027 0.5761 0.42046 0.26206 0.69808 0.15608 -1.3906 -0.36787 -0.35771 0.0097043 0.17196 -0.0035026
-1.2511 1.0416 0.041383 1.0686 0.07277 0.37241 -0.043696 1.3721 -0.334 -0.17832 -0.54191 0.30137 -1.4984 0.21018 0.33165 0.39309 0.30855 0.00024593 0.47749 -0.70329 -1.1648 -0.078596 -0.95297 -0.28568 -0.08599 -0.011825 -0.10462 0.26682 0.42963 0.44309 0.25329 0.36071 0.45226 -0.97882 -0.24906 0.2291 0.49074 0.1496 -0.027263
-0.90734 1.01 0.37045 1.1091 0.23958 0.5252 -0.72184 0.78351 -1.0559 0.17363 -1.3303 0.67248 -1.4173 0.25119 0.4631 0.75198 0.51024 0.36027 0.59558 -0.72672 -1.5078 -0.18104 -0.71427 -0.23543 0.40334 0.0025909 0.0040478 0.1441 0.28791 0.28559 0.14098 -0.10617 0.10935 -0.63232 -0.1713 0.4209 0.51897 0.23236 0.011548
-1.1581 1.1847 0.89989 1.8338 0.77417 0.7611 -0.52294 -0.18405 -0.47453 -0.1306 -0.8853 0.92361 -1.5054 0.2786 0.34451 0.51887 0.40999 0.4629 0.41277 -0.78389 -1.5433 -0.23684 -0.37057 -0.2004 0.16778 -0.0069143 0.046643 -0.03105 -0.0032032 0.025114 0.25518 -0.090159 -0.05115 -0.18931 -0.082663 0.36575 0.043876 0.060479 3.5832e-05
