39 243
-1.0625 0.59506 0.07323 1.313 0.71054 0.97937 0.41002 1.3654 -0.018041 0.36271 0.84405 0.32959 -1.274 0.12106 0.086795 -0.0068442 -0.21812 -0.43371 -0.65094 -0.13749 0.13842 -0.23446 0.094202 -1.1079 0.092514 0.018847 0.087287 0.40627 0.098833 0.065976 -0.48966 0.22393 0.047323 -0.071467 -0.20796 -0.21473 -0.0056462 0.34544 -0.067041
-0.82673 0.75958 0.2896 1.2823 1.8294 0.86151 0.67402 1.7789 -0.33853 0.30068 -0.59121 -1.0823 -1.1601 0.22346 0.52978 0.19593 -0.25546 -0.86827 -0.35026 -0.1864 0.51287 -0.46072 -0.35852 -1.3372 0.46654 -0.034955 -0.0059837 0.36091 0.093546 0.056632 -0.63662 0.58021 0.28571 -0.55508 -0.083535 -0.013966 0.27079 -0.31286 -0.053728
-0.95393 0.72966 0.064989 0.85432 0.216 0.49903 -0.47526 1.6473 0.040788 0.4705 0.77927 0.068764 -1.2853 0.22903 0.60184 0.080565 -0.066017 -1.1723 -0.40756 -0.01408 -0.16795 -0.52938 -0.13178 -0.98016 0.59149 -0.066549 -0.08608 0.061019 -0.068369 0.096973 -0.25356 0.98122 0.4644 -0.77086 0.087271 0.30924 0.93452 -0.7645 -0.030388
-0.9979 0.59396 0.0028384 1.2225 -0.11476 0.32551 0.64744 1.2926 -0.36692 0.49412 -0.7532 1.1826 -1.2752 0.043567 0.4833 0.1285 -0.17708 -1.3065 0.22762 0.39694 -0.69655 -0.24825 0.15787 -0.60776 -0.76262 -0.029057 -0.17597 -0.3847 -0.14498 0.33231 0.9786 0.98452 0.52002 -0.62584 0.20077 0.343 0.72984 -1.1223 -0.0022687
-0.75594 1.3895 0.53112 1.0475 -0.10344 1.0307 0.18667 2.2405 -0.63402 -0.50914 -0.62196 0.81099 -1.328 0.030626 0.21855 -0.092713 -0.069672 -0.71071 0.74306 0.53965 -0.63277 -0.16314 0.43548 0.41417 -0.78472 -0.036666 -0.070785 -0.48268 0.23942 0.41348 1.8522 0.70674 -0.20544 -0.050121 0.40346 -0.03997 0.38799 -0.59807 -0.0090121
-0.81474 1.0723 0.037382 1.3978 -0.15045 0.48981 0.54368 0.65089 -0.55206 0.59738 -0.0018176 0.46893 -1.3098 -0.033761 0.019156 0.021689 0.34556 0.80435 0.76298 0.62153 -0.37002 -0.24116 0.025111 -0.55545 -1.0392 -0.056636 0.045929 -0.51405 0.2077 0.40473 1.6593 -0.0095578 -0.70227 0.57985 0.39949 -0.16984 0.019324 0.31809 -0.053702
-1.0498 0.93228 0.35721 0.8446 -0.14539 1.406 1.0537 0.68409 -0.092385 0.80496 -0.2548 -2.4689 -1.2089 0.11728 -0.046593 0.58207 0.41381 1.377 0.54042 -0.5546 -0.412 0.27181 -0.16692 -0.20867 -0.43549 -0.070489 0.21879 -0.1961 0.22826 0.037212 0.50743 -0.49981 -1.1593 1.3153 0.56076 -0.31322 -0.7285 0.62836 -0.031403
-0.75869 0.81528 -0.094942 1.1112 0.82404 1.3615 0.74507 1.5131 -0.47451 0.92763 0.60723 -0.71415 -1.2609 0.078415 -0.32169 0.1807 0.30701 0.8787 0.32517 -0.52034 0.24429 0.33113 0.096848 -0.23342 -0.3049 -0.1027 0.41302 0.11508 0.047093 -0.29034 -0.81539 -0.89831 -1.0697 1.0777 0.351 0.02638 -0.38012 1.3591 0.028247
-1.0573 0.77187 0.24235 1.6805 0.95029 0.87373 0.38612 1.3657 -0.49673 -0.21602 -1.3241 0.35164 -1.4286 0.39128 0.029772 0.25529 0.032734 0.23798 0.12359 -1.307 1.4329 0.66745 -0.25043 -1.1743 0.089243 -0.067851 0.47051 0.22692 -0.16358 -0.87316 -1.7375 -1.0667 -0.43599 0.24493 -0.061403 0.54551 0.39552 0.9931 0.26542
-0.6064 1.0256 1.4322 1.7124 1.1885 0.98315 -0.63089 0.86018 0.022148 -0.16572 -0.9064 1.0263 -1.3411 0.62638 0.18782 0.27845 0.046417 -0.21634 -0.54539 -1.233 0.65333 0.26169 0.098533 -0.8058 1.3733 -0.014965 0.43506 0.31269 -0.271 -1.3088 -1.7546 -1.1109 -0.11001 -0.77682 -0.36506 0.9255 1.7943 0.36928 0.41432
-0.74766 0.97664 0.016818 1.1688 0.11265 1.3873 0.18083 2.3155 -0.26745 0.52795 -0.12756 -1.0942 -1.4032 0.75303 0.10894 0.238 -0.9648 -1.4614 -0.82781 -1.1073 -0.16712 0.18917 0.906 0.89017 0.68218 0.31514 -0.082243 -0.089793 -0.54811 -1.0589 -1.1679 -0.78901 0.68724 -1.2062 -0.70218 0.89793 2.326 -0.096731 0.27876
-0.4021 1.0266 0.28407 1.0602 -0.071386 0.82228 -0.96124 2.3417 0.6268 0.62044 -1.8264 -0.82583 -1.2659 0.73785 0.20504 -0.30398 -1.4649 -1.6909 -1.0779 -0.84934 -0.34229 -0.1494 1.3552 2.3347 0.13138 0.37797 -0.49866 -0.26144 -0.39503 -0.26054 0.044694 0.090518 1.1526 -0.8059 -0.3367 0.024181 1.1645 -0.40592 0.059781
-0.33504 1.0251 0.75557 1.1546 0.32241 0.74545 -0.14151 0.98603 -0.41502 0.95326 -0.57871 0.8801 -1.2401 0.16268 -0.14466 -0.45792 -1.0454 -1.3014 -0.94086 -0.065196 -0.22745 -0.51539 0.90246 1.9155 0.52859 0.18692 -0.98183 -0.086184 -0.14606 0.55349 1.5551 0.81833 1.5876 -0.12742 0.05439 -1.1743 -0.61097 -0.5044 -0.2298
-0.042081 0.82431 0.43928 -0.17209 -0.88595 0.21162 -0.94926 0.98065 -0.37473 1.7379 2.0766 0.94916 -0.89871 -0.066888 -0.16343 -0.095675 -0.35084 -0.2116 -0.32226 0.65008 -0.75537 -0.049461 0.12756 1.0267 0.66182 0.14352 -1.3351 -0.044998 0.11047 0.6651 2.2885 1.1484 1.4577 0.37616 0.67771 -1.8297 -1.9076 -0.66281 -0.16945
-0.33007 1.2189 0.05059 0.12253 -0.67982 -0.076834 -0.94726 1.1245 -0.44438 1.1486 1.2288 0.031911 -1.1624 -0.77935 0.13391 -0.12904 -0.53585 0.82498 0.20001 1.4542 -0.18027 0.25153 -0.85867 0.35096 -0.56451 0.054813 -0.85852 0.050268 0.017384 0.064691 2.0095 0.42302 0.67443 0.088341 1.2666 -1.2933 -1.7912 -0.97845 0.39807
-0.72005 0.71182 0.43772 0.81344 -0.2852 0.69749 -0.0066217 1.7086 -0.45469 0.89256 0.48696 0.77229 -1.3205 -1.4177 -0.018587 -0.25816 -0.53852 1.7002 0.31923 1.4315 0.31934 0.81585 -1.4585 -0.66035 -0.61435 0.16483 0.0047546 -0.62615 -0.29042 -0.79041 0.84604 -0.92551 -0.438 -0.66266 1.2741 -0.13495 -0.29598 -0.99766 1.3074
-0.63427 0.87279 -0.034855 1.0141 0.18905 1.2435 1.0842 1.351 0.38409 0.53258 -0.35458 -0.51971 -1.16 -0.85515 -0.12812 -0.33811 -0.8204 1.6537 -0.52897 0.95097 -0.59679 1.5688 -0.92204 -0.78643 -0.74494 0.82195 1.2944 -1.228 -0.82647 -1.138 -0.60099 -2.2138 -1.5349 -1.8541 0.78286 0.72606 1.033 -0.68522 2.0302
-1.258 1.3831 0.55952 -0.19587 1.1989 0.64127 0.74686 1.5406 0.59018 -0.59407 -0.80597 -0.95084 -1.0908 -0.031457 -1.1739 -0.52029 -1.5728 1.0193 -1.5209 -0.01154 -1.7286 1.8235 -0.13295 1.0299 -1.1973 1.8875 2.0388 -1.4015 -1.3269 -1.0345 -1.7293 -2.4925 -1.7923 -1.9001 -0.063771 1.0065 1.9363 -0.51057 2.08
-1.7657 0.7461 0.18955 -0.15318 1.5291 0.51772 0.84564 1.1128 0.16378 -0.29695 0.59838 1.1129 -0.84528 1.0509 -1.5247 -1.5158 -1.9908 -0.0072608 -2.6363 -1.0252 -2.4787 1.305 -0.085244 1.5889 -1.6093 2.499 1.9544 -1.1295 -1.5509 -0.18412 -2.0538 -1.4215 -1.3363 -0.83681 -0.93225 0.52657 1.2957 -0.37104 1.289
-0.31309 0.722 -0.37073 -1.2237 -0.047111 -0.98928 -0.53772 -0.013178 1.7425 1.2901 1.417 -0.67834 0.15371 1.6105 -1.8722 -2.1101 -1.7444 -0.83926 -2.8579 -1.3183 -2.1448 0.82573 0.1222 2.0354 -1.1757 2.713 1.3714 0.0024544 -0.65573 0.85991 -1.3956 0.27221 -0.40297 0.37339 -1.303 -0.33409 -0.49195 -0.024484 -0.03651
-0.26225 -0.5803 -0.53216 -1.158 0.43053 -1.0797 -0.53283 -0.72355 1.4995 0.87564 2.215 -1.939 0.83002 2.1399 -1.8361 -2.3972 -1.0385 -1.419 -2.2679 -1.1823 -1.8831 0.22301 -0.013871 1.3174 -1.4755 2.5067 0.34586 1.215 1.2718 1.539 -0.082561 2.1572 0.39993 1.3226 -1.836 -0.85837 -1.7176 1.0512 -1.481
0.4784 -0.48412 -1.9901 -1.2326 -0.079805 -1.3181 -0.49654 -0.8031 0.8075 -0.1506 1.0139 -1.5976 1.0164 2.0982 -1.0162 -1.2825 -0.52709 -0.99495 -1.2291 -0.77318 -1.3462 -0.2156 -0.86058 0.20962 -1.304 1.8211 -0.2832 2.4934 2.7603 1.5183 0.97458 2.8879 0.32394 1.8224 -1.9859 -0.78864 -2.5039 1.9807 -2.6388
0.39881 -0.37055 -2.3714 -1.3196 -0.071453 -1.3711 -0.19498 -0.29182 1.3102 0.086235 1.7185 -1.4216 1.3046 1.4727 0.25506 0.42268 0.10992 -0.092513 0.23423 -0.46344 -0.4921 -1.8117 -1.3382 -0.89684 0.52549 0.52827 -0.90335 2.6949 3.5043 1.1057 1.5728 2.5296 0.039477 1.8411 -1.7988 -0.097708 -2.1136 2.2618 -3.1158
0.60708 -0.34406 -2.0534 -1.4092 -0.19882 -1.5238 -0.87563 -0.61048 0.55505 -0.40892 1.0492 -1.91 1.2794 1.3777 1.6154 1.5775 0.35461 0.39312 0.81996 -1.0019 0.44363 -2.0917 -0.82001 -1.8233 1.7183 -0.60124 -1.135 1.985 2.8662 0.75817 1.096 1.6724 -0.15079 1.5196 -1.655 0.69368 -1.3916 1.74 -2.8864
0.90308 -0.20031 -0.67108 -0.97993 0.050751 -0.94342 -0.54623 -1.0265 0.63641 -0.68179 1.3818 -0.84765 1.2177 0.71911 1.7478 2.6427 0.47231 0.94757 1.0264 -0.98542 0.53963 -2.4026 -0.25158 -1.854 1.4593 -1.3629 -1.4115 0.88322 1.4972 0.56738 0.1729 0.72273 -0.045435 0.89771 -0.74333 1.0057 -0.2556 0.23056 -2.1089
1.3298 0.82948 0.61186 -1.0552 0.050231 -0.64527 -1.3029 -0.74644 -0.88971 -0.34836 0.2411 -0.21972 0.66848 0.24016 1.8457 2.9003 0.63566 0.61698 1.2344 -0.82642 0.87787 -3.1986 -0.0327 -2.0607 1.6514 -1.9402 -1.8295 -0.34367 -0.34766 0.6877 -0.69632 0.34912 0.48656 0.42172 0.2967 0.76862 0.86007 -1.2594 -1.2825
1.3068 1.0292 0.38143 -0.68769 0.94238 -0.39152 -1.8287 0.28071 -0.94657 -0.43378 -0.62907 0.43984 0.10773 -0.73488 1.744 2.5291 0.97968 0.12995 1.2699 -0.64567 0.91319 -2.7282 0.26566 -1.2631 1.0195 -2.242 -1.7945 -1.045 -1.8298 0.90518 -0.985 0.016224 1.0637 0.41341 1.9256 0.30958 1.3868 -1.4395 -0.3619
0.84199 0.94117 0.66546 -0.84232 0.75367 -0.66292 -1.1834 -0.17121 -1.5755 -0.35253 -0.68124 -0.43577 -0.20878 -1.4902 0.98966 0.99959 1.3216 -0.55641 1.3051 -0.15671 1.0239 -1.3359 0.443 -0.38022 -0.52461 -2.2547 -1.3116 -1.3807 -2.1082 1.0172 -0.95579 -0.25581 1.2916 -0.19843 2.9653 0.049039 1.4651 -1.2618 0.48186
0.52118 1.2661 1.3677 -0.54935 0.020433 -0.20364 -1.1707 0.55084 -2.5619 -0.11238 -0.37819 0.52009 -0.50256 -1.9421 0.27245 0.22479 1.7303 -0.38624 1.0312 0.89849 1.2187 0.49002 0.11075 0.093971 -0.26902 -1.7984 -0.34363 -1.3766 -1.7222 0.85984 -0.44805 -0.28227 1.013 -0.25005 3.0192 -0.30551 0.65127 -0.13816 1.041
-0.1832 1.3849 1.7179 0.14408 -0.22619 -0.03044 -1.755 -0.21959 -2.0468 -0.25198 0.11772 -0.67088 -0.9434 -1.7369 0.067549 0.17069 2.0572 -0.98855 0.93077 1.0956 0.37781 1.0786 0.12191 0.20501 -0.17183 -1.3798 0.50761 -1.062 -0.94231 0.21544 0.46778 -0.32739 0.41037 -0.53066 1.8777 -0.17312 0.14765 0.72318 1.286
-0.28962 0.91058 0.30374 0.74738 -0.4506 0.6195 -0.76643 0.36383 -0.4782 0.046627 0.63773 -1.6103 -1.1871 -1.2963 -0.30141 -0.22641 2.1336 -0.52882 0.989 0.84107 0.7962 2.0578 -0.20836 -0.23335 0.58028 -0.98608 0.86738 -0.83961 -0.76083 -0.87731 1.1135 -0.55178 0.051482 -0.75585 0.4744 -0.17092 -0.44129 1.0346 1.4325
-0.47875 1.1955 0.77969 1.0231 0.60508 0.078416 -0.064917 1.3932 -0.14061 -0.48554 -0.71574 0.70444 -1.1613 -0.8307 -0.65776 -0.50629 1.5148 0.42352 0.7813 0.72812 0.29093 1.6092 0.23375 0.1021 0.47789 -0.5683 0.7244 -0.83186 -0.99091 -2.1487 1.4974 -1.0532 -0.049072 -1.4815 -0.25586 -0.35694 -0.39623 0.99393 1.767
-0.41581 1.0915 1.0169 1.6328 -0.53734 0.2919 -0.56916 -0.020133 -0.6204 -0.15854 -0.58072 0.064965 -1.2834 -0.70821 -0.89468 -0.83348 0.48538 1.0739 0.17905 1.1898 -0.08674 1.1702 -0.30958 -0.70963 1.4444 0.1272 0.81759 -0.71095 -1.1252 -2.9521 0.70275 -1.3556 -0.15407 -2.3943 -1.0287 -0.41305 0.54933 -0.42451 2.0534
-0.57577 0.65511 0.76227 1.5541 -0.097095 0.51323 -0.50416 1.0975 0.25707 -0.68347 -0.73338 0.60184 -1.2271 -0.62396 -1.1515 -1.3469 -0.85819 1.1239 -0.44467 0.81908 -1.8336 1.0193 -0.56528 -0.32211 1.3545 0.94016 1.0891 -0.36133 -0.80506 -3.0399 0.10384 -1.6102 -0.29559 -1.6395 -0.88201 -0.63187 1.1992 -1.3072 2.2803
-0.54183 0.66758 0.74866 1.1623 0.65483 0.76216 -0.64696 0.32567 -1.1059 0.71321 0.76475 0.099236 -1.2107 0.18981 -1.3503 -1.8749 -1.8245 0.48719 -0.69326 0.4745 -2.4346 0.31667 -0.65929 1.0979 -0.68275 1.6029 1.3962 0.22537 -0.049859 -2.3801 -0.31023 -1.7548 -0.6206 -0.49744 -0.69188 -0.58956 2.0142 -2.1985 2.1224
-1.1459 0.33048 -0.2561 0.64533 1.0804 0.0098356 0.63554 -0.24396 0.38336 -1.2781 -1.3267 1.1597 -0.6996 0.84153 -1.0897 -1.4639 -2.6284 0.91677 -1.5112 0.46956 -1.4719 0.29085 -0.8811 1.6126 -1.0152 2.4069 1.2772 0.7967 0.90469 -1.2235 -0.53004 -1.7741 -0.81165 1.4906 -0.26412 -1.0043 1.53 -1.9559 1.5398
-0.82595 -0.1709 -1.6426 -0.4889 0.73071 -0.1834 0.39329 -1.9226 1.2035 -0.88907 -0.036249 0.82951 0.014282 1.2818 -0.51809 -0.86041 -2.7738 0.57098 -2.2625 0.070511 -1.1522 0.1665 -1.3564 2.3615 -1.6762 2.8495 0.57335 1.1642 1.7633 -0.057965 -0.4327 -1.2551 -1.29 2.3856 0.051657 -0.79574 0.73827 -0.9053 0.54318
0.31456 0.033909 -0.90679 -0.77424 0.16821 -0.51627 -0.1577 -1.2254 -0.81043 -1.1671 1.1716 -1.3469 0.41326 1.3197 -0.12082 -0.179 -2.5052 0.047522 -2.6679 -0.67145 0.213 0.57497 -2.2541 2.1197 -1.9782 2.8231 -0.42849 1.064 1.7598 1.0897 -0.28991 -0.11436 -1.2477 2.2658 0.33872 -0.27556 -0.30226 -0.10932 -0.65911
0.49871 0.082592 -0.037423 -1.3349 0.79992 -1.0609 -0.22779 -0.33998 -0.13738 -1.1249 1.442 -0.90568 1.1428 1.0619 0.2806 0.74141 -1.9694 0.076859 -2.2391 -1.6452 1.0189 0.28152 -1.5914 2.3401 -1.9693 2.277 -1.3773 0.53538 0.86445 1.6223 0.18176 1.0011 -0.61125 1.4596 0.90768 0.70707 -1.4383 0.8951 -1.4758
0.38912 0.33833 -0.23469 -1.6596 1.0553 -1.6213 -0.37833 -0.17937 0.32377 -2.2953 2.4244 -1.2529 1.4836 0.10053 0.44398 0.98747 -1.1069 0.59694 -1.7051 -1.2746 1.5234 0.90966 -1.338 1.0453 -1.0749 1.616 -1.6787 -0.0044474 -0.24252 1.6904 0.16148 1.6332 0.18702 0.086877 0.79413 1.6147 -1.9272 1.1088 -1.8246
0.20166 0.39556 -0.15421 -1.8511 0.6937 -2.0151 -1.0702 0.14105 0.43988 -3.1762 1.756 -1.6834 1.5652 -0.81791 0.17091 0.15726 -0.61778 0.64792 -1.0271 -0.90247 0.82469 1.804 -0.41638 0.056607 -0.36339 1.045 -1.2598 -0.42187 -0.8958 1.3758 -0.044022 1.6553 0.84915 -0.62503 0.61921 1.8183 -2.0224 0.85646 -1.6094
-0.07612 0.29894 0.044025 -1.9466 0.90499 -1.8896 -1.5205 -0.14564 1.0385 -2.6608 1.4624 -1.148 1.6256 -1.0401 -0.076549 -0.32772 -0.20674 0.074143 -0.48096 -0.6525 0.47551 1.3934 0.37845 -0.55488 -0.59742 0.46255 -0.28504 -0.48428 -0.76282 0.88741 -0.11406 1.4632 1.0416 -0.76353 -0.19678 1.8296 -0.8081 0.31754 -1.1255
-0.28507 0.25201 -0.22124 -1.6614 1.2646 -1.6062 -0.89987 -0.080705 1.4477 -1.972 1.6183 -1.1909 1.7021 -0.84693 -0.22902 -0.2467 0.0045728 0.25022 -0.020638 -0.185 0.42899 1.2724 1.1792 -0.86595 -0.51941 0.22793 0.56775 -0.21203 -0.25932 0.50283 0.088539 0.92264 1.1231 -0.28744 -1.0184 1.0206 0.29581 -0.032671 -0.65607
-0.35337 0.20956 -0.54751 -1.6407 0.98581 -1.663 -1.0856 0.06701 1.1943 -1.3478 1.4582 -1.9032 1.6977 -0.455 -0.23948 -0.21098 0.15191 0.57137 0.29521 0.53936 0.35847 0.78962 1.5157 -0.079516 -0.36564 0.18735 0.83965 0.049063 0.044808 0.12457 0.26947 0.32717 0.82507 -0.15921 -1.1017 0.10618 0.76417 0.20856 -0.28608
-0.55897 0.10348 -0.46221 -1.7951 0.7469 -1.9178 -1.0822 0.42365 1.4974 -1.3909 1.0591 -1.8199 1.7081 -0.010277 -0.1358 -0.3729 0.10029 0.56942 0.16804 0.84425 0.37598 0.090329 1.0426 0.43285 -0.53518 0.1104 0.67096 0.14231 0.037365 -0.13543 -0.062478 -0.17372 0.26977 -0.30168 -1.0634 -0.70848 0.6743 0.31565 -0.18969
-0.40516 0.21079 -0.32324 -1.7744 1.3865 -1.7926 -0.87269 0.33238 1.8973 -1.5096 1.2292 -1.9363 1.7349 0.17429 -0.036399 -0.17547 -0.018683 0.43701 -0.005821 0.5539 0.22521 -0.19647 0.63862 0.34307 -0.17211 0.052061 0.39133 0.11244 0.072285 -0.17262 -0.38545 -0.38156 -0.20216 -0.3416 -0.77692 -0.92166 0.34544 0.2744 -0.21403
-0.22986 0.13538 -0.24755 -1.6118 1.4909 -1.5145 -0.38598 0.29957 1.3012 -1.0319 1.9238 -1.664 1.7946 0.14076 -0.074174 -0.18903 -0.12892 0.19341 -0.15337 0.37062 -0.037191 -0.33955 0.17421 0.291 0.011352 -0.016604 0.095187 -0.11919 0.17271 -0.15433 -0.84958 -0.32729 -0.56669 -0.4429 -0.63593 -0.72278 -0.17762 0.3919 -0.23973
-0.098469 0.1705 -0.76065 -1.7255 1.5628 -1.6444 -0.28417 0.18892 1.0774 -1.1009 2.1299 -1.8795 1.7301 0.22415 -0.068233 -0.16308 -0.017306 0.0064238 -0.18115 0.35481 -0.039488 -0.53207 0.078401 0.70427 -0.0923 -0.10099 0.19699 -0.35239 0.26431 -0.037697 -1.1392 0.11921 -0.81782 -0.54539 -0.78132 -0.3886 -0.63034 0.55524 -0.28471
-0.26066 0.21759 -0.49705 -1.6866 1.3466 -1.7609 -0.58265 0.28712 1.2437 -0.9542 1.5073 -1.5841 1.735 0.13944 -0.33917 -0.054037 -0.15224 -0.8721 -0.28897 -0.23784 -0.27825 -0.99884 -0.14954 -0.077329 0.20207 -0.2068 0.72793 -0.55078 0.73659 0.29501 -1.2515 1.09 -1.1374 -0.67711 -0.80389 0.062854 -0.84472 0.82514 -0.3827
-0.40618 0.037824 -0.75238 -1.9632 0.82322 -2.0548 -0.88868 0.14579 1.0286 -1.428 1.3858 -2.0346 1.6527 0.54899 -0.54739 0.25104 -0.054895 -1.251 0.27743 -0.84726 -0.625 -1.4122 -0.00086681 -0.70459 0.83016 -0.31987 1.1044 -0.42444 1.2446 0.80137 -0.9965 2.0018 -0.95849 -0.82049 -0.61246 0.51016 -0.80753 1.0672 -0.64089
-0.16108 0.091619 -0.41414 -1.6622 1.1451 -1.942 -0.31067 0.48804 1.1366 -1.321 2.4017 -1.9454 1.6164 1.3922 -0.83896 0.96898 0.42383 -1.6173 1.4854 -1.4002 -0.95187 -1.4896 0.31873 -0.66365 1.1773 -0.53388 0.81805 0.064503 1.5232 1.323 -0.24933 2.3584 -0.32443 -0.68483 -0.21674 0.74817 -0.70166 0.96936 -0.9946
-0.10233 -0.24069 -0.31458 -1.9405 0.328 -1.82 -1.1819 -0.2687 0.21335 -1.5264 0.98873 -1.2675 1.5404 1.749 -0.59289 1.6274 1.1141 -1.5639 2.3521 -1.0628 -1.1678 -1.4971 0.84708 -0.58754 1.5222 -0.98494 -0.43565 0.5639 1.3461 1.2882 0.28724 1.6914 0.60338 -0.63151 0.44213 0.52815 -1.0099 0.54754 -1.2209
0.66653 -0.4001 -0.052401 -1.5672 0.19448 -0.9034 -1.5272 -0.5703 -0.65053 -0.63888 1.0304 -0.25477 1.4368 1.1299 -0.20157 2.0737 1.5949 -1.2035 2.7011 -0.80644 -1.2282 -1.3819 0.9071 -1.5098 1.7662 -1.4982 -2.0637 0.8601 0.89984 0.82646 0.76566 0.19065 1.4654 0.091879 1.4828 0.23219 -1.406 -0.046715 -1.0365
1.5111 -0.63395 0.77576 -0.97692 -0.32065 0.022216 -2.284 -0.79199 -0.092603 -0.63409 1.3015 -0.6241 1.0931 -0.18485 0.15718 2.1879 1.6305 -0.90082 2.5615 0.11455 -1.6123 -0.58464 0.74387 -2.2698 1.6183 -1.8305 -2.8176 0.42491 -0.22371 -0.020722 0.75737 -1.2758 1.8498 0.61318 1.8509 -0.038924 -0.6943 -0.64004 -0.33557
1.1073 -0.093634 1.6801 -0.20424 -0.29874 0.17563 -1.3163 -0.81049 -0.13134 0.019797 0.88582 0.0052251 0.55819 -1.6945 0.34808 2.3549 1.629 -0.4601 1.7178 1.0677 -0.5552 0.99988 0.81514 -2.6002 1.0459 -1.8033 -2.0732 -0.49361 -1.634 -1.0258 0.50966 -2.0625 1.6455 1.0771 1.5427 0.21264 0.81697 -1.0105 0.71569
0.10315 -0.016569 1.7112 -0.15461 -0.10329 0.13083 -1.4203 -0.99739 -0.53232 -0.76525 -0.58672 0.035904 0.059591 -2.3691 -0.097262 1.0807 1.0789 -0.46297 0.68435 1.8583 -0.39313 0.98795 0.79363 -1.4017 0.6348 -1.3823 -0.064173 -1.5553 -2.6312 -1.6796 -0.33672 -1.7902 0.37886 1.3513 0.81578 0.29541 2.3246 -1.261 1.6925
-0.73803 0.093975 2.113 -0.13636 0.012051 0.3916 0.0047101 -1.8142 0.40583 -0.52953 -0.8158 0.38587 -0.093696 -1.8502 -0.97473 -0.37995 0.094877 -0.43221 0.14095 1.7537 0.10689 0.89629 1.2878 -0.29129 0.28341 -0.55897 2.2372 -2.1085 -2.7642 -1.7073 -1.3261 -0.90324 -1.1166 1.0423 -0.21743 0.26943 2.8666 -1.365 2.2178
-1.4995 -0.22241 2.7245 -0.00066537 -0.45022 -0.040749 -0.40544 -0.35447 1.4894 0.10946 -2.0918 0.21741 -0.040469 -0.24443 -2.0131 -1.2911 -0.52166 -1.5728 0.31479 0.56194 0.4941 1.0898 1.0793 1.2331 -0.46645 0.30261 3.4829 -1.7057 -1.711 -0.99609 -1.7513 -0.22264 -2.0854 0.8622 -0.60668 0.051836 1.9096 -1.2423 2.1021
-0.63581 -0.8823 0.70992 -0.13732 -0.65505 0.13451 0.40764 -1.222 -0.072295 0.66932 1.1855 0.35996 0.15144 1.613 -2.532 -1.5509 -0.53844 -2.4899 0.3774 -0.61253 0.88342 0.52213 1.1919 1.82 -1.0736 0.96556 3.2508 -0.60091 -0.40924 -0.070204 -1.4063 -0.08606 -1.7954 -0.070109 -0.93278 -0.39939 0.45557 -0.69524 1.4153
0.14556 -1.5617 0.323 -0.87365 -0.74691 0.32775 -0.34807 -0.53515 0.83899 1.2782 1.0289 -0.32745 0.48341 2.7089 -2.4239 -1.4831 -0.32834 -2.8469 0.19961 -1.3076 0.7772 -0.023923 0.92435 1.3727 -1.116 1.2782 1.6958 0.7387 0.77033 0.58752 -0.25412 -0.59214 -0.69944 -0.70817 -0.77742 -0.44167 -1.6876 0.19684 0.52368
0.65287 -1.8895 0.46027 -0.71837 -2.3874 0.62195 -1.0661 -0.42896 1.1114 0.466 1.4497 -0.66322 0.68642 3.0281 -1.8649 -1.0323 -0.1065 -2.5362 0.064537 -1.0558 -0.15136 -0.39267 0.54222 0.5712 -0.74774 1.2567 -0.061441 1.5708 1.1428 0.79203 0.76967 -0.9008 0.44312 -1.1628 -0.64127 -0.47098 -2.3381 0.73564 -0.25825
1.3235 -2.2134 0.47278 -0.50188 -2.7214 0.44392 -1.9167 -0.27953 0.17687 0.62117 0.28062 -1.2273 0.93974 2.3575 -1.0054 -0.12316 0.30787 -2.0469 -0.52434 -0.67494 -0.25175 0.0095396 0.49622 -1.4814 -0.23494 1.0074 -1.1448 1.7412 0.93413 0.62687 1.5442 -0.8246 1.1819 -1.0332 -0.2878 -0.081437 -1.7322 0.83898 -0.71537
1.4684 -2.0389 0.69445 -0.22825 -2.8266 0.21837 -1.0433 -0.73675 0.85361 1.0867 0.086734 -0.53979 1.1598 1.6566 -0.3863 -0.11651 0.54661 -1.3934 -0.78164 -0.0044392 -0.68234 -0.76216 0.43922 -1.3882 -0.062476 0.67704 -1.5462 1.4833 0.25772 0.33653 1.6095 -0.35867 1.3024 -0.4657 0.23065 0.09001 -0.30762 0.6005 -0.85022
1.7536 -2.153 0.59776 -0.25443 -2.7405 -0.033546 -0.97094 -1.0268 0.38795 1.1541 -0.053401 -0.36966 1.1854 1.1407 0.0016816 -0.21154 0.45942 -0.41335 -0.7686 0.63188 -0.80456 -0.40562 0.79109 -1.0753 0.19573 0.39917 -1.3172 0.87911 -0.274 -0.16317 1.4197 0.20777 0.87308 -0.066468 0.35382 0.020503 0.81361 0.16003 -0.74977
1.954 -2.0086 0.2086 -0.10215 -2.7346 -0.30615 -0.49768 -1.2342 0.34265 1.5544 -0.4638 -0.10525 1.1688 0.59642 0.32729 -0.50625 0.4243 -0.22086 -0.41143 1.0075 -0.7025 0.27686 0.55418 -0.22052 0.22337 0.17222 -1.059 0.4815 -0.2897 -0.36077 0.85941 0.57567 0.23397 0.44637 0.96205 -0.20812 0.71706 -0.060943 -0.51768
1.9032 -2.1013 0.22254 -0.29362 -2.9408 -0.11147 -1.0476 -0.95942 -0.097354 1.267 -0.23291 -1.0896 1.1837 0.29608 0.23446 -0.42715 0.10173 0.12934 -0.34322 0.64027 -0.35183 0.19629 0.45861 -0.41938 -0.05566 0.034902 -0.80217 0.16914 -0.068434 -0.4225 0.3865 0.71587 -0.43895 0.82025 0.74609 -0.58814 0.61128 -0.4554 -0.28672
2.0152 -1.9644 0.36941 0.0053654 -3.0188 -0.029746 -0.59173 -1.238 0.73603 1.4951 -0.081533 -0.48318 1.1709 -0.0070169 0.3707 -0.53652 0.1126 0.0065789 -0.001802 0.47958 -0.097325 0.84961 0.1664 -0.26269 -0.048154 0.012485 -0.45678 -0.11566 0.025888 -0.49248 0.38876 0.5172 -0.63241 0.96415 0.21671 -0.75491 0.59319 -0.82529 -0.093417
1.9149 -1.7594 -0.20383 0.1921 -2.9426 -0.0047489 -0.22406 -1.214 0.93267 1.4397 0.011934 -0.55259 1.2125 -0.14048 0.28516 -0.31612 -0.10554 0.2233 0.25779 -0.019404 0.37607 0.79237 -0.21695 0.18844 -0.55384 0.0087405 -0.21362 -0.28681 -0.16025 -0.47007 0.5102 0.36213 -0.33124 1.3242 -0.77182 -0.68011 0.80211 -1.1208 0.054873
1.847 -1.9408 0.31757 -0.3493 -2.4112 -0.42671 -0.2578 -1.2317 0.7281 1.848 -0.901 -0.38234 1.1964 -0.091719 0.089058 -0.50751 -0.31525 0.48693 0.18105 0.018591 0.67535 0.41311 -0.64473 0.68216 -1.1386 0.030021 -0.049456 -0.41759 -0.38343 -0.33837 0.71893 -0.1179 0.31109 1.4872 -1.81 -0.3693 0.54685 -1.0803 0.1399
1.8237 -1.7232 -0.41263 -0.018064 -2.9806 0.0096842 -0.46673 -1.1109 1.3474 1.2319 -0.364 -0.43926 1.1762 -0.091737 -0.14893 -0.73071 -0.48834 0.88042 0.19435 0.18019 1.6506 -1.112 -0.52237 0.73115 -1.7013 0.11252 -0.031354 -0.099268 -0.81848 0.19816 0.7298 -0.6478 1.36 1.1146 -1.8476 -0.054687 0.23054 -0.18636 0.17022
1.8438 -1.8138 0.017238 -0.35623 -2.5632 0.14846 -1.0307 -0.45867 0.83753 1.003 0.22941 -1.668 1.178 -0.14003 -0.17436 -1.0299 -0.26969 1.0758 -0.15829 1.0288 1.9471 -1.784 -0.44351 0.5802 -1.5859 0.18555 -0.080631 0.38751 -0.6505 0.56399 0.64876 -1.1107 1.5396 0.16255 -1.2238 0.12038 -0.30696 1.2483 0.021603
1.9097 -2.0667 -0.49401 -0.57689 -2.4313 0.048362 -0.63444 -0.30309 0.46076 0.32747 0.95142 -2.613 1.2385 -0.18951 0.23381 -1.558 0.23628 1.3478 -0.66286 2.3121 1.7524 -1.7695 -0.44862 0.72328 -0.68767 0.20534 -0.10805 0.95896 -0.21409 0.7845 0.45096 -1.295 0.96716 -1.3732 0.1331 0.042765 -0.58196 2.7164 -0.26738
1.8815 -2.0282 -0.81143 -0.409 -1.8321 0.047288 0.29426 0.84598 -1.002 1.433 0.27429 -2.0919 1.3418 -0.21253 0.6001 -1.2871 0.3268 1.5143 -1.2687 2.1639 0.92585 -1.6812 -0.46124 0.098756 0.81208 0.015774 -0.12871 1.186 0.50603 0.59278 0.27432 -1.023 -0.47869 -2.3033 1.1937 -0.12447 -0.59666 3.1509 -0.56279
1.6447 -1.8529 -1.5063 -0.088062 -1.6991 -0.57913 1.4737 0.60902 -0.85959 1.0947 -0.13657 -1.8663 1.3962 -0.27888 1.2058 -0.99046 0.6034 1.537 -1.4426 1.63 -0.29712 -0.89493 -0.44894 -0.16353 2.4377 -0.24138 -0.089098 0.92614 1.2025 0.18745 -0.07649 -0.41302 -1.928 -2.5579 1.8069 -0.47168 -0.35445 2.2838 -0.72809
1.653 -1.4087 -1.8323 0.18778 -1.229 -1.0324 2.5194 0.31711 -0.4023 0.8625 0.27649 -0.65537 1.3288 -0.35922 1.4945 -0.37386 0.60145 1.513 -1.4974 0.37178 -1.1577 0.15102 -0.71449 -0.14109 3.042 -0.5113 -0.10493 0.45046 1.5331 -0.15793 -0.27953 0.43496 -2.36 -1.6325 1.4831 -0.51807 0.059685 0.76429 -0.59765
1.7002 -1.1157 -1.447 0.10431 -1.5476 -0.97027 0.68729 -0.2753 -0.43973 0.11026 0.13033 0.29705 1.0473 -0.30245 1.4688 0.20978 0.44481 1.1972 -1.2391 -0.81259 -1.7929 0.90285 -1.2901 0.16122 2.6867 -0.72072 -0.079086 -0.18124 1.3442 -0.39496 -0.39886 0.9575 -1.8744 -0.32277 0.48474 -0.296 0.043272 -0.61347 -0.28934
1.6103 -0.75519 -1.0092 0.17392 -0.74782 -1.0599 0.52867 -0.82434 -0.38257 0.40375 0.44313 0.85332 0.91413 -0.41804 1.2855 0.94692 0.14795 1.1376 -0.61749 -1.5365 -1.2504 0.36622 -1.1019 0.079734 2.1954 -0.72156 -0.018489 -0.56159 0.60506 -0.35781 -0.35537 1.0273 -0.45099 0.66565 -0.50991 0.16386 -0.28116 -1.2227 0.046347
1.4891 -0.80895 -1.1313 0.14982 -0.64027 -1.4159 0.19983 -0.95247 0.19408 -0.13852 0.45939 0.86193 0.80355 -0.41614 0.97808 0.83496 0.1575 0.94569 -0.24 -1.3249 -0.82148 -0.036579 -0.87071 -0.1633 1.6655 -0.61081 0.16599 -0.62507 -0.24658 -0.13064 -0.54297 0.91233 0.57416 1.1403 -0.93087 0.067771 -0.57043 -1.3969 0.16567
1.5109 -0.63008 -0.89945 0.31337 -0.67697 -1.3159 0.22568 -0.92257 -0.054226 -0.25592 0.10262 1.0291 0.69685 -0.35036 0.71582 0.43604 0.13742 0.94441 -0.23563 -0.31241 -0.43803 -0.38627 -0.61655 -0.51476 1.1618 -0.49377 0.32013 -0.41707 -0.62179 0.072405 -0.78858 0.72563 1.0131 0.89004 -0.89032 -0.22392 -0.60998 -1.3601 0.030431
1.129 -0.44986 -0.29948 0.11496 -0.45047 -1.2028 0.17213 -0.56178 -0.62435 -0.35366 -0.0032556 1.2738 0.71909 -0.022964 0.61413 0.016948 0.23966 0.23407 0.13558 -0.22692 -0.14073 -0.56291 -1.4181 -0.65396 0.4709 -0.56767 0.12397 -0.1586 -0.34388 0.096546 -0.72095 0.56883 0.73493 0.54675 -0.81677 -0.16815 -0.31404 -1.1793 -0.18575
1.3893 -0.35229 -0.92744 0.45458 -0.39484 -1.1649 0.38344 -0.91741 -0.44441 -0.40984 0.14655 2.0171 0.62121 0.00058529 0.70632 0.21562 0.25155 -0.044583 0.44253 0.027635 0.017798 -1.1322 -1.299 -0.8662 0.13217 -0.69658 -0.22874 -0.1356 0.08769 0.18609 -0.59447 0.49982 0.3886 0.0084266 -0.45571 0.21875 0.12898 -1.1106 -0.24964
1.3993 -0.37351 -0.88282 0.21036 -0.2592 -1.3374 0.18743 -1.1181 -0.81892 -0.55453 -0.51486 1.7498 0.46294 -0.3606 0.69184 0.31743 0.28733 0.03389 0.40179 0.038147 -0.057644 -1.2793 -0.8883 -0.58905 -0.12538 -0.81515 -0.52155 -0.71226 0.38428 -0.15945 -0.39564 0.34363 0.4013 -0.22493 0.3466 1.2227 0.48466 -0.90647 0.22749
1.6868 -0.16718 -1.121 0.56586 -0.73004 -0.95005 0.045164 -0.96026 -0.59242 -2.1946 -0.18238 0.90398 0.238 -0.64132 0.42782 0.45404 0.45708 -0.1155 0.49466 0.36579 -0.45515 -0.92757 -0.46359 -0.26576 -0.71099 -0.7799 -0.35091 -1.3538 0.15562 -0.54745 -0.54455 0.18997 0.11411 -0.24449 1.2385 2.0035 0.76892 -0.56559 1.0002
1.297 -0.027442 -0.34093 0.45206 -0.78177 -0.92399 0.37232 -0.70391 -1.4353 -1.4613 -0.84178 1.0751 0.055958 -0.73527 -0.54473 0.61302 -0.1239 -0.50327 0.70701 0.44122 -0.29916 0.026728 0.59739 0.036117 -0.87789 -0.15832 0.10695 -1.6728 0.042003 -0.99278 -0.44539 -0.10522 -0.29101 -0.1053 1.4666 2.5261 0.4401 0.035453 1.6512
0.71454 0.11943 -0.15225 0.62315 -0.32259 -0.94591 0.28273 -0.91005 -1.7855 -0.76024 -0.36633 1.3014 -0.065787 -0.51114 -1.1406 0.36137 -0.48216 -0.83877 0.62582 0.064341 -0.2915 0.67589 1.9587 0.37805 -0.59311 0.60199 0.66046 -1.3346 -0.11466 -1.2118 0.048953 -0.39603 -0.85979 0.23667 1.0794 1.9997 0.1987 0.55921 1.7742
0.56101 -0.20112 -0.064303 0.8221 -0.55946 -0.71434 0.89437 -1.5099 -1.2049 -0.78217 -0.078626 0.56312 0.037841 -0.22801 -1.5694 0.44775 -0.96116 -0.47415 0.16958 -0.41782 -0.31941 0.83261 2.9501 -0.0094629 -0.10655 1.1818 0.92423 -0.28895 -0.19687 -0.94667 0.59231 -0.6828 -1.0851 0.38966 0.10025 0.4802 -0.13855 0.63266 1.1656
1.0641 -1.4102 -0.54044 -0.19648 -1.2321 -0.47835 0.6968 -1.2 0.27024 0.48108 -0.038353 0.9263 0.74581 0.38681 -1.49 0.33171 -1.2253 -0.037039 0.10168 -0.99762 -0.010475 0.81502 2.353 0.17744 0.0087587 1.4384 0.62645 0.8407 0.023485 -0.61775 1.0412 -0.69844 -0.88436 0.53744 -0.80617 -1.209 -0.28083 0.35499 0.21452
1.2243 -1.2693 -0.61774 -0.32212 -1.4769 -0.745 -0.29218 -1.2031 -0.22776 1.4519 -0.17405 0.73072 1.1117 0.61414 -0.89814 0.27125 -1.3898 0.24703 -0.18082 -1.2907 0.2698 0.16046 1.3429 -0.1153 0.070721 1.3201 -0.11322 1.8183 0.1971 -0.0051686 1.0769 -0.52956 -0.23354 0.39319 -1.3433 -2.4007 -0.09922 -0.3978 -0.71144
1.2539 -1.2846 0.11275 -0.48904 -0.81498 -0.95966 -0.46135 -1.094 -0.55391 1.5045 -0.77845 1.0655 1.1915 0.28295 0.050576 0.49944 -1.3301 0.82598 -0.3755 -1.3434 0.38891 -0.58269 0.3141 -0.10431 0.022974 0.87942 -0.8785 1.8819 0.30949 0.31889 0.76355 -0.45217 0.66943 0.11278 -0.90872 -2.4682 -0.11848 -1.0491 -1.1594
1.3737 -1.0659 0.35093 -0.78053 -0.24785 -0.74488 -0.67836 -0.69599 -1.0853 1.1114 -0.22338 1.2161 1.2066 -0.4096 0.96542 0.73393 -0.89976 1.1891 -0.48084 -0.73175 0.19671 -1.1287 -0.87092 -0.041925 -0.88597 0.29883 -1.071 1.3123 0.11803 0.55168 0.01748 -0.17362 1.2157 -0.087785 0.087521 -1.7784 0.046698 -1.4115 -1.0699
1.1448 -0.74783 -0.085569 -0.88456 -0.28122 -1.0457 -0.79662 -1.0008 -1.287 0.38654 -0.26485 0.98423 1.1601 -0.83369 0.99894 0.67771 -0.89464 0.97654 -0.50558 0.11931 0.23801 -0.33847 -1.516 -0.070978 -1.5632 0.056528 -0.7286 0.36315 -0.22484 0.66776 -0.8168 -0.0081792 1.3303 -0.19486 0.90879 -0.71518 -0.18169 -1.2436 -0.64816
0.94211 -0.62382 0.33439 -1.1245 -0.2197 -0.92018 -0.59784 -1.1122 -0.93219 0.029102 -0.13214 0.4309 1.1642 -0.93695 1.0123 0.40633 -0.62469 0.20348 -0.39884 0.51363 0.19679 0.21639 -1.3333 -0.014496 -1.8976 -0.015099 -0.029583 -0.4256 -0.36485 0.71851 -1.1089 0.24667 0.98895 -0.073148 1.0242 0.40578 -0.32599 -0.33401 -0.23477
0.6219 -0.49732 0.39214 -1.2551 -0.24053 -1.0811 -0.4114 -0.93474 -1.0624 0.00029136 -0.34047 -0.61248 1.2076 -0.89216 0.68526 0.25506 -0.28182 -0.27415 -0.41792 0.80877 0.048011 0.55187 -0.91163 -0.45572 -1.903 -0.022946 0.55952 -0.70035 -0.5261 0.94004 -0.99009 0.40519 0.41256 -0.17895 0.17726 0.8912 -0.43694 0.55701 -0.12982
0.4177 -0.36682 0.58852 -1.4122 -0.22711 -1.3924 -0.11628 -0.73995 -0.54591 -0.31297 -0.65436 -1.021 1.2058 -0.45009 0.3456 0.27883 0.0684 -0.34728 -0.092239 0.98634 0.16954 0.46222 -0.37983 -0.47483 -1.3632 -0.047071 0.97244 -0.9336 -0.50591 0.91717 -0.60666 0.4579 0.030543 -0.35011 -0.46547 0.84749 -0.40096 1.2521 -0.14462
0.52211 -0.23855 0.63078 -1.1375 -0.52908 -1.1366 0.040571 -0.72965 -0.58298 -0.16997 -0.51702 -0.71775 1.15 0.0069568 0.055835 -0.22237 0.4208 -0.6785 0.043417 0.74365 -0.060645 -0.10534 -0.22505 -0.68721 -0.72925 -0.1421 1.0689 -0.94974 -0.4558 0.70117 -0.40752 0.44965 -0.34817 -0.43083 -0.88005 0.6712 -0.12879 1.4037 -0.13815
0.49464 -0.40862 0.31699 -1.0457 -0.58787 -1.177 0.18364 -0.90899 -0.66647 -0.28922 -0.76666 -0.98312 1.1605 0.50628 -0.37376 -0.28154 0.64599 -0.77808 0.16252 0.61014 -0.36873 -0.37385 0.0033284 -0.67344 -0.019616 -0.19424 0.73348 -0.88513 -0.39267 0.29761 -0.38069 0.081538 -0.71348 -0.41758 -1.0012 0.43334 -0.19444 0.92145 -0.075172
0.74237 -0.428 0.42312 -0.82835 -0.57304 -0.99852 0.4587 -0.89612 -0.7704 -0.13661 -0.70459 -0.76664 1.1034 0.71134 -0.68517 -0.29891 0.67365 -0.85467 0.2327 0.27098 -0.44775 -0.77129 0.22288 -0.58868 0.18762 -0.17755 0.44445 -0.53311 -0.0008778 0.025945 -0.16082 0.028099 -0.80013 0.078632 -0.67271 0.40056 0.11047 0.43332 -0.012938
0.862 -0.5612 -0.037391 -0.70136 -1.0806 -0.97813 0.17578 -1.1835 -1.2678 -0.36141 -1.1752 -0.9285 1.0153 0.62249 -0.89648 -0.40063 0.48049 -1.0029 -0.035566 -0.26511 -0.37798 -1.1864 0.24481 -0.8872 -0.0054608 -0.15489 0.16028 -0.009207 0.12942 -0.087483 0.091718 -0.016337 -0.72902 0.4586 -0.25561 0.25309 0.38264 -0.055834 -0.0092576
1.1083 -0.88374 0.31679 -0.56649 -1.0309 -1.1488 0.4478 -1.2347 -1.1893 0.017202 -1.2279 -0.67561 1.0314 0.80755 -0.65504 -0.15794 0.56697 -0.8816 0.2028 -0.48723 0.094562 -1.029 0.43701 -0.33577 0.1221 -0.1859 -0.08802 0.53507 0.33874 -0.14296 0.41665 0.093284 -0.47094 0.57899 0.37685 -0.029882 0.65413 -0.30014 -0.034402
1.1014 -0.9536 0.31885 -0.58857 -1.234 -1.0866 0.14668 -1.1038 -1.3364 0.033503 -1.1812 -0.66693 1.0418 0.76031 -0.40806 -0.10681 0.56439 -0.58831 0.16216 -0.53096 0.19347 -0.74757 0.38303 -0.012924 -0.088205 -0.2082 -0.43714 1.0704 0.68009 -0.29862 0.76419 0.26867 -0.12615 0.37172 0.84718 -0.40745 0.86415 -0.47628 -0.07913
1.0448 -1.1226 -0.1388 -0.58417 -1.7061 -1.201 -0.44483 -1.1546 -2.1486 0.055878 -1.7677 -0.94809 0.99858 0.45826 0.041463 0.18547 0.39974 -0.25286 0.30514 -0.57804 0.31621 -0.23876 0.072497 0.30222 -0.35171 -0.21 -0.60381 1.2964 0.87675 -0.080717 1.0879 0.25673 -0.00025127 -0.15911 0.55896 -0.57589 0.86191 -0.28197 -0.35639
1.5701 -0.83521 0.26213 -0.13333 -1.3333 -0.68855 -0.15117 -0.58844 -1.5897 0.33829 -0.71459 -0.68116 0.91637 -0.070803 0.69986 0.68854 0.059943 0.16865 0.38315 -0.48255 0.18843 0.10336 -0.41215 0.54041 -0.69486 -0.27484 -0.92423 1.6718 1.1495 0.44105 1.1458 0.59986 0.38574 0.00088156 0.65259 -0.42842 0.74581 0.4752 -1.058
1.5698 -0.79866 0.16843 -0.093418 -1.2273 -0.92017 -0.057934 -0.96835 -1.5879 0.16052 -0.87987 -0.99686 0.83875 0.028728 1.1468 1.068 0.6961 0.85611 0.54186 -0.5117 -0.17955 -0.34128 -0.34273 1.1297 -0.11962 -0.73642 -1.4234 1.6336 0.73461 0.90653 0.91828 0.67896 0.54571 0.46293 0.61681 0.056374 0.55194 1.1835 -1.7108
1.1743 -0.58504 0.46737 -0.37937 -1.3877 -0.78637 -0.51176 -0.96281 -1.3419 -0.42059 -1.0149 -1.3974 0.84109 -0.84685 2.0779 1.5785 1.2056 1.0862 1.0775 0.24062 0.45222 0.60258 -0.29065 1.0841 0.73634 -1.6722 -1.6715 1.0235 -0.035647 1.1141 0.37879 0.89794 0.67661 1.3813 0.78872 0.67806 0.38573 1.5478 -1.8608
0.78128 -0.13203 1.5244 -0.73793 -0.83459 -0.84412 -0.17994 -1.0485 -1.1731 -0.57354 -0.63644 -1.5525 0.76821 -1.9534 2.3215 1.1019 1.4303 1.0743 1.1263 0.19876 1.0254 0.73956 0.10362 1.1548 1.2631 -2.3023 -1.5108 0.079128 -1.1935 0.89526 0.054801 0.83132 0.9182 1.8262 1.124 1.066 -0.21547 0.97456 -1.2799
1.4711 0.10928 1.3216 0.95852 -0.3617 -0.44612 -0.90431 -1.3635 -2.6805 -0.0097745 0.27743 -0.24474 0.01655 -2.3653 1.9718 0.61233 1.6592 0.7949 1.6321 0.57362 2.0773 1.1319 0.70452 1.321 1.6589 -2.5274 -0.41719 -1.5285 -2.574 0.48321 -0.076181 0.28124 0.71519 1.4085 0.54234 0.78096 -0.42594 0.046556 0.069048
-0.019969 1.2932 1.9201 1.2512 -0.65401 0.29278 0.57056 0.20132 -0.45022 -0.076142 -0.48378 0.45368 -1.1098 -2.1829 1.3413 -0.64377 2.053 1.1062 1.6923 1.2371 2.2988 1.6281 1.2782 0.60623 1.3395 -2.3977 0.66253 -2.5549 -2.3677 -0.69288 -0.13807 -0.53292 0.39645 0.46951 0.25878 -0.018001 -0.59195 -0.59573 1.6412
-0.70234 1.1887 1.0585 1.3076 -0.24724 0.14626 -0.048329 0.5997 -0.54284 0.56109 0.75059 0.53787 -1.2702 -1.561 -0.21486 -2.2896 1.7573 0.91962 1.2858 1.2133 2.3558 1.2385 0.66849 0.53389 0.79769 -1.5151 1.9497 -2.7962 -1.3975 -1.8453 -0.46075 -1.5597 -0.78909 -1.3748 -1.0404 -1.2039 -0.91266 -1.1129 2.9114
-0.83011 0.64499 0.89665 1.3451 -0.71783 0.62425 0.50499 1.283 -0.2873 0.77781 0.36664 0.41315 -1.2557 -1.0697 -1.235 -1.8075 0.18759 0.74075 0.40472 0.706 1.7392 1.204 0.064215 0.39302 0.53303 -0.13685 2.8817 -1.9062 -0.051627 -2.4141 -1.201 -1.964 -1.926 -2.1677 -1.911 -1.9149 -1.3096 -1.0901 3.1215
-0.64181 0.64903 -0.32423 2.1038 0.36133 0.67631 1.1622 0.93283 0.33391 1.1054 -0.71865 -0.24432 -1.297 0.88492 -1.8289 -1.3768 -0.61715 0.078027 -0.36689 -0.80633 -0.10393 -0.71531 -1.1265 -0.36686 -0.11325 1.0836 3.0524 -0.23483 0.76844 -2.0968 -1.1898 -1.8566 -2.4179 -2.4488 -1.9861 -1.3318 -1.3704 -0.96293 2.2296
-0.12103 -0.60563 -1.6789 1.8834 0.24899 0.30253 0.83389 1.2661 -0.96831 -0.23816 0.73007 0.091964 -0.78265 2.2263 -1.3217 -1.1889 -0.9635 -0.81419 -0.81243 -1.7698 -0.3573 -1.1812 -1.6895 -1.5289 -0.33576 1.3869 2.3678 0.96153 0.71631 -1.0755 -1.0857 -1.0214 -2.0047 -2.0071 -1.4895 -0.24247 -0.74242 -0.77112 0.85757
-0.24587 -0.37549 0.51975 0.65029 0.070293 0.0027717 -0.10316 0.92236 -0.42159 0.037735 0.67747 1.3544 -0.41767 2.7576 -0.60116 -1.1751 -1.3159 -0.62221 -1.2537 -2.5913 -0.98693 -1.5041 -1.1494 -1.2118 -0.64907 1.3536 0.64029 1.6782 0.68757 -0.2249 -0.18024 0.04542 -0.58072 -1.3393 -0.22591 1.2714 0.036659 -0.38735 -0.38525
0.92486 -0.10942 0.35076 0.33139 -1.0903 -0.074956 -1.0717 -0.18718 -1.5971 -1.7161 -1.2736 -0.19031 -0.068237 2.6196 -0.1023 -0.58065 -1.3258 -1.0258 -0.87811 -2.5824 -1.4167 -1.3516 -0.43234 -0.6397 -0.70386 1.1227 -0.58999 1.3319 -0.054262 0.65438 0.89241 0.918 0.81706 -0.82331 -0.095237 1.9356 1.0265 -0.32481 -1.024
1.7113 -0.033424 -1.2642 0.61911 -1.338 -0.42819 -2.0236 0.95258 -1.5602 -0.90569 -1.5363 -0.24836 -0.092211 1.9306 0.61167 -0.40624 -0.81123 -0.16948 -0.24422 -1.611 -1.9716 -1.0737 0.77576 -0.71401 -0.68103 0.58487 -1.4718 0.83346 -0.11815 0.95132 1.517 1.2985 1.8545 0.30098 0.24145 1.7796 1.4047 0.78129 -1.3348
1.8513 -0.0014075 -1.5305 0.32148 -0.24458 -0.46656 -1.7862 0.0010382 -1.5461 0.23656 -0.73566 -0.77784 -0.088632 1.4725 0.49219 -1.6669 -0.053409 0.69501 0.25811 -0.55566 -1.3351 -1.5808 1.2122 0.2923 -0.94888 0.099409 -1.8521 0.56506 0.31488 0.50602 1.6317 0.96388 1.918 1.0976 0.50998 0.61022 1.3034 1.5887 -1.2555
1.7603 -0.021032 -0.99805 0.60552 -0.64005 -0.034783 -1.4838 -0.75323 -1.3545 0.20327 -0.23699 -0.5285 -0.036759 0.43664 0.61521 -0.84338 -0.27041 1.4694 0.40121 0.26345 -0.47759 -0.90615 1.5794 1.1461 1.0146 -0.31315 -1.7337 0.3219 0.88179 -0.18403 0.58798 0.32907 1.1046 1.8869 1.1215 -0.93556 0.7797 1.9178 -0.85057
1.4566 0.089087 -0.85517 0.36238 0.11282 0.078664 -1.1459 -1.1881 -2.3099 0.58466 -0.21353 0.19084 -0.076483 -0.27274 0.92131 0.2252 -0.69326 1.3301 0.45258 0.48086 -0.18215 -0.41941 0.3695 1.0523 1.5737 -0.47737 -1.3028 0.19708 1.2525 -0.70866 -0.40927 -0.32073 0.3961 1.6154 2.0168 -1.3857 -0.23781 1.3843 -0.40756
1.8457 0.2676 -2.1415 0.54644 0.19378 0.17278 -1.3139 -0.21569 -2.8859 0.61575 0.066721 -0.69899 -0.26994 -0.60424 0.98018 0.28059 -0.79508 0.65572 0.23126 0.1747 0.8518 0.57453 -0.70221 0.4843 1.8288 -0.51593 -0.45277 -0.29876 0.57507 -0.39509 -1.3668 -0.59185 -0.013825 1.0281 2.1271 -1.2922 -0.91446 -0.191 0.08061
1.7071 0.63232 -0.99284 -0.14142 0.25867 -0.030742 -1.2411 0.14289 -2.0997 0.39022 -0.37264 1.8561 -0.46665 -0.57037 0.66571 0.087664 -1.0123 0.3025 -0.19042 0.31508 0.91223 1.6837 -0.44997 0.17367 1.3684 -0.46644 0.075875 -1.1453 0.040974 0.044909 -1.5593 -0.53163 -0.1013 -0.10276 1.3776 -0.32536 -0.67989 -0.83085 0.57787
1.3399 0.90076 -0.77386 -0.37845 0.29849 -0.081246 -1.5025 0.36036 -1.4343 -0.39695 0.086715 1.2494 -0.54343 -0.31309 0.19706 0.29256 -0.78375 -0.68082 -0.27234 0.31776 0.83196 2.2659 -0.62603 -0.21265 0.75068 -0.19029 0.54095 -1.9789 -0.31533 0.48242 -1.2569 -0.081499 -0.2544 -1.25 -0.10268 0.71519 -0.02155 -1.7286 1.0415
1.0578 0.74824 -1.0539 -0.37748 0.1718 -0.037413 -1.398 0.33976 -0.50464 -0.75351 -0.0062792 1.1934 -0.46472 -0.28149 -0.77289 0.3013 -0.60234 -1.0405 -0.18816 0.19832 -0.34761 1.4718 -0.343 0.070176 0.49073 0.29851 0.7159 -2.2054 -0.41794 0.89258 -0.87095 0.19665 -0.6515 -1.2317 -1.2132 1.2168 0.10672 -2.046 1.3111
1.2608 0.38032 -1.1332 -0.53618 -0.23077 -0.16829 -0.63511 -0.33132 0.03844 0.49658 -0.077085 0.93643 -0.44989 0.29901 -1.9026 -0.40132 -0.13837 -1.1228 0.10389 -0.29724 -0.75512 0.48124 0.65868 0.51751 -1.1159 0.79579 0.49982 -1.8538 -0.27741 0.81162 -0.40772 0.095474 -0.57702 -0.79376 -1.5284 1.0521 0.35533 -2.2345 1.2428
1.5567 0.2918 -0.90249 -0.33815 -0.78199 -0.11499 -0.92312 0.31274 -0.64942 -0.25304 -0.66559 0.85789 -0.26943 0.51392 -2.2987 -0.32973 0.24398 -1.1749 -0.03126 -0.73593 -0.49817 0.17406 1.3291 0.045681 -1.7045 1.1742 0.017787 -0.84185 0.20465 0.56134 -0.028014 -0.018419 0.068282 0.0035082 -0.35518 0.00071935 0.44175 -1.806 0.95677
1.5186 -0.53731 -1.4597 -0.41974 -0.76113 -0.034085 -1.4249 -0.71181 -1.6496 0.030351 0.42564 1.0828 0.053177 0.25635 -2.4146 0.10293 0.2305 -1.4099 -0.17575 -0.4183 -0.5098 -0.11254 0.62867 0.53216 -2.5278 1.3941 -0.73649 0.34858 0.62991 -0.026314 0.42567 -0.19594 1.0569 0.079687 1.0208 -1.0653 0.53071 -0.43404 0.53097
1.933 -1.2349 -1.3913 -0.37912 -0.6836 0.12685 -2.0274 -0.47327 -1.0196 1.2818 0.57612 -0.15066 0.36819 -0.23711 -2.0507 0.43314 0.21296 -0.95382 -0.067191 0.40151 -0.45468 1.0686 -0.34784 0.96764 -2.3387 1.5555 -1.0477 1.3904 0.25209 -0.5482 0.98563 -0.4524 1.7648 0.074952 1.5305 -1.5151 0.30817 0.53699 0.022889
1.5392 -1.0707 -1.0999 0.071555 -1.0106 -0.28298 -2.2515 0.14734 -0.20004 1.1233 -0.40643 -1.3205 0.64908 -0.77972 -1.395 0.38555 -0.15082 -0.40673 -0.1992 1.3385 -0.62439 2.0633 -0.66271 1.1386 -1.6422 1.4674 -1.0227 2.1634 -0.51403 -0.81566 1.7678 -0.99128 1.934 -0.02839 0.88195 -0.89563 -0.34958 1.5395 -0.42014
1.1873 -1.5569 -0.6939 -0.30734 -1.8013 -0.31428 -0.76472 -0.61995 -0.41647 -0.40137 0.78203 -2.0442 0.86464 -1.0318 -0.28167 0.00041984 -0.506 0.2406 -0.77719 2.0666 -0.29691 2.1264 -1.0879 0.38103 -1.0854 1.1718 -0.9239 2.26 -1.1228 -0.88891 2.2576 -1.3252 1.5099 -0.15224 -0.5424 0.36728 -0.4845 1.8319 -0.72999
1.1203 -1.4198 -0.50206 -0.29278 -1.1442 -0.055965 0.32119 -0.80024 1.359 -0.4952 1.0414 -1.0247 1.1335 -1.3612 0.63372 -0.62227 -0.81838 1.4333 -1.4958 2.7831 -0.63042 1.1124 -0.82048 0.15317 -0.12571 0.89824 -0.88758 1.9325 -1.3 -0.56462 2.4128 -1.2928 0.55514 -0.059592 -1.4018 1.3116 -0.46962 1.4706 -0.82401
0.78879 -1.1941 -0.97991 -0.72293 -0.88971 -0.26263 0.10563 -0.6863 0.91607 -0.7154 0.98478 -0.39754 1.239 -1.7677 1.0434 -1.1273 -0.98972 2.5204 -1.6624 2.8285 -0.71596 0.47261 0.44704 0.51919 0.50549 0.64741 -0.78972 1.1545 -0.95889 -0.15558 1.7471 -0.78368 -0.30602 -0.34226 -1.6141 1.5999 -0.2723 0.59909 -0.7942
0.71997 -0.88282 -1.9222 -1.0326 -0.20207 -1.0603 0.32919 -0.77699 0.42766 -0.34673 0.36746 -1.0194 1.2227 -2.1619 1.4552 -1.4418 -0.8783 3.1498 -1.945 2.1156 -0.51267 0.11406 1.1815 0.15802 0.45603 0.38369 -0.46682 0.47764 -0.14425 0.27457 0.43772 -0.027058 -1.0414 -0.59459 -1.093 0.78045 -0.11943 -0.098273 -0.83119
0.36322 -0.47945 -2.0018 -1.0725 0.90081 -1.7024 1.393 -0.95256 0.1566 0.66831 0.25858 -1.1321 1.3259 -2.1899 1.4051 -1.3519 -0.73007 2.7822 -1.8742 1.7623 -0.96151 -0.57157 1.1015 -0.13966 -0.19262 0.13176 0.14203 0.15758 0.94882 0.80833 -1.0623 0.96499 -1.1152 -0.46408 -0.39847 -0.1432 0.082234 0.35115 -0.90388
-0.70256 -0.32361 -2.0346 -1.0713 1.17 -1.6128 1.8269 -0.90878 0.60086 1.2688 1.1253 -0.88861 1.3672 -2.0761 1.3192 -0.76953 -0.44998 2.1524 -1.4235 1.1444 -1.5668 -0.52907 0.39769 0.26897 0.038724 -0.20153 0.9707 -0.050337 1.7842 0.97986 -2.2264 1.7262 -1.124 -0.093189 -0.051887 -0.85617 0.22241 0.90687 -1.0294
-1.0356 -0.23529 -2.2507 -1.3557 1.4372 -1.8269 1.9316 -1.3666 0.56097 0.37967 1.2433 -0.94814 1.3047 -1.5442 1.3955 0.29307 0.22779 0.94801 -0.2679 0.98852 -1.0135 0.008223 0.53018 0.652 1.4113 -0.53605 1.6772 0.099678 2.071 0.92978 -2.3516 1.7615 -1.3233 0.84381 0.069787 -0.77452 -0.18161 1.3108 -1.1366
-0.81578 -0.03346 -2.3538 -1.2551 1.5934 -1.749 2.0449 -2.0107 0.50696 0.49004 0.32862 -1.068 1.2551 -0.59541 1.366 1.0329 0.3744 -0.27102 0.20297 0.15859 -0.64484 -0.27432 -0.27284 0.22985 1.4416 -0.96301 1.8907 0.25279 1.9251 0.9119 -1.933 1.5002 -1.2283 1.7852 -0.21993 0.037673 -0.83504 0.92448 -1.1813
-1.1585 0.23556 -2.1625 -1.3353 1.3981 -1.9795 1.0174 -2.5128 -0.22515 -0.37041 1.1674 -0.32648 0.89393 0.34276 1.5606 1.5731 0.50178 -0.58796 0.32392 -0.50445 0.10306 -0.55608 -0.13932 -0.45763 1.686 -1.3428 1.3376 0.13495 1.5672 0.87183 -1.0751 1.4111 -1.1047 2.5026 -0.37956 0.31967 -0.9587 0.15721 -1.2066
-0.78076 0.74076 -1.1031 -0.33971 0.91842 -1.2465 2.4381 -1.1701 0.73939 1.6844 1.2364 1.3727 0.67131 0.67172 1.6941 2.1477 1.0258 -0.84631 0.84701 -0.67061 1.0921 -0.67872 0.78678 -0.81599 1.7235 -1.7263 0.38518 -0.31629 0.94236 0.98434 -0.30204 2.0636 -0.5335 2.7513 0.06097 0.59286 -0.67245 -0.59741 -0.94779
-0.51929 0.80459 -0.54351 -0.8269 0.57918 -1.5782 1.6029 -1.5396 -0.16287 0.069146 0.62075 0.083612 0.35292 0.43028 1.4745 2.6328 1.4448 -0.86025 1.8249 -0.90064 2.6243 -0.53802 0.6208 -0.71131 1.5871 -2.1238 -0.48072 -1.0877 0.015915 0.95509 0.11948 2.1964 -0.32666 1.8827 -0.029044 -0.21931 -0.26543 -1.3512 -0.50658
-0.47432 1.181 -0.38354 -0.74237 0.91977 -1.44 0.93458 -0.88364 0.0031391 0.78013 0.34861 1.0336 0.0025002 0.10344 0.83117 2.2477 1.6424 -0.72538 2.9781 -0.75574 3.0477 -0.15798 0.51593 -0.95907 0.32712 -2.1201 -0.73419 -1.4552 -0.74277 0.81547 0.22461 1.7152 -0.043388 0.9033 -0.21486 -0.96623 -0.14717 -1.4635 0.08915
-0.3453 1.4308 0.26966 0.13354 0.66791 -0.84527 1.1722 -0.48908 -0.35028 1.6465 -0.1546 1.0133 -0.49993 -0.32639 0.010893 1.5589 1.8818 -0.41806 3.01 -1.1429 2.5176 -0.86963 -0.46542 -0.89067 -0.25881 -1.9744 -0.59474 -1.3304 -1.3586 0.5119 0.49608 0.33936 0.11086 -0.52171 -0.087163 -1.3459 0.066481 -1.1034 0.70076
-0.73042 1.3438 1.144 0.71127 0.56444 0.405 0.68983 1.2294 -0.13408 0.71231 0.13707 1.3757 -1.0619 -0.39968 -0.22364 1.3212 2.2514 -0.6323 3.1869 -0.63971 2.7779 -0.93467 -0.63101 -0.99522 -0.21688 -1.6587 -0.35192 -0.69276 -1.7375 -0.24661 0.79111 -1.4963 0.24167 -1.6291 0.70163 -1.3255 0.27394 -0.4407 1.1976
-1.0638 0.93622 0.64499 0.83755 0.32109 1.3184 0.85601 0.97684 0.14257 0.80166 0.32139 0.043448 -1.1293 -0.49477 -0.42068 0.59682 2.0535 0.05697 2.3107 -0.72718 1.831 -0.31813 -1.5288 -0.53634 -0.2977 -1.2156 -0.15737 -0.11455 -1.6733 -1.0903 0.808 -2.6014 0.38705 -2.3792 1.6243 -0.67108 0.20987 -0.37699 1.4819
-0.86075 0.62311 0.77272 1.7231 0.45379 0.90032 0.79205 0.94241 -0.9929 0.25055 -0.20149 0.78508 -1.2109 -0.5134 -0.21569 -0.46939 1.1433 0.5754 0.79297 -0.45932 0.47282 0.96243 -1.6344 -0.5659 -0.50992 -0.55095 -0.084941 0.28894 -1.1842 -1.6111 0.53834 -2.9292 0.19715 -2.7324 1.3145 -0.099105 0.38603 -0.17666 1.4269
-0.67237 0.99775 1.2549 1.667 -0.11797 1.1091 0.55911 1.713 -1.3561 -0.60483 -1.0769 0.1568 -1.3381 -0.58954 -0.20393 -0.62554 0.5472 0.54928 -0.20909 -0.4256 -0.59582 1.4082 -1.3321 -0.66268 -0.84377 -0.11643 0.037288 0.55051 -0.63633 -1.9666 -0.40117 -1.908 0.70921 -2.0887 0.52389 0.7907 0.7613 -0.068207 1.2617
-1.0211 1.0571 0.30609 1.8873 1.542 0.69491 -0.10559 1.0144 0.39095 -0.71982 0.038378 1.2226 -1.3753 -0.53044 0.1911 -0.24519 0.20512 0.16761 -0.52736 -0.37907 -0.90937 0.81397 -0.94958 -0.1383 -0.28226 0.11406 0.34727 0.35489 -0.28325 -1.7114 -0.6694 -0.66214 0.91055 -0.97636 -0.72178 1.3105 1.047 0.064088 0.85972
-1.1212 1.2703 -0.31851 1.3009 1.1152 0.26847 0.90902 0.25803 1.5647 -0.30185 -0.71654 0.070587 -1.1225 -0.425 0.37484 -0.68242 -0.89848 -0.52268 -0.26487 0.71208 -1.2219 0.79972 -0.30527 0.7915 -0.53716 0.50502 0.87725 0.10618 -0.30442 -1.8274 -0.71672 -0.50905 0.55639 -0.15265 -1.7728 1.395 0.8319 -0.031172 0.76649
-1.6045 0.66375 0.68117 1.4221 0.58002 0.84877 0.12703 0.62865 1.0346 -0.97888 -0.52777 -0.4688 -1.2033 0.072697 0.13801 -0.95686 -1.1088 -0.19452 -0.29387 0.87115 -0.95933 -0.16059 0.4615 0.81799 -0.52928 0.53635 1.3586 -0.099085 -0.27654 -1.7247 -0.2397 -1.218 -0.40509 0.086771 -2.353 1.2456 0.50308 0.41573 0.73177
-1.2859 1.1254 0.74248 1.5728 0.077524 0.81226 0.44681 0.05609 -0.6879 -0.44339 0.13357 0.36043 -1.0216 0.81525 0.013268 -0.82466 -1.9735 -0.66772 -1.1799 0.10996 -0.83587 -1.6165 0.74128 0.54151 -0.77322 0.9185 1.4465 0.17485 -0.25518 -1.1347 0.54677 -2.0992 -1.5242 -0.48522 -1.8517 0.99357 -0.37224 1.1521 0.53502
-0.94956 1.2646 -0.38701 0.21801 -0.29084 0.63533 2.1814 0.0035711 -0.18409 -0.40955 0.65333 0.15117 -0.65626 1.4986 0.18916 -0.67761 -2.2555 -0.22899 -2.1309 -0.92261 -0.93717 -2.6408 1.0063 1.0137 0.65968 1.0968 0.92899 0.37778 -0.118 -0.45533 0.77635 -1.9425 -1.7133 -1.0011 -0.37175 0.30546 -0.9661 1.3402 0.24995
-0.53004 1.1316 -0.57061 0.55935 1.0789 0.51076 0.89078 0.75022 -0.5037 0.17336 -0.24704 -0.27158 -0.97694 1.6833 0.66484 -1.2862 -2.2914 0.55702 -2.9075 -1.5697 -2.0956 -1.6288 1.3955 -0.023812 1.1371 1.0937 -0.083062 0.19728 0.1609 0.90914 0.84262 -0.88126 -1.0166 -1.1241 0.92322 -0.44104 -0.83865 0.9582 -0.16342
-0.2639 0.97744 -0.83506 -1.0201 0.67215 -1.2334 -0.56044 -0.5893 -0.75989 0.28674 0.33201 -0.29416 -0.15664 1.4464 0.49695 -0.93722 -1.728 0.70267 -2.7244 -1.8621 -2.1191 -0.8874 0.72629 -0.80033 1.1533 0.85307 -0.99175 -0.20033 0.52659 1.4806 -0.084104 0.71152 0.66986 -0.52209 1.7179 -0.91707 -0.32432 -0.24722 -0.29803
0.23882 1.3632 -0.23652 -1.0821 0.28983 -1.5631 -0.57661 -0.82587 -2.1036 0.70696 0.73041 1.5176 -0.046035 0.6669 0.21575 -0.39158 -0.62927 0.50507 -2.3709 -1.5403 -2.2556 -0.65751 -0.025338 -0.19845 0.86823 0.77101 -1.4343 -0.76724 0.63388 1.7958 -0.71379 2.0903 2.0927 0.84781 1.4323 -0.99011 0.39796 -0.84006 -0.48976
-0.036706 1.6514 -1.1198 -0.81366 1.0385 -1.4754 -1.3346 -2.3154 -0.78805 0.88054 -0.88727 1.2243 -0.23625 0.052626 0.046813 -0.14716 -0.47928 -0.36911 -1.1754 0.46003 -1.7861 0.28567 -0.14547 0.47908 0.31726 0.7694 -1.1863 -1.0061 0.2865 1.4582 -0.63191 2.2647 2.5324 1.532 1.2238 -0.41391 0.53925 -1.3245 -0.42574
0.26814 1.5774 -0.77435 -0.52049 0.62573 -1.3346 -0.34818 -1.6441 -1.3588 0.00099027 -0.70233 1.3974 -0.22075 -0.44079 -0.50822 -0.50558 0.24268 -0.29945 -0.11095 1.6342 -0.72936 0.63016 -0.17743 0.15401 -0.084886 0.3343 -0.41604 -1.3289 0.1356 0.76761 -0.56452 1.7054 2.0722 1.8384 0.66655 0.21858 0.0808 -0.97203 -0.23251
-0.43438 1.0886 -0.94168 -0.33293 0.72091 -1.7481 0.26485 -1.8397 -0.79237 -0.55579 0.96431 0.30594 0.12337 -0.33506 -0.97378 -0.34529 0.40419 -0.12797 0.01359 1.8326 -0.11993 0.90075 -0.049837 0.12255 -0.96063 0.37457 0.1407 -0.87009 0.52728 0.46655 -0.25955 0.90524 0.038156 1.5666 0.035787 0.81073 -0.26322 -0.34602 -0.36421
-0.32439 1.0669 -0.60909 -0.99772 0.2635 -1.0531 1.165 -1.3213 -0.19861 0.66014 0.69128 0.030364 0.14922 0.034142 -1.6937 -0.035897 0.28945 -0.71716 -0.04964 2.0954 0.22418 0.36154 0.34433 0.16525 -0.39183 0.58647 0.35036 0.18164 1.485 0.11951 -0.18277 0.75644 -1.6055 1.4491 -0.17346 0.84556 -0.4915 0.40335 -0.64705
-0.47442 0.57246 -1.6631 -0.75133 0.24433 -1.6542 0.93572 -1.7116 -0.86872 0.42078 0.0084522 0.85404 0.13753 0.078953 -0.94567 0.59703 0.33129 -0.66801 0.34755 0.30925 0.5616 0.49541 1.1998 -0.026725 -0.19999 0.046728 0.02253 1.1713 1.7993 0.38603 0.27175 0.84386 -2.5616 1.2332 0.058648 0.16016 -0.45093 0.85276 -1.1313
0.18536 0.73202 -0.62076 -0.16681 0.68355 -1.5153 0.98273 -1.5436 -0.78352 0.68017 -0.12323 0.3038 0.19142 0.026627 -0.19434 1.7687 0.50619 -0.38768 1.0223 -0.95241 1.5432 0.49321 0.87382 -0.72648 0.3344 -0.55929 -0.23082 1.8378 1.562 0.43887 0.48276 1.1249 -2.5134 1.2358 0.52471 -0.46128 0.094574 -0.17626 -1.2777
0.10287 -0.26322 -1.0445 -0.33427 -0.11046 -1.4624 1.6444 -2.0192 -0.47609 0.79915 -0.66593 1.002 0.44018 -0.29896 0.40464 2.0775 0.98895 0.23418 0.92669 -1.9857 1.4458 0.95569 -0.014364 -0.30586 0.35765 -0.89923 -0.34596 1.2105 0.47037 0.23034 0.22362 0.76209 -1.1615 0.80383 0.30752 -0.75963 0.91162 -0.65045 -0.86133
-0.1144 1.1136 0.52116 -0.13989 -0.14483 -0.82805 -0.60067 -0.44289 -0.46059 1.5471 0.58176 0.46057 -0.37131 -0.24075 0.97169 2.1113 0.74615 -0.23045 1.5883 -1.9989 2.012 1.1766 0.0041637 0.5177 -1.0083 -1.0257 -0.18146 0.60692 -0.80638 -0.053173 -0.20586 0.12817 0.17184 0.072739 0.10945 -0.17875 1.5789 -0.87523 -0.30659
-0.70826 1.0383 1.7021 -0.048737 0.4085 -0.36738 -0.64835 0.43459 0.16146 0.5125 -0.1354 0.66636 -0.54521 -0.47671 0.67075 1.2998 0.63218 -0.31346 1.3745 -1.5897 1.7809 0.76812 0.088495 1.1924 -0.79669 -1.1268 0.22875 -0.25794 -1.5285 -0.26741 -0.56602 -0.54574 1.3925 -0.53699 -0.56724 0.084682 1.0748 -0.36973 0.30428
-0.55133 1.2713 0.99772 0.45417 0.79626 -0.69442 -1.1204 -0.53522 0.76011 0.26938 -0.049912 0.84667 -0.67777 -0.25168 0.77413 0.67677 0.60964 -0.51707 1.0291 -0.79177 1.5156 0.80854 0.44228 1.6955 -0.79751 -0.94821 0.30666 -0.74574 -1.7579 -0.10128 -0.45539 -0.98111 1.3246 -1.1306 -1.0929 0.080427 0.19645 0.64027 0.56716
-0.098897 1.311 0.64191 0.19895 -0.43642 -0.089596 -0.79294 0.39139 0.045605 0.78764 0.73803 -1.4085 -0.63081 0.14274 0.031735 -0.017838 0.60761 -0.72709 0.2897 0.31511 0.73835 0.019008 -0.084717 1.2716 -0.46497 -0.44515 0.17689 -0.8446 -1.4809 -0.28606 -0.18825 -0.49269 1.0355 -0.55527 -1.0049 -0.088725 -0.38808 1.2116 0.60837
-0.31275 0.6897 0.74701 0.51858 0.01185 -0.33145 -0.31607 0.061234 -0.12699 1.2846 1.3825 0.19649 -0.83367 0.038346 -0.067824 -0.46564 0.59937 -0.91278 0.47294 -0.18839 0.51099 -0.61221 0.23093 0.89399 0.090319 -0.44531 -0.026931 -0.84668 -0.99733 -0.55311 0.42615 0.20241 0.29731 -0.36559 -0.59406 -0.51313 -0.91781 1.98 0.51535
-0.37217 1.1504 0.54348 0.33947 -0.8586 -0.28068 -0.037932 0.3673 0.82504 1.7807 1.6917 0.28237 -0.77274 -0.28706 -0.44713 -0.85383 0.15511 -0.48452 0.82631 0.2686 1.2947 -0.5104 -0.0052263 0.84415 1.145 -0.38983 -0.2116 -0.47169 -0.25337 -0.93418 1.0663 0.93369 -0.60576 -0.32835 0.31899 -0.93203 -0.64625 1.3863 0.51253
-0.1664 1.2898 1.3511 0.7712 -0.32497 -0.55404 -0.65784 0.72569 -0.56169 0.17785 1.2673 0.016969 -0.89603 -0.10131 -0.52908 -0.7382 -0.11332 0.18922 1.1179 -0.14819 0.58979 -0.10068 -0.64881 0.10453 2.2907 -0.13907 -0.063146 -0.78389 -0.015786 -1.3195 1.42 0.56782 -0.10093 -0.86032 0.61744 -1.4822 -0.28349 0.088299 0.9447
-0.79576 0.98036 0.56351 0.86849 -0.30882 0.34114 -1.5725 0.51921 -0.32228 0.70623 0.33547 0.8599 -1.081 -0.21364 -0.59815 -0.34237 -0.65166 0.79613 1.5692 -0.96811 0.1182 0.40043 -1.5371 0.40283 1.163 0.23394 0.16679 -0.67464 -0.015862 -1.4383 0.79501 -0.062575 0.42757 -1.5325 0.55415 -1.1463 0.067045 -1.1309 1.2353
-0.59851 0.59744 -0.87591 0.23936 -0.0459 0.38182 0.040357 1.4724 0.23074 0.67071 1.8295 1.7261 -0.99488 -0.13382 -1.4207 -0.74398 -1.2867 1.2099 1.0806 0.21972 -0.43742 0.16154 -1.9998 0.57407 0.26274 0.77932 0.18132 -0.4473 0.19727 -1.1162 0.14677 -0.39585 1.1693 -1.1692 0.33135 -0.29064 0.03812 -2.136 1.0161
0.078663 0.60637 0.22757 0.005099 -0.2924 0.97136 -0.80472 0.45765 0.016955 0.20984 1.0661 2.0228 -0.64922 0.044088 -1.231 -0.87369 -1.7554 0.55102 0.75092 0.97663 -0.93624 0.46212 -1.652 0.76741 -0.051831 1.1611 0.11265 0.0020875 0.26707 -0.31434 -0.41319 -0.51402 1.1097 -1.3012 0.24358 0.90914 -1.1198 -1.6745 0.35679
-0.81017 0.35198 1.0145 -0.32658 0.87341 0.96909 -1.9223 -0.030933 0.8885 -1.0042 2.3503 0.83483 -0.50271 0.11318 -1.0288 -0.10217 -1.4954 0.59529 0.86568 1.3183 -0.97465 0.53017 -1.1961 0.022614 -1.2846 1.0503 0.0089808 0.6424 0.52212 0.84864 -1.1136 -0.19189 0.58934 -0.76659 0.59183 1.8772 -2.5336 -0.45547 -0.59759
-0.44266 -0.32157 -0.62152 -1.1151 0.38036 0.17948 0.98099 0.11869 0.050597 -1.3891 1.788 -0.098575 0.091884 -0.12829 -0.7928 -0.16419 -1.079 0.29648 0.81414 0.79722 -1.942 0.70371 -0.13525 -1.5288 -1.3407 0.67684 0.26407 0.82153 0.63915 1.9021 -1.494 -0.077665 0.054768 -0.10812 0.35589 2.3721 -3.1449 0.72415 -1.277
-0.24367 0.31543 -0.25394 -1.0988 -0.18014 0.52969 0.2021 -0.16899 -0.17616 -1.275 1.5528 0.8703 0.052007 -0.041824 -0.47376 -0.12921 -0.12277 -0.83367 0.73486 1.5388 -1.3028 1.2191 0.98876 -3.3027 0.021707 0.044511 0.15296 0.98782 0.73173 2.2705 -1.3022 -0.14723 -0.42245 0.41024 0.32884 2.1063 -1.8132 1.5752 -1.4447
-0.6561 -0.12929 0.23445 -0.7439 0.54322 1.8571 0.29885 -0.0048169 0.9152 0.065811 0.29837 -0.43255 -0.31277 0.627 -0.016591 0.32518 0.90273 -1.6462 0.69662 0.98085 -0.95718 0.82802 1.996 -3.8132 0.72404 -0.42017 -0.19673 0.60233 0.69888 2.0535 0.025239 -0.77065 -0.31371 1.4125 -0.032128 0.64441 0.33839 0.81691 -0.929
-0.4965 -0.1366 -0.78111 -1.0762 0.22136 1.208 0.15463 -1.6291 1.2806 0.56778 -0.30758 0.66804 -0.30061 0.023346 0.37749 1.0093 1.5024 -0.97163 0.6863 0.34568 -0.72061 1.1247 1.9451 -2.4245 0.78182 -0.75855 -0.78768 0.2345 0.44639 0.9736 1.4092 -1.6145 -0.76929 1.4039 -0.57607 -1.0826 2.6517 -0.45078 0.040132
-0.11455 0.13193 0.88695 0.15916 -1.3815 1.3995 1.0425 -0.75198 1.7007 0.69894 -2.9347 2.311 -0.57798 -0.55796 -0.12525 0.56211 1.7177 0.4123 -0.46102 0.73976 0.31438 0.69161 0.65888 -1.2691 -0.10967 -0.43863 -1.3331 -0.45002 -0.067663 -0.45114 2.248 -1.6896 -0.74922 1.5971 -0.29916 -1.9685 3.6006 -1.7869 0.94363
0.11206 0.18158 0.85539 0.57878 -0.95205 1.0167 -0.031198 -0.66396 0.82324 1.0828 -1.1157 0.77857 -0.62618 -1.0038 0.0046472 0.58216 1.1904 0.87918 -1.4224 0.055182 0.59346 0.14908 -0.53723 0.73448 -0.43771 0.1161 -1.1349 -0.80044 -0.55428 -1.5325 2.0628 -1.1244 -0.94869 1.0781 0.019414 -1.6037 3.2497 -2.0455 1.3615
-0.80724 0.28019 0.48202 0.38819 -0.17015 1.0783 1.5662 -0.5807 1.1838 0.81658 0.036249 0.64733 -0.60763 -1.4822 -0.65126 0.42044 0.28781 1.8039 -1.1129 -0.43622 1.2649 0.72689 -0.73573 1.8076 -2.164 0.67727 -0.78294 -0.59528 -0.2656 -1.6303 0.92102 0.078745 -0.84105 0.30197 0.48517 -0.71374 1.6594 -0.66316 0.79911
-1.2591 -0.25284 0.18768 0.93415 1.3588 0.3953 0.86523 0.45993 1.069 -0.60349 -0.42673 -0.085933 -0.36061 -1.7491 -0.81803 0.064279 -0.44471 2.3474 -0.88937 -1.0447 0.75065 1.15 -0.5981 2.5381 -2.1962 0.89917 -0.038428 -0.18042 -0.003922 -0.85363 -0.18912 0.79432 -0.28664 -0.057906 0.38203 0.21202 -0.31335 0.69181 -0.055363
-1.5714 -0.086628 0.91646 0.15867 0.85594 0.29011 -0.23849 -0.39036 1.5113 -0.30835 0.75275 -0.23669 -0.074914 -1.7305 -0.79924 0.33769 -0.29773 1.4695 -0.58098 -0.46416 0.78769 1.1579 -0.76473 1.1606 -0.52342 0.46907 0.56808 0.26103 -0.065251 -0.32698 -1.3309 1.1068 0.74064 -0.2309 -0.35029 0.87445 -1.2805 2.1777 -0.68908
-1.5182 -0.86065 0.28612 -0.62178 1.0239 0.42138 -0.13761 0.016449 2.661 0.27743 0.39897 -1.6898 0.37966 -0.96673 -0.25205 0.62281 0.0084284 0.6758 -0.3236 -0.52842 0.7373 0.69578 -0.11841 0.45789 0.10757 0.12693 1.0043 0.25029 -0.25875 0.040441 -1.5191 0.93319 1.6332 -0.13362 -1.3608 0.52521 -1.6488 1.9468 -0.67663
-1.6667 -0.32721 1.2624 0.19114 0.9578 0.67409 -0.31906 0.075428 2.4739 0.36985 0.59276 -0.15805 0.040345 -0.77259 -0.4619 0.027334 -0.49253 0.045545 0.50103 0.8506 0.86595 0.26364 0.75851 0.32021 0.9652 -0.062623 1.0982 0.14252 -0.30444 -0.21827 -1.2418 0.38279 1.4105 -0.64038 -2.1731 -0.30347 -0.81967 0.54127 -0.097059
-2.0914 -0.45763 0.99854 0.6683 0.89718 0.37313 0.65803 0.45694 1.5544 -0.49664 0.40908 0.81587 -0.54067 -0.2729 -0.53389 -0.25126 -0.25853 0.098788 0.17078 1.7044 0.4807 -1.0976 -0.32671 -0.30325 0.88752 0.05929 1.0078 -0.13963 -0.37615 -0.77707 -0.76379 -0.1927 0.73229 -1.0828 -2.0377 -1.237 -0.51897 -0.86119 0.54262
-1.8136 0.10873 1.1016 0.58653 1.2289 0.46195 0.70397 0.58668 1.8187 0.2647 0.37458 0.25878 -0.32036 0.061579 -0.40154 0.21974 -0.52791 -0.66256 -0.16401 1.3614 -0.22544 -2.2514 -1.2911 -0.068003 0.15684 0.34168 1.545 -0.50106 -0.58217 -0.62666 -0.70041 -0.39729 -0.46969 -1.2675 -0.78751 -0.93845 -0.59809 -1.4312 0.96748
-2.1768 -1.2349 -0.10755 -0.71855 1.1942 1.079 1.6339 1.2117 1.7245 0.82107 0.40386 0.71778 0.0059678 0.57832 -0.5387 -0.16065 -1.3148 -0.45988 -0.30664 0.74371 -0.6534 -2.0841 -1.598 -0.35788 -1.1698 0.80602 1.9477 -1.0751 -1.2934 -0.38176 -1.1908 -0.082336 -1.0613 -1.0273 0.7238 0.20707 -1.0464 -0.81814 0.9044
-1.5228 -0.81287 0.73216 -0.39325 0.78533 0.18983 1.5668 -0.49443 0.36405 -1.3186 0.22507 -0.16817 0.38967 1.816 -1.3734 -1.0852 -1.0423 -1.0414 0.075885 0.35159 -0.83531 -0.80076 -0.51096 -0.82004 -0.80616 1.1376 2.2737 -0.62282 -1.7956 0.56946 -1.0956 0.27432 -0.71711 -0.23771 1.518 1.195 -1.4463 0.50221 0.18446
-1.469 -0.90055 1.4649 -0.77579 -0.13559 0.25452 0.93825 -0.25091 -0.082571 -1.702 0.49355 -1.3121 0.52083 2.6528 -2.006 -1.9779 -0.65092 -2.0331 -0.076831 -0.0039321 -1.0511 -0.38281 -0.32238 -1.9882 -0.22805 1.1321 1.6521 -0.16178 -1.5033 0.99655 -0.86742 0.46751 -0.24115 0.47466 1.2757 1.5971 -1.4506 1.5654 -0.50234
-1.2028 -0.56269 0.7584 -1.048 0.96715 0.36714 0.6603 -0.25089 0.26165 -1.5959 -0.11418 -0.93547 0.41039 3.4657 -0.8033 -2.177 0.1541 -2.012 0.2006 0.23985 -0.44446 -0.086659 0.44871 -2.1109 0.67955 0.47618 0.20607 0.31991 -0.61264 0.66477 0.27236 0.40377 0.29259 0.67568 0.75814 0.98212 -0.7829 1.4369 -0.69158
0.29899 -2.2692 -1.4914 -0.22411 -0.31174 0.83068 1.6081 0.01997 1.7459 0.52298 -0.8694 0.68393 0.65634 2.9773 -1.1205 -2.381 -0.15213 -1.6662 0.43939 0.29689 0.01339 0.093785 1.1069 -2.579 1.167 0.31507 -1.3588 0.43021 0.60607 0.20268 1.3274 0.51074 0.60042 0.65215 0.6013 0.10777 0.49474 0.6232 -0.3768
0.85394 -2.4254 -1.9928 -0.76877 -1.3591 0.44988 1.0191 -0.56758 1.1516 -0.11817 -2.4469 0.098803 1.086 2.0456 -1.2367 -2.0071 -0.11105 -0.6968 0.51766 0.81165 -0.14412 0.4692 0.72462 -2.0605 1.3239 0.41608 -2.789 0.39881 1.5831 -0.26387 2.1406 0.37228 0.26988 0.15046 0.2237 -1.4738 1.2501 -0.44462 0.11492
1.4255 -0.95676 -1.7182 -0.33828 -0.81242 1.0275 2.2469 0.3841 0.44288 0.19064 -1.3761 1.2673 0.27245 0.68979 -1.0092 -0.93848 -0.14585 -0.1079 0.64662 0.96267 -0.020122 0.53641 -0.26529 -1.003 0.68073 0.54508 -3.0168 0.75452 1.8512 0.031641 2.553 0.4994 0.079376 -0.078605 0.065112 -2.2472 1.77 -0.93015 0.24347
0.82616 -1.9054 -1.0558 -1.0567 -0.88861 0.33306 1.1571 -0.78209 -0.10101 -0.808 -2.6516 0.14384 0.84287 -0.86476 -0.13599 0.028161 -0.29243 1.3752 0.74325 0.47008 -0.14805 0.1402 -1.845 -0.38319 0.05851 0.5454 -2.3415 0.5574 1.3395 0.15993 2.1946 0.47685 -0.27397 -0.20657 -0.036655 -2.0384 1.1626 -1.0112 0.3351
0.21802 -2.3761 -1.3177 -0.93116 0.034202 1.0197 1.9804 -0.26884 1.4598 -0.63757 -1.5661 0.4669 1.0382 -1.4878 -0.30088 0.022216 0.011946 2.2672 1.1893 0.63348 -0.11661 0.39188 -2.1407 0.13431 -0.017123 0.64413 -0.89253 0.47247 0.46283 0.43115 1.3478 0.47694 -0.231 -0.03333 -0.34971 -0.98669 0.4821 -0.28125 0.035549
0.021508 -2.241 -1.5663 -0.74723 0.35774 1.2892 2.2469 -0.016474 1.8587 -1.1488 -1.5018 0.5895 1.1252 -1.4634 -0.57947 -0.01039 0.10778 2.387 1.0706 0.4051 -0.4578 0.4732 -2.4508 -0.28786 -0.30295 0.90962 0.54616 0.30231 0.15083 0.35537 -0.17569 -0.044841 -0.37404 -0.058235 -1.0035 0.17065 -0.055945 0.27199 -0.2685
-0.16697 -2.1251 -1.8419 -0.59108 0.58894 1.4335 1.7985 -0.38748 1.202 -2.3186 -2.1844 0.76349 1.2638 -0.77073 0.069479 -0.05906 0.42608 2.0086 1.3074 0.51363 0.08414 -0.31932 -1.9643 -0.065452 0.31783 0.41787 0.98854 0.37279 0.38666 -0.21796 -1.0501 -0.60853 -0.56226 0.19148 -1.509 0.89091 0.15794 0.37393 -0.52142
-0.27535 -1.9995 -1.6849 -0.66467 1.1521 1.7155 2.1935 -0.51004 0.7176 -2.7446 -2.061 0.27343 1.381 -0.16537 0.22626 0.35351 0.14002 1.16 0.62036 -0.24984 -0.34379 -1.4902 -1.6118 -0.3704 0.43291 0.21793 0.77554 0.44542 0.4913 -0.80105 -1.5613 -1.0122 -0.70911 0.53566 -1.0923 1.3487 0.73305 0.069628 -0.53881
-0.13055 -1.8796 -1.135 -0.48884 1.709 1.638 2.41 -0.56761 0.85666 -3.0085 -2.1318 0.49266 1.322 -0.21246 -0.028109 0.55993 -0.36728 0.8334 0.39095 -0.21145 0.17973 -1.6151 -0.79302 0.51476 0.35684 0.13718 0.43992 0.65768 0.832 -0.99286 -1.6283 -1.1826 -0.72792 1.1186 -0.009585 1.442 0.87293 -0.32544 -0.54623
-0.10959 -2.2005 -1.2479 -0.53905 1.1464 1.8179 1.8935 -0.26214 0.1103 -2.7458 -2.2356 0.89512 1.2491 -0.23541 0.27708 0.59278 -0.87836 -0.068232 -0.18191 -0.71103 0.46623 -1.041 -0.3503 0.90736 -0.17764 0.16884 0.29383 1.691 1.127 -0.46796 -1.6293 -0.89934 -0.98227 1.5084 0.40124 1.9418 1.0475 -0.91282 -1.1097
0.032633 -2.1226 -1.0372 -0.81746 1.0927 1.5673 1.5282 -0.65167 0.034879 -2.6685 -1.8187 1.2487 1.2905 0.11411 1.2379 1.3624 -0.78297 -0.55061 -0.29218 -0.77367 1.6985 -0.55848 0.27829 1.0598 -0.0072356 -0.4508 0.41493 2.8197 1.3989 0.46017 -1.6063 -1.1382 -1.5543 1.0979 0.48224 2.3379 0.6669 -1.1224 -1.7858
-0.50576 -2.2124 -1.1007 -1.3333 1.4199 1.7764 2.1181 0.40368 -0.09417 -2.557 -0.73772 0.80058 1.3738 0.23505 2.6667 2.0374 -0.45244 -1.3231 -0.5566 -2.0171 1.6166 -1.2182 1.7291 1.4691 -1.1679 -1.2995 0.16388 2.9848 1.4587 1.4221 -1.0797 -1.0631 -1.557 0.91743 0.33944 2.5692 0.46297 -0.80307 -2.2194
-0.44486 -1.4601 -1.0495 -1.7198 0.46204 1.1341 0.75943 -0.13119 0.13029 -3.2885 -1.4788 -0.17655 1.5532 0.3532 3.9037 2.4242 0.24256 -1.6696 -1.3468 -2.7997 1.5867 -0.56553 2.839 1.5874 -1.342 -2.0419 -0.30597 1.4611 0.62866 2.0978 -0.60819 -0.50746 -0.69334 -0.040632 0.68912 2.3564 0.012643 -0.39393 -1.8599
0.27023 -0.32554 0.987 -1.0787 0.90924 1.611 1.7136 2.0113 0.26282 -2.0597 -1.0152 0.7583 0.44771 -0.045764 4.3712 2.7589 1.1139 -1.6137 -1.4519 -2.9449 2.18 -0.35975 3.5055 1.5906 -1.0777 -2.6556 -0.68374 -0.74255 -0.54574 2.2348 0.25736 0.28658 1.0034 -0.42972 1.3242 1.3882 -0.29494 0.56627 -0.95535
0.18047 0.84104 1.5285 -0.68812 -0.23361 1.0539 -1.1443 0.63149 -1.4867 0.28521 -0.30416 -1.2756 -0.3546 -0.35652 3.0409 2.1676 2.1206 -1.592 -0.69593 -1.7555 1.3531 0.38366 4.099 1.0486 -0.81702 -2.8068 -0.89016 -2.6691 -1.7327 1.6441 0.86903 0.95561 1.9513 -1.2045 0.92858 -0.45016 -0.85195 0.7285 0.39889
0.13468 1.3272 1.281 -0.22514 -0.70572 0.11722 -1.6468 1.1814 -0.014367 0.94598 -0.17466 -0.093821 -0.6808 -0.761 1.7449 1.1656 2.5349 -0.86305 -0.38166 -0.4462 0.97052 0.93823 3.8646 1.1751 -0.31111 -2.477 -0.52862 -3.3088 -2.4147 0.53299 1.2383 1.0759 2.66 -1.6664 0.34452 -2.2691 -1.2528 0.83778 1.5186
-0.66457 1.6166 2.1308 0.2709 -0.068768 0.43835 -1.0673 2.4682 -0.12423 1.0022 0.39872 0.058639 -1.0412 -1.0444 0.35911 0.031576 2.4253 -0.35489 -0.24259 0.020758 0.036274 0.63183 1.7345 0.12167 -0.28776 -1.4842 -0.024678 -2.5775 -2.2445 -0.66225 1.4278 0.83217 2.074 -1.4827 -0.76219 -3.1051 -1.0453 0.77291 1.9442
-0.89254 -0.035737 1.0951 1.1741 -0.46104 1.6547 1.0356 1.3658 0.87825 1.9981 -0.31029 -0.69881 -1.1046 -0.74894 -0.30915 -0.6203 1.9117 0.17698 0.16553 1.715 -0.14675 0.20398 0.11152 -0.41828 0.30962 -0.84509 0.54776 -1.4237 -1.5005 -1.3969 1.0752 0.64002 0.81379 -1.4202 -1.3675 -2.7995 -0.80657 0.93079 1.6946
-0.63892 0.83333 1.0559 1.3793 -0.19944 0.71653 0.31887 1.4233 0.98719 1.7028 0.015469 -0.25578 -1.2288 -0.42267 -0.62319 -1.0727 1.2921 0.66617 0.45966 1.4897 -0.7433 -0.75664 -0.27892 -0.2136 0.39733 -0.45743 0.71708 0.068882 -0.48024 -1.6049 1.1346 0.3872 -0.40678 -0.90327 -1.423 -1.7914 -0.075407 1.1039 1.0208
-0.56315 0.70467 1.4383 1.7853 0.15837 0.94658 -0.11217 1.4929 -0.52119 0.20005 -0.97671 -0.27868 -1.253 -0.010821 -0.35616 -1.0432 0.67671 0.71805 0.36928 0.51681 -1.1824 -1.0757 -0.76975 -0.24031 1.1808 -0.23175 0.33518 0.41429 0.29441 -1.3342 0.67819 0.33182 -1.3832 -0.47321 -0.92376 -0.82233 0.48018 0.83703 0.58143
-0.59372 1.0394 0.53183 1.3168 -0.49837 0.66755 0.71852 0.51679 -1.1365 0.76714 -0.45638 -0.40102 -1.292 -0.020789 0.50543 -0.63623 0.25426 1.5818 0.32721 -0.2283 -1.0597 -1.5464 -1.4422 -0.093192 1.4508 -0.13038 0.0033613 0.14917 0.57699 -1.4632 0.27877 0.1267 -1.0327 0.26989 0.76048 -0.033471 0.68605 0.50232 0.54887
-0.71077 0.49469 0.063345 1.3897 0.48286 0.91817 0.45392 1.1212 -0.24149 1.1174 0.18993 0.89607 -1.2126 -0.30518 -0.12232 -0.28902 0.11545 1.0376 0.80915 -0.31068 -0.82956 -1.229 -0.97887 0.50291 1.4334 -0.064116 -0.045518 -0.88946 -0.040217 -2.1289 -0.31274 -0.40794 -0.62191 0.44718 2.157 0.31828 0.87996 0.070099 1.0254
-0.80453 0.64275 0.88407 1.473 0.59943 1.5225 0.19859 0.83188 -0.61992 0.30729 -0.2556 1.4482 -1.3281 -0.28068 -0.47124 -0.37908 -0.96798 1.047 0.46794 -0.2501 -0.42546 0.83292 -0.26283 0.80645 1.2648 0.35019 0.23414 -1.2923 -0.5242 -2.5866 -1.5159 -1.1648 -0.39448 -0.098697 2.2058 0.50231 0.81952 -0.48727 1.3365
-0.75322 0.96165 0.38552 1.7511 1.5808 1.6381 0.48524 0.001037 -0.9518 -0.35398 -0.71837 0.72266 -1.2663 0.018195 -1.4883 -1.2394 -2.4171 0.37412 -0.38305 -0.7691 -0.6867 2.0177 -0.7418 1.088 1.4196 1.1959 0.24481 -0.69656 -0.17691 -2.104 -1.4565 -1.7628 0.11867 -0.34346 1.6564 0.72729 0.049323 -0.72111 1.1782
-0.93504 0.60959 1.0634 1.5891 0.23337 1.233 -0.50863 0.84022 -1.1275 0.20154 0.70364 1.3742 -1.3141 0.26431 -1.1647 -1.1213 -2.9848 -1.0408 -1.0471 -0.82157 -1.2992 1.2101 -0.57368 1.2719 0.50986 1.4146 -0.062578 0.027419 0.84948 -0.54743 -1.0196 -1.192 0.51817 -0.22196 0.57755 0.68484 -0.56988 -0.81651 0.42378
-0.77382 0.10342 0.21657 -0.37408 1.0678 1.0602 0.21109 0.89841 1.2389 0.51601 0.054044 1.1694 -0.6501 -0.10999 -1.0451 -0.23767 -2.5376 -0.7573 -1.4218 0.2228 -1.0006 1.8725 0.61523 0.39286 0.40424 1.3207 -0.35183 1.0008 1.7748 1.3726 0.32077 0.20767 1.0439 -0.045009 -0.013702 0.42572 -1.0658 -0.8568 -0.61973
-0.46365 -1.0166 -2.138 -2.2075 -0.15968 0.073509 -0.38043 -0.55545 1.7349 -0.33314 1.3482 2.3274 0.27939 -0.35093 -0.64543 0.69332 -1.847 -0.37516 -1.0294 0.3349 -0.6581 2.0556 0.41212 0.042677 0.17863 0.97537 -0.49333 1.3439 1.9951 2.8008 0.90688 1.1168 0.67267 0.5225 -0.53759 -0.25827 -1.1537 -0.69061 -1.3464
-0.47744 0.066769 -0.13362 -1.2082 -0.6657 0.44592 -0.66758 -0.56304 -0.32475 0.063598 1.2449 1.2115 -0.1816 -0.37504 0.06999 1.1332 -0.56748 0.66365 -0.025863 0.83003 -1.0789 1.5722 -0.40139 -0.39706 -0.087726 0.40256 -0.23004 1.4839 1.5854 3.0737 0.51484 1.4771 -0.19103 1.1822 -1.1496 -0.59603 -0.78238 -0.9535 -1.6481
-1.3141 0.14886 1.8246 -0.18322 0.88987 0.48886 1.3623 -0.10434 1.4324 1.4611 -1.06 1.642 -0.42767 -0.58116 0.71975 1.8794 0.94624 0.012456 0.16874 0.27799 -0.31191 0.2983 -0.6051 -0.60788 -0.591 -0.32348 0.06223 0.67187 0.33948 2.1631 -0.094317 0.76976 -0.95188 1.3846 -0.80605 -0.056857 -0.36605 -0.77973 -1.1678
-1.1685 0.2756 1.4135 -0.3478 1.0396 0.73567 0.18736 -0.049077 1.6211 -0.20657 0.11749 0.91238 -0.42256 -0.4572 0.969 2.0999 1.4592 0.04919 0.50619 -0.1469 0.95989 0.47516 -0.093928 -0.8167 -1.0736 -0.71871 0.32283 -0.32052 -1.0765 0.67077 -0.67258 -0.0043391 -1.5429 1.135 -1.1966 0.06891 0.44122 -0.67921 -0.45971
-0.99771 0.22342 1.2569 -0.18568 1.0066 1.2719 0.54839 -0.59561 1.5956 -0.75129 0.68954 1.6189 -0.57448 -0.19976 0.12474 0.84264 0.94053 -0.25391 0.027532 -1.1616 0.81983 1.0096 0.12296 -0.45263 -0.85013 -0.37009 0.37819 -0.83159 -2.0106 -0.35547 -0.20909 -0.23239 -0.83264 0.45667 -1.1995 0.25389 0.19547 -0.53681 0.088603
-1.1394 0.34374 1.2661 -0.16215 -0.29325 0.42901 -0.1476 0.20405 1.2379 -0.37053 -0.30429 0.57085 -0.53025 0.054761 -0.21804 -0.32736 0.62646 -0.51526 0.049856 -1.6678 0.4041 -1.1526 -0.64838 0.42905 -1.2826 -0.32634 0.20062 -0.74942 -1.7029 -0.48023 0.44101 -0.23096 0.13208 0.22175 -1.3738 0.12332 -0.37279 -0.47637 0.25246
-0.87366 0.30158 1.3944 -0.064876 -0.39882 0.61401 -0.73893 0.8144 1.5159 0.48948 0.22966 0.61787 -0.61425 -0.10822 -0.20191 -0.60874 0.75902 -0.11482 0.013783 -0.69784 0.79587 -1.2626 0.16051 -0.81679 -1.5316 -0.37831 0.13158 -0.10771 -0.77164 -0.016312 1.1429 0.31708 1.1177 0.26159 -1.0506 0.020942 -0.63735 -0.39912 0.034427
-1.0986 0.14527 1.9244 0.48659 0.16477 0.50885 -1.4172 0.20788 1.5988 1.0077 -0.35398 0.31465 -0.62714 -0.12182 -0.23338 -0.30882 0.72819 0.83616 0.13238 -0.10308 1.3796 -1.1092 0.11358 -1.3532 -1.6594 -0.30622 0.17943 0.31023 -0.027592 0.17108 0.96551 0.44815 1.3022 0.087172 0.29799 0.062742 -0.56319 0.3136 0.034067
-1.2967 -0.12513 0.78323 0.44808 1.0194 0.9383 -0.38825 -0.019002 -0.61655 -1.1064 0.19522 -0.19193 -0.81241 0.13445 -0.066001 -0.58333 0.8792 1.2937 0.53857 0.38725 0.81142 -1.0915 -0.23726 -0.80733 -1.4367 -0.32709 0.40011 0.50082 0.057336 -0.15019 -0.10089 0.44456 0.50438 -0.21122 0.74849 -0.08051 0.76176 1.0403 0.019327
-1.1484 0.26461 0.28328 0.49778 0.64458 0.95415 -0.12261 0.99033 0.68483 -0.11033 -1.1047 -0.86332 -0.85089 0.27306 0.27585 -0.38444 0.88361 0.65841 0.5629 0.50573 0.56225 -0.64265 -0.34483 -0.67368 -0.70656 -0.29948 0.45993 0.63889 0.076115 -0.29106 -1.062 0.069412 -0.33544 -0.52015 1.2638 0.7866 1.1951 1.5658 -0.021008
-1.0389 0.059515 1.4986 0.62805 1.3095 1.0213 0.21716 1.6238 0.66394 -0.17038 -1.348 -0.48122 -0.79622 0.46619 0.45199 -0.45866 0.43671 -0.22474 0.56784 0.049952 0.83429 -0.006739 0.20681 0.38602 0.041473 -0.35323 0.29255 0.40753 -0.034202 -0.24254 -1.2348 -0.55441 -0.69952 -0.23719 0.88055 0.91723 0.90772 1.1759 -0.054322
-0.77477 0.36907 0.56867 1.0891 0.59527 0.84979 -0.45794 0.85646 0.13166 -0.056928 -0.55269 -1.1806 -0.86996 0.60132 0.66731 -0.22425 0.45847 -0.47508 0.24842 -0.63377 0.44278 0.85972 1.4493 0.45633 0.68206 -0.33043 0.017223 0.099395 -0.39612 -0.074959 -0.5661 -0.41035 -0.4439 -0.52978 -0.10259 0.4886 -0.0052306 0.33897 -0.10699
-0.7072 0.53095 1.2889 1.1989 0.31277 1.2377 -0.5906 0.84302 0.90652 0.16706 -0.42112 0.30738 -0.94829 0.53151 0.4771 -0.71999 0.68568 -0.54655 -0.23551 -0.50166 0.45422 -0.091625 0.68564 0.4611 0.18438 -0.40318 -0.42831 -0.13588 -0.063613 0.010229 0.52212 -0.18471 -0.021893 -0.57856 -0.78214 -0.28017 -0.71364 -0.06211 -0.039141
-0.82678 0.38957 0.57046 0.64961 0.22947 1.2304 -1.0698 1.1714 0.76649 0.55509 0.5792 0.19304 -1.1085 0.26236 0.44161 -0.97787 0.64609 -0.28543 0.27851 -0.14402 -0.19041 -0.79926 0.37527 -0.69725 -0.10472 -0.45191 -0.72056 -0.27918 0.17017 -0.2076 1.0053 -0.14758 0.45885 -0.14946 -0.8665 -1.2388 -0.94774 -0.49607 0.040232
-0.60767 0.68876 0.21623 1.0594 0.77523 1.0705 -0.72021 0.91614 0.82636 1.3065 -0.39706 0.23893 -1.1311 -0.21497 0.31519 -0.19267 0.37884 0.6949 0.25084 -0.24033 0.12054 -0.72424 0.16011 -0.43505 0.3212 -0.35932 -0.65621 -0.064713 0.62813 -0.36625 1.1195 0.099434 0.65288 -0.24601 -0.006674 -1.1847 -1.0658 -0.47717 0.22311
-0.52062 0.59417 -0.31504 1.6991 0.14671 0.42863 -0.26876 2.1731 0.20884 0.099825 -1.2676 -1.4075 -1.208 -0.44847 0.23795 -0.16754 0.2669 0.85956 -0.2335 0.1928 0.35033 -0.53829 -0.79601 -0.95999 -0.35149 -0.28984 -0.44832 -0.16452 0.63574 -0.35161 0.63312 0.10248 0.93766 -0.20489 0.5282 -0.87656 -0.29938 -0.0078926 0.28689
-0.79108 0.55706 0.46873 1.5337 0.92728 1.7931 -0.14328 0.38841 -0.80691 0.10586 -2.2216 -0.49665 -1.2493 -0.41009 0.45873 0.039862 0.25284 1.0587 0.20227 0.69183 -0.24893 -0.23091 -1.1281 -1.5071 -0.62028 -0.12367 -0.023197 -0.26387 0.3099 -0.34271 -0.35875 0.15257 1.0146 -0.44998 0.62069 0.024927 0.50146 0.58845 0.24414
-1.164 0.7853 1.0293 1.2647 1.3712 1.139 -1.4885 1.0468 0.15048 0.45375 0.41684 0.55879 -1.2243 -0.52993 0.068091 0.084923 0.11225 0.76332 0.48977 1.3457 -0.36456 0.0062403 -0.7615 -0.73346 0.35873 -0.10525 0.47667 -0.19721 0.21133 -0.15443 -0.95585 -0.25796 0.60896 0.20318 0.40982 1.0391 1.1774 1.0723 0.17886
-1.1526 0.69167 0.56857 1.1628 0.942 0.69503 -0.12439 1.7328 0.89125 -1.0131 -1.5438 -0.37863 -1.3064 -0.23146 -0.082353 0.25918 -0.12511 0.042065 0.16145 1.2994 -0.32131 0.23912 0.1716 0.47548 1.1289 -0.056799 0.6928 -0.29807 0.11077 -0.07888 -1.4309 -0.65524 0.10713 0.54128 -0.16292 1.3364 1.2615 0.82355 0.081879
-0.91656 1.051 -0.02142 1.2303 1.4935 1.5604 0.2922 0.56487 0.33267 -0.34733 -2.0915 -1.2804 -1.1896 0.38401 0.14728 0.11909 0.20386 -0.49588 -0.63973 1.1593 0.7609 0.044043 0.61866 0.41962 0.88605 -0.034832 0.8667 -0.044417 0.16846 0.024228 -1.2138 -0.67368 -0.9127 0.16144 -0.94319 1.0774 1.2289 0.27905 0.069966
-1.09 0.45347 0.16988 1.7284 1.1481 1.4466 1.5274 0.89649 0.20006 0.40063 -1.4844 0.86048 -1.2977 0.47804 -0.12555 0.23359 0.087138 -1.1005 -0.33596 1.0087 0.17027 -0.56853 0.84312 0.45482 0.74015 -0.028482 0.55406 0.0028139 0.14239 0.066003 -0.59646 -0.25998 -1.3472 0.10864 -1.0503 0.089336 1.0106 -0.20533 0.025469
-0.77437 0.45274 0.77114 1.3543 -0.0054419 0.77206 0.56145 1.4284 -0.076362 0.51209 -0.047468 0.60035 -1.2817 0.80102 0.0064089 0.41494 0.066549 -1.0314 -0.39589 -0.4122 -0.31098 -1.4564 1.0443 1.7504 1.1088 -0.008429 0.14747 0.042087 -0.13808 -0.091283 0.18103 0.2646 -1.2712 -0.27842 -0.45069 -0.5909 0.65248 -0.57863 0.079044
-0.41899 1.0965 1.0258 1.6955 0.88747 0.79129 0.20375 1.7755 -0.33407 0.85673 -1.162 0.87216 -1.2725 0.63341 -0.0092842 0.3804 0.077023 -0.85403 -0.39056 -0.72434 0.41912 -1.0896 0.11682 1.8485 0.62283 -0.031537 -0.1426 0.14398 -0.57938 0.031216 0.78808 0.45842 -0.29904 0.046166 0.60663 -0.73865 -0.37938 -0.8643 0.11023
-0.89142 0.5251 0.94498 1.0525 -0.021049 0.81515 0.17359 1.0403 0.078205 0.64328 0.31735 0.61322 -1.2644 0.58337 0.16322 -0.20247 0.067341 -0.26891 -0.14948 -0.62503 0.14546 -0.58498 -0.22566 1.0475 -0.18241 0.092468 -0.45548 -0.1061 -0.89438 -0.14608 0.75948 0.6427 0.65936 -0.097019 1.2952 -0.33891 -1.0653 -1.0645 0.093614
-0.046961 0.84525 0.49214 1.4367 0.22912 0.79445 -0.40464 0.57474 -1.4051 0.31074 0.029227 0.61412 -1.2803 0.2958 0.055459 -0.5198 0.15939 0.050617 0.33376 0.49172 0.034288 0.20349 -0.025941 0.074577 -0.30185 0.097661 -0.33167 0.02679 -0.74304 -0.24562 0.58649 0.30465 0.78665 -0.2452 1.2865 0.24786 -1.1377 -0.59862 0.051738
-0.50553 0.75841 0.48877 1.69 0.60682 1.3733 0.30021 1.6622 -0.62409 -0.10204 0.24977 0.15806 -1.26 0.065967 -0.22145 -0.77804 -0.21203 -0.0070386 0.34859 0.35518 -0.28362 0.47066 0.41409 0.53877 -0.5092 0.076488 -0.48391 0.0091087 -0.045397 -0.20737 -0.050599 -0.14225 0.48089 0.21894 1.1373 0.1987 -0.61567 0.052179 -0.082809
-0.40905 0.59685 0.13482 1.7368 0.46065 0.81302 0.68873 1.4065 -0.13325 0.51692 -0.12245 0.89513 -1.1601 0.23074 0.2293 -0.69576 -0.19477 0.15487 -0.10845 0.42645 0.20233 0.93895 0.27322 -0.14012 -0.38011 0.057725 -0.38595 0.14609 0.48021 -0.0061133 -0.52174 -0.50978 -0.25055 0.31105 0.39582 -0.25718 -0.23721 0.41641 -0.15672
-0.40357 0.80241 0.4713 1.4384 0.12034 1.093 1.1583 1.5345 0.40575 0.92262 -0.60063 0.14955 -1.2002 -0.34365 0.090385 -0.19171 -0.10017 -0.42188 -0.15803 0.41081 0.46413 1.3076 0.0023386 -0.047727 -0.0327 -0.025558 -0.36677 0.19757 0.81154 0.43515 -0.5963 -0.21841 -0.38386 0.47737 -0.26844 -0.80741 -0.2328 0.56325 -0.19985
-0.49958 0.65431 -0.10984 0.94356 0.66745 1.1444 -0.12111 0.66937 -0.10744 1.4421 0.4957 0.08204 -1.2321 -0.26708 0.1628 0.079244 0.11082 -0.76032 -0.26828 -0.058382 0.22864 0.57459 -0.35762 -0.080507 0.28512 -0.10976 -0.35215 -0.088775 0.70876 0.65484 -0.46787 0.12532 -0.40829 0.29459 -0.82979 -0.88165 0.098958 0.59307 -0.15878
-0.22576 1.0048 -0.051289 1.1039 0.078623 0.50743 0.53358 1.3867 0.59245 0.098163 0.0011763 0.22566 -1.2238 -0.41524 0.16871 0.33777 0.41421 -0.713 0.069185 -0.20274 0.57031 0.12481 -0.91257 0.069406 0.27153 -0.1685 -0.083449 -0.071496 0.36621 0.62536 -0.059149 0.16761 -0.268 0.24714 -0.89035 -0.69389 0.049167 0.42882 -0.070838
-0.76035 0.81095 0.55439 1.9137 -0.24938 1.0161 0.51425 1.8378 0.16995 -0.13744 -0.12504 0.79592 -1.3238 -0.43494 0.026166 0.35324 0.71128 -0.61303 0.0037858 -0.11805 0.68789 -0.11116 -1.0604 0.022941 0.63964 -0.13262 -0.08472 -0.11293 0.14922 0.41796 0.10249 0.13326 -0.008429 0.28313 -0.40743 -0.37634 0.028005 0.27031 -0.0011484
