39 242
-0.59071 0.78087 0.60346 0.803 0.50786 1.1916 -0.2318 1.7373 -1.2202 -1.1274 -0.52077 0.89838 -1.0624 -0.0020809 0.31675 -0.46702 0.63216 0.18834 -0.32254 1.1523 -0.75657 -0.35986 0.22405 0.23633 -0.16001 -0.10997 -0.13453 -0.10209 -0.090234 -0.43565 -0.54799 0.11736 0.02374 -0.12484 0.52296 0.5836 0.56165 -0.68621 0.010412
-0.64606 0.98684 0.20002 1.6269 0.44724 0.77956 -0.096298 1.05 -1.6219 -1.8136 0.16963 1.3765 -1.1992 -0.086795 0.30051 -0.65552 0.3012 -0.16681 -0.17782 1.0376 -0.97251 0.13032 0.82835 1.1705 -0.74513 -0.090789 -0.13581 -0.18543 -0.035196 -0.59817 -0.55379 0.059293 -0.16387 0.028449 0.92491 0.33405 0.23194 -0.7534 0.0033574
-0.59462 1.0729 0.99445 1.6989 1.2077 1.239 0.30503 0.13621 -2.3019 -0.54808 -0.68313 1.074 -1.1269 -0.19586 0.13359 -0.52659 -0.047323 -0.58083 -0.13195 1.2343 -0.87588 0.44568 1.1744 0.94113 -1.272 -0.098487 -0.01023 -0.23776 0.31225 -0.55032 -0.43825 0.13759 -0.59559 0.37465 1.0343 -0.040807 -0.32927 -0.14614 0.061442
-0.57806 1.12 -0.33534 1.0601 0.35131 0.64069 1.4277 1.4547 -1.1484 -0.7638 -0.15094 0.25461 -1.1735 -0.14362 0.066768 -0.48871 -0.1835 -0.38376 -0.27888 0.78454 -0.59717 1.0895 0.45442 0.34873 -1.1448 -0.1071 0.087633 -0.30443 0.47967 -0.21157 -0.12833 -0.042563 -1.0288 0.68851 0.29688 -0.53635 -0.85689 0.77479 0.081096
-0.74401 1.0293 -0.043083 0.87544 0.096503 1.1738 0.3397 0.43374 -0.60184 0.29952 1.7661 -0.32648 -1.1326 0.013571 -0.0023183 0.044214 -0.18948 -0.46174 0.034151 0.14345 -0.10595 1.2309 0.29492 -0.091537 -0.26967 0.0094176 0.064321 -0.30357 0.75551 0.30168 0.6862 -0.047367 -1.4052 0.61292 -0.63983 -1.0043 -1.288 1.0303 0.069666
-0.83471 0.82796 0.29621 0.86847 -0.13549 0.9716 1.0888 0.64561 -0.78407 0.20196 0.052822 -0.61254 -1.2036 -0.028413 -0.1877 -0.03494 -0.044688 -0.45347 -0.33943 -0.3638 0.15038 0.33755 0.065835 -0.18341 0.31152 0.0012122 -0.093597 -0.28099 0.53162 0.14497 0.70205 -0.062419 -0.87621 0.42024 -0.9411 -0.52337 -1.1121 0.74223 0.082821
-0.65374 1.0324 0.034651 1.2666 0.63473 0.51536 0.36957 0.65824 0.090965 -1.7212 -0.52844 0.25677 -1.2522 -0.13226 -0.29379 0.66545 0.44665 0.62362 -0.19049 -0.84323 0.096941 -0.44636 -0.85933 -1.5876 0.075651 -0.026886 -0.19402 -0.14322 0.17421 -0.17728 0.48034 -0.03353 -0.20495 -0.18008 -0.78053 -0.021003 -0.15461 0.050979 0.060274
-0.50405 1.112 0.71027 1.6519 0.23383 1.2035 0.22695 0.73806 -0.58813 -0.67501 -0.2073 1.6129 -1.0941 -0.23329 -0.30139 0.20325 -0.2375 0.27033 -0.28752 -0.38307 0.23694 0.059368 -0.14228 -1.3207 0.17432 0.060051 -0.23959 -0.058571 0.097994 -0.58024 -0.25599 -0.12635 0.28518 -0.63621 -0.080752 0.92471 0.66034 -0.40301 0.076974
-0.72528 0.72843 0.21402 1.1035 0.3623 0.39312 0.43921 0.83564 -2.1404 0.23626 -0.28208 0.59644 -1.143 -0.22703 -0.21091 0.26306 -0.44454 -0.0070367 -0.051076 -0.25059 -0.49435 -0.1786 0.3263 0.11294 -0.11088 0.089162 -0.24528 0.045602 0.13047 -0.65147 -0.58222 -0.20771 0.20755 -0.63644 0.81766 1.6129 1.4999 -0.13539 0.064552
-0.92087 0.67708 0.52193 1.4471 1.0422 0.68952 0.1325 1.342 -1.1634 -2.3129 -2.0878 -0.97516 -1.2558 -0.40595 -0.34193 0.36247 -0.72024 -0.58418 -0.66663 -0.14578 -0.87217 0.050476 1.4732 0.34983 -0.42557 0.081859 0.12091 0.20093 0.55182 -0.015956 -0.25717 -0.033163 -0.28439 -0.23175 1.3598 1.4922 1.3417 0.6419 0.11076
-1.0471 0.66807 0.10552 0.13185 -0.17589 0.81557 0.26315 0.38587 0.54287 1.0316 0.28995 0.13647 -1.0331 -0.48108 -0.19846 0.84245 -0.56919 0.04543 -0.43219 -0.59293 -0.66719 1.1964 1.8416 0.76105 0.087891 0.078933 0.54532 0.19923 0.1626 0.15483 0.06167 0.18945 -0.46927 0.36735 1.3852 0.95595 0.64363 1.3831 0.19892
-0.80775 0.82329 0.77515 0.91412 0.11047 0.82531 0.73793 -0.41096 -1.2742 -0.33921 0.36325 0.066107 -1.1431 0.11664 0.047549 0.95371 -0.2185 -0.20396 -0.15545 -0.76436 -0.13198 2.0913 2.344 1.1999 1.3633 0.26353 0.68445 0.070848 -0.38089 0.40236 0.60954 0.71861 -0.25625 0.51274 0.63827 -0.31236 -0.16854 1.0166 0.25202
-1.0092 0.6054 0.66471 0.81463 -0.058598 -0.71338 -0.17776 -0.24402 -0.21781 1.0837 -0.36628 0.5165 -1.1165 0.49723 -0.05356 0.2838 -0.41252 -0.098467 0.11025 -0.84004 -0.041714 1.571 1.9595 1.0356 1.786 0.35245 0.39302 -0.37201 -0.68166 0.16581 0.35101 0.91168 0.14691 -0.090552 -0.31068 -0.79644 -0.50232 0.18486 0.36475
-1.1399 0.77621 1.8014 1.0221 0.88457 1.0215 -0.63081 0.64785 0.8408 2.2137 0.63996 1.4721 -1.0148 0.34048 -0.2938 -0.052539 -0.042878 0.52591 0.60911 -0.52198 -0.052015 1.1437 0.70292 -0.18148 0.77347 0.39303 0.038768 -0.82392 -0.81127 -0.2306 0.051503 0.89559 1.0349 -0.85499 -0.90878 -1.3764 -0.45106 -1.1344 0.43493
-0.40728 0.77806 0.84511 0.78071 0.08601 0.3567 -0.27964 1.2209 1.4387 2.428 0.66004 1.6684 -0.81463 0.11889 -0.70581 0.091935 -0.35314 0.27533 1.1448 -0.45876 -0.8613 1.0584 0.8898 0.34189 0.74446 0.6613 0.1662 -1.1716 -1.2189 -0.4969 -0.71101 0.085341 1.8278 -1.0888 -1.2304 -1.266 -0.38015 -1.7587 0.65546
-0.43314 0.52363 0.18641 0.2562 0.43728 1.133 -0.5598 0.33156 1.0403 0.27857 -0.23455 1.2524 -0.82564 0.3811 -1.1193 -0.44503 -0.7015 -0.30961 1.2522 0.9635 -1.5071 0.54322 -0.16456 0.54684 -0.42921 0.88021 0.62152 -1.365 -1.4384 -0.68164 -0.74974 -0.7138 1.892 -0.29916 -1.832 -0.59996 -0.19514 -1.7381 0.89697
-0.94882 0.2615 0.34967 0.51447 0.3918 1.4475 0.22224 -0.71953 1.0045 1.7557 -0.050866 0.55372 -0.65497 0.7812 -1.7608 -1.7726 -1.0452 -0.90699 -0.0167 1.8209 -1.5978 -0.57437 -0.40817 -0.17644 -1.1918 1.2696 1.1382 -1.1318 -1.3518 -0.40431 0.17328 -1.3771 1.3192 1.3931 -2.034 -0.42363 -0.45991 -1.4313 0.99443
-0.89525 -0.18889 1.6878 0.75239 0.3893 1.6052 -0.37906 -1.7843 0.21179 1.8567 1.1608 1.6457 -0.34872 1.1318 -2.2351 -1.7812 -1.0117 -0.17562 -0.32216 1.8621 -0.28292 -1.6852 0.010225 -0.37341 -1.7958 1.6763 1.3104 -0.6017 -0.77951 -0.18795 1.2545 -1.3339 -0.19078 2.7749 -1.3432 -0.37714 -0.69699 -0.21627 0.87342
-0.37701 -0.6843 0.13142 -0.15131 -0.34289 1.0048 1.2111 -1.1071 1.5691 1.2043 0.67584 -0.16009 -0.06121 1.7944 -2.1961 -1.7399 -0.98314 0.49841 -0.99658 1.543 1.5377 -1.8755 -0.15277 -0.21689 -1.4876 2.0229 0.87399 0.23243 -0.17485 0.053838 1.8239 -0.53811 -1.279 3.1362 0.14009 -0.588 -0.73532 0.69092 0.4099
0.2594 -1.3262 -1.3178 -0.36545 -0.28863 0.38281 1.5767 -0.41372 -0.22972 1.6213 -0.22222 0.026757 0.56553 2.235 -1.9938 -1.897 -1.1044 1.1318 -1.0942 0.72532 2.8839 -1.4767 -1.1456 -0.96026 -0.73305 2.0494 -0.033174 0.95861 0.38018 0.2287 1.4559 -0.024827 -2.2969 1.8464 1.4705 -0.69659 -0.79879 1.5873 -0.22469
0.77601 -1.8826 -1.1888 -0.36713 0.5182 0.34852 1.3019 1.2473 -1.6301 1.7632 -0.39603 -1.0775 1.0213 1.8058 -1.4694 -2.0259 -0.90884 1.5598 -0.76754 -0.026117 3.5484 -0.39142 -1.1458 -1.4925 -0.33547 1.8099 -1.0306 1.4056 0.85311 0.32498 0.79477 0.46416 -2.3222 -0.23691 2.4456 -0.31724 -0.47158 1.293 -0.88321
0.94521 -1.8035 -0.82342 -0.51704 1.3684 0.2778 0.8317 1.7289 -1.2062 0.036774 -0.016034 -0.27446 1.3267 1.0721 -0.87694 -0.91721 -0.62485 1.7831 -0.47737 -1.6752 2.6897 0.51287 -1.0468 -1.4812 0.83352 1.3885 -1.3905 1.6594 0.68583 0.39965 -0.27906 0.48622 -1.3047 -2.3578 2.6131 0.73305 0.2781 0.3631 -1.3129
1.0694 -2.0169 -0.84803 -0.51571 1.2621 0.36208 0.6816 2.1031 -0.24798 0.26378 -0.96327 0.56947 1.4888 0.52944 -0.22706 -0.62936 -0.61501 1.5285 -0.3014 -1.6259 1.1684 2.0142 -0.92417 -1.0003 0.33763 0.79554 -0.62769 1.802 -0.12671 0.42821 -0.98935 0.16689 -0.28887 -3.4529 1.5705 1.2329 1.1338 -0.59494 -1.6514
0.84348 -1.9068 -1.3612 -0.55607 1.2667 0.52829 0.17148 2.6852 0.8953 0.4925 -1.0019 0.52409 1.562 0.38003 0.37014 -1.3059 -0.50077 0.66184 -0.27655 -0.93818 -0.91689 2.5389 0.32375 -0.64256 -0.34654 0.23956 -0.21669 2.2989 0.30584 1.0895 -1.2078 -0.074734 0.5779 -2.992 -0.28761 1.3565 1.5643 -1.4168 -2.1748
0.8743 -1.9008 -1.5527 -1.0734 1.2318 -0.06083 -0.65355 2.0897 1.5138 0.15698 -1.778 0.67744 1.5706 1.0295 1.1494 -2.0532 -0.16583 0.41687 -0.4992 -0.95549 -1.9754 1.735 0.8446 0.487 -0.96494 -0.5307 -0.57246 2.3596 1.7778 1.6725 -1.1088 0.10131 0.82401 -1.547 -2.2111 0.93298 1.5626 -0.72333 -2.5162
1.0837 -1.7026 -1.9923 -0.96282 1.7189 -0.042418 0.18065 1.1077 1.4642 0.51265 -1.1118 -0.73219 1.5236 0.43832 2.5733 0.37743 1.2188 0.26085 -0.52573 -0.94785 -2.0822 0.086797 1.0156 1.0972 -1.4012 -1.7881 -1.5603 1.9094 3.3221 1.8993 -1.1023 0.52237 1.0318 0.31138 -3.1034 -0.15307 1.1844 0.32299 -2.4188
1.3617 -1.2855 -2.4535 -0.76282 1.3475 0.13769 0.49459 -0.24476 1.6584 2.224 -0.77223 -1.5672 1.2815 -0.52281 2.9193 1.849 1.7069 -0.1793 0.051871 -0.097524 -1.5102 -1.1609 0.74826 1.4482 -0.61487 -2.6336 -2.5115 0.76216 3.4743 1.2816 -1.5964 0.72917 0.68892 1.5505 -2.5172 -1.2368 0.11574 1.2446 -1.6202
2.3395 -0.18673 -3.1277 -0.50191 1.8189 -0.38985 -0.76412 -0.27968 1.2034 0.62182 0.91828 -0.48814 0.53336 -1.6421 2.9212 2.9347 2.1779 -0.9374 0.57578 0.54563 -0.44615 -2.1937 0.0097662 1.3842 0.12016 -2.9799 -2.4663 -1.0041 1.7035 0.22931 -1.1811 0.65778 0.36801 1.5007 -1.0988 -1.4469 -0.57584 1.5375 -0.060199
0.61742 1.4885 1.2932 1.5132 1.2621 -0.15217 -0.78113 0.53723 -0.29265 1.7666 -0.25537 -0.98019 -0.89855 -2.4379 2.3427 3.1429 1.7898 -1.7284 0.51956 -0.43169 0.5534 -2.1363 -1.39 0.55907 0.78472 -2.7947 -1.6888 -2.48 -0.24243 -0.78984 -0.34613 0.04406 0.382 0.17377 0.28618 -0.87802 -1.0688 0.5596 1.6897
-0.25908 0.83803 0.35529 0.59949 0.91065 0.792 0.39264 1.0449 -0.37617 1.0677 0.37653 0.22572 -1.1274 -3.0304 1.0438 2.9123 1.6025 -0.99694 0.65747 -0.1113 0.12651 -1.6088 -1.1133 0.27422 1.0034 -1.8112 0.015542 -3.3415 -2.4108 -1.9211 0.48292 -0.82552 0.77903 -1.1186 1.4244 -0.4436 -0.75671 -0.38228 3.067
-0.65777 0.99406 0.76625 0.99463 0.27495 0.60705 0.60494 0.93378 -1.4658 -0.015117 -0.008451 0.063872 -1.2138 -2.8578 -0.6214 1.4234 0.4731 -0.75012 0.11745 0.92662 -1.3868 -0.87487 -0.64137 -0.32144 0.065033 -0.22996 1.4099 -2.7456 -2.7411 -1.9885 1.077 -1.1847 1.2933 -1.618 1.7548 0.088633 -0.1664 -1.1738 3.2399
-0.67335 0.85845 0.19692 0.67884 -0.062128 0.2666 -1.0566 1.0105 -0.65574 -1.2048 -0.26201 -0.44189 -1.21 -1.3986 -1.6296 -0.67464 -0.84602 -0.60553 -0.97376 1.3058 -1.8234 0.023783 -1.3635 0.16907 -0.30831 1.1592 2.0376 -1.3185 -2.147 -1.6744 0.64972 -1.1266 1.1299 -0.91593 1.7401 0.13069 0.24833 -1.0378 2.2454
-1.1379 0.1558 0.59939 1.4715 1.3104 0.73675 0.02403 -0.98993 -0.26877 1.5884 0.50467 0.12849 -0.66145 -0.7146 -1.279 -0.14702 -0.79707 -0.084469 -1.1825 1.2622 -1.8842 0.55444 -1.0973 0.2222 -0.95276 1.4469 1.7014 0.26437 -0.69562 -0.74726 0.42351 -0.55327 0.61214 0.44483 1.1165 0.17929 0.34291 -0.12328 0.62741
-1.0047 -0.47155 -0.12097 0.34658 0.88853 -0.59008 0.84001 -2.1326 -0.64657 0.098372 -0.070588 -0.8997 -0.0092359 -0.43486 -1.0122 -0.2812 -0.97353 -0.22272 -1.0862 1.8174 -1.5397 1.1541 -0.62552 0.50236 -0.6053 1.3202 0.82635 1.2985 0.598 0.086102 0.16042 0.57781 -0.19046 1.5279 0.63293 0.071613 -0.22247 0.66374 -0.81592
-1.0049 -0.42646 0.49078 0.032298 -0.057706 -1.224 1.452 -0.48865 -0.44243 -1.1244 0.22027 -0.93009 0.21807 -0.27665 -0.46053 -0.052922 -0.9033 -0.22238 -0.99553 1.7975 -0.54064 0.79411 -0.64403 0.2147 -0.049621 0.80069 0.39197 1.4106 0.34179 0.56961 0.017356 1.2459 -1.1138 2.087 0.45647 0.19052 -0.4574 1.3123 -1.477
-1.0844 -0.17797 0.39156 -0.052043 0.66578 -0.066256 1.4554 -0.87035 0.18627 -1.0389 0.62189 -0.99037 0.073045 -0.12696 0.29566 0.40433 -0.64129 -0.26856 0.17904 0.66159 0.80338 1.1739 -1.4598 -0.33687 0.57278 0.043388 0.13073 1.0548 -0.050762 0.9277 0.4771 1.5039 -2.1528 1.6037 0.11764 0.83112 -0.21986 1.0792 -1.4972
-1.1403 -0.024225 0.18484 0.24505 -0.12679 -0.69075 1.7096 -1.1781 0.61049 -0.58611 0.55482 -0.51963 -0.031171 -0.15856 0.60365 0.15979 0.11195 -0.038857 0.85797 -0.26578 1.4355 1.4626 -0.28918 -0.37169 1.1059 -0.52152 0.038303 0.35214 -0.14182 0.88452 0.2324 0.90264 -2.0503 0.55229 -0.3339 1.0376 0.17033 0.41608 -0.91155
-1.1001 0.017446 0.21357 0.037228 0.5983 -0.94958 0.83425 -0.41741 0.26064 -0.7818 -0.080575 -0.11522 -0.24585 -0.25337 0.35075 -0.46797 0.27796 0.49657 1.2111 -1.2028 0.93251 1.0623 0.99212 0.29145 0.99207 -0.66122 0.14972 -0.28718 -0.31723 0.37064 0.33608 0.24055 -0.91 -0.45155 -0.97035 0.76654 0.73061 -0.027887 -0.12522
-1.2406 0.25837 1.1886 0.479 1.0806 1.1382 1.1246 -0.25662 1.3992 -1.2208 -0.32807 0.63948 -0.34898 -0.13899 0.13977 0.13349 0.31372 -0.2135 0.4284 -1.1302 0.61204 0.19193 0.37765 0.23321 0.57121 -0.45485 0.37739 -0.44469 -0.2539 -0.28103 0.18217 -0.22896 0.4732 -0.99369 -1.3505 -0.06006 1.2189 -0.26931 0.51424
-1.1051 0.15013 -0.24398 0.22611 0.075911 -0.18249 0.78481 0.51588 1.366 -0.54111 -0.27284 0.052101 -0.45292 0.13792 0.0025449 -0.15847 -0.047069 0.388 0.91986 -0.63045 0.29085 -0.1179 -0.13974 0.89489 0.77042 -0.20851 0.58373 -0.26305 -0.22438 -0.5552 -0.050102 -0.75468 1.0984 -0.61599 -1.0335 -0.47704 0.91001 -0.54033 0.79242
-1.3747 -0.072874 -0.23442 0.27016 0.71957 0.63319 -0.066936 0.19403 0.884 0.9813 1.7201 0.039452 -0.50058 0.32958 -0.031343 -0.45313 -0.27516 0.32074 0.52699 0.31452 -0.32451 -0.63256 0.11846 1.908 0.65752 0.16335 0.40818 -0.12275 -0.23794 -0.69677 0.35015 -0.6389 0.67215 -0.29353 -0.49018 -0.30912 0.52093 -0.71317 0.68006
-1.1575 0.078937 1.0605 0.43291 -0.082014 -0.36976 0.6255 -0.84495 0.077977 -1.302 0.39423 -0.25136 -0.35503 0.56692 -0.045228 -0.57794 -0.50092 0.13647 -0.43749 0.11236 0.12573 -0.57844 0.04945 1.373 -0.15986 0.43238 0.28115 0.090966 0.12048 -0.41096 -0.22625 -0.87345 0.20489 0.13995 0.03701 -0.181 -0.57249 -0.74941 0.35223
-0.83809 0.055165 -0.17878 -0.023843 1.0586 0.90196 1.1114 -0.45628 0.65826 -1.2597 1.4485 1.3568 -0.28196 0.38563 -0.064875 -0.085281 -0.80308 0.50561 -0.24499 -0.26244 0.10746 -0.54742 -0.42114 1.0787 -0.42289 0.4289 0.63274 -0.046561 -0.3141 0.041865 -0.3305 -0.53352 -0.22568 0.67965 0.33514 0.3558 -1.2599 -0.46121 -0.012284
-0.82003 0.12272 -0.097997 -0.17541 1.1687 0.30098 1.4563 -0.51631 -0.20505 -0.21549 2.5612 0.85639 -0.039221 0.62075 0.17618 -0.10437 -0.58091 -0.09947 -0.54711 0.021988 0.41247 -0.078839 -0.29332 0.049204 -0.22209 0.28371 1.0758 -0.59587 -0.81846 0.1439 -1.1755 -0.63308 0.035853 0.51544 0.079186 0.80805 -1.461 -0.17021 0.15178
-0.69264 0.15385 0.066277 -0.034342 0.44524 -0.15859 0.48174 0.89379 1.253 -0.55732 0.78333 -0.70286 0.062366 1.4453 -0.23319 -1.26 -0.16805 -0.13509 -0.54522 -0.082795 1.0211 -0.20625 1.0431 -0.16461 -0.25972 0.21866 1.4045 -1.1428 -1.1345 0.081461 -1.5299 -0.72967 0.31913 0.52711 0.036292 0.84259 -1.529 0.13086 0.67286
-1.0502 -0.13277 -0.2037 -0.78262 0.64294 -0.3808 -0.33246 0.14756 0.014444 -0.78851 1.9133 -0.74143 -0.17963 1.9758 -1.0428 -1.4986 -0.55643 -1.5659 -1.627 0.06989 0.80757 -0.5833 1.0618 -1.171 -0.59976 0.80834 1.07 -1.4221 -0.73548 -0.052243 -0.42404 -0.10303 0.57139 0.42234 -0.068083 0.28657 -0.93321 0.31617 1.1578
-0.4902 0.37272 0.34791 0.06323 0.2668 -0.10856 0.81708 -0.079169 0.56912 -0.22242 1.0226 0.55504 -0.23537 2.2376 -1.5234 -1.484 -0.67257 -1.3917 -1.2509 0.29153 1.0734 -0.21499 0.72146 -1.6228 0.018092 1.3581 0.17482 -1.0141 0.041082 -0.022287 0.93343 0.67459 0.56218 0.45096 0.52405 -0.74887 -0.85168 0.081356 1.2344
1.0327 -0.48211 -1.454 0.28814 0.38981 -0.5677 1.2655 0.77948 -0.37777 0.53656 0.53274 0.2391 0.042532 2.1531 -1.7504 -1.3461 -0.44128 -0.20538 -0.40195 0.88523 1.3263 -0.2024 0.46894 -1.2556 0.2669 1.7623 -0.82443 -0.33374 0.22132 0.13755 2.4023 1.5673 -0.27671 0.45603 0.97287 -0.85333 -0.35783 -0.22851 0.61639
1.0674 -1.5756 -1.9842 -1.3428 -0.8995 -1.7831 1.2481 0.65979 -0.27821 0.50806 0.21833 0.058625 1.1881 1.6765 -1.7153 -1.2459 -0.28104 0.77817 0.2952 0.54269 1.7628 0.65611 -0.32856 -1.9814 -0.54127 1.9253 -1.7758 0.49099 0.58181 0.23286 2.4287 1.7222 -0.99424 -0.341 1.2201 -0.58744 -0.079589 -0.77317 -0.28207
0.94607 -1.475 -0.9043 -0.84324 -0.10648 -1.0543 0.93154 1.6345 0.48509 0.2578 -0.065827 0.028391 1.5343 0.78047 -1.5558 -1.1921 -0.50231 1.4614 0.95919 -0.59377 1.4748 0.92893 -0.31018 -1.7917 -0.79659 1.6164 -1.8247 1.141 0.57396 0.44751 1.648 1.6475 -1.3786 -1.186 0.9721 0.13019 0.065694 -0.93142 -1.2141
0.95365 -1.597 -1.0384 -0.29858 0.98904 0.034212 1.079 2.3846 0.78825 -0.43363 -0.31181 -0.52184 1.5587 -0.26158 -0.74238 -0.46509 -0.21013 1.9325 1.7586 -0.85096 0.31078 1.6602 -0.20321 -1.558 -1.031 0.93531 -1.2163 1.2298 0.11384 0.29767 0.26896 1.0722 -0.80749 -1.8345 0.2039 1.1766 0.69686 -0.47463 -1.5885
0.7374 -1.7176 -1.6367 -0.65364 1.5671 0.25648 0.57356 1.8511 1.0544 -1.2603 -1.2243 -1.1209 1.5289 -0.1512 -0.18646 -0.65519 0.3652 2.0364 2.3969 -1.0199 -0.43871 1.2418 0.66498 -1.359 -1.39 0.11497 -0.36486 0.95118 -0.17151 0.051861 -1.2017 0.1915 0.019728 -1.7267 -0.20105 1.5965 1.097 -0.12526 -1.3039
1.0088 -1.7249 -1.9255 -0.53848 1.1936 0.62526 0.26601 1.667 1.3386 0.62467 -1.4526 -0.048362 1.5055 -0.037734 -0.18937 -1.2887 -0.15907 0.94482 1.8783 -0.77648 -1.1549 0.9141 1.7361 -0.73586 -1.2201 -0.1279 0.16671 0.4002 -0.29297 -0.21282 -2.0294 -0.68076 0.43813 -0.8068 -0.5284 1.2394 1.4156 0.29985 -0.65288
0.71093 -1.6963 -2.0583 -0.67498 1.5367 0.86656 0.5096 0.66402 2.0587 0.5376 -1.2932 -1.5022 1.4827 0.018511 -0.12426 -1.0853 -0.44163 -0.11247 1.3206 -0.61387 -1.4369 0.90891 2.1928 0.11718 -0.96921 -0.15297 -0.029804 0.184 0.22526 -0.18899 -1.6652 -1.3806 0.69802 0.16789 -0.38904 -0.36912 1.234 0.64996 -0.022321
0.95485 -1.7318 -2.0607 -0.71914 1.2045 1.4839 -0.032517 0.62417 1.2639 1.4686 -1.4858 -2.0279 1.4386 -0.041244 -0.058982 -0.78089 -0.22606 -0.48012 0.85529 -0.25317 -0.87222 0.78081 1.7228 0.70701 -0.64662 -0.081559 -0.07991 0.21064 0.77619 0.25462 -0.56245 -1.7536 0.70056 1.1433 -0.51652 -1.9361 0.56835 1.0151 0.20146
0.88771 -1.7441 -2.3309 -0.82898 1.2688 1.4904 0.29743 0.80081 1.8799 2.2677 -0.83698 -1.433 1.3984 -0.19738 0.072983 -0.4762 0.024859 -0.11364 -0.027504 0.0060188 -0.18286 0.5405 -0.16411 0.53336 -0.37203 0.055036 -0.064439 0.20824 0.92419 0.41336 0.3248 -2.1721 0.76723 1.5864 -0.82304 -2.6366 0.074982 1.0911 0.23167
0.8965 -1.8061 -2.4237 -0.89543 0.98943 1.5323 0.25777 0.44622 2.298 1.8242 -0.32076 -1.7198 1.3922 -0.067766 0.084682 -0.13582 0.08118 -0.026123 -1.1802 0.2059 0.69611 0.076166 -1.3558 0.2423 0.52645 0.1267 0.24971 0.17168 1.2796 0.3047 0.13406 -2.219 0.14605 1.4489 -1.3957 -1.919 -0.068544 1.0301 0.09808
0.68123 -1.7536 -2.5749 -0.75626 1.0053 1.1265 0.19184 0.80103 2.225 1.2113 -0.6378 -1.4184 1.4831 -0.078406 0.17227 0.32481 0.18144 0.21042 -2.2879 0.57379 1.2023 -0.37212 -2.0737 0.47774 0.64345 0.15488 0.77942 0.26501 1.4762 0.37528 -0.57405 -1.771 -0.56079 0.78018 -1.745 -0.3345 0.057304 0.96412 -0.22267
0.72201 -1.5192 -2.2888 -0.37278 1.4229 0.36518 0.38796 1.2423 2.0998 -0.28345 -1.1542 -1.0193 1.6129 0.35362 0.1938 1.2122 0.2648 -0.41934 -2.7411 -0.28331 1.5651 -1.5382 -1.5551 0.55523 0.92121 0.044477 0.95137 0.62831 1.5037 0.6957 -1.2328 -0.4768 -1.2333 -0.55697 -1.8268 0.89591 0.079003 0.41769 -0.79914
0.81976 -1.6701 -2.0587 -0.77757 1.4233 -0.62637 0.62981 1.677 1.5718 -0.9279 -1.0763 -1.1059 1.5573 0.99816 0.48915 1.609 0.63701 -0.90845 -3.0167 -0.81953 1.086 -2.1241 -0.82429 0.46719 1.3723 -0.29459 0.43369 1.2818 1.2105 0.97203 -1.3777 1.2748 -1.6209 -1.697 -1.3193 1.5284 -0.23856 0.025894 -1.5468
0.92579 -1.5469 -1.7158 -0.5974 1.2824 -1.2758 0.72758 2.2466 0.72491 -0.27758 -0.043143 -1.1604 1.528 1.1092 1.0521 2.0324 1.1694 -1.5877 -1.8217 -1.4272 -0.39491 -2.6828 -0.043464 0.3844 0.99577 -1.0578 -0.67264 1.8767 0.59352 1.0565 -0.64252 2.6067 -1.2965 -2.1366 -0.2273 1.1629 -0.2877 -0.31926 -1.9355
1.392 -1.5742 -0.85265 -0.54261 0.2448 -1.5133 -0.67377 2.5309 -0.2544 0.95391 0.29433 -0.0079992 1.3567 0.32877 2.0475 2.1798 1.5729 -1.5749 -0.012728 -1.9099 -1.3989 -2.4227 0.49384 0.018958 0.64549 -2.0241 -1.7044 1.7742 -0.1011 0.57198 0.23641 3.061 -0.46458 -1.6677 0.71793 0.88611 0.17972 -0.6685 -1.7171
1.9729 -0.989 -0.94704 0.17457 0.06576 -2.1683 -0.752 1.1897 -0.29308 0.18799 -0.32962 0.23602 0.97836 -0.51481 2.7918 2.0445 1.802 -1.195 1.3359 -2.1862 -1.7113 -1.8343 0.30803 0.12975 0.62408 -2.5077 -1.9134 0.57083 -0.90589 -0.085544 1.227 2.1493 1.0189 -0.32931 1.7599 0.23871 0.33419 -0.60124 -0.61045
1.4553 -0.15003 -0.31554 0.88153 -0.2691 -0.52292 -1.1771 -0.27977 -1.5145 0.19711 -0.83762 -0.56258 0.096019 -1.247 2.8116 1.4289 1.4004 -0.70648 1.9537 -1.33 -1.7744 -1.1089 0.91556 0.94732 0.1895 -2.6007 -0.85883 -1.6393 -1.8547 -0.93898 0.83797 0.10962 1.9784 0.79465 1.9634 0.12321 0.55391 -0.25062 1.1149
0.4789 1.1473 0.10627 1.06 0.40537 0.5524 -1.3433 -0.0084599 -0.86904 -0.068655 -1.1886 -0.52355 -0.81672 -1.5356 1.6923 0.73723 1.0794 0.07515 1.7974 0.17143 -0.87063 0.17742 0.24225 0.6043 -0.008511 -1.8454 0.82542 -3.5154 -2.17 -1.6058 -0.082266 -2.0791 2.1124 1.4493 1.6129 -0.012616 0.20056 0.24056 2.6674
0.25438 1.3282 0.12451 0.84482 0.24011 0.46195 -1.7464 0.56365 -1.0041 -0.10738 0.32959 -0.067112 -0.9022 -0.69852 -0.36601 -0.60154 0.12786 -0.78006 0.0029592 0.59692 -0.084955 0.49433 0.77013 0.93695 0.44044 -0.38291 2.1035 -4.1339 -1.7594 -1.6875 -1.0704 -3.3837 1.4631 1.2127 0.66796 -0.5029 -0.4216 0.37699 3.482
0.14932 1.1126 -0.21726 0.67289 0.020326 0.36457 -0.74935 0.27338 -1.0306 2.5716 2.2242 -0.50148 -0.97503 0.69987 -1.966 -0.96167 -0.64184 -1.3063 -2.1165 0.78707 0.57494 0.5881 0.32644 0.53244 0.97319 1.0987 2.1691 -3.0498 -0.5509 -1.4046 -1.374 -3.0592 0.7851 0.31712 -0.18835 -0.68563 -0.75328 0.11098 3.0098
0.50578 -0.27209 -0.19372 1.059 0.21279 0.023681 -0.18227 1.0456 0.47741 0.027893 -0.52262 0.26916 -0.27907 1.4209 -2.8211 -0.97939 -0.975 -1.8583 -3.303 1.0827 0.12885 0.025479 -0.25548 0.046525 0.44986 2.0819 0.97901 -0.90848 1.1529 -0.7803 -0.57534 -1.1223 0.37317 -0.40626 -0.36899 -1.0883 -0.94002 -0.36333 1.6775
1.5748 -1.581 -1.9681 0.42057 -1.3977 -2.4802 -0.54665 0.02198 -0.45289 1.154 0.30521 0.56717 0.59847 1.3081 -2.587 -0.084324 -1.0649 -1.749 -3.0703 1.3792 -0.26196 0.04411 -0.7744 -0.59852 0.19862 2.2426 -0.59583 1.1553 2.0283 -0.4087 0.11149 1.2547 0.016314 -0.84459 -0.34841 -0.17041 -0.059012 -0.89645 0.092786
1.774 -1.4994 -0.50368 0.10768 -1.1765 -2.5747 -0.82198 0.71378 -0.96316 0.085333 -0.42767 0.60944 0.88403 0.76226 -1.7009 1.1176 -1.1639 -1.5524 -1.9045 0.97997 -0.49413 0.038373 -1.0915 -0.54609 0.077825 2.0116 -1.54 2.2727 2.1869 -0.23032 0.91259 3.0808 -0.40261 -0.60193 0.33979 0.61996 0.32405 -0.91615 -1.09
1.2964 -1.3839 -0.59945 -0.083615 -1.1855 -3.051 -0.089428 0.22722 -1.0161 -0.26786 0.043782 -0.41802 1.147 -0.035899 -0.44995 1.7756 -1.3409 -1.2751 -0.12397 0.84918 -0.8763 -0.10525 0.3443 0.66959 -0.67167 1.3005 -1.467 2.0614 0.98188 -0.25841 1.0033 3.3576 -0.89047 -0.4482 0.9172 1.1106 0.36618 -0.80064 -1.4599
1.1892 -1.4711 0.33887 -0.21222 -1.3247 -2.5088 0.49643 0.14877 -0.41938 0.07133 0.46695 0.14926 1.2587 -0.66888 0.20147 2.1714 -1.2898 -0.53735 1.8153 0.57382 -0.80904 0.78554 0.5174 0.074805 -0.98581 0.62985 -0.89507 1.2715 -0.36027 -0.26213 0.88377 2.6084 -1.3695 -0.20552 1.3968 0.70724 -0.0092112 -0.53317 -1.2883
1.0211 -1.3557 0.92848 -0.36547 -1.5405 -1.5553 0.39927 -0.23354 -0.1436 0.61758 0.47856 0.038729 1.3716 -0.60687 0.17203 1.2287 -1.5084 -0.54317 2.2526 -0.10533 -1.0216 1.5073 0.82873 -0.15628 -0.90615 0.3567 -0.24061 0.49823 -1.326 -0.14874 0.54271 1.2565 -1.8308 0.13394 1.4252 -0.54447 -0.32207 -0.31781 -0.77571
1.0065 -1.275 0.70128 -0.67792 -1.711 -0.8771 0.2666 -0.42244 -0.12771 1.1782 0.47716 -0.66647 1.3769 -0.55508 0.27392 0.73511 -1.5937 -0.40999 2.49 -1.1277 -0.82087 2.0252 0.18981 -0.18551 -0.89919 0.20993 0.19455 0.24654 -1.6928 0.0043237 0.24254 -0.031432 -1.5888 0.36282 0.87471 -1.2334 0.29404 -0.10329 -0.38031
1.0855 -1.355 0.518 -1.2387 -1.8026 -0.52122 -0.41014 -0.75461 0.46044 1.3025 -0.29489 -0.83519 1.3045 -0.51957 0.40511 0.041902 -1.4859 -0.41529 2.2343 -1.749 -0.54559 2.1246 -0.71195 0.076444 -1.3726 0.1426 0.37212 0.46131 -1.2868 0.3991 0.34086 -0.70118 -0.91153 0.58732 0.13012 -1.5175 0.56795 0.33412 -0.31512
0.98358 -1.2545 0.78166 -1.6314 -1.5252 -0.34735 -0.72438 -0.56853 1.3196 0.53278 -0.54893 -0.77405 1.3657 -0.35731 0.52235 -0.36913 -1.3056 -0.19246 1.7696 -1.5999 -0.234 2.2289 -1.4423 0.55641 -0.97522 0.06764 0.41938 0.61411 -0.784 0.85066 0.89339 -1.4424 0.023366 0.45729 -0.95096 -1.0642 0.74297 0.76353 -0.41272
0.50426 -1.0068 0.53062 -1.6619 -1.6388 0.092744 -1.0321 -0.83302 2.1381 -0.35868 0.57303 -1.4301 1.4644 -0.031444 0.87254 -0.59814 -0.90295 -0.074506 1.1277 -1.5963 -0.023065 1.6727 -1.708 0.65814 -0.20384 -0.12623 0.34904 0.86913 -0.086194 1.2796 1.3202 -1.6689 0.36719 -0.094647 -1.8879 0.03629 0.67238 1.5714 -0.83109
0.69142 -0.94146 0.65418 -1.6546 -2.004 0.63735 -1.3595 -0.54571 2.3127 -0.61917 0.89753 -1.7482 1.4478 -0.039888 1.1405 -0.38881 -0.27317 0.94449 -0.02475 -1.1801 -0.067555 0.36271 -1.6715 1.0844 0.051434 -0.38217 0.013394 1.0889 0.51259 1.5355 1.6877 -1.343 0.91024 -0.13348 -2.6833 1.1059 -0.029208 1.7806 -1.3376
0.83878 -0.70406 0.31414 -1.8783 -1.7235 0.729 -1.1824 -0.62365 2.6377 -0.80803 1.0818 -1.1203 1.3856 -0.045433 1.6562 -0.09456 0.42919 1.273 -0.42021 -1.291 -0.79168 -0.69906 -0.54448 1.2218 1.2871 -1.0982 -0.54657 0.90839 0.79795 1.0197 1.4735 -1.0165 1.5086 -0.33294 -2.7294 1.5114 -0.16048 1.5824 -1.358
1.2122 -0.16291 -0.16211 -1.8353 -1.7378 0.18486 -1.8735 -0.57956 1.8216 -0.7981 0.46644 -0.61103 1.067 -0.32062 2.087 0.34627 0.94835 2.0206 -0.31219 -0.067518 -0.095402 -1.9279 0.37329 0.17934 1.8766 -1.8071 -0.9445 0.45826 0.81209 0.27707 0.5458 -0.57171 1.7137 -0.17238 -2.005 0.9658 -0.33969 0.8647 -0.94624
0.75171 -0.028081 0.5434 -1.5061 -0.12434 -1.1533 -1.7142 -0.97126 0.78109 -1.3467 1.1547 -0.97065 0.84855 -0.86764 2.0302 0.53218 0.42107 1.9071 -0.887 0.65309 -0.68035 -2.6166 0.55573 0.7339 2.0789 -1.8105 -1.2058 -0.31396 0.49947 -0.33981 -0.05504 -0.14299 1.766 0.23101 -0.73933 0.27732 -0.046832 -0.44169 -0.13988
0.56613 0.96146 0.88359 -0.90581 -0.58586 -0.21643 -2.4174 -2.1168 0.85125 0.06637 1.7955 1.2109 -0.045241 -1.3204 1.7727 0.82197 0.24726 1.5563 -0.99993 1.0378 -0.4519 -2.6687 -0.1313 0.56724 1.3957 -1.6952 -0.78227 -0.97606 -0.22914 -0.48542 -1.1519 0.12881 0.79354 0.3316 0.52953 -0.26802 -0.0028727 -1.4151 0.56767
0.090387 1.4396 0.9101 -0.59592 0.12503 0.65329 -0.27459 0.11846 -0.53522 0.21625 0.32055 0.45492 -0.56417 -1.7068 1.24 0.61039 0.11784 1.4038 -0.36936 1.4443 -0.081554 -1.7951 0.28901 0.89482 0.61884 -1.3986 0.17124 -1.4021 -0.97403 -0.0042018 -1.3022 0.1627 -0.13028 0.84292 1.1905 -0.45938 -0.34471 -1.9 0.96941
-0.010306 1.0878 0.84206 -2.0645 -0.56096 -0.95612 -0.61617 -1.9495 -1.0449 -0.33281 2.5124 0.92659 -0.090625 -1.3011 0.7148 -0.10497 0.15994 0.28996 -0.28361 1.0034 0.35166 -1.2749 -0.10747 0.060117 -0.27578 -1.0074 0.93924 -1.5208 -1.3772 0.16781 -1.4527 0.056252 -1.1498 0.54336 1.3449 -0.041274 -0.32497 -1.272 1.1472
-0.27815 1.3205 0.96271 -1.582 -0.097133 -1.1145 -0.6434 -1.0226 -0.92458 -1.9068 1.1916 0.27749 -0.37666 -0.56395 0.023465 -0.80169 0.44386 0.30028 -0.88539 0.40645 0.75512 -0.93173 -0.48973 0.21561 -0.95097 -0.43895 1.0835 -1.3521 -1.2763 0.061682 -1.102 0.026365 -1.1492 0.32297 1.1921 0.19971 -0.37056 -0.49945 1.2421
-0.68982 1.2392 0.64265 -1.1809 0.48403 -0.34402 -0.60166 -0.78424 -0.3806 0.37372 2.0956 -0.08089 -0.58114 -0.19843 -0.36871 -1.019 0.39192 -0.39002 -0.60946 -0.61672 0.32797 -0.41074 0.14095 0.17733 -0.4118 -0.14551 0.74688 -1.1246 -0.6859 -0.57066 -0.4855 0.15891 -0.52427 -0.28999 1.1557 0.57313 0.33107 0.53867 1.4648
-0.40912 1.1794 0.50666 -0.70186 -0.30997 -1.0582 -1.0062 -0.76655 -1.0839 -1.0586 0.78102 -0.6607 -0.64446 -0.30553 -0.66363 -1.292 0.10681 -0.15305 -0.1378 0.082068 0.65833 0.15785 0.5759 0.0089355 -0.33904 0.36778 0.51081 -0.89385 0.2071 -1.2599 -0.37663 0.20788 0.0865 -0.85576 1.048 0.046591 0.44028 0.88308 1.5819
0.20351 1.1339 -0.17853 -0.33442 -0.17398 -1.0539 -1.2095 -0.36812 -1.058 -0.38242 2.0751 0.26284 -0.61011 -0.082589 -0.97686 -1.1213 -0.77439 -0.32296 -0.30571 0.16382 -0.17954 0.49271 0.58929 0.84085 0.49731 1.18 0.56637 -0.74254 0.92413 -1.2796 -0.024709 0.25147 0.33811 -0.87133 1.0387 -0.57725 0.52916 0.48173 1.5356
-0.33622 0.76587 -0.034844 -1.3394 -0.70411 -0.52673 -0.86802 -0.35743 -1.3697 0.30328 1.1151 0.31429 -0.3912 0.30167 -1.2915 -0.35141 -1.3923 -0.38614 -0.58099 0.15839 -0.77766 0.71421 -0.63842 0.79545 0.37188 1.6959 0.80705 -0.52355 1.376 -0.58663 -0.50819 0.39639 -0.40287 -0.77774 1.0058 -1.0125 -0.197 -0.072418 0.9924
-0.77126 0.24656 -0.47374 -2.3104 -0.19723 -1.4011 -0.12057 -1.1848 -0.15559 -0.25204 2.5781 0.044343 0.57442 0.52135 -1.401 0.2432 -1.3155 -0.32291 0.1615 -0.041414 -0.77381 1.3901 -0.54379 0.88626 0.19635 1.9062 1.1212 -0.18618 1.3199 0.73364 -0.764 0.7755 -0.77804 -0.021487 0.97555 -0.86468 -1.2786 -0.59302 0.10322
-0.3875 0.28343 -0.06874 -1.9802 -0.045628 -1.2102 -0.72035 -1.2778 0.13133 -0.61178 2.5365 0.88138 0.85156 0.84839 -1.4029 0.59855 -0.756 -1.0316 0.48744 -0.58969 -0.66466 1.7226 -1.1035 -0.46884 -0.34858 1.7607 1.0741 0.13327 0.82841 1.538 -1.219 1.0048 -0.86494 0.63939 0.50342 0.02852 -2.0918 -0.61886 -0.70638
0.10625 -0.29778 0.51409 -2.1287 -0.3203 -1.2969 -0.8751 -1.7939 0.11116 -1.3609 2.4389 -0.28702 1.0226 1.6644 -1.2641 0.87218 0.29591 -1.3174 0.82852 -0.9392 -0.24283 1.9417 -1.1001 -1.3017 -0.35808 1.3326 0.55413 0.26638 0.31919 1.3234 -1.1974 0.58926 -0.33113 0.89235 -0.25832 0.7894 -2.1598 -0.71982 -1.0634
0.51562 -0.34176 0.48489 -1.6146 -0.96589 -0.36368 -1.3566 -1.124 0.74052 -1.2845 1.9392 -0.10251 1.2208 1.6659 -1.1268 0.88861 0.72688 -1.9863 1.2437 -1.0325 0.35991 1.4501 -0.3244 -2.6292 -0.61892 0.73733 -0.35624 0.39789 -0.096855 0.63097 -0.42463 0.025269 0.39472 0.79565 -0.88649 1.5786 -1.1461 -0.51516 -1.0139
0.71777 -0.58624 0.19547 -1.5426 -1.6343 -0.24525 -1.6937 -1.0431 1.2889 -1.3798 0.5634 -0.112 1.2765 1.114 -1.0658 0.70573 0.45797 -1.9059 1.0541 -0.45999 0.65661 1.0191 0.77029 -2.6978 -1.1412 0.54172 -1.1364 0.4202 -0.26828 -0.15845 0.39002 -0.78006 0.93807 0.307 -1.4704 1.563 0.029892 -0.59499 -0.7534
1.0718 -0.84888 0.86248 -1.4401 -1.5757 0.05005 -1.2954 -1.0199 1.7936 -1.1387 -0.12325 -0.03661 1.3708 0.48908 -0.79168 0.51565 0.35533 -1.4725 0.44094 -0.10981 0.62203 0.42398 1.3947 -2.2613 -1.0148 0.36754 -1.0772 0.48152 -0.22219 -0.19769 1.2394 -1.2981 1.1276 -0.015101 -1.7402 0.97243 1.4053 -0.18171 -0.46903
0.75618 -1.0219 0.56837 -1.569 -1.9534 -0.13777 -1.3199 -0.87721 1.5811 -0.59069 -0.62882 -0.7326 1.4433 0.21633 -0.6811 0.57374 0.1662 -0.91257 -0.42364 0.33663 0.32007 -0.46948 1.4395 -1.4541 -1.3798 0.1891 -0.55231 0.57364 -0.3907 0.33832 1.3389 -1.3158 0.68734 0.0065286 -1.8366 0.0037659 1.9889 0.51709 -0.43478
0.80039 -1.0693 1.0063 -1.5912 -1.8383 -0.043344 -1.273 -0.58027 1.0803 0.55975 -0.482 -1.2704 1.4746 0.18467 -0.458 0.55539 0.48232 -0.36478 -0.77724 0.66135 0.53501 -1.2678 1.4458 -0.27007 -0.88126 0.087637 0.19825 0.65289 -0.59026 0.95511 1.2169 -0.87822 0.22918 0.14048 -1.3706 -0.92726 2.0762 1.3032 -0.50364
0.69392 -1.1551 0.94705 -1.4971 -2.0187 -0.68659 -1.2562 -0.93984 0.74524 0.26623 -0.372 -1.463 1.4431 0.2793 -0.20538 -0.026715 1.0278 -0.17091 -1.1344 0.42201 0.7531 -1.7894 0.72637 0.53917 -0.17267 -0.083828 0.74341 0.7633 -1.0595 1.2985 0.91092 -0.23487 -0.43705 -0.013313 -0.74833 -1.4957 1.2489 2.072 -0.7421
0.96876 -1.1681 0.94229 -1.2913 -2.1062 -0.89572 -1.0559 -0.69195 0.314 0.27105 -0.42261 -1.7182 1.4046 0.81947 0.14065 -0.2678 1.736 0.23632 -1.0668 0.25694 0.74426 -1.6413 -0.30778 1.162 1.011 -0.38315 0.83998 0.90609 -1.3716 1.0579 0.80876 0.41902 -0.7896 -0.34255 -0.13455 -1.2542 0.14049 2.0434 -1.1161
1.1025 -1.1874 0.99036 -0.80232 -1.8603 -0.9915 -0.69252 -0.14889 -0.24609 0.62774 0.091615 -0.62875 1.404 1.2405 0.38886 -0.97087 2.0068 0.34182 -0.76809 -0.29956 0.22609 -1.7671 -0.98881 0.4755 1.8623 -0.88397 -0.068434 1.1404 -1.1422 0.45539 1.0851 0.84369 -0.72988 -0.47547 0.27689 -0.28744 -0.57922 1.2958 -1.4473
1.234 -1.0876 0.55942 -0.22099 -1.8375 -1.3658 -1.0332 0.07476 -0.69177 -0.21867 0.51273 -0.35052 1.2669 1.2192 0.87166 -1.5092 2.0006 0.75861 -0.053242 -0.47658 0.10679 -1.5394 -0.47228 0.030442 2.2315 -1.4815 -1.5519 1.2551 -0.88977 -0.26441 1.0114 0.90925 -0.4263 -0.4211 0.70247 0.47838 -1.0796 -0.10352 -1.4901
1.6585 -0.72848 0.38743 0.37104 -1.6396 -1.2893 -1.2109 -0.052878 -0.53685 -0.8516 1.0147 0.46661 0.91171 -0.037896 1.4784 -1.516 1.7525 1.4216 0.17286 -0.59808 0.096549 -1.2804 0.15194 -0.16983 1.8314 -2.0891 -2.4946 1.0242 0.078359 -0.61436 1.081 0.68191 0.0056074 -0.17878 1.1268 0.94862 -0.68322 -1.1898 -1.0375
2.0812 -0.64214 -0.18625 0.3716 -1.6435 -1.0264 -1.852 -0.97408 -1.639 -0.70281 -0.71763 0.86476 0.30538 -1.3245 1.8521 -1.6359 1.3452 1.4236 0.41681 -0.41205 -0.05025 -0.47602 0.14375 -0.86322 0.80333 -2.4106 -2.5559 0.38608 1.1628 -0.42898 1.078 0.32695 0.33736 0.35482 1.644 1.1729 -0.32202 -1.6419 -0.15005
1.7446 -0.010036 -0.73377 0.55716 -1.192 -0.62199 -1.4114 -0.57742 -1.2593 0.3841 -0.42935 1.1023 -0.28687 -1.9648 1.7385 -0.74784 1.1481 1.8559 0.46547 -0.34113 -0.037742 -0.044006 0.75577 -0.57546 0.15077 -2.2498 -1.3368 -0.5015 1.5607 -0.22265 0.6061 0.11187 0.73558 0.65262 1.8342 0.92322 0.14521 -1.0135 0.95071
0.19167 0.69126 -0.30574 0.7193 -0.3394 -0.92792 -1.3803 0.12852 -1.5229 0.95594 -0.037644 0.53547 -0.84969 -2.4047 1.4307 0.28302 1.4705 2.383 0.511 0.0069974 0.96992 1.1283 1.7701 -0.48993 -0.27049 -1.6636 0.69354 -1.5214 1.3014 -0.40663 -0.35434 0.019571 0.77159 0.47906 1.1624 0.17562 0.63115 0.1518 1.9371
-0.39021 0.88446 -0.91467 0.90143 -0.72803 -0.69406 -1.1372 -0.1283 -0.49245 -0.22434 -0.90791 0.22341 -1.0564 -1.8944 0.77758 0.4409 1.2518 1.9742 0.37699 0.55032 1.0178 1.5827 1.3357 -0.07767 0.30022 -0.7802 2.7795 -2.3239 0.22258 -1.1373 -2.1236 -0.01023 0.56628 -0.22352 0.38016 -0.86222 0.82819 1.0333 2.5735
0.029366 0.67573 0.16387 1.3529 0.096982 -0.887 -1.8552 -0.33505 -0.84166 0.51164 0.33228 0.20635 -1.0224 -0.10778 -0.4182 0.20391 0.50389 0.7498 0.51518 0.56759 0.48303 1.0363 0.21208 0.20881 1.0232 0.27975 3.7226 -2.5295 -0.33159 -2.101 -3.2754 -0.28679 0.0085271 -0.73227 -0.81661 -1.6036 0.97605 1 2.6626
-0.17763 0.79751 0.71259 2.2168 0.87159 -0.35932 -1.2915 1.3628 1.1986 2.4945 -0.5793 0.59926 -0.89576 1.887 -1.5349 -0.28039 -0.55361 -0.97603 0.45387 0.41941 -0.23208 0.7679 -0.38174 0.81866 1.586 1.328 2.8126 -1.9511 -0.47613 -2.5508 -3.2799 -0.67615 -0.2432 -0.4934 -1.2901 -1.8105 0.69983 -0.21939 2.2075
0.33104 0.29599 -0.53281 1.281 0.0027672 -0.4824 -0.79058 -0.02272 0.027298 1.027 -0.91735 1.9085 -0.61691 2.3997 -1.9818 0.041007 -1.6527 -1.7655 -0.12756 0.068621 0.071737 -0.084773 -0.91264 1.1225 1.1012 1.9891 0.87435 -0.82584 -0.27052 -2.2413 -1.9234 -1.1042 -0.064037 0.050887 -1.3731 -1.5284 0.54167 -1.7621 1.349
1.4005 -0.50089 -0.7648 0.6459 -0.75881 -0.023408 -0.73909 0.010822 -0.53831 -0.074979 0.48073 2.1779 -0.0056815 1.9118 -1.9663 -0.34908 -2.5549 -2.3995 -0.73325 0.32449 0.20988 -0.42135 -2.097 0.93371 -0.19678 2.268 -1.0804 0.25269 0.090111 -1.0321 0.13533 -1.0757 0.21585 0.79616 -0.93 -0.81686 -0.11532 -3.0386 0.31103
1.961 -1.1476 -0.65987 -0.058772 -1.8738 -0.62448 -1.2523 -0.56281 -0.060019 -0.13895 1.1839 1.9627 0.6596 1.4567 -1.699 -0.25082 -2.7894 -1.8437 -1.237 0.47531 0.40966 -1.0992 -2.307 1.2803 -1.6715 2.1959 -2.1059 0.91884 -0.16536 0.48336 1.7595 -0.48136 0.65701 0.92677 -0.15166 0.13717 -0.92063 -3.0485 -0.59235
1.6934 -1.1988 0.20225 -0.55394 -1.7291 -1.2504 -1.6041 0.60803 -0.60673 -0.93608 0.54814 0.80622 1.0404 0.4227 -1.2279 0.047075 -1.9696 -0.71196 -1.2764 0.60054 1.3364 -0.57151 -1.5017 0.45983 -3.202 1.7768 -2.1977 1.0736 -0.49439 1.6406 2.8205 0.3986 1.1085 0.72255 0.44556 0.86773 -1.6254 -1.9371 -1.2097
1.3427 -1.2145 -0.060029 -0.87241 -1.4238 -1.7179 -0.91492 0.76766 -0.52882 -1.4435 0.85576 -0.39421 1.2696 -0.63455 -0.70126 -0.45059 -1.0349 0.40081 -0.87161 1.1414 1.5246 -0.30429 -0.93628 -0.64753 -3.5908 1.1908 -1.7468 0.81536 -1.0477 1.8767 2.46 1.0855 1.3285 0.0049573 0.92018 0.99453 -2.0195 -0.21639 -1.3539
1.4141 -1.1611 -0.3597 -0.88218 -0.83834 -1.5994 -0.071801 1.4695 -0.83346 -0.66836 0.92911 -0.9484 1.3786 -0.98617 -0.53625 -1.1546 -0.31141 1.3076 -0.052379 2.0478 1.2329 0.077478 -0.90705 -1.6207 -3.178 0.63592 -0.84205 0.4646 -1.0942 1.3268 1.3381 1.2182 1.0097 -0.80805 0.81196 0.68043 -1.5979 1.4389 -1.1059
1.2104 -1.5516 -0.91692 -0.9108 -1.2551 -1.6183 -0.27486 1.3107 -0.87308 -1.452 -0.13965 -1.9741 1.3961 -0.97224 -0.58159 -1.5843 -0.046754 1.3578 0.48153 2.2201 0.51107 0.419 -0.45106 -2.0428 -2.1354 0.3769 -0.040884 0.27858 -0.30324 0.54561 0.14488 0.71685 0.30301 -1.2424 0.76545 0.54414 -0.67689 2.371 -0.70412
0.95701 -1.5612 -1.19 -0.50207 -0.83605 -0.99166 0.1414 1.6131 -0.58049 -1.3433 -0.15277 -2.1813 1.4927 -0.916 -0.45706 -1.4069 0.057844 1.0971 0.66099 1.9324 0.15844 0.69375 -0.27954 -2.3019 -1.0253 0.23255 0.45889 0.49788 0.50644 -0.00931 -0.89357 -0.26549 -0.44216 -1.4554 0.37753 0.72225 0.51227 2.6992 -0.40844
0.88725 -1.7996 -1.4604 -0.62375 -0.43217 -0.95024 1.0391 1.1213 0.2255 -1.8542 -1.4765 -2.2211 1.4361 -0.73749 -0.24567 -0.87435 -0.19028 0.74742 0.3149 1.7468 -0.54948 0.92174 -0.084001 -1.7911 0.12713 0.15112 1.0072 0.92378 1.0968 -0.037854 -1.4202 -1.0859 -0.9495 -1.3483 -0.33526 0.86691 1.685 2.387 -0.36578
0.56328 -1.7668 -1.3529 -0.92059 -0.21678 -1.0244 0.99967 1.3668 -0.24702 -1.4147 -1.894 -2.0786 1.5532 -0.27331 0.18644 -0.55381 -0.27028 0.073415 -0.52371 1.4365 -1.3026 0.58674 0.46586 -0.68059 1.1506 0.029852 1.3212 1.3534 1.5161 0.48996 -1.4173 -1.1523 -1.7701 -1.28 -1.0302 1.0145 2.7172 1.6454 -0.64023
0.52303 -1.5847 -1.6721 -0.83129 -0.35837 -1.0272 1.3944 1.2124 0.27128 -1.4086 -1.7254 -1.7419 1.5462 0.52206 0.75535 0.042763 0.032159 -0.57273 -1.2327 0.66988 -1.5957 -0.1882 1.0497 0.72736 1.6033 -0.16535 1.0189 1.6331 1.9115 1.397 -0.9496 -0.33889 -2.2993 -0.83045 -1.4002 0.7217 2.6211 0.62239 -1.2441
0.7993 -1.5285 -1.3265 -1.1242 -0.45187 -1.3732 1.6579 0.46624 0.35617 -0.83613 -1.2554 -0.90208 1.5206 0.83408 1.4759 0.96781 0.86963 -0.68024 -1.0137 -0.86422 -2.01 -0.79762 1.3506 2.2334 1.5597 -0.7377 0.11771 1.3154 1.9714 1.6642 0.021308 0.87111 -2.1643 -0.063116 -1.1616 0.34324 1.5133 -0.071578 -1.5667
0.98749 -1.2883 -1.7197 -0.89716 -1.4312 -2.3945 1.1679 -0.66345 -0.19324 -0.88075 -0.78079 -0.60302 1.3885 0.54546 2.0474 1.9335 1.8953 -0.51115 -0.15148 -1.4293 -1.9283 -1.1703 1.0289 2.3402 1.1714 -1.6605 -0.43553 0.29014 0.5198 0.93222 0.40114 1.4483 -1.5075 0.54857 -0.24516 0.090476 0.23615 -0.65563 -1.1188
1.6555 -0.55209 -0.94759 -0.18625 -1.0282 -2.3769 1.0335 -0.21144 -0.90431 0.1688 0.70701 -0.3183 1.2376 -0.067854 1.9053 2.1808 1.964 0.072091 0.80831 -1.5873 -1.2319 -1.2306 1.202 1.7257 1.2083 -1.988 -0.43841 -1.0469 -1.0416 -0.75857 0.36836 1.0672 -0.44682 1.0453 0.82588 0.086021 -1.2806 -0.82887 0.1412
1.3557 0.079894 -0.019571 0.45845 -0.64337 -1.6222 -0.46175 -1.3725 -0.93715 -0.064174 1.2155 -0.532 0.3885 0.196 1.0567 0.41687 1.2528 -0.2681 0.96146 -1.812 -0.77544 -0.45273 1.2957 1.4551 0.43649 -1.5143 0.019279 -2.0988 -2.1963 -2.3116 -0.26615 0.063398 0.17474 1.0369 1.6062 0.18591 -2.2932 -0.88342 1.5805
0.60481 0.66351 0.80201 1.2743 -0.67195 -0.61004 -0.12192 -0.68645 -1.6049 -0.33834 0.45934 -0.65253 -0.52416 0.2266 0.07613 -0.19695 -0.27088 -0.17718 0.72121 -1.5296 -0.31736 0.49823 1.3791 -0.10302 0.2333 -0.55865 0.73017 -2.2685 -2.1521 -2.747 -0.95053 -0.94349 0.58434 0.7319 1.5577 -0.046747 -2.6199 -0.99636 2.3754
0.4146 0.09557 0.15737 0.60696 -0.37173 -0.20396 0.27356 -0.34491 -0.89096 0.67923 0.12662 0.57276 -0.2804 0.43849 -0.82998 -0.94794 -1.4156 -0.84996 0.039796 -1.1507 -0.13459 1.1758 1.3212 -1.6959 -0.14556 0.41989 0.81451 -1.5444 -0.54256 -1.9837 -0.88713 -1.1672 0.37568 0.15332 0.7109 -0.59151 -2.001 -0.62507 2.153
1.8452 -0.85867 -2.4289 -0.38504 -1.7226 -1.5289 -0.61415 -1.206 0.065303 1.1928 1.307 -0.6898 0.53567 1.1286 -1.2493 -1.1248 -1.9617 -1.274 -0.73339 -0.84333 0.048119 1.069 1.0601 -2.3499 -0.53416 1.2445 0.39909 -0.27961 1.1211 -0.24448 -0.69412 -0.50515 -0.13221 -0.33123 -0.55503 -1.2263 -0.47356 -0.38241 0.9949
1.5382 -0.94041 -1.1318 -1.2855 -1.3579 -2.0161 -0.72574 -1.0138 0.26785 1.2737 -1.0481 -0.26537 1.0857 1.2143 -1.0728 -0.11417 -1.7036 -1.248 -0.79147 -1.4713 -0.59206 0.68728 0.13199 -1.7453 -0.46038 1.3907 -0.72445 0.79562 2.6086 1.2797 -0.044153 0.79183 -0.25036 -0.4977 -1.2983 -1.6736 1.0033 0.25075 -0.35347
1.8284 -0.92428 -0.78235 -0.97039 -1.5848 -1.745 -0.69399 -0.57027 0.36373 1.723 -1.686 -0.82063 1.1575 0.56149 -0.31386 1.4849 -0.60666 -1.1755 0.070408 -1.6367 -0.7562 -0.35643 -0.74088 -1.1265 -0.39787 0.7164 -1.518 1.0926 2.3394 1.9629 -0.00033616 1.7653 -0.072346 -0.45889 -1.084 -1.5742 2.2687 0.69031 -1.1797
1.9958 -0.86673 -0.49597 -0.88197 -1.7725 -1.7342 -1.2636 -1.142 -0.24501 0.74043 -1.9736 -1.2932 1.0091 -0.57415 0.12985 2.6121 0.33832 -0.98199 1.3412 -1.2427 -0.75514 -0.69247 -1.4733 -0.18867 0.28155 0.062083 -1.4124 0.68851 1.0238 1.4518 -0.068557 1.7481 0.45458 -0.085812 -0.41478 -0.7901 2.304 1.0238 -1.1191
1.5259 -0.69076 0.49283 -0.54835 -1.8086 -1.1059 -1.713 -1.6058 -0.59214 -0.23908 -0.86748 -0.36275 0.86473 -0.69941 0.11254 1.8765 0.75372 -1.4146 1.9824 -1.1129 -0.81025 -0.3948 -1.6144 1.7044 0.48141 -0.17277 -0.65397 0.056726 -0.27637 0.31102 0.24525 0.9498 0.74856 0.43813 0.34549 0.33931 1.6027 1.0512 -0.4582
1.383 -0.62754 0.59653 -0.48508 -2.0839 -0.45619 -1.7538 -1.614 -1.0573 0.19086 -0.52318 -0.16927 0.78838 -0.68765 -0.051592 1.6079 0.37631 -1.253 1.9981 -0.90157 -0.70905 -0.11279 -1.1897 1.7476 1.1628 -0.13929 0.19845 -0.26154 -1.1085 -0.66227 0.67959 -0.31045 0.71147 0.71888 0.45863 0.98714 0.26097 0.27195 0.031166
1.1107 -0.89508 0.56291 -0.45108 -2.76 -0.13417 -1.8217 -2.0369 -0.2547 -0.67776 0.27161 -0.347 0.93621 -0.55132 -0.12801 1.487 -0.044424 -0.62647 1.7826 -0.42508 0.19447 0.050479 -0.1656 1.3098 1.2797 0.010219 0.31499 -0.086362 -0.98327 -0.95744 1.4176 -1.2174 0.59487 0.75761 0.17238 1.0452 -0.82025 -0.15694 0.068123
1.0785 -0.82224 0.8905 -0.41959 -2.7638 0.40522 -1.8103 -1.5689 0.090071 -0.50231 0.77858 0.023218 0.99594 -0.28596 -0.22869 0.75939 -0.54042 -0.2178 0.79043 -0.27387 0.31513 0.0072479 -0.060679 0.53569 0.42064 0.028326 0.18238 0.44662 -0.8767 -0.82775 2.2408 -1.5539 0.47608 0.65219 -0.25911 1.0851 -0.73819 -0.29951 -0.19902
1.455 -0.97794 1.0838 -0.6355 -2.6396 0.45727 -1.914 -1.6229 -0.20654 0.080779 -0.19343 0.70575 0.89081 -0.32859 0.038172 0.48617 -0.62954 0.49149 -0.0013613 -0.33237 0.33292 -0.10325 0.085325 0.51866 0.5211 -0.13355 -0.3657 1.0696 -1.0522 -0.70569 2.8393 -1.6375 0.44988 0.16741 -0.37924 0.65537 -0.43969 -0.58769 -0.472
1.243 -0.84658 1.6147 -0.91573 -2.015 0.46112 -1.877 -0.75801 -0.75626 0.41449 -0.081218 0.58493 0.93551 -0.46566 0.66354 0.49196 -0.92504 2.0233 -0.41608 -0.076042 0.6521 -0.54477 1.0366 0.52745 0.92163 -0.41637 -1.1016 1.6478 -1.2244 -0.34185 2.9373 -1.3573 1.4695 -0.058594 0.38922 0.32242 0.20328 -0.43311 -0.55291
1.0344 -0.94313 0.97129 -1.1488 -2.2593 -0.36067 -2.0951 -1.6773 -0.77666 -0.75188 0.12155 -0.36502 0.82678 -1.113 1.3476 -0.3219 -1.2129 3.1147 -1.0988 0.29882 0.42217 -0.42191 0.6956 0.33839 -0.17558 -0.59868 -1.3558 1.5204 -1.5311 0.34332 2.3324 -1.3106 2.463 -0.44126 1.1141 -0.3206 0.3783 -0.43558 -0.41714
0.83962 -0.51024 0.9362 -0.96151 -1.889 -0.34254 -2.1493 -1.45 -0.64046 0.14789 0.95589 0.71782 0.64003 -1.8677 2.081 -1.0994 -0.91456 3.5003 -1.5471 2.143 0.18456 0.95053 0.31423 1.0292 -0.12241 -0.71331 -1.1144 0.98673 -1.1638 1.2671 0.98028 -0.85636 2.74 -0.54168 1.342 -0.90595 0.33541 -0.05917 -0.22513
0.64789 0.14161 1.4334 -1.5493 -0.2234 -0.20542 -1.6757 -0.76393 -0.77164 1.4911 1.1595 1.4499 0.45288 -2.0584 2.0641 -1.5515 0.008138 3.7455 -2.2223 3.1514 -0.3356 1.3784 -0.28286 1.0465 0.14673 -0.7194 -0.42442 0.05652 -0.64509 1.9912 -0.36689 -0.10142 1.8654 -0.24924 0.75696 -1.1112 -0.18059 0.66705 -0.21216
-0.064 0.86531 0.32462 -1.9358 0.58859 -1.0835 -1.3465 -1.0523 -0.49288 0.2142 0.23976 -0.91719 0.32183 -1.99 2.0775 -1.0435 0.87189 3.3818 -1.6708 3.6098 -0.08553 1.2389 -0.48656 0.8601 0.62732 -0.7511 0.19779 -0.97515 0.013538 2.1449 -1.6932 0.71651 -0.086389 0.16471 -0.29294 -1.089 -1.0012 0.76505 -0.2828
-0.58719 1.4481 -0.12812 -1.434 0.57267 -1.6535 1.4317 -1.3639 1.7439 0.18798 1.4252 0.81378 0.15716 -1.809 1.4441 -1.5355 1.6845 2.5378 -1.2412 3.0395 0.064544 0.95114 -1.3662 0.0030366 0.78892 -0.95195 0.79064 -1.4989 1.0605 1.8451 -2.1841 1.9416 -1.579 0.89159 -0.78901 -0.56058 -0.88089 0.59265 -0.29609
-0.72718 0.99788 -0.15649 -0.37773 1.2928 -2.8598 1.1518 -1.808 0.5924 -0.83823 1.5038 0.62058 0.20979 -1.6314 0.62532 -1.0682 2.3312 1.1938 -0.49519 2.0174 0.3749 0.58786 -1.5577 -0.62877 1.0946 -1.094 1.1619 -1.6359 1.493 1.0627 -1.8075 2.5617 -2.8393 0.94418 -0.85678 0.5099 -0.77714 -0.27909 -0.11392
-0.75052 1.5382 0.40015 -0.022617 0.78971 -1.5342 1.138 -1.43 0.3312 -0.71629 1.4866 1.1971 -0.12211 -0.81128 0.080029 0.44707 2.7899 1.0871 1.3486 0.97032 1.3753 0.13847 -1.0027 -0.1308 1.1016 -1.0684 1.0514 -1.2407 1.7987 -0.096883 -1.4737 2.6459 -2.7229 0.65678 -0.32158 1.7676 -0.39689 -0.99437 0.18373
-0.95385 1.2425 -0.89472 0.49514 1.2765 -1.3458 0.58905 -0.63509 0.39156 -1.0384 0.31183 1.9982 -0.62901 -0.39535 -0.1978 0.75558 2.3362 1.0006 2.5173 -0.69332 1.3124 -0.055367 0.42268 -0.77219 -0.10809 -0.89147 0.86436 -0.8307 0.92663 -1.2722 -0.9969 1.5574 -1.7 0.13479 0.20861 1.943 0.023675 -1.5274 0.58326
-1.3625 1.0444 0.20676 0.49961 1.1556 -1.0698 0.7458 -0.25926 0.43164 -0.80628 -0.25792 1.6445 -0.76125 -0.53204 -0.38888 0.91152 1.4841 0.1003 2.9154 -0.72497 1.036 0.63934 1.4914 -0.809 -0.63917 -0.72593 0.44858 -0.42571 -0.19154 -2.2455 -1.2012 -0.23648 -0.68512 -0.52621 0.38953 0.99804 0.49108 -1.8424 0.8858
-0.79592 1.209 1.1325 1.4369 1.9435 0.68519 1.0346 0.64989 0.77262 -1.258 1.4698 0.35057 -0.68208 -0.21216 -0.64541 0.43668 0.54127 -0.029344 2.0597 -0.3388 0.87116 0.76124 1.4274 -0.2715 -1.1453 -0.23207 0.27049 -0.28997 -1.011 -2.3647 -1.077 -1.5095 0.19215 -0.59939 -0.052455 -0.25521 1.295 -1.4399 0.90522
-0.98533 1.1042 0.40127 1.3309 1.6156 0.81204 0.39332 -0.69318 1.4834 1.4599 0.37533 0.58627 -0.6179 -0.091154 -0.47103 0.26431 -0.61464 -0.46469 1.0848 -0.50997 0.51235 0.51474 0.65592 0.6394 -2.1288 0.1696 0.086178 -0.26952 -1.4331 -2.1681 -0.8189 -2.1538 0.17749 -0.87501 -0.81966 -1.3687 1.0205 -0.26889 0.75026
-1.4935 0.57031 0.7638 1.0447 0.66781 0.67325 0.19574 -0.59958 1.1336 1.1184 0.1263 0.20392 -0.73173 -0.1241 -0.68681 -0.78684 -1.144 -0.5708 0.22136 -0.46073 0.33456 -0.089837 0.25437 1.2481 -2.296 0.26277 -0.099751 -0.13424 -0.81067 -1.2477 -0.66837 -1.8777 0.21301 -0.95433 -0.89094 -1.9606 0.17438 0.77359 0.50009
-0.86651 0.75462 -0.0035187 0.30178 0.98122 0.56719 0.90624 0.4781 1.1931 0.28256 0.81041 0.31067 -0.5172 -0.41559 -0.86139 -1.1277 -1.8274 -1.0402 -0.7527 -0.35137 -0.52334 -0.56173 -0.94882 0.58706 -0.62216 0.35488 0.088647 0.040333 0.091548 -0.058954 -0.15087 -1.2685 0.43177 -0.96002 -0.23998 -1.8386 -1.0328 1.641 0.36482
-1.2052 0.76557 -0.16606 -0.3228 1.0555 -0.29473 -0.15677 0.3349 0.9232 -1.0766 1.3967 -1.5634 -0.48016 -0.22358 -0.69947 -0.36086 -1.2483 -0.89472 -1.0191 -0.038931 -0.60783 -0.46927 -2.0943 0.096018 -0.34317 0.56151 0.16187 0.39136 1.5044 1.0199 -0.062431 -0.51176 0.37425 -0.68482 0.46893 -1.1204 -2.0552 1.6572 0.14463
-1.3361 0.16669 -0.16424 -0.0028201 1.0256 0.088695 0.53889 0.23768 0.24461 0.053685 2.2901 -1.8385 -0.46955 0.12351 -0.39914 0.23554 -0.68793 -0.5685 -0.99158 0.068032 -1.0254 0.23376 -2.2263 -1.032 0.209 0.66746 0.77545 0.12547 1.178 1.0154 -0.18571 0.15197 0.32055 0.05601 0.91299 0.55803 -1.8977 1.5947 0.21997
-1.339 0.14992 -0.14797 -0.4478 0.51774 -0.020873 0.42098 -1.379 0.43694 -1.6711 1.0077 1.2188 -0.24196 -0.097143 -0.21936 1.3431 0.22157 -0.9208 -0.73976 0.010719 -0.83629 0.45531 -1.5892 -2.3824 0.63549 0.36469 1.375 -0.11006 0.24471 -0.097691 -0.33413 0.18255 -0.20839 0.49461 0.74032 1.6521 -1.1467 1.4782 0.37939
-1.3004 0.26673 0.43562 0.22394 0.24546 -0.60583 0.29187 -1.365 1.2377 -1.2291 -0.51233 -0.12572 0.028231 0.9203 -0.88237 0.22494 -0.63577 -1.3527 -0.55552 0.20438 -0.25058 0.80434 -0.0048899 -2.2759 2.1087 0.84461 1.7577 -0.0072076 -0.15767 -0.80776 -0.12708 0.41632 -0.64498 0.89147 -0.052654 2.4913 0.5076 0.55741 0.26452
-0.96383 0.35336 0.88032 -0.072138 0.40787 -0.62141 0.53081 -0.93472 1.8014 -2.5935 -1.0691 -0.025341 0.0012617 1.8545 -0.66351 0.1135 -1.4738 -1.0826 -0.83499 -0.51722 0.098957 0.72949 0.38962 -1.7738 1.691 1.1459 1.5361 0.32604 -0.21786 -1.1437 0.19112 0.69987 -1.0574 0.90121 -1.1563 2.2597 2.1812 -0.062916 -0.034795
-1.2023 0.58765 1.4501 0.46041 0.17565 -0.46876 0.54549 0.11472 1.3041 -1.7824 -1.6917 0.016763 -0.36385 2.3119 -0.19724 0.57114 -1.396 -0.71257 -0.042566 -0.89585 0.44777 -0.0004948 2.2182 -0.28037 0.79832 0.74688 0.16567 0.84746 0.43731 -0.42144 -0.07081 0.75299 -1.5529 0.57158 -2.1726 1.5363 2.6734 -0.65424 -0.7062
0.072134 -1.2414 -1.1883 -1.8748 -0.5346 -0.84225 0.16481 -0.26394 1.5649 0.46781 -0.10989 2.0092 0.8578 1.9731 0.018861 0.77888 -1.5957 -0.92023 0.51072 -1.4395 0.77615 -1.4402 2.2257 1.2649 1.1499 0.35475 -1.2166 1.0684 0.30535 0.9653 -0.079846 0.87891 -0.84465 0.33946 -2.0212 0.29057 1.9653 -0.63891 -1.3397
0.70126 -0.25859 0.39314 -1.7335 -0.0077169 -1.0838 -0.30635 -0.80879 1.1071 -0.2992 -0.35693 1.1049 0.95065 1.1643 0.29751 0.71946 -1.3927 -1.5624 0.39201 -2.2628 0.66924 -2.4352 2.4178 1.9054 1.0395 -0.0048387 -2.5779 1.2254 0.35956 2.6102 0.63084 0.59074 -0.027029 0.56389 -0.7755 -1.5928 0.31812 -1.2424 -1.8006
0.73581 0.66502 1.5717 -1.0071 -0.16116 0.27083 -0.66871 -1.0619 0.61787 1.636 -0.023321 1.3644 0.17414 0.24769 1.0087 0.62116 0.35545 -0.80169 0.83701 -1.4356 0.75144 -2.0758 0.90005 1.3153 0.2617 -0.84245 -2.9114 0.7663 -0.29363 3.2243 1.2856 0.27297 1.0973 0.76997 0.46852 -2.3964 -0.91177 -1.4507 -1.7487
0.1356 0.38178 1.6919 -1.2406 -0.81052 0.0026692 -1.2099 0.61825 -1.0907 0.42103 1.0257 0.96737 0.097455 -1.4523 1.5105 1.3326 2.6013 0.30284 1.0682 -0.96823 1.7021 -1.2213 -0.63696 0.34403 -1.2898 -1.8331 -2.1789 -0.087628 -0.84706 2.4962 1.8129 0.03884 2.2363 0.6755 1.1508 -2.7381 -1.7148 -0.96084 -1.042
-0.18856 0.42125 1.0602 -1.6867 -1.5904 -0.54417 -2.0829 0.36509 -1.6797 0.93871 1.1333 1.7063 -0.092081 -1.9448 0.78707 -0.059758 2.5531 0.34462 0.76791 -0.051365 1.9413 -1.1051 -1.5262 0.057657 -0.64013 -1.818 -0.81256 -0.8722 -0.75156 0.76773 1.2984 0.072312 2.4903 -0.28849 1.2159 -1.5277 -1.7872 -0.22865 0.037765
-0.44222 1.1727 0.60747 0.8093 -0.15832 0.61673 -0.23325 0.75921 -0.39503 -0.31472 -0.19392 0.78238 -0.94214 -1.6493 0.2431 -0.5013 2.2636 0.96612 0.52184 1.2139 1.5544 -0.61804 -2.3974 -1.1759 -0.47102 -1.3553 0.56094 -1.2108 -0.25245 -0.96371 0.46719 0.31463 2.3575 -1.5436 1.2998 0.015774 -1.298 0.050656 1.0389
-1.2243 0.73885 1.1722 1.275 0.51654 0.40122 -1.1528 1.7206 0.63546 -0.67945 0.11677 -0.62851 -1.0407 -1.1084 0.062323 0.1545 1.9778 1.0861 1.2769 2.1179 0.24891 0.055015 -1.595 -1.7901 -0.6245 -1.0119 0.87767 -0.89649 0.88601 -1.9511 -0.20627 0.42523 0.86541 -2.271 1.1584 1.5166 -0.45537 -0.34666 1.435
-0.96712 0.91775 0.92019 0.59493 -0.13527 0.13371 -0.40521 1.2895 -1.5753 -1.8742 0.067784 1.12 -1.1153 -0.85694 -0.31772 0.77003 1.0353 0.72615 1.4979 2.343 -0.70568 0.79831 -0.59465 -1.5484 -1.2081 -0.398 0.62655 -0.36279 0.64131 -2.3385 -0.84291 0.056831 -0.54357 -2.1676 0.69874 2.2912 0.96626 0.24905 1.2874
-0.87095 0.66538 1.1764 0.80212 0.22947 0.88875 0.65771 1.2388 -1.1876 -1.592 -1.5588 1.0207 -1.1047 -0.7582 -0.55635 0.96618 -0.57237 0.10383 1.2003 0.98516 -1.7344 0.50452 0.86989 -0.76525 -0.98768 0.24125 0.16467 -0.053068 -0.25717 -2.0867 -0.41702 -0.65948 -1.5814 -1.2444 0.74637 2.1067 1.8747 0.68439 0.92399
-1.042 0.42671 1.7839 0.68537 -0.29504 1.7285 0.81443 0.35924 -0.88707 -0.88849 -1.0865 -0.030411 -0.96561 -0.69285 -0.10896 0.29942 -0.94084 0.0047995 0.69385 0.74229 -2.039 0.55836 1.3656 0.35131 0.20239 0.29534 0.15253 0.20101 -1.1914 -1.3222 0.13861 -1.1157 -1.8591 -0.18815 0.55157 1.1105 2.0596 1.5531 0.47681
-1.3051 0.3492 1.624 0.39693 -0.24713 1.5111 0.81296 -0.68156 1.0455 0.32929 -1.0186 -0.86881 -0.76451 -0.8889 -0.14493 -0.074456 -1.0326 0.72461 0.28295 -0.063477 -1.7001 1.6711 2.0158 1.248 0.044794 0.27655 0.45584 0.15592 -1.6922 -0.31654 0.61928 -1.3349 -0.95948 0.91815 0.28869 -0.2142 1.1536 1.6032 0.14707
-1.6014 0.55235 1.7107 0.35891 0.55771 1.7131 -0.18753 -0.93058 0.23911 0.63891 -0.69155 -0.77858 -0.75435 -0.51187 -0.16813 -0.91115 -1.273 0.64638 -0.41373 -0.63463 -1.0851 1.3227 1.2398 1.8294 1.4117 0.42945 0.66135 -0.1633 -1.4761 0.092012 0.46449 -1.3117 -0.079217 1.4783 -0.47762 -1.3969 -0.18896 0.70996 0.10727
-1.7885 0.88756 1.0229 -0.091204 0.20751 0.50287 -0.022433 -0.39056 -0.062016 0.059795 1.1793 1.6604 -0.8772 -0.023929 -0.25277 -1.5614 -1.0238 0.83788 -1.0844 -0.14327 -0.21359 0.70585 0.43668 0.93712 1.6452 0.43671 0.81467 -0.18252 -0.9058 0.69205 -0.067481 -1.0263 0.91847 1.2152 -1.102 -2.0483 -1.3553 -0.24462 0.090949
-1.6195 0.45966 0.92038 -0.52192 0.74906 0.94205 0.26444 -0.72482 1.0273 1.0138 0.75487 1.0055 -0.85315 0.068724 -0.35669 -1.6881 -0.78236 0.73757 -1.4113 0.61401 0.4105 0.096428 -0.93321 0.068895 0.82857 0.40745 0.67272 -0.0070833 0.24383 1.3633 -0.016869 -0.02773 1.1611 0.30105 -0.89077 -1.4503 -2.0637 -1.6007 -0.068952
-1.1622 0.15212 0.3635 -0.47759 0.40975 0.9114 0.1608 -0.39412 0.85971 0.0053131 0.36213 2.4187 -0.3873 0.29039 -0.38697 -1.3565 0.031101 0.55623 -1.3976 1.0127 0.18341 0.094559 -1.4139 -0.81081 -0.17283 0.45091 1.0182 0.096146 0.54609 1.4472 -0.48306 0.6021 0.6404 -0.31962 -0.48092 -0.36134 -1.348 -1.3935 -0.06829
-1.1751 0.11756 0.1622 -0.24357 0.53973 0.21568 0.8377 -0.3572 0.55816 0.19565 -0.50638 0.60503 -0.41647 0.54547 -0.12098 -0.54623 0.79074 0.75121 -0.30402 0.94233 -0.60237 -0.14006 -1.0405 -1.7549 -0.93812 0.3032 1.5383 -0.18005 0.028805 0.61914 -1.105 0.75974 -0.063674 -0.37339 0.22294 0.99165 -0.044242 -0.85236 0.30304
-1.6913 0.21682 -0.070642 -0.45039 0.87227 -0.44587 1.1656 -0.2282 0.75589 -1.4047 -0.73419 -0.33627 -0.43716 1.5731 -0.20442 -1.1028 0.94113 -0.0043295 -0.33987 0.87222 -0.34995 -0.12705 -0.32832 -1.0745 -0.31017 0.37086 1.9574 -0.60505 -0.62526 -0.66232 -1.6811 0.60272 -0.62801 0.29025 0.50403 1.7001 0.85494 -0.29934 0.84448
-1.3471 0.38908 0.32527 0.56939 1.0669 -0.20397 0.6415 -0.79655 0.076419 -1.2267 -0.73175 0.29178 -0.40046 2.1974 -0.77983 -1.7473 -0.067629 -0.88398 -0.3054 0.54517 -0.080335 0.65961 0.67091 0.073253 -0.84422 0.98555 1.806 -1.0102 -0.93217 -1.6222 -1.794 0.29125 -0.59355 0.99899 0.65165 1.5769 1.516 -0.45417 1.3188
-0.91169 0.69011 0.61331 0.5822 1.0382 1.0995 1.0773 -1.6583 0.31153 -0.26236 -1.2092 1.0539 -0.63096 2.9876 -1.1558 -1.9047 -0.81763 -1.5159 -0.097395 0.015195 0.58064 0.7076 1.4301 0.075947 -0.83992 1.6044 0.75637 -0.65522 -0.25092 -1.9369 -1.1465 0.35925 -0.22185 1.1715 0.42006 0.64868 0.97014 -1.2279 1.1249
0.82387 -0.36977 -1.2244 0.17708 0.13371 0.26551 1.2791 -0.47382 1.2872 0.9614 -0.41976 1.3372 -0.044911 3.0892 -1.4741 -1.8648 -1.4412 -1.5763 0.20906 0.23932 1.1025 0.74986 1.5099 0.88832 -1.6073 2.0191 -0.33464 0.03406 0.65846 -1.0225 -0.16319 0.32263 -0.14939 0.6807 -0.59 -0.63416 0.20153 -0.7016 0.28451
0.81369 -1.146 -1.9904 -1.2134 -0.81294 -0.25951 0.86971 -0.020322 2.0032 0.62707 0.60745 -0.33637 1.1685 2.492 -1.046 -1.4967 -2.0846 -1.6312 0.18244 0.58982 1.5967 0.67327 0.64734 0.56587 -2.4315 1.8442 -1.8351 0.6604 1.2951 -0.037087 0.66563 0.51383 -0.15876 -0.39396 -1.3337 -1.8175 -0.28481 -0.21505 -0.7079
1.2846 -0.8951 -1.3668 -1.0444 -0.48196 -0.27451 0.84574 0.58294 0.91103 1.3101 -1.3543 -1.5379 1.2286 1.8495 -0.78047 -0.71283 -1.4001 -1.1132 0.25602 -0.041752 0.90281 -0.49188 -0.35434 0.22788 -1.4842 1.371 -2.1705 1.175 1.5049 1.0473 1.1315 0.67072 -0.21206 -0.99464 -1.5378 -2.0699 -1.0079 0.85746 -1.5886
0.99786 -1.0893 -1.3304 -1.3213 -0.031726 0.45335 1.5239 0.57177 1.3175 -0.016951 0.95427 -2.0583 1.4449 0.31534 -0.31888 -0.058299 -0.9219 -0.61309 0.98876 -0.16144 -0.12087 -1.3232 -1.6481 -0.23721 -1.3507 0.68044 -2.0579 0.74927 0.9078 1.3787 1.3299 0.59279 -0.15929 -1.1865 -1.0655 -1.2676 -0.73764 1.6993 -1.5585
1.2737 -0.21668 -0.94382 -1.4399 -0.65652 0.75311 1.542 0.65216 1.0429 -0.04585 -0.66966 -1.8103 1.0495 0.28276 0.27399 0.22852 -0.034986 -0.15221 1.2506 0.19796 -0.12149 -1.3106 -1.9059 -0.90425 -0.42228 -0.20306 -1.6666 0.19405 0.026731 0.80004 1.127 0.10077 0.21317 -0.64017 -0.40355 -0.29764 -0.89868 1.2101 -1.0077
1.7297 -0.89725 -1.036 -0.77624 -0.50282 1.0292 0.60512 -0.75375 -0.37354 -0.13889 -0.68445 0.57945 0.96837 -0.41708 -0.22927 -0.26525 -0.14651 0.16167 0.9634 0.15182 -0.38322 -1.0343 -1.382 -0.48257 0.46995 -0.11964 -0.79383 -0.31017 -0.45816 0.43838 1.1391 -0.38792 0.63846 0.15252 0.095633 0.64311 -0.37506 0.87536 -0.42047
0.72463 -1.3578 -2.0999 -1.6076 -1.0164 1.0116 0.92999 -0.27242 -0.095388 -1.7105 -0.30255 -2.0492 1.3472 -0.77365 -0.48251 -0.54566 -0.27246 0.42481 0.49623 0.18108 -0.29265 -1.4332 -1.1664 -1.6093 0.04599 -0.0066673 -0.47775 -0.35605 -0.46434 0.22928 0.8234 -0.51117 0.92807 0.79212 0.65424 1.2785 0.28747 0.35201 -0.056818
1.3979 -0.37973 -1.1967 -1.073 -0.55853 1.1589 1.4709 0.726 0.34259 -1.5252 -1.4826 -1.7926 0.88382 -0.57736 -0.50714 -0.50923 0.021333 1.0446 0.54985 1.023 0.32912 -1.0634 -0.63488 -0.72161 0.17691 -0.15797 -0.0008713 0.052232 0.072211 0.51747 0.62757 -0.49522 0.95086 0.82365 0.89851 1.4774 0.4811 0.45505 -0.049309
0.51767 -1.4149 -1.5305 -1.4051 0.23605 1.0663 1.3534 -0.018722 -0.34099 -0.1734 -0.89002 -0.68046 1.2866 -0.49 -0.23632 -0.49901 0.30619 0.81117 0.37808 1.4808 1.2512 0.016335 0.4961 -0.20085 0.42481 -0.28161 0.15205 0.43585 0.4448 0.56852 0.16067 -0.30073 0.67567 0.51511 1.084 1.0158 0.77013 0.38927 -0.051713
0.34933 -1.3676 -1.8358 -1.7198 0.062658 1.1708 1.6818 -0.093952 -1.1661 -2.0351 -2.068 -1.9558 1.2981 -0.55485 -0.26535 -0.14032 0.53972 1.0375 -0.022748 1.2631 0.64099 0.040448 0.99826 -0.18767 1.19 -0.066611 0.0617 1.214 1.0712 0.84713 -0.24773 -0.027123 -0.14672 -0.006419 0.81503 0.48231 0.68253 0.24244 -0.45937
1.319 -0.83512 -1.4869 -0.83187 0.21861 1.7165 2.5138 0.79387 -0.69278 -0.67946 -1.098 -0.23652 0.5652 -0.50605 0.17539 0.11102 0.54141 0.69678 0.15263 1.3068 0.68936 0.18419 0.2169 -0.25731 0.31555 -0.14104 -0.033621 1.4869 1.6133 1.1413 -0.29422 -0.11912 -1.1148 -1.1287 0.67563 0.46265 1.0819 0.39323 -0.87493
0.88109 -1.3568 -2.1002 -0.52645 -0.2398 1.2902 2.1306 1.3818 0.58006 0.46875 -0.39751 0.28563 0.84818 -0.45284 1.4691 1.1918 1.509 0.66995 0.61698 0.81545 0.63541 0.48575 0.53524 0.73773 0.70995 -1.0372 -0.059548 1.4023 1.6382 1.1513 -0.3599 -0.39082 -2.0913 -2.0329 0.36112 0.44925 0.97683 0.31236 -1.0081
-0.10528 -1.3948 -1.7537 -1.1978 0.43512 0.64612 2.3646 0.3306 -0.030443 -0.63146 -1.367 -1.1162 1.4884 -0.59581 1.5706 1.849 1.9887 0.48339 -0.18385 -0.40319 -1.1149 1.1488 1.715 1.6239 1.449 -1.3395 -0.11251 0.8459 1.2474 0.65736 0.16077 -0.6347 -2.252 -2.4456 -0.21568 0.48601 0.55721 0.76749 -0.8377
0.80795 -0.060838 -0.76207 -0.64078 0.51868 1.6864 2.9867 1.4123 -0.021209 -1.5492 -2.28 -1.6184 0.6445 -0.61136 1.5587 2.0512 2.0022 0.52004 -0.67678 -1.8188 -2.7546 0.28609 1.2072 0.93395 1.2435 -1.2457 -0.26953 -0.085565 0.041956 -0.32271 -0.10187 -0.9097 -1.7341 -1.6543 -0.57695 0.044971 0.12204 0.45283 -0.28071
-0.054764 0.67575 -0.07073 0.68035 0.92574 2.2888 1.9917 0.43107 -0.22986 0.69852 0.89953 0.84656 -0.42602 -0.62336 1.6489 2.0149 1.5375 1.0403 -0.54358 -1.6139 -2.7938 -0.13823 0.91953 0.80692 1.5918 -1.5141 -0.60561 -0.67459 -1.0567 -1.1565 -0.21435 -0.75782 -0.80007 0.10937 -0.44512 -0.68377 0.018326 -0.22398 0.34947
0.31561 0.15965 0.0093754 0.8432 0.10367 0.27608 1.0176 -2.1824 1.2937 1.5495 0.67194 0.96684 -0.34869 -0.91779 1.2685 1.2008 1.1053 0.20972 -1.1335 -1.847 -2.0151 -0.013381 1.0049 1.3753 1.5436 -1.4432 -0.70522 -1.0874 -1.2663 -1.5536 -0.44887 -0.66895 0.24865 2.0001 0.01094 -1.1321 -0.34594 -1.0322 0.83687
0.67991 0.40788 0.13437 1.1859 0.6504 0.48485 0.11448 -2.5746 -0.45039 0.86022 -0.59042 1.2337 -0.20834 -1.5253 0.49199 0.3231 0.21538 0.26392 -1.5615 -1.9074 -1.2122 0.41874 0.29081 1.4099 0.83167 -0.62064 -0.54798 -0.99564 -0.81078 -1.3435 -0.28508 -0.022906 0.71952 2.988 0.04034 -1.4959 -0.53258 -1.6256 1.0329
-0.49699 0.48203 -0.090861 0.12319 1.4177 0.7722 1.3889 -1.2754 0.13081 0.50628 -0.19346 1.167 -0.37413 -1.4221 0.16898 0.55621 -0.31708 0.13149 -1.5841 -1.2261 0.76043 0.037245 -0.98638 -0.14204 -0.48258 -0.21124 -0.16066 -0.58953 -0.20078 -0.62877 0.35903 0.87602 1.3968 2.818 0.078643 -1.0247 -0.32366 -1.5783 0.67152
-0.97777 0.72958 -0.16715 0.091839 0.25182 -0.41041 0.73932 -1.0576 -0.071858 0.19876 0.6538 0.10624 -0.46398 -1.3503 0.396 0.84346 -0.33032 0.58355 -0.3549 -0.59647 2.2319 -0.075275 -1.3904 0.39088 -0.70448 -0.30245 0.56303 -0.20397 0.31123 0.43801 0.20527 1.2041 1.2708 1.8019 -0.11919 -0.035506 -0.068988 -1.0323 0.06927
-0.79127 0.72865 -0.096051 0.38193 0.94155 0.20318 0.27329 -0.41897 1.2074 -0.19891 1.1611 0.52258 -0.42514 -1.2883 0.24622 0.58126 0.16433 0.65848 0.14628 0.093962 2.3136 0.39827 -0.42704 1.1582 -0.90184 -0.41315 0.91228 -0.27407 -0.30091 0.66708 0.41369 1.2077 1.1065 0.24206 -0.05345 0.97458 -0.01237 -0.2352 -0.1203
-1.0819 0.51297 1.0758 0.79931 0.69824 -0.52633 0.076816 0.30791 -0.19965 -0.081001 -0.15463 0.47413 -0.66878 -0.57473 0.078367 0.90332 0.79845 0.34534 0.1571 -0.20697 1.8943 0.0083847 -0.093328 0.57927 -1.065 -0.39463 0.84975 -0.47742 -1.1222 0.24627 -0.34662 0.48103 1.0787 -1.2537 -0.17953 1.1517 -0.86293 -0.077436 -0.034276
-0.61269 0.75923 0.86128 0.43798 1.1572 0.41898 0.34093 0.21157 0.61658 -0.65036 0.75045 0.17784 -0.56507 -0.16487 -0.17362 -0.019312 0.37986 0.95289 0.75133 0.63185 1.4847 -0.10334 0.47459 -0.29537 -0.79241 -0.37503 0.70609 -0.25161 -1.4311 -0.35541 -0.84913 0.042903 0.6582 -1.7766 -0.081606 0.74468 -1.1456 0.16525 0.1149
-1.3084 0.76471 0.10483 1.0401 1.7227 1.0335 1.1985 0.74904 0.16923 0.80049 1.5029 -0.15394 -0.74902 -0.37942 -0.2622 -0.92908 0.019461 -0.16509 0.38218 1.1352 0.010937 -0.17462 0.65661 -0.76552 -0.92939 -0.37939 0.18968 -0.07695 -1.0649 -0.51694 -0.94526 -0.55708 0.063755 -1.7911 -0.22471 0.0029961 -1.1081 0.72377 0.10953
-1.2758 0.60135 0.99114 0.89598 0.90809 0.03368 0.68513 1.2129 0.2018 0.072275 0.59873 -0.81156 -0.84092 -0.11153 -0.044408 -1.1499 -0.13787 -0.54942 0.1377 0.63587 -0.49566 0.33488 0.80357 -0.6588 -0.64775 -0.2151 0.20361 0.17339 0.27018 -0.19411 -0.81806 -0.89034 -0.98007 -1.441 -0.37106 -1.0017 -1.0609 0.63961 0.16254
-0.85241 0.40834 -0.5984 0.35072 1.4544 0.65884 1.22 0.76335 0.26218 0.8014 -0.16338 -0.48975 -0.82883 -0.25493 -0.13218 -0.49771 0.057067 -0.53146 -0.71342 -0.10937 -0.8974 -0.65098 -0.2779 -1.648 0.31704 -0.27841 0.27872 0.26026 1.0833 -0.027267 0.21893 -0.3327 -1.3876 -0.81092 -0.61006 -1.0623 -0.28408 0.59722 0.18584
-1.3453 0.36182 -0.6434 0.5715 0.24078 0.28453 1.4283 -1.0483 0.66603 0.45322 -0.42242 -0.48733 -0.90299 0.14439 0.066878 0.28141 -0.022553 -0.27377 -0.58989 -0.60132 -1.0961 -0.59724 -1.2803 -2.1618 -0.1319 -0.13568 -0.039357 0.21746 1.5378 0.047178 0.44336 0.23718 -1.2774 -0.34527 -0.37454 -0.82336 0.46013 0.26439 0.15506
-0.9319 0.81814 0.30727 0.70445 0.49962 -0.054344 0.48115 0.10345 0.49645 0.99047 -0.23012 -0.36162 -0.80266 -0.00091154 0.14431 0.38385 -0.10313 0.065434 0.047823 -0.86494 -1.3797 -0.91722 -0.65654 -0.65584 0.010446 -0.088088 -0.11527 0.23205 1.1855 -0.066635 0.14738 0.54821 -0.72642 0.37204 0.43794 0.16131 1.6858 0.33836 0.2025
-1.2601 0.55939 0.4049 0.87974 1.325 -0.37237 0.37142 -0.4747 -1.1862 -1.497 -1.2713 0.84221 -1.0064 -0.30365 0.20232 1.283 0.019491 -0.094685 0.27592 -1.3987 -0.95202 -0.27102 -0.83845 -0.2007 0.028453 -0.033624 -0.39084 -0.019818 0.14696 -0.20646 -0.39553 0.25802 -0.28039 0.50965 0.6401 0.75772 2.0076 0.6942 0.12842
-1.0625 0.78736 0.68923 0.90175 1.3083 0.3543 0.57168 -0.18729 -0.29405 -1.0345 -1.839 -1.6075 -0.89265 -0.23244 0.21137 1.22 -0.10408 -0.37535 0.036737 -1.091 -0.13672 0.067012 -0.17193 0.95411 0.90975 0.03101 -0.085441 -0.076095 -0.45118 -0.2574 -0.92624 -0.084559 -0.048343 0.70183 0.58766 0.92993 1.392 0.69444 0.15552
-1.1706 0.5601 0.4578 0.25181 0.73592 0.53464 -0.085408 -1.2124 -0.8313 0.51276 0.59222 -0.51913 -0.92491 -0.43657 -0.0095667 0.15062 -0.42928 -0.73869 -0.021011 -1.0332 -0.59134 0.19487 0.11153 1.306 0.81287 0.034335 0.10965 -0.13883 -1.0895 -0.17687 -0.70253 -0.43761 0.30275 0.61251 -0.0011817 0.91527 0.66129 0.54213 0.12839
-1.4242 0.67307 0.78618 0.54131 0.68856 0.88788 -0.3133 -1.0137 0.93801 -0.40059 -0.74167 -0.025015 -0.84885 -0.08237 0.10586 0.12501 -0.38325 -1.2079 0.028043 -1.158 -0.023787 0.029479 0.88012 1.5435 1.0131 0.15537 0.27181 -0.070429 -0.73273 0.19328 -0.15148 -0.55338 0.39487 0.62342 -0.39998 0.35973 -0.6035 -0.65239 0.082071
-1.43 0.86203 1.1555 0.71381 -0.3073 -0.58901 0.14964 -0.35487 0.41835 0.35286 1.3164 1.6202 -0.84962 -0.17602 -0.0024532 -0.18152 -0.1916 -0.89014 -0.64194 -0.81797 0.33723 -0.24678 0.61503 0.89018 1.0628 0.13371 0.52359 -0.061553 -0.076176 0.45347 0.52394 -0.24772 0.77153 0.55907 -1.0768 0.1021 -1.0212 -1.4867 0.00029452
-1.4131 0.64161 0.041401 0.18315 0.59043 -0.14553 -0.93287 -0.93841 -0.53494 -0.18271 0.44671 0.267 -0.86616 0.13136 0.073636 0.037416 0.13341 -0.56644 -0.82223 -0.47891 0.768 -0.50192 0.33815 -0.16479 -0.55122 0.129 0.50613 -0.15955 0.023222 0.5055 1.0665 0.38344 0.84563 -0.0067134 -0.84335 -0.29699 -1.2608 -1.9869 -0.17481
-1.0789 0.76068 0.82633 0.53432 0.19127 0.37507 -0.78457 -0.3235 -1.3606 -0.03416 0.2364 0.97454 -0.77936 0.40308 -0.11163 0.066741 0.1657 -0.16807 -0.11255 0.052459 0.24448 -1.6787 0.57964 -0.062383 -1.4326 0.050716 0.56579 -0.028661 0.081201 0.69157 0.7478 1.0111 0.8261 -0.18931 -0.24607 -0.48077 -0.6055 -0.82207 -0.32069
-1.4186 0.66466 0.37816 0.50195 0.25611 -0.48582 -0.22652 -0.12206 0.017729 0.64652 -0.11499 -0.50121 -0.75243 0.54322 -0.13446 0.058048 0.3908 0.25285 0.59455 -0.029198 0.047315 -0.92839 0.2202 -0.71671 -1.7811 -0.1093 0.32676 -0.045697 -0.28934 0.57899 0.36172 0.91726 0.41506 -0.14275 0.2882 -0.5227 0.0032918 0.96741 -0.41766
-1.0827 0.74349 0.90857 0.58299 -0.068342 -0.51998 -0.69463 -0.24349 -0.72362 0.7181 0.17267 -1.175 -0.78947 0.64039 0.042731 -0.026855 0.98779 -0.024566 0.82118 0.48464 0.33278 -0.5164 -0.40642 -0.16499 -0.0022924 -0.31106 0.17847 0.10097 -0.54671 0.40033 -0.072838 0.55951 0.36282 0.41058 0.76417 -0.74323 0.073694 1.9007 -0.34882
-1.0034 0.53909 0.95885 0.82459 0.35623 0.71573 0.10424 -0.86895 -2.1979 0.38994 0.064164 -0.94411 -0.84225 0.60552 -0.093128 -0.43986 0.81543 -0.025 0.68209 0.062595 0.45837 -0.50059 -0.34115 -0.13903 0.68201 -0.42536 0.0043565 0.20704 -0.51152 0.038909 -0.24363 0.13294 0.77572 0.96095 0.68054 -0.53126 0.29266 2.0744 -0.15875
-0.82351 0.68776 0.62157 0.97121 0.32916 0.29998 -0.62804 -0.3445 -0.73149 0.23292 0.056574 -0.62597 -1.0607 0.69826 0.042604 -0.68699 0.70519 -0.16111 1.0509 0.66631 0.95391 -0.36103 -0.7954 -0.22579 1.1767 -0.40487 -0.16898 0.33107 -0.35923 -0.53507 -0.072546 -0.18539 0.30281 0.77939 1.0319 -0.032572 0.082833 0.58288 0.078179
-0.68538 0.81783 -0.058968 1.5436 0.41189 1.1189 -0.28228 -0.0017475 -1.3467 -1.1535 0.14471 1.4453 -1.2042 0.52773 0.23178 -0.54913 0.59358 -0.10371 0.77594 1.3131 1.8258 0.35879 -0.77641 -0.091289 1.8224 -0.3402 -0.34133 0.43049 0.29079 -0.58409 0.075057 -0.21446 0.047673 0.20077 1.0142 0.48995 -0.23612 -0.57726 0.28903
-0.67446 0.50673 0.44826 1.1643 -0.09902 0.37058 -0.66127 0.5634 -1.5441 0.59419 -0.20496 0.89391 -1.1456 0.38124 0.47013 -0.62626 0.063843 -0.11668 0.39067 0.40675 1.3508 1.1194 -0.28683 -0.043827 0.59619 -0.21284 -0.29613 0.29409 0.94198 -0.60086 0.14052 -0.43974 -0.72935 -0.68253 0.84143 1.0357 -0.53651 -1.3381 0.36886
-0.66627 0.8151 -0.17278 1.1332 -0.015245 0.8572 1.0711 1.0092 -0.50481 -0.49808 -0.3816 -0.23859 -1.116 0.15627 0.46225 0.084508 0.0076108 0.074421 0.56652 0.26186 0.72729 0.78946 0.45183 -0.76898 -0.21141 -0.0080428 -0.10378 0.0826 1.0845 -0.37561 0.28185 -0.14262 -0.92649 -1.321 0.22001 0.77341 -0.16812 -1.1346 0.29631
-0.50394 1.062 0.76463 1.3735 0.14127 0.88724 1.0228 1.9631 -0.7683 -0.50988 0.35167 1.6419 -1.1859 0.35746 0.45053 0.76189 -0.16236 -0.016279 0.22883 -0.19394 0.086163 1.1093 0.834 -1.0701 -0.53286 0.083425 0.06426 -0.20104 1.1328 -0.024639 0.18471 -0.030771 -0.67721 -1.106 -0.43944 0.36239 0.48549 0.098228 0.10783
-0.60782 1.1821 -0.18952 0.815 0.42221 1.1714 -0.7219 0.034646 0.048767 0.053809 -0.061501 -0.6748 -1.17 0.35874 0.38336 0.78747 -0.023606 0.32232 0.56462 -0.14168 -0.32098 0.81038 0.33173 0.028714 0.073159 0.037868 -0.0013147 -0.38765 0.38765 0.0087899 -0.31574 -0.2102 -0.28816 -0.81177 -0.81582 -0.034264 1.0067 0.25038 -0.077824
-0.68295 1.1366 0.75448 1.4093 0.34845 1.202 -0.43064 0.65423 -0.1506 0.82279 -1.6388 0.062882 -1.0895 0.4011 0.13985 1.1429 0.019542 0.069041 0.33824 -0.6797 -0.44552 0.2405 0.54088 0.56588 0.63989 -0.042612 -0.25165 -0.458 -0.31167 -0.023127 -0.37865 -0.2816 0.50204 -0.18922 -1.3902 -0.31935 0.72053 0.56241 -0.15077
-0.12292 1.1303 1.0777 1.2072 -0.072119 0.89842 -0.19011 0.42623 0.020063 0.38514 -1.2941 0.9948 -1.0811 0.1377 -0.088649 0.62888 -0.0794 -0.51672 0.075262 -0.054798 -0.69958 -0.39509 0.49664 0.53941 -0.30329 -0.079851 -0.1869 -0.21848 -0.83415 -0.15867 -0.21913 -0.65277 0.43624 0.13164 -1.1708 0.026172 0.17061 -0.0236 -0.097099
-0.39865 0.99977 0.99794 1.0698 0.37555 1.3436 0.40598 0.71003 -0.28364 0.32131 1.1168 0.72007 -1.1391 0.021385 -0.14656 0.27559 -0.19149 -0.25313 -0.11554 0.68313 -0.089154 -1.0522 0.024929 0.18715 0.78256 -0.12142 -0.22991 0.055288 -1.1485 -0.12548 0.47363 -0.26355 0.32398 0.35867 -0.59735 0.0081985 -0.32509 -0.53916 0.01445
-0.25084 1.1427 1.2504 1.2482 0.090945 1.2997 0.082142 0.77821 -0.26795 0.061753 0.71206 1.1311 -1.2573 0.21836 0.1254 -0.3161 -0.23401 0.10058 -0.59017 -0.02583 -0.17928 -0.87011 0.62042 0.55136 -0.059207 -0.091609 0.0091464 0.29955 -0.63446 0.3529 0.93731 0.076099 -0.22817 0.35452 0.16683 0.38534 -0.64599 -0.86867 0.11519
-0.61777 0.97189 0.82632 1.0659 -0.49318 0.88792 0.10568 -0.01246 -1.3743 0.77819 0.054024 -0.44917 -1.2576 -0.046763 0.12535 -0.50645 -0.15567 0.56548 0.12047 -0.10718 0.098526 -0.70529 0.47031 -0.16986 -0.58856 -0.0085296 -0.11187 0.22324 -0.32045 0.57697 0.72175 0.12259 -0.53682 -0.06031 0.63547 0.51694 -0.40572 -1.0752 0.14061
-0.57888 1.0165 0.19034 0.69965 0.50742 1.0015 0.050967 0.1629 -1.3607 0.27049 -1.4717 1.2323 -1.2192 0.19383 0.3084 -0.14596 0.56391 0.67417 0.1321 -0.10681 0.0019284 -0.22806 1.0919 -0.70003 -1.3923 0.069891 -0.30147 0.0080678 -0.10594 0.436 0.2923 0.0084611 0.043502 0.063019 0.53623 -0.42369 -0.36758 0.11884 0.057417
0.044141 1.4633 0.85442 1.343 0.40009 0.097001 -0.5415 0.68535 -0.78324 2.1479 -0.0041077 0.13857 -1.1251 -0.16176 0.15734 -0.39141 0.49876 0.69063 -0.20255 -0.30163 -0.26937 -0.09828 0.8956 -0.089835 -0.74429 0.04894 -0.34436 -0.097139 -0.035979 0.1627 -0.2707 -0.42941 0.049338 -0.058351 0.58796 -0.74579 0.019931 1.0562 -0.064133
-0.38984 1.1048 0.64519 0.94075 0.67023 2.0521 0.2558 0.83704 -0.8332 0.1656 -0.19141 0.081884 -1.1233 -0.26026 0.11678 -0.55665 0.25873 0.53215 -0.39826 0.13307 0.17816 -0.096517 -0.54754 -0.30954 0.24644 -0.016227 -0.47899 -0.31447 -0.064954 -0.62261 -0.51983 -0.30844 -0.067611 -0.26504 0.36153 -1.4461 -0.39467 1.6838 -0.1473
-0.21643 1.4479 1.1405 2.1905 0.76428 1.352 0.31045 0.42769 -0.59429 2.243 0.23793 -1.7302 -1.154 -0.43291 0.038811 -0.35403 0.29484 0.16523 -0.51905 -0.15452 -0.07502 0.40919 -0.37131 -0.35496 0.72055 -0.076108 -0.005926 -0.24023 0.22543 -0.86522 -0.67335 -0.17545 -0.22444 -0.57441 0.2231 -0.75642 -0.59885 0.92336 -0.080422
-0.8495 1.0978 0.20879 1.3107 0.29756 0.22184 -0.66751 -0.31152 -1.166 1.1319 -0.039549 0.77483 -1.2769 -0.52572 -0.2066 -0.27145 -0.5362 0.038427 -0.356 -0.32681 -0.62161 0.24693 -1.4709 -1.4464 1.2764 -0.12516 0.2056 -0.25605 0.16538 -1.0359 -0.66836 0.30522 -0.12327 -0.59516 0.21027 -0.12416 -0.19496 0.053426 0.028
-0.77877 1.1482 -0.25063 0.84321 0.36917 0.18234 0.53539 0.74364 -1.7654 -1.0193 -1.6511 0.96451 -1.2434 -0.03406 -0.12136 -0.10081 -0.76926 -0.22421 -0.58603 -0.51186 -1.0558 0.1827 -0.32735 -0.83824 0.59983 -0.036009 0.36945 -0.098644 0.22119 -0.52901 -0.40144 0.66636 0.37683 0.024974 0.22966 0.30766 0.5411 -1.0749 0.1107
-0.58608 1.3073 0.45735 1.4407 0.90485 0.50776 -0.64022 0.33724 0.33009 1.2595 -1.1906 1.9316 -1.229 -0.084603 -0.27205 -0.36173 -1.2007 -0.42628 0.29939 0.061062 -0.56204 0.44384 -0.8683 -0.5186 0.40195 0.015867 0.23834 0.00092494 0.12704 0.34426 -0.29951 0.52447 0.41645 0.74105 0.37286 0.62398 1.4321 -1.4778 0.13815
-0.49755 1.0439 0.97255 0.51722 0.42365 0.79338 -0.60915 -0.38681 -0.60372 -0.73499 -1.797 0.65481 -1.2515 0.01605 -0.11353 0.11643 -0.39619 -0.29787 0.58863 0.33754 -0.012481 0.77651 -0.024896 0.30892 -1.035 0.051627 -0.046487 -0.014779 -0.22424 0.77513 -0.09349 0.17679 0.83353 1.3411 -0.063695 -0.12452 0.80374 -0.98637 0.088297
-0.35065 1.0807 0.50176 0.65833 0.31996 1.1493 -0.062106 -1.0343 -0.9036 1.4056 -0.24573 -0.66616 -1.1431 -0.11685 -0.21602 -0.12984 -0.078028 -0.44539 0.18903 0.0086842 0.47665 0.70136 -0.28107 1.0185 -0.91577 0.077778 -0.0052626 0.12287 0.085184 1.3511 0.46855 -0.2426 0.27064 0.98241 -0.4465 -0.03672 0.47977 0.041054 0.025266
-0.78534 0.98628 -0.091107 0.61484 0.030654 1.1086 0.39394 0.10949 -0.15432 0.062246 -0.69053 0.14591 -1.2175 -0.095856 -0.1832 -0.61976 0.13709 -0.38203 -0.14099 1.0557 1.3248 -0.065241 -0.92055 0.08425 -0.75451 0.09171 0.052263 0.10167 0.24581 0.88411 0.61994 -0.16512 -0.409 0.66174 -0.72843 -0.38483 -0.62694 1.6602 -0.060504
-0.90252 1.0724 0.29475 1.0303 0.22458 0.54357 -0.16452 0.52809 -0.087659 0.33072 -0.34874 -0.017563 -1.2365 -0.032488 -0.022814 0.17875 1.1004 0.41218 0.15845 0.18909 0.90418 -0.017797 -0.52761 0.59001 0.33175 0.043138 0.22203 0.10648 0.6025 0.41903 0.62844 -0.05205 -0.83135 -0.26194 -0.8214 0.27601 -0.94918 1.3427 -0.099422
-0.66693 0.92187 -0.010985 0.9547 0.22235 0.41282 -0.10446 1.4222 -0.062515 -1.266 -0.42526 0.47989 -1.1172 0.073406 -0.033968 0.43322 0.69046 0.32932 0.26363 -0.53851 1.2245 -0.30859 -0.77177 -0.85394 1.6943 -0.035278 0.21926 0.032917 0.23135 -0.42593 -0.20216 -0.16982 -0.98259 -1.1668 -0.44884 0.87289 -0.40532 0.26071 -0.081163
-0.45011 1.0511 0.10247 1.2767 0.44161 0.66734 0.94677 1.3356 -0.43147 -0.047716 -1.9026 0.21681 -1.1303 0.20313 -0.10579 0.47805 0.43282 0.26948 -0.1121 -0.77112 0.007029 -0.80704 0.22287 -0.58055 0.56916 -0.031714 -0.13275 0.0039347 -0.40386 -1.0492 -0.95251 -0.50583 -0.080592 -1.3808 -0.50668 0.90939 0.097749 -0.83207 -0.067611
-0.52857 1.0472 1.5281 1.9504 0.92917 1.6453 -0.78043 -0.54892 -0.97246 -0.47067 0.46344 0.6197 -1.2223 0.18597 -0.089525 -0.3252 -0.35553 -0.6644 -0.35604 -0.32438 -0.6768 -0.55778 0.59081 -0.23229 -0.35776 -0.011591 -0.37226 0.055148 -0.42851 -0.70882 -0.71741 -0.57026 0.30085 -1.153 0.043556 0.72937 1.2239 -1.0486 -0.0082744
-0.55828 0.98833 0.2472 0.91809 0.16561 1.2578 -0.61929 1.6533 -0.91291 0.19778 -2.3251 2.4647 -1.2429 -0.32171 0.0048836 -0.17907 -0.39352 -0.73135 -0.59961 -0.088737 -1.0519 -0.89571 0.75773 0.45621 -0.34256 -0.085488 -0.47786 0.077499 -0.35753 -0.21501 -0.085032 -0.31035 0.4477 0.068402 0.48839 -0.019582 1.0605 -0.17973 -0.0013706
-0.73565 0.80625 0.26673 1.1334 0.25494 -0.017039 -0.46437 0.016405 -1.0774 0.40431 -0.91554 -0.39232 -1.2395 -0.32752 0.002966 -0.021095 -0.2631 -0.40751 -0.69811 -0.33602 -0.66675 -0.16958 0.53283 1.2197 0.010669 -0.020338 -0.2402 0.068729 0.44076 0.54074 0.82895 0.21707 0.24273 0.64336 0.46574 -0.67828 0.74017 0.048749 0.013742
-0.52325 1.0068 -0.50339 0.40932 -0.78937 -0.089829 0.0118 -0.05478 -0.47347 0.47062 -0.38642 -0.96781 -1.1431 -0.39324 -0.019461 -0.32488 -0.036926 -0.011841 -0.5915 0.053434 0.18697 -0.01945 0.18229 0.93515 0.0073211 -0.027089 0.20496 0.047886 0.61132 0.60673 0.86291 0.80335 0.16088 1.2073 0.44775 -1.0527 -0.35418 0.2584 0.038567
-1.0773 1.0461 0.50403 1.1166 0.075652 0.2648 0.25043 -0.029104 -1.9731 -0.19744 -0.016868 0.85646 -1.2593 -0.20429 0.039411 0.58133 0.48617 0.39022 0.1158 0.039369 0.11532 -0.059378 -0.63483 1.083 -0.44704 -0.013838 0.32174 0.0050743 0.64274 0.45347 0.57395 0.89281 0.1642 1.1044 0.014588 -0.98614 -1.2642 0.021322 -0.0016133
-0.63359 1.0565 1.0021 1.5446 0.65866 0.63432 -0.55736 0.16508 -0.27141 0.88572 0.35542 1.194 -1.18 -0.009379 0.065838 0.67052 0.37789 0.3424 0.72137 0.0050835 1.1717 -0.050145 -0.99254 -0.26757 0.39706 -0.017924 0.45745 -0.024829 0.21932 -0.087643 -0.20941 0.48771 0.082282 0.65065 0.079419 -0.58687 -1.454 -0.46991 0.030621
-1.009 0.89029 0.38151 1.4816 0.6275 0.77619 -0.96809 0.83057 -1.1286 -0.30026 0.35546 1.0344 -1.3107 0.064347 -0.037709 0.69043 0.38279 0.39248 0.56444 -0.024097 1.236 -0.11731 -1.0679 -0.92256 -0.15415 -0.025098 0.36367 -0.063456 -0.46621 -0.47669 -0.65493 -0.061699 0.16397 0.39392 0.1706 -0.097399 -1.2758 -0.68848 0.041373
-0.67652 0.99522 0.68851 1.1778 0.04969 0.70158 -0.027087 1.2612 -1.0619 -0.85618 -1.1266 -0.17693 -1.2128 0.3001 -0.032852 0.042402 -0.16548 -0.37912 0.23804 0.21947 1.0537 0.17571 -0.91416 -1.2129 -1.1051 0.035313 0.23469 -0.049401 -0.51952 -0.42128 -0.64164 -0.30852 0.19006 -0.11635 0.18281 0.082991 -0.4933 -0.96885 0.045716
