39 297
-0.88344 1.045 0.81274 1.3948 0.87692 1.8872 1.3712 -0.055579 -1.0381 0.2933 -0.034434 -0.0264 -1.4657 -0.20472 0.14955 -0.16926 -0.23207 0.00087576 -0.36437 -0.99396 0.94443 0.80532 0.15138 0.20174 0.67425 -0.022244 0.055248 0.090593 0.2395 -0.064163 -0.1468 0.2441 0.51333 -0.35711 -0.31374 0.017489 -0.54766 -0.54102 0.032064
-0.65293 1.1712 0.25224 1.3322 0.95531 0.99445 0.41969 0.23979 -0.27935 0.7519 0.88956 1.0446 -1.4557 -0.17602 0.13495 0.089251 -0.23718 -0.36023 -0.071712 -0.64997 0.92652 0.31737 0.030818 -0.58062 -0.071808 -0.017138 0.051831 0.20472 0.26288 -0.037843 -0.023758 0.080772 0.86959 -0.44461 -0.53067 0.02242 -0.6329 -0.55616 -0.057987
-0.95212 0.9437 0.71381 1.527 1.1919 0.9976 -0.28573 0.60807 0.10506 0.79565 1.359 1.7512 -1.4307 -0.12415 0.30779 0.13275 -0.33776 -0.074351 -0.0042096 -0.10551 0.26804 0.38912 0.25379 -0.59708 -0.089241 0.02974 -0.051471 0.085833 0.21217 0.038047 0.19278 0.27606 1.2012 -0.31712 -0.78209 -0.10693 -0.60468 -0.68332 -0.12633
-1.2501 1.3515 0.73686 0.87601 0.63948 2.0917 0.79057 1.1725 -0.28297 0.10385 -0.85369 -0.14222 -1.5307 -0.1556 0.41849 0.1533 -0.23842 0.010595 -0.36895 0.35677 0.43233 -0.088545 0.15244 -0.77457 -0.1118 -0.1438 0.14195 -0.10013 -0.25506 0.19785 0.53161 -0.035451 1.1178 -0.11988 -0.57453 -0.20891 -0.024967 -0.3435 -0.10538
-0.90473 1.128 1.0662 1.2352 0.23447 1.8955 0.99276 0.64057 -1.2337 0.29786 -1.2575 -0.70452 -1.4635 -0.2924 0.15049 0.18057 -0.1492 0.18862 0.35549 0.98138 0.58156 -0.60571 -0.12314 -1.0155 -0.73618 -0.16839 0.45904 -0.47486 -0.55337 0.28989 0.28306 -0.4988 0.3157 0.026133 -0.10595 -0.18518 0.67578 -0.094633 0.060034
-0.87387 1.5085 0.73602 0.99758 1.2645 1.4872 1.2656 -0.30381 -0.058621 1.0192 0.021019 0.62133 -1.3902 0.14308 0.035108 -0.39775 0.048649 0.509 -0.31158 1.1133 0.5316 -0.37653 -0.2041 -0.42255 -0.4769 -0.092628 0.56642 -0.57046 -0.62724 0.20923 -0.14813 -0.51956 -0.52964 -0.19134 0.4588 -0.33991 1.3909 0.061848 0.25549
-1.0071 1.546 0.66616 1.2514 1.0073 0.56487 1.0668 1.1245 -0.9496 0.5816 -0.31503 0.82634 -1.748 0.47371 -0.32623 -0.59429 0.070367 0.21681 -1.0319 0.1692 0.25549 0.29608 0.057455 0.70255 -0.12125 0.10531 0.36907 -0.39737 -0.12196 0.11134 -0.85887 -0.34287 -1.13 -0.37989 0.53549 -0.41795 1.1276 -0.11235 0.26291
-1.2209 1.0002 0.63028 1.184 1.2298 2.1122 1.2884 1.4902 -1.0076 0.31262 -0.54829 -0.17127 -1.5833 0.38199 -0.33398 -0.59543 0.053129 -0.26174 -0.71632 -0.32702 0.22249 0.37366 -0.6306 1.4 -0.31064 0.14631 -0.052756 -0.30629 0.28456 -0.0034726 -0.67636 0.55994 -0.95951 -0.63862 0.028249 -0.23216 0.23027 -0.13782 0.22307
-0.70357 1.1043 0.14886 1.407 1.5166 0.8376 1.549 1.2458 -0.35527 0.11539 -0.11554 0.23462 -1.4614 0.19 -0.35683 0.057005 0.067423 -1.0006 -0.12514 -0.62615 0.0078124 0.088464 -0.7631 0.5332 -1.0705 0.15147 -0.063933 -0.2916 -0.066543 -0.093715 -0.096804 0.64237 -0.35723 -0.76487 -0.71586 -0.12839 -0.41313 0.46793 0.28149
-0.49323 0.92236 0.23527 0.83203 0.21023 0.68398 0.72454 0.67476 0.089489 0.56254 0.095056 -0.77223 -1.2844 0.20538 -0.48415 -0.21063 0.054988 -0.11887 0.38157 -0.46517 -0.56058 -0.23645 -0.26501 0.16707 -0.30606 0.25721 0.037721 -0.85493 -0.71394 -0.32824 0.42225 0.32433 -0.12637 -0.78578 -0.7418 0.52898 -0.73773 1.09 0.61769
-0.63455 1.037 0.42188 1.3931 0.26121 1.0114 0.51764 0.39087 -0.71692 -0.58247 1.6826 -0.24972 -1.375 0.46441 -0.76033 -0.90886 -0.093897 -0.017813 -0.26725 -0.49616 -0.80697 -0.87799 -0.38316 0.42214 0.8238 0.52016 0.30587 -1.1912 -1.1444 -0.398 0.80844 -0.15854 0.051914 -0.55722 -0.3465 0.81799 -0.51852 1.3164 0.89794
-1.054 1.2018 1.1382 1.1475 0.17449 1.4161 0.54931 0.50593 -0.39779 0.094119 -0.37771 -0.75082 -1.475 0.3114 -1.6144 -1.4054 -0.46667 0.044998 0.023797 -0.65047 -0.86353 -0.67505 0.27328 -0.14854 0.97446 0.99267 0.43095 -1.3153 -0.63635 -0.5651 0.52238 -0.67308 -0.064566 -0.36356 0.48729 0.78373 -0.90214 0.22716 1.1347
-0.80541 0.52245 -0.17196 1.3834 1.8977 1.6464 0.95337 1.0706 -1.774 0.38574 -0.68676 0.71242 -1.4018 0.63677 -1.8546 -1.4171 -0.40224 0.43086 -0.25571 -0.42437 -0.90328 -0.41914 0.65586 -0.4355 0.98908 1.2816 0.50151 -1.1061 -0.041089 -0.52175 0.57854 -0.64876 -0.18967 -0.68526 1.0191 0.48851 -0.83329 -0.48574 1.2216
-0.20594 -0.13649 -1.2119 0.91 0.95038 0.82003 0.73229 0.21572 -1.8594 -0.53318 0.89305 1.2478 -0.65529 0.82102 -2.2144 -1.1092 -0.83278 0.64041 -0.97636 -0.63209 -1.2099 0.50525 0.83312 -1.3665 0.061355 1.769 0.47728 -0.2626 0.53907 -0.28265 0.44416 -0.23635 -0.22503 -0.66121 0.9226 -0.3055 -0.41221 -1.0326 0.99294
-0.32862 -1.0573 -1.4012 0.45353 0.56124 0.55755 0.079858 -0.22615 -0.21393 1.0769 -0.21126 0.63285 -0.14649 1.0254 -2.3762 -1.1331 -0.87198 0.7721 -1.07 -0.89431 -1.9377 0.58599 0.34755 -0.78123 0.25802 2.1694 -0.095288 0.35672 0.63534 -0.29645 0.2927 0.92552 0.13651 -0.11528 0.49062 -1.0031 -0.41823 -1.0249 0.41085
0.062431 -0.72644 -0.50119 0.75727 0.57716 0.69736 0.086578 -0.44157 -0.70181 1.0208 -0.05125 0.069948 -0.14917 0.89373 -1.8127 -0.57436 -0.74729 0.71312 -0.036169 -0.87735 -1.6049 0.68001 -0.19457 -0.87056 -0.81187 2.205 -0.37573 1.0666 0.26012 -0.3767 -0.12982 1.759 0.62371 0.86017 -0.17482 -1.6471 -0.1167 -0.0047146 -0.38098
-0.19379 -1.3192 -0.2168 0.35116 1.6668 0.05017 -0.16492 -0.7328 0.071018 0.29616 -1.7285 -0.64957 0.39719 0.45216 -1.4449 -0.53735 -0.9862 0.95272 1.1615 -0.018199 -0.93528 0.47137 -0.88676 -1.5915 -0.71014 1.7495 -0.67316 1.3614 -0.1495 -0.91206 -0.77784 1.1938 1.0907 1.6945 0.1452 -1.4485 0.043543 0.72023 -0.96592
0.12744 -1.8466 -1.2564 0.19879 1.9347 0.54683 -0.29399 -1.5969 -0.72946 0.34521 -1.1149 1.0895 0.92724 0.50637 -0.84341 -0.93848 -1.4665 0.32577 1.4843 0.21786 -0.10185 0.18528 -1.9303 -1.2124 0.51659 1.345 -0.52118 1.761 -0.079641 -1.0407 -1.5177 -0.36927 1.1463 1.9438 0.49463 -0.80251 1.0007 1.3846 -1.379
0.39048 -1.6623 -1.647 0.44481 2.2414 1.9106 -0.051162 -0.4651 -1.1297 -0.36616 -0.78548 -0.49362 1.1941 0.13736 -0.51505 -1.2233 -2.201 -0.45876 0.60071 0.809 0.49275 1.1078 -1.7567 -0.51222 1.0622 0.99038 -0.37998 2.4502 0.8876 -0.52874 -1.8575 -2.122 0.52623 1.3389 0.80021 0.28848 1.7541 0.43937 -1.6281
0.033006 -2.0797 -1.8348 -0.80643 1.2069 2.0673 0.886 -0.92306 -0.20948 -1.2229 -1.8999 0.13655 1.1328 0.21491 0.7585 -0.37725 -2.0684 -1.3761 -0.49225 1.0745 1.333 1.3479 -1.4035 0.77331 1.1425 0.28703 -0.56956 3.049 2.2591 0.90524 -1.2543 -2.6401 -0.20895 0.15423 0.34803 1.329 1.5417 -0.48619 -2.1842
0.32502 -1.6286 -1.8475 -1.3714 0.57335 1.7124 -0.081704 -0.14693 0.25431 -1.2699 -1.9888 1.6269 1.0708 -0.01026 1.9805 0.78534 -1.6594 -1.6206 -2.1386 0.64055 0.85906 1.4985 -0.5508 1.2408 -0.13477 -0.43422 -0.94644 3.0672 3.0614 2.7194 -0.068866 -1.4204 -0.88313 -0.44534 -0.90545 1.646 0.9993 -1.0305 -2.6035
-0.027433 -1.4123 -1.5827 -2.0145 0.66349 0.1578 1.2235 -0.11727 1.4432 -1.1122 -0.77021 1.1225 1.0546 -0.33421 3.1694 2.1408 -0.038657 -1.4003 -2.4843 -0.12663 -0.0064464 0.67745 0.20568 1.2735 0.091807 -1.5824 -1.5293 1.7554 2.6295 3.7622 0.91533 0.46715 -0.74533 -0.82833 -1.7558 1.4591 0.28109 -1.0774 -2.4554
0.28281 -0.19276 -0.66225 -1.5669 0.42101 -0.54406 0.94763 0.65741 1.1337 -1.3907 0.11891 1.0452 0.85247 -1.1113 3.5715 3.0521 1.8642 -0.55805 -1.2698 -0.40915 0.31082 -0.42223 0.82921 1.4182 -0.5598 -2.4135 -1.3312 0.051039 1.3039 3.3977 1.1301 2.4597 -0.39151 -0.11333 -2.0212 0.85112 -0.51528 -0.43332 -1.7631
0.20218 0.67846 -0.4846 -1.2663 0.20994 -1.1051 0.17815 -1.0016 0.51694 -0.18164 0.61088 -0.56197 0.42678 -1.6994 2.9893 3.2427 3.1935 -0.19592 0.03183 0.064726 0.033523 -1.2888 0.9129 1.3003 -0.88929 -2.815 -0.80614 -1.7768 -0.42279 1.6907 1.058 2.8501 0.3571 0.71849 -1.1513 0.047795 -1.3472 -0.19473 -0.47376
-0.25587 1.9853 1.1843 0.73868 0.26085 0.2218 -0.19865 -0.6582 -0.42029 -0.60797 -0.38447 0.35162 -1.012 -1.4724 2.1531 2.5906 3.0687 -0.11353 1.5997 -0.26024 0.61327 -1.6559 0.85181 0.10796 -0.55829 -2.7557 0.14479 -2.8352 -1.7937 -0.27235 0.93827 1.8661 0.72708 1.0473 -0.13349 -0.66164 -1.7047 0.14206 0.82864
-1.4763 1.5359 1.6619 1.1356 0.49028 1.1431 0.4739 0.31789 -0.40103 -0.25578 -0.33395 0.34604 -1.4633 -1.4502 0.80421 1.6052 2.5218 0.35303 1.8684 0.53726 1.1845 -1.0716 0.29882 -1.0034 -0.33025 -2.1999 1.1099 -2.8921 -2.6126 -2.077 0.80539 0.29252 0.34738 0.81596 0.74114 -0.67871 -1.2633 0.18369 1.9705
-1.3126 1.3059 1.6255 1.926 0.36244 0.83724 0.90467 0.097575 -0.86857 -0.20783 0.72439 0.47176 -1.5206 -0.9963 -0.2383 0.62525 1.7038 0.92136 1.6053 0.85574 1.6974 -0.82395 -0.21803 -1.1409 -0.56501 -1.3388 1.7678 -1.8774 -2.4963 -2.5534 0.33529 -1.1754 -0.21859 -0.42392 0.9002 -0.19135 -0.13828 0.28784 2.2523
-0.81581 1.3549 1.1706 0.78129 0.38776 1.3865 0.61139 0.97692 -0.59982 -0.1101 -0.6477 0.0031734 -1.5218 -0.1389 -0.81569 -0.50117 0.015954 0.79441 0.63363 0.22503 1.0174 -0.21669 0.058445 -0.82451 -0.52566 -0.23777 1.6709 -0.52856 -1.9821 -2.264 -0.24509 -1.3875 -0.80933 -1.1428 0.59122 0.4966 0.92322 0.5112 1.7625
-1.0613 1.096 1.1807 1.5407 0.94452 0.97919 1.336 1.2964 -0.36138 -0.96448 -1.6472 -0.084863 -1.5016 0.73333 -0.28505 -0.87238 -0.42633 0.30287 -0.15295 -0.55271 -0.11447 -0.27134 0.58472 -0.27952 0.11481 0.018604 0.8686 0.36982 -1.044 -1.0182 -0.64608 -1.1613 -0.42947 -1.251 0.33285 0.98125 1.5458 0.83509 0.91905
-1.1128 0.88278 0.88519 1.6053 1.5572 1.218 0.78799 0.62743 -1.2963 -0.46823 -0.98109 -1.37 -1.5535 0.38989 -0.090883 -1.2324 -0.62177 0.22445 -0.052322 -0.42506 -0.076033 -0.16513 0.92471 0.58068 0.36654 0.060434 0.077277 0.65853 -0.17052 0.19792 -0.62336 -0.58783 0.016046 -0.41367 0.14196 0.79265 1.554 0.84647 0.14116
-0.80978 0.95509 0.88158 0.5816 0.88027 1.26 -0.12823 0.63887 -0.48707 -0.11052 -1.0042 0.55171 -1.3711 0.1481 0.032504 -0.89892 0.13616 0.025849 -0.39324 0.29741 -0.12627 -0.19314 1.3726 1.5278 0.69455 0.045176 -0.46425 0.18479 0.55578 0.53212 -0.51291 -0.10574 0.23554 0.41561 0.45569 0.20121 0.58485 0.47305 0.05397
-0.51208 1.3903 0.56829 0.93037 0.3347 0.61705 -0.020588 -0.10221 -1.0389 1.005 0.28774 0.98512 -1.5198 0.28422 0.15738 -0.79811 0.11494 -0.2055 -0.42562 -0.16485 0.23135 0.012056 1.3005 1.661 0.91363 -0.014674 -0.5084 -0.65786 0.84785 0.03075 -0.088621 -0.46071 0.004037 0.15582 0.90986 -0.66079 -0.60328 -0.52913 0.83277
-0.96084 1.1579 -0.2523 0.94193 0.84787 1.14 0.94387 0.93105 -0.91428 0.68279 1.1384 0.37576 -1.4601 0.041895 -0.095563 -0.086279 0.20848 -0.41601 -0.16876 -0.19509 0.50311 0.54683 0.81672 0.45785 0.79917 0.14721 -0.58979 -1.3552 0.80639 -0.98618 0.42865 -0.65139 -0.29524 -0.49147 1.6214 -2.1038 -1.7093 -1.492 1.8128
-0.84093 1.2053 0.49563 1.6652 0.9064 0.74069 1.7099 1.2663 -0.75939 1.1579 0.40937 0.38052 -1.4819 -0.3726 -1.1686 -0.10728 -0.58927 0.29735 -1.0863 -0.1684 -0.10916 1.2966 -0.14986 -0.19557 -0.79773 1.3986 -0.70907 -1.3901 0.72278 -1.5515 0.75359 -0.45949 -0.13625 -1.4084 1.781 -2.4354 -1.9255 -1.6807 2.0792
-0.72722 1.1093 0.27688 1.5994 0.99099 0.5394 0.011639 1.2325 -0.56457 0.39306 0.34201 0.74288 -1.5449 -0.47055 -1.6506 0.21211 -1.3385 0.58444 -1.3711 -0.30744 -0.89464 2.4454 -2.2219 -1.265 -1.5504 2.3612 -0.70878 -0.92613 0.026098 -1.9212 0.41473 -0.0047012 0.13809 -1.6057 1.1042 -1.6559 -1.1291 -0.78751 1.5156
-0.99004 0.66142 1.1439 1.0813 0.48979 1.3281 -0.29462 0.734 -0.14039 0.83751 -0.93758 0.3964 -1.1941 -0.5993 -1.4716 0.35795 -1.9921 0.7061 -0.74379 -0.38751 -1.7368 2.6685 -2.1816 -1.6696 -1.4019 2.3452 -0.45351 0.0094065 -0.080632 -1.1505 -0.26288 0.8607 0.70886 -0.81509 -0.15757 -0.059813 -0.3876 0.3978 0.082588
-1.1795 -0.74274 0.1123 -0.87977 1.298 -1.0179 0.0058019 -0.18505 1.6562 -0.23514 -0.37893 -0.88713 0.87087 -0.98403 -1.5492 -0.27354 -2.6596 0.16384 -0.33774 0.20125 -1.7221 2.0882 -1.566 -1.2621 -0.54435 2.2013 -0.25385 0.63826 0.026839 0.31502 -0.64617 1.2144 1.0535 0.44326 -1.3451 1.6876 0.40846 0.70127 -1.3636
-1.0875 -0.26846 0.51597 -0.24956 1.2944 -0.66399 0.63686 -0.78922 2.4459 -2.9506 -1.0633 -1.4903 0.93396 -0.84278 -1.2086 -0.012109 -2.0619 0.036883 0.153 1.0408 -1.2441 1.133 -0.59463 -1.0383 -0.49825 1.6173 0.20476 1.2682 0.51428 1.7352 -0.97334 1.2085 0.66317 1.2037 -2.0453 2.365 0.67457 0.59444 -2.4795
-1.6274 -0.01246 0.4771 -0.80671 1.8418 1.2167 0.86574 -0.38133 2.1077 -0.95887 -1.3419 -0.82953 0.1999 -0.75319 -0.68525 0.44384 -0.70512 -0.26162 0.65335 1.1525 -0.31764 0.4527 0.46088 -0.68749 -0.57296 0.45335 0.72605 1.6453 0.72585 2.2244 -0.81112 0.50606 -0.28375 1.1058 -2.2624 2.4194 1.2126 -0.059907 -2.6947
-1.82 -0.65321 0.041674 -1.4282 0.38311 0.31556 1.2063 -0.27828 1.2102 0.021785 -1.2312 0.88842 0.47139 -0.37827 0.28137 0.92745 0.27633 -0.86779 1.2214 0.50624 -0.18214 -0.70026 1.6739 -0.48393 -0.179 -0.91268 1.5806 0.82064 -0.34418 1.6754 -1.0404 -0.50005 -0.72043 0.88449 -1.5672 1.267 1.9158 -0.085374 -1.5046
-1.405 -0.53295 0.8645 -0.73836 0.94879 0.72771 0.77153 -0.27752 0.88095 -0.086665 -1.4537 -0.67542 0.37933 -0.037765 0.54203 0.56748 0.32861 -0.87 0.1654 -0.11436 -0.18074 -1.6238 2.2806 1.1061 -0.84682 -1.0244 2.412 -0.29877 -1.5082 0.78548 -0.93432 -1.0583 -0.60192 0.88682 -0.80196 -0.35126 2.2489 0.042454 0.24811
-1.8293 -0.64032 1.6543 0.014495 0.52025 1.0093 1.2745 0.076486 1.7771 0.69455 -1.7052 -1.7679 0.07589 1.3584 -0.41041 -0.6982 0.55541 -1.5697 -0.60453 0.19104 0.34261 -1.0416 1.1069 2.2422 -0.55676 -0.15073 2.6159 -1.2745 -2.3514 0.096372 -0.76542 -1.341 -0.091458 1.4184 -0.070911 -1.5885 2.0063 0.71939 1.5961
-1.379 0.20788 1.0107 -0.54799 0.43993 0.23795 0.59532 -1.0968 0.94478 0.5325 -1.0056 -1.1446 -0.20264 2.2805 -0.86092 -1.4726 0.63072 -1.625 -0.56639 0.071204 1.0795 -1.0311 0.028318 2.8525 -0.31551 0.48703 2.245 -1.2861 -1.6903 -0.16643 -0.61068 -0.77914 -0.22185 1.3312 0.13151 -2.1975 0.58964 1.2604 1.6234
-1.3123 0.60016 0.71488 -0.27135 0.50716 0.038069 0.54253 -0.72794 -0.58045 0.59068 1.2793 -2.2083 -0.44568 2.694 -1.2241 -2.3067 0.31624 -1.8918 -1.1183 0.22698 1.8493 -1.1623 -0.46003 3.0175 1.022 0.99325 0.65897 -0.5332 0.031888 -0.30639 -0.14878 -0.18618 -0.79628 0.68327 -0.19791 -1.6059 -1.0371 0.76995 0.73872
0.24933 -1.8678 -1.3692 -0.57168 -1.0931 0.44036 1.7229 0.85526 0.95761 0.75582 1.7451 0.19565 0.74365 2.9266 -1.278 -1.6869 0.14933 -1.8239 -1.1448 -0.58764 1.563 -1.3169 -1.4483 2.0064 0.94789 1.1108 -0.80076 0.64483 1.647 -0.21118 0.32512 0.044549 -1.3609 -0.35359 -0.1699 -1.1724 -2.2498 0.04881 -0.42278
0.63866 -1.7976 -0.99832 -0.22884 -1.3793 -0.2241 0.93346 1.2517 -0.3543 -0.46477 1.8951 -0.22733 1.249 2.1055 -1.1283 -0.53521 0.23638 -1.7297 -0.68079 -1.1192 1.3767 -1.323 -1.4506 0.40883 0.38266 0.76982 -2.121 2.4023 2.8277 0.32613 1.4145 0.30944 -1.3361 -1.5448 -0.23424 -0.67122 -2.5694 -1.0226 -1.8795
0.81786 -1.3738 -1.0247 0.039459 -0.91499 -0.57991 1.0505 1.7191 -0.29229 -0.37098 1.8462 0.017822 1.0082 1.2869 0.19942 0.61832 0.28838 -1.0878 -0.68304 -2.0594 0.63711 -1.318 -1.8808 -0.74179 0.085885 -0.10488 -2.9144 3.2124 2.4132 0.85564 2.1825 0.76628 -0.14493 -1.5038 0.045238 0.60632 -2.004 -0.94055 -2.7584
0.84771 -1.1924 0.3266 -0.10605 -1.4582 -0.46883 -0.353 0.44436 -0.40606 -1.4047 0.57929 -1.1941 0.63444 0.09331 2.1808 1.6525 0.86593 0.37594 -0.71027 -1.7897 -0.61184 -1.66 -1.6177 -1.2034 -0.67814 -1.5307 -3.0227 2.7484 1.0446 1.0735 2.3213 1.2687 1.2297 -0.98002 0.5618 1.5861 -0.86608 -0.20249 -2.6018
0.43887 -0.88585 0.12027 -0.40849 -1.6386 -0.34783 -0.83509 0.39654 -1.701 -0.82001 0.30099 -0.95629 0.32721 -0.76957 2.6102 1.5814 1.4407 1.1816 0.43461 -0.54911 -0.28973 -1.0775 -0.11186 -1.5505 -0.48341 -2.3358 -2.5063 1.1521 -0.36781 0.92199 1.8173 1.6104 2.2342 0.13234 1.2114 2.4212 0.091377 0.79962 -1.5147
0.59852 0.11875 0.47047 0.13281 -1.1977 -0.62281 -1.4461 1.0516 -1.7257 -2.0052 1.0211 -0.94507 -0.14514 -1.7434 2.4077 0.8705 1.6724 1.4509 1.3432 0.663 -0.019464 -0.32039 0.93228 -1.0706 0.22997 -2.4505 -1.4216 -0.54839 -0.97034 0.28748 0.68279 1.2537 1.8378 0.66193 1.8191 2.128 0.57131 1.4901 -0.11241
0.55483 0.79628 0.45477 1.0061 -0.25292 -0.68881 0.3518 0.34041 -1.3514 -1.476 0.16691 -0.45539 -0.75964 -1.8378 2.0702 0.34234 1.615 1.7567 1.5654 1.3227 0.57822 0.45793 1.8287 -0.60588 1.2642 -2.1687 -0.51813 -1.4358 -0.9078 -0.58105 -0.29724 0.14261 0.68497 0.3863 1.4914 1.1794 0.64011 1.3495 0.95198
-0.36347 1.2312 1.015 1.8271 0.3619 0.67206 0.64652 1.4709 -1.6104 0.21884 -0.57271 -1.0343 -1.3714 -1.6634 1.4981 0.51543 1.326 1.3691 1.2769 1.0657 0.18978 1.2556 1.7937 -0.42772 1.5064 -1.8005 0.37892 -2.0152 -0.31679 -0.98247 -1.0618 -0.88825 -0.67596 0.26031 0.6001 0.17861 0.53031 0.060665 1.6809
-1.2685 0.98106 0.081499 1.5067 0.19703 1.2039 1.2837 1.0523 -0.33025 0.69985 0.27541 0.22431 -1.5505 -1.6409 0.57968 0.11539 0.54226 0.68812 0.76863 0.66388 0.32167 1.1505 1.8886 -0.47403 1.6465 -1.0729 1.0501 -2.1906 0.0215 -1.1265 -1.5283 -1.4664 -1.194 -0.076502 -0.28273 -1.0903 0.66366 -1.1306 2.0032
-0.70316 1.0883 0.82892 1.169 0.17343 0.90129 0.14494 0.96386 -0.35795 0.65351 -0.23277 0.73142 -1.4735 -1.2241 -0.3331 0.40925 0.38889 0.034762 -0.046602 -0.39918 0.58733 0.53417 1.2758 0.022165 0.14502 -0.19557 1.52 -1.869 0.032363 -1.012 -1.0309 -1.2453 -0.44454 0.17002 -1.0346 -1.5835 0.47704 -2.065 1.9332
-0.80976 1.2255 0.99754 1.2921 -0.072791 0.31481 -0.10986 0.60079 -0.18531 0.42169 0.13259 0.89814 -1.6522 -0.35547 -0.80317 0.43247 -0.0048887 -0.39058 -0.73261 -0.4045 0.22305 0.22159 -0.14809 0.61841 -0.40937 0.36901 1.4605 -1.4976 -0.24998 -0.67011 -0.54002 -0.45596 0.99496 -0.044323 -0.95133 -1.6992 0.22764 -2.158 1.5747
-1.0658 0.97089 0.39094 1.2058 0.06534 0.013624 0.32585 1.6723 -0.3855 0.52298 -0.13942 1.061 -1.3802 0.15493 -1.0441 0.41358 -0.27538 0.015213 -0.48428 0.6854 0.54742 -0.40818 -0.43785 0.068668 -1.7496 0.70195 1.052 -0.99695 -0.2548 -0.88897 -0.40891 0.44966 1.6816 -0.47079 -0.48281 -1.3739 -0.075864 -0.98296 1.1806
-1.1346 0.26099 1.3525 2.2399 0.098583 -0.05965 0.21142 1.4698 -1.047 1.0682 -0.052002 -1.7779 -1.0594 0.034647 -1.657 -0.34068 -0.36329 -0.28617 0.075302 2.175 0.2459 -0.33698 -0.74235 0.0019492 -1.8824 1.1042 0.72135 -0.6787 -0.40797 -1.0294 -0.50998 0.96336 0.86204 -0.95525 0.33567 -0.45344 -0.012546 0.38395 0.7905
-0.91426 0.23828 1.1455 1.3134 -0.29056 0.45196 0.47178 1.4005 -0.64672 -0.31239 0.94951 -0.69119 -1.0883 0.28586 -1.6336 0.33321 -1.0775 -0.75867 0.47248 1.7802 -0.32373 -0.19106 -1.246 0.16834 -1.1677 1.4058 0.85983 -0.36976 -0.83668 -1.3606 -0.95232 0.3903 -0.84919 -1.3599 1.195 0.077255 0.5168 1.8337 0.73339
-0.76611 -0.096346 0.54751 0.55938 0.47549 0.72323 2.2985 1.5113 -0.76939 0.19197 -0.32652 -1.6717 -0.78472 0.75 -1.6862 -0.26696 -1.5112 -0.93207 0.75306 0.82752 -1.1542 0.77537 -0.67019 0.54448 0.073572 1.3358 1.1524 0.055381 -0.71149 -1.1499 -0.77737 -0.66937 -2.3718 -1.0175 1.1715 0.61099 0.88478 1.9663 0.79259
-0.72642 -0.90539 0.21814 0.91665 -0.62679 0.59925 2.7951 0.93353 -0.6426 -0.4892 -0.31184 -0.99044 -0.22993 1.1919 -1.6737 -1.1382 -2.226 -1.4095 -0.020411 -0.38956 -1.3281 1.4479 -0.30891 0.92665 1.0406 1.8097 1.0193 0.3637 -0.59742 -0.38071 -0.35679 -1.4775 -2.7041 -0.081326 0.64141 0.55144 1.0366 1.6713 0.70992
-0.69113 -0.4797 2.0215 -0.039718 -1.199 0.50479 1.0668 0.51941 -0.54421 -1.241 0.68322 -0.26667 -0.067333 1.4489 -1.5469 -0.89349 -1.921 -1.3844 -1.0229 -1.628 -1.1822 1.2081 0.051576 1.5538 1.0554 2.2245 0.55386 0.76615 0.0086929 0.179 0.28589 -1.7472 -1.9905 1.0418 -0.47199 -0.056412 0.58595 0.84815 0.36917
-0.19635 -1.3282 -0.26301 -0.064861 -0.75298 0.94174 0.60378 0.37624 0.98176 0.69832 0.96317 0.30011 -0.0060312 1.5886 -1.0807 -0.43575 -1.5709 -1.1772 -1.6218 -2.5652 -0.47523 0.87755 -0.46685 1.9254 1.7741 2.1459 -0.062571 0.82458 0.0065265 0.8198 0.89256 -1.4288 -0.60917 1.5114 -1.3649 -0.64876 -0.41478 0.082119 -0.39117
0.31305 -1.7175 -0.39718 -0.94512 -1.7486 -0.37172 -0.26555 0.078664 0.98647 0.20597 1.616 -0.70065 1.1251 1.452 -0.66497 -0.6043 -1.4938 -0.50262 -1.9751 -2.1864 0.37098 0.078078 -0.70105 1.325 1.4394 1.7842 -0.58568 0.96832 0.10607 1.1126 1.2244 -0.68316 0.74611 1.6426 -1.4898 -0.80215 -1.2419 -0.022618 -1.0561
0.56172 -1.4518 0.21024 -1.0707 -1.4311 -0.82047 -0.35264 0.40475 0.30407 -0.62835 2.6239 0.46926 1.4298 1.0949 -0.696 -1.2728 -0.90024 -0.1812 -2.4279 -1.3642 0.73223 -0.78787 -1.2604 0.14054 0.99904 1.3789 -0.80596 0.89008 -0.042715 1.5664 1.4421 0.30682 1.4068 1.2172 -0.89391 0.061475 -1.6959 -0.24265 -1.5464
0.64138 -1.3538 0.51635 -0.85187 -1.072 -1.0197 -0.28831 1.1725 0.019554 -1.1947 1.6179 1.2686 1.4408 0.75531 -0.072272 -0.28497 -0.1711 0.4015 -1.9925 -0.68811 1.2983 -1.0145 -1.1948 -0.25647 1.3771 0.84874 -0.65949 0.73198 -0.19637 1.7904 1.1453 1.0254 0.986 0.26281 0.29851 0.92381 -1.5391 -0.76252 -1.5654
0.50977 -1.5334 -0.1039 -1.0957 -1.455 -1.4234 -0.35816 1.2045 -0.63389 -1.5657 1.4022 0.98565 1.3869 0.64072 0.15477 -0.67451 0.69863 1.0578 -0.97957 -0.4117 1.3435 -0.41788 -0.087381 -0.97574 1.285 0.037119 -0.29646 0.63454 -0.38393 1.3789 0.89952 1.34 0.21689 -0.84435 1.3489 1.5282 -0.96092 -1.4056 -1.2497
0.5212 -1.7745 -0.84614 -1.126 -1.308 -2.1553 -1.0236 0.98192 -0.90509 -1.9246 0.67285 0.73788 1.2954 0.61943 0.16837 -1.2604 1.0553 1.0152 -0.60943 -0.62767 0.5486 0.47975 0.61813 -1.4671 -0.29753 -0.15313 0.13808 0.35187 -0.59822 0.65591 0.61708 1.1992 -0.43055 -1.5861 1.6708 1.4335 -0.55314 -1.9583 -0.76124
0.91861 -1.3994 -0.41082 -0.26974 -0.26964 -1.3263 -0.28271 1.9263 0.29297 -0.091273 1.4081 2.0922 1.37 0.68963 0.2741 -1.4812 1.0681 1.1941 -0.39201 -0.94519 -0.49675 1.1907 0.98144 -1.3446 -1.0859 -0.20221 0.30488 0.35557 0.0595 -0.18188 0.15269 1.0183 -0.81977 -1.6015 0.97432 0.88713 0.043948 -2.0569 -0.32007
1.164 -1.3213 -0.83207 -0.04129 -0.41293 -1.4651 -0.91067 1.6296 0.3617 -0.11071 0.56689 1.1214 1.2783 0.95957 0.47026 -0.96527 0.87805 1.4924 0.15576 -1.307 -0.78369 1.5627 1.2244 -1.274 -1.5011 -0.29939 0.15736 0.44888 0.42057 -0.71526 -0.25728 1.122 -0.70729 -1.3427 -0.19752 0.52389 0.60563 -1.239 -0.30862
1.091 -1.2017 -1.2216 0.14901 -0.31626 -1.6894 -1.2363 0.90142 0.81578 -0.56614 0.066166 -0.44498 1.278 0.96882 0.61242 -0.71632 0.45958 1.1181 0.71325 -1.7601 -1.0214 1.0036 1.4397 -0.9733 -2.3806 -0.42217 -0.0095403 0.50016 0.63126 -0.72835 -0.65226 1.5117 -0.040728 -0.75339 -1.0889 0.503 1.3777 -0.2531 -0.35831
1.1685 -1.2105 -1.6022 0.016993 0.16377 -1.8091 -1.6459 0.28083 1.2551 -0.4281 -0.4428 -0.22824 1.168 0.7397 0.76896 -0.88416 0.037701 0.59276 1.1235 -1.6764 -1.7323 0.14978 1.4724 -0.32994 -2.2283 -0.55649 -0.22866 0.34807 0.42316 -0.66047 -0.94235 1.299 0.69151 -0.57653 -1.6144 0.16722 1.8808 0.80443 -0.38564
1.5917 -1.0905 -1.1935 -0.30418 0.44638 -1.27 -2.2507 0.60874 1.2002 0.14161 -0.23804 -0.73159 0.98254 0.78983 0.98307 -0.38206 0.14207 0.45193 2.1994 -0.84237 -1.4548 -0.34174 1.8979 1.1883 -1.2642 -0.66982 -0.40006 0.15815 0.42855 -0.43925 -0.8659 0.75873 1.2198 -0.37133 -1.3551 -0.50943 1.6434 1.6271 -0.29249
1.657 -0.86506 -1.4514 -0.23782 0.16973 -0.79741 -2.9937 0.46853 0.40196 1.0237 -0.0625 -2.0101 0.85715 0.68536 0.88058 -0.36899 -0.1829 0.096271 2.0569 -0.33803 -1.666 -1.0736 1.3453 1.7464 -0.41699 -0.81729 -0.49572 -0.16987 0.46572 -0.15589 -0.73414 0.037465 1.1931 0.010755 -0.65779 -1.1434 0.80847 1.6821 -0.12381
1.6339 -0.2937 -1.7147 0.081949 0.22465 0.11843 -1.9163 -0.34902 0.45553 1.9827 1.1762 -0.48054 0.78247 0.35541 0.82422 -0.20075 -0.23749 -0.22124 1.7959 0.087716 -1.7668 -1.1656 0.46194 1.5724 0.055086 -0.77822 -0.55685 -0.65879 0.3883 -0.059227 -0.54941 -0.98354 0.71182 0.24475 0.20723 -1.6473 -0.52882 1.2102 0.11189
1.9321 -0.19187 -1.2927 0.35958 0.090575 0.98605 -1.7087 -0.23661 0.11458 1.664 2.2899 -0.96341 0.54853 0.16182 0.54945 -0.13444 -0.051736 -0.41424 1.413 0.3205 -1.5682 -0.79914 -0.15458 1.2428 0.56703 -0.70757 -0.55084 -1.0015 0.41169 0.21377 -0.31491 -1.5337 0.0021306 1.0144 1.0091 -1.2306 -1.4787 0.26762 0.42261
1.6897 -0.48935 -1.9681 -0.56464 -0.011407 -0.28218 -2.0028 -1.4595 -0.56912 0.22549 1.5913 -0.93657 0.33768 0.15775 0.0052372 0.20104 -0.022566 -0.29428 0.54005 0.29804 -1.0545 -0.078202 -0.73309 0.29116 0.72421 -0.53708 -0.50697 -1.1003 0.21661 0.41588 -0.23019 -1.8127 -0.56366 1.6896 1.3744 -0.24887 -1.9753 -0.43407 0.70978
1.593 -0.28478 -1.5281 -0.47051 0.066876 0.19506 -2.0891 -1.3155 -0.06698 0.25161 0.98878 -0.33304 0.34871 -0.099947 -0.44525 0.17278 0.11943 -0.43435 -0.41137 -0.43671 -0.12205 0.4164 -0.58123 -0.8317 -0.21793 -0.23234 -0.47131 -0.85643 0.13428 0.62107 -0.17053 -1.5873 -0.66214 2.1212 1.3754 0.52575 -1.9686 -0.8768 0.94273
1.8803 -0.3784 -1.3194 -0.036687 -0.20599 0.76006 -2.2114 -0.67738 0.069104 0.89934 1.6324 -0.49979 0.24046 -0.32699 -0.58434 0.035512 0.46342 -0.62141 -0.95337 -0.69371 0.68291 1.0044 0.16972 -1.6909 -0.46806 0.16837 -0.4765 -0.57953 -0.14978 0.54078 -0.16364 -1.3998 -0.1913 1.7932 0.94821 0.437 -1.5103 -0.49005 0.96419
1.8637 -0.76815 -1.251 0.071153 -0.1042 0.0031938 -2.1013 -0.85498 0.53244 0.66183 0.68162 -0.67481 0.35208 -0.35149 -0.6405 0.18931 0.87422 -0.55041 -1.0451 -0.54671 1.5495 1.4394 0.48122 -2.0521 -0.66686 0.51221 -0.51451 -0.28164 -0.092144 0.099485 0.17553 -1.1926 0.71422 1.2107 0.2774 -0.30625 -0.74904 0.53401 0.85066
1.4519 -0.78493 -1.6278 0.32575 -0.41894 -0.34576 -2.4785 -0.38712 0.87259 1.1894 0.37712 -1.2926 0.5424 -0.48053 -0.90363 -0.079939 0.61934 -0.52323 -1.968 -0.039291 1.4779 1.3201 -0.3596 -2.3861 -0.082579 0.69892 -0.53393 -0.11389 0.24004 -0.51665 0.38162 -0.74475 1.3486 0.7868 -0.58881 -0.95727 0.27559 1.3167 0.5755
1.4646 -0.93391 -1.5457 0.47745 -0.77874 -0.66897 -2.7924 0.18367 1.165 1.2213 -0.54753 -1.619 0.70384 -0.84863 -0.77759 0.062034 0.23825 -0.14224 -2.309 0.71071 1.7506 0.80225 -0.9401 -2.1129 0.67314 0.92142 -0.564 -0.033312 0.64924 -1.0429 0.29217 -0.11796 1.7209 0.2292 -1.2095 -0.9675 1.3828 1.9783 0.24635
1.3422 -1.127 -1.4907 0.3682 -0.43815 -1.2664 -2.5572 0.32458 1.517 0.47175 -1.5105 -1.2452 0.89071 -0.93525 -0.71804 0.5314 -0.17023 -0.10259 -1.8188 1.4601 2.0534 0.10261 -1.0818 -1.0569 1.5624 0.92414 -0.36827 0.13894 1.1379 -1.1789 0.011548 0.90523 1.6032 -0.28012 -1.4045 -0.24375 2.473 1.8481 -0.057908
1.2975 -1.4316 -1.4721 0.31735 -0.56271 -1.8433 -1.7307 0.41893 1.6678 -0.42216 -1.786 0.29289 1.0129 -1.0295 -0.79637 1.0559 -0.66348 -0.20349 -1.3469 2.2538 1.6816 -0.43626 -1.1409 0.29935 2.5775 0.81132 -0.087109 0.15132 1.0909 -1.2138 -0.62689 1.3329 0.73954 -1.2958 -1.4075 0.4398 2.7249 0.75402 -0.37153
0.9043 -1.286 -1.1003 0.24205 -0.17044 -1.9379 -1.0421 1.4856 0.8608 -0.12744 -0.77157 0.26316 1.2854 -0.97931 -0.6598 1.4791 -1.1158 -0.45511 -0.60279 2.4967 0.97211 -0.9423 -0.75424 1.7993 2.7631 0.65854 0.118 0.37703 0.85379 -0.88463 -0.79558 1.3214 -0.2566 -2.2114 -0.85034 1.2007 2.0674 -0.83521 -0.49672
0.75264 -1.6201 -0.60456 -0.15176 -0.54216 -1.885 -0.53142 1.6237 0.58574 -0.19792 -0.49306 0.96859 1.36 -0.96164 -0.55089 1.5591 -1.54 -1.1109 -0.20421 1.7192 -0.16354 -1.563 -0.1934 2.3992 1.611 0.43601 0.55408 0.61021 0.48102 -0.13033 -0.909 1.2282 -1.062 -2.9099 0.017047 1.4663 0.53733 -2.1681 -0.57553
0.38633 -1.7738 -0.35116 -0.49768 -1.0602 -1.791 -0.029843 1.3888 0.49641 -0.074011 0.72707 1.9596 1.3836 -0.77291 -0.19512 1.822 -1.3694 -1.1063 0.29943 1.2004 -1.2048 -1.087 0.91958 2.4009 0.30149 0.28492 0.94957 0.8736 0.21983 0.96653 -0.77612 1.0199 -1.0624 -2.8957 0.77882 1.2859 -1.355 -2.5271 -0.69961
0.6795 -1.6821 0.25574 -0.94765 -1.2491 -1.4268 0.067349 0.89246 0.10363 -0.088777 1.4647 1.8945 1.4042 -0.23201 0.019685 1.7525 -0.76823 -1.5454 0.70273 0.71443 -2.7273 -0.35047 1.0434 1.1725 -0.68862 0.039889 1.0238 1.1199 0.15138 2.0021 -0.42199 1.1822 -0.29724 -2.241 0.64605 0.57417 -2.4058 -1.8782 -1.0257
0.35182 -1.8346 0.11231 -1.5202 -1.8234 -1.987 -0.69611 -0.22464 -0.79678 -0.19241 1.0785 0.54297 1.3551 0.19546 0.55824 1.7781 0.31115 -1.6592 1.0224 0.81069 -3.2168 0.01623 1.2776 -0.53631 -1.3256 -0.30847 0.3427 1.2601 -0.073249 2.4403 0.044268 1.2993 0.39468 -0.91251 -0.19106 -0.2836 -2.2891 -0.93119 -1.5252
0.42423 -1.4128 0.94432 -0.89126 -1.3555 -1.4379 0.20371 -0.37536 0.51043 1.4927 1.5874 0.43002 1.4471 0.2136 1.0011 1.853 1.3627 -1.5999 1.8419 1.3033 -3.3941 -0.82021 0.81433 -1.3708 -1.4738 -0.97584 -0.54959 1.5057 -0.11895 2.2035 1.0636 1.2221 0.53902 1.2523 -1.1116 -0.83116 -1.0198 0.19007 -1.9257
0.75444 -1.3672 1.0903 -0.41141 -2.3487 -0.90903 0.087459 -1.6182 0.55107 0.95236 0.27932 -0.38213 1.3065 -0.43645 1.485 1.6374 2.1248 -0.98089 2.3746 1.7217 -2.6038 -1.2625 0.45717 -1.3117 -1.2483 -1.7484 -1.4388 1.1811 -0.78832 1.1907 2.1306 0.55192 -0.34672 2.5436 -1.3519 -1.3679 0.23111 1.0803 -1.8375
0.912 -0.93058 1.6319 0.36979 -2.8415 -0.6242 0.93403 -1.8223 0.4353 1.2488 -1.4427 0.18475 0.86141 -0.79817 2.1514 1.6059 2.4434 0.10143 2.5149 1.3723 -0.68537 -1.9961 -0.24918 -0.65846 -0.3538 -2.449 -1.8694 0.72108 -1.5617 -0.20272 3.1272 -0.61021 -1.4618 3.22 -0.45218 -0.95228 1.3416 1.6215 -1.0419
0.44649 -0.54673 1.9768 0.88371 -2.9033 0.6557 1.7007 -2.5357 -2.0059 0.34006 -0.11266 0.25891 0.066166 -1.6171 2.0175 0.47417 2.0015 1.4524 1.8161 0.063446 0.21151 -2.1702 -0.99705 -0.38569 0.32657 -2.6336 -1.3889 0.1276 -1.9393 -1.4936 2.8952 -1.4802 -1.9616 2.9167 0.88047 -0.4891 1.7385 1.502 0.077515
-0.26127 0.093166 1.9392 1.1309 -1.9232 0.85353 1.6283 -1.832 -1.8772 0.57659 0.35457 -0.50301 -0.57929 -2.2102 1.9748 -0.3914 1.0578 2.9914 0.89637 -0.87925 1.2561 -1.3085 -0.41045 1.0926 1.0687 -2.2689 -0.42873 -0.66145 -2.1702 -2.0032 1.7826 -1.756 -1.4572 2.3092 2.6821 0.051205 0.52634 0.57431 1.1494
-0.39591 0.93679 2.2484 1.417 -1.0681 0.5334 0.52325 -0.17194 -2.7904 0.081465 0.55493 0.18788 -1.1361 -1.9683 1.7882 -0.87286 0.044995 2.9525 0.19615 -1.1948 1.9114 0.16555 -0.46171 1.604 1.1236 -1.7082 0.87709 -1.1701 -1.2014 -1.6913 0.15762 -1.1685 -0.27533 1.3076 3.1098 0.41285 -0.56261 -0.44667 1.8047
-1.0662 0.50686 0.98206 1.4995 0.27464 0.40181 -0.21623 -0.91335 -1.3145 0.18941 -0.071015 0.96495 -1.0206 -1.3095 1.1181 -1.6471 -0.30067 2.6691 -0.22168 -1.0008 2.8055 2.2768 -0.4054 -0.50328 0.41472 -0.99466 1.5607 -1.8961 -0.42981 -1.1524 -1.5039 -0.62506 0.65976 -0.17431 2.6687 0.21773 -1.3783 -1.5 2.2007
-1.2656 0.89646 0.67587 0.698 0.7119 0.062839 -0.52731 -0.67074 -0.9349 0.86597 1.5213 1.3877 -0.98057 -0.64499 0.41935 -1.0724 -0.46027 1.9216 0.019032 -0.44133 1.8895 2.3491 -0.14451 -0.81034 -0.28809 -0.26149 1.6436 -1.8956 0.3674 -0.62262 -1.9137 -0.15984 1.1689 -1.0065 0.72513 -0.10364 -1.051 -1.8019 2.1093
-0.90177 1.3346 1.1326 0.45443 -0.30938 0.25855 0.63222 0.17306 -0.11382 0.041 1.1149 1.3262 -1.2618 -0.3451 -0.62124 -1.0708 -0.82609 0.73757 -0.26991 0.10639 0.92628 3.0134 -0.11518 -0.70004 -1.3427 0.67724 0.92759 -1.3282 1.0257 -0.26749 -1.6942 -0.012872 1.0818 -1.5483 -0.81465 -0.43726 -0.0016334 -1.0935 1.4364
-0.98125 0.74307 -0.14022 0.99029 0.55741 0.78346 0.69885 1.4807 1.2311 -0.43268 -2.0761 -0.48706 -1.2589 0.21025 -0.62169 -0.49848 -0.84146 0.38989 -0.091835 0.66365 0.94161 1.2528 -0.81376 -0.5842 -1.7384 0.97288 0.12754 -0.82284 0.77444 -0.040005 -0.81954 -0.17911 0.54081 -1.4724 -1.1947 -0.31125 0.72703 0.16353 0.67745
-0.98239 0.73528 1.411 0.87135 0.88026 0.74821 0.32582 0.20872 0.23284 0.64718 -0.097211 -0.79693 -0.87117 -0.23302 -0.66107 -0.081124 -0.59731 0.31327 -0.18051 0.67908 0.34858 1.1447 -0.9637 -0.61667 -1.1377 0.78359 -0.38416 -0.11107 0.7888 0.15499 -0.19145 -0.304 0.25135 -1.1271 -1.6397 -0.011124 1.5095 1.45 -0.062027
-1.112 -0.33403 0.16708 0.13923 -0.0048891 -0.45152 -0.059366 0.098502 2.1193 -0.051027 0.20385 -0.88227 0.034226 -0.48934 -0.98746 -0.16853 -0.63789 0.63196 -0.3768 0.38943 -0.60944 0.82907 -0.35407 0.73527 -0.071978 0.81565 -0.74248 0.060244 0.10834 0.28784 0.058707 -0.13943 0.11056 -0.69298 -0.90181 0.078645 1.1644 1.5046 -0.38397
-0.79777 0.35646 0.26484 0.1043 1.1027 0.39276 0.87042 0.32574 -0.70441 -1.1253 -0.10134 -0.52654 -0.13636 -0.6102 -0.63573 0.1889 -0.62764 0.27805 -0.73166 0.76381 -0.43503 -0.13525 -0.36173 1.9323 0.79976 0.65356 -0.33315 0.40532 0.33388 0.52876 0.31006 0.14034 0.02276 0.002459 -0.93354 -0.29045 0.4498 1.1322 -0.44336
-1.6733 0.66298 0.99324 0.057978 0.55736 0.034427 0.89382 0.3629 1.6851 -0.52185 0.18798 0.32165 -0.79987 -0.79488 -0.53585 -0.4394 -0.27844 0.53234 -0.086988 0.85132 0.014938 0.034941 -0.94687 0.68164 0.38124 0.39896 -0.010806 0.28081 0.38786 0.63426 0.040494 -0.043785 -0.25814 0.54505 -0.21181 -0.45054 -0.8489 0.22271 -0.32591
-1.3037 -0.34465 0.43174 0.096141 0.82881 0.16749 1.0715 -0.20547 1.7188 -0.06949 1.1992 0.53376 -0.395 -0.61275 -0.19236 0.65627 0.21986 0.95346 -0.029207 0.49716 0.028847 -0.38063 -1.2583 0.39341 0.95498 0.25399 0.57435 0.044733 0.025736 0.51976 -0.15056 -0.11991 -0.50875 0.43823 -0.10199 0.061588 -1.4153 -0.19101 -0.12972
-1.5796 -0.066256 0.5993 0.31846 0.93602 -0.34803 1.3798 0.90429 0.071094 -0.57477 1.2927 -0.081962 -0.16225 -0.49985 -0.72968 0.29736 0.1319 0.38537 -0.80493 -0.0073704 0.1739 0.49916 -0.82599 -0.34163 0.29128 0.47327 1.2628 0.11219 -0.50833 0.0030781 -0.68991 0.012129 -0.69695 0.038266 -0.28753 0.76693 -0.75907 -0.15306 -0.16309
-1.804 -0.21847 0.21756 0.21345 1.365 0.57441 0.9693 -0.089463 0.85363 -1.3584 0.21767 -0.88177 0.039656 0.17574 -0.4671 -0.13478 0.1473 0.088789 -0.60385 0.14634 0.29939 -0.59632 -0.28937 -0.63637 0.43112 0.40127 2.0935 -0.1454 -1.9875 -0.66936 -1.0809 0.61072 -0.49928 -0.54767 -0.098625 1.6847 -0.17764 -0.23737 -0.16627
-1.4761 -0.070088 1.5934 0.40114 1.5246 -0.51956 0.67785 0.28232 0.76073 -2.5334 0.46263 1.5132 0.14605 0.85643 -0.21025 -0.96499 -0.22509 -0.29701 0.23674 -0.40811 -0.060381 -0.46402 0.15175 -0.45409 0.30793 0.054571 2.7953 -0.066218 -2.5385 -0.80838 -0.8867 1.1638 -0.0098708 -0.63301 -0.59924 2.0005 0.68085 -0.21603 -0.15605
-1.5813 -0.57065 0.5074 0.088006 1.0173 -0.86396 1.0095 0.69466 1.292 -1.1041 -0.73589 -0.23855 -0.089097 2.0966 -0.70874 -2.3085 -0.83792 -0.69119 0.69938 -0.32977 -0.89857 -0.12115 1.723 0.065837 0.4373 0.18729 2.7239 -0.041554 -2.5104 -0.68858 -0.67543 1.2941 0.030082 -0.63294 -0.51021 1.7873 1.1683 -1.0061 0.063341
-1.2353 -0.064608 0.34926 0.31717 0.40328 -0.34412 1.4361 0.55449 0.40392 0.19562 0.32718 1.2132 -0.40893 3.0608 -0.72877 -3.2082 -0.87088 -0.8508 0.9137 0.21242 -0.43255 -0.98004 2.2874 0.79394 -0.1771 0.32124 2.0427 0.29535 -1.1585 -0.18241 -0.21739 0.7518 -0.11824 -0.14966 -0.74547 0.66456 1.2141 -0.98919 0.40587
-0.20544 -0.62446 -1.3615 -0.29924 0.72572 1.0554 0.18409 -0.31003 0.30812 -0.36875 1.1345 0.10193 -0.092489 3.4794 -0.28515 -3.5548 -0.8019 -0.86918 1.692 -0.099819 -0.71983 -1.3986 2.3239 1.2883 -1.4234 0.37461 0.70177 0.61528 0.62074 0.51884 0.19456 -0.0052201 -0.57821 0.62001 -0.56223 -0.72211 0.24649 -1.3951 0.37818
0.7072 -1.1318 -2.3878 -0.93371 0.4038 0.52837 0.97001 -0.65513 0.27086 1.447 0.84511 0.2838 0.43661 3.4705 0.082534 -2.4388 -0.57174 -0.59453 1.2757 -0.76477 -0.44405 -1.3647 1.2239 1.5831 -0.82387 0.63853 -0.99692 0.60521 2.3619 0.85176 0.31694 -0.99462 -0.96031 1.1472 0.24675 -0.99311 -1.0494 -0.885 0.084539
1.2934 -0.86478 -2.695 -0.4532 0.57028 0.88274 1.4481 0.11052 -0.67796 0.51667 1.0607 -0.5627 0.40564 3.0311 -0.057228 -1.5726 -0.0091014 -0.44288 0.5196 -1.0312 0.26375 -1.0951 0.77608 0.21156 -2.1397 0.66011 -2.4112 -0.00018022 3.0948 0.89097 0.58867 -1.7163 -1.0263 1.6427 0.91021 -1.2155 -2.08 -0.34803 -0.10219
1.657 -0.055354 -2.2174 -0.37346 0.14794 1.0925 0.31786 -0.21252 -0.99531 0.81941 1.9022 -1.0024 0.18568 1.6802 0.19703 0.070132 0.33164 -0.46083 -0.50386 -1.2997 1.226 -0.65055 1.0254 -0.95091 -1.6659 0.32049 -3.1457 -0.78754 2.4087 0.44577 0.64868 -1.5585 -0.76153 1.455 1.5603 -0.88967 -2.7151 -0.042521 -0.037023
1.6734 -0.34175 -2.0427 -0.50798 0.092978 0.54344 -0.21261 0.2848 -0.48509 0.73041 1.6977 -0.30459 0.45839 0.48518 -0.34825 0.78559 0.41842 0.17036 -0.88442 -1.9463 1.5295 0.076698 -0.069942 -1.9734 -1.7403 0.36437 -2.8252 -1.0316 1.5944 -0.009209 0.48238 -0.83242 0.16216 1.1695 1.6894 -1.1918 -1.933 1.4287 0.13698
2.1585 -0.71999 -2.2885 0.24878 0.055694 0.73647 -0.15856 0.52929 -1.0862 1.2793 0.038694 -2.6543 0.45492 -0.33245 -1.1377 0.73632 0.056709 0.31638 -1.1687 -1.8752 1.6536 1.2057 -0.17627 -3.2368 -1.1305 0.72577 -1.8427 -0.96056 0.62464 -0.22725 0.39726 -0.16063 1.2766 0.6653 1.1616 -1.5674 -0.44433 1.8144 0.35306
1.4513 -0.70287 -1.5121 -0.43186 0.22767 0.088894 -1.1208 1.1283 -0.30742 1.8016 -0.66023 -1.5834 0.43499 -0.52076 -1.1771 0.97576 0.12254 0.078035 -0.82305 -0.40701 2.2424 1.396 -1.0674 -2.8538 0.52423 0.68689 -1.0095 -0.023661 0.40694 -0.29487 -0.10393 0.1382 2.1857 0.14956 0.31105 -1.4813 1.3698 2.539 0.049445
1.2288 -1.674 -1.6398 -0.35025 0.98758 -0.45922 -1.0561 1.2626 0.20974 0.27172 -1.7576 -2.2016 0.96081 -0.78776 -1.0531 1.1028 0.067347 0.33721 -0.84825 0.56488 2.1114 1.0341 -1.6926 -1.4756 0.93006 0.74884 0.052768 0.86901 0.22921 0.097725 -0.76524 0.63014 2.436 -0.90078 -0.8194 -1.1696 2.585 2.1307 -0.39938
1.1081 -1.807 -1.8391 -0.38772 0.57106 -0.085617 -1.0893 1.9173 1.1169 0.13655 -2.8663 -1.7547 1.1582 -0.91222 -0.43695 1.3364 -0.12516 -0.016433 -0.75275 1.3421 1.5703 0.77469 -2.3515 0.13374 2.4542 0.43635 0.40442 1.0375 -0.007325 -0.014908 -1.1973 0.74017 1.6749 -2.1403 -1.4339 0.084233 2.477 0.92459 -0.53679
1.4907 -0.9764 -0.68974 -0.020466 -0.33433 0.38696 0.36725 2.6075 0.58392 -0.70413 -0.76601 0.92012 0.74446 -0.045808 -0.012402 0.96865 0.37405 -1.0376 0.084955 2.2748 0.27942 -0.17361 -1.933 0.90477 2.2861 0.18642 0.36412 0.74691 -0.16775 -0.29292 -1.2767 0.71226 0.91481 -2.5534 -1.4531 1.0414 1.5357 -0.41004 -0.58699
0.94273 -1.7853 -0.87493 -0.21632 0.88402 -0.73487 0.52626 2.5486 0.20398 -0.95769 -0.30564 -0.65938 1.3259 -0.23277 0.08889 1.0278 -0.04726 -1.4359 0.22209 2.1934 -0.88831 -0.94144 -0.76782 1.3562 1.7367 0.074432 0.075076 0.37729 -0.31906 -0.44214 -0.85248 0.7339 -0.47264 -2.3746 -0.86302 2.0029 0.40797 -1.8186 -0.58787
0.91612 -1.0537 -0.45483 -0.24986 0.024164 -0.39157 0.91565 2.0526 0.15044 -1.5018 -0.26025 0.9065 0.69168 -0.53362 -0.031535 0.95193 -0.50623 -1.3015 0.11952 2.0274 -1.4847 -1.0883 -0.33706 1.2623 0.42282 -0.047545 -0.22591 0.21122 -0.13751 -0.53896 -0.28274 0.7404 -1.7692 -1.5122 0.11732 2.0559 -0.54096 -1.7873 -0.61895
1.6395 -1.1474 -0.75762 0.16346 -1.2327 0.39418 1.529 0.93886 -0.36265 -0.72035 -0.54648 0.83879 0.8828 -0.54137 0.21873 0.76594 -0.49778 -1.4473 0.72902 0.49342 -2.036 -0.54677 0.97514 0.84708 -0.38934 -0.42549 -0.16622 -0.17074 -0.49987 -0.43801 0.23263 0.62783 -2.2037 -0.39126 1.0633 1.7883 -0.94997 -1.5373 -0.31541
0.68455 -1.9211 -0.4592 -0.73576 -0.69377 -0.13528 1.3563 0.50298 -0.75998 -0.51881 -0.51329 -0.23693 1.2917 -0.25076 0.28195 0.84903 -0.39392 -1.5395 1.3437 -0.5208 -2.0096 -0.15328 1.429 -0.016075 -0.36142 -0.59423 -0.49109 0.15731 0.0098246 -0.010179 0.68422 0.68577 -1.7862 0.51336 1.5309 1.2944 -0.74353 -0.57938 -0.34807
0.53906 -1.4496 -0.19821 -1.0186 -0.9896 0.083265 1.9276 1.1647 -0.22435 -0.79123 -0.20174 -0.59204 0.85882 -0.63703 -0.36829 0.17338 -0.90847 -0.86996 0.8941 -1.0739 -1.3756 0.7353 2.0324 -0.071149 -1.0655 -0.17688 -0.64405 0.85253 0.44427 0.58931 0.86485 0.23959 -0.64858 1.0559 1.2535 0.071627 -0.48711 0.34255 -0.63741
0.95009 -0.49975 0.33552 -0.28848 -1.6321 1.0657 0.24382 0.34205 -0.053059 0.88158 1.0876 0.41725 0.11675 -1.2734 0.52814 1.2641 -0.30851 -0.30678 1.4385 -0.86944 -0.85934 1.3672 1.802 0.10467 -0.45487 -0.75094 -0.5845 1.3942 0.45984 1.0163 0.779 -0.31507 -0.29736 0.85223 0.60533 -0.46551 -0.15126 0.73412 -0.80857
0.87589 -1.5236 0.046894 -0.56076 -1.0563 0.82891 -0.21943 -0.042484 -0.060491 0.4524 -1.3809 -0.63592 0.68485 -1.0648 1.5626 1.36 0.56927 -0.4457 1.179 -0.66738 -0.63275 1.2245 0.94211 -0.27138 0.34576 -1.4085 -0.36588 1.5463 0.49397 1.0426 0.50321 -0.55058 0.041822 0.47287 -0.27082 -0.85586 -0.21802 1.0009 -0.82984
0.29317 -1.9703 -0.92393 -1.6744 -1.4567 0.52923 0.29061 0.26862 1.3284 1.4893 -0.42066 -0.60761 0.90822 -0.97541 1.7191 1.0855 0.77277 -0.29268 0.57462 -1.3351 -0.78667 0.81364 1.0232 -0.24229 0.43009 -1.3251 0.13904 1.0783 0.07219 0.60925 0.1106 -0.91912 -0.030246 0.05376 -0.82376 -0.69481 0.29591 0.62463 -0.42953
-0.29744 -0.096293 1.9063 0.037364 -1.2949 2.3073 1.2006 -0.046208 1.2057 1.2832 -0.011175 0.12184 -0.10823 -1.3714 1.7015 1.1542 0.50556 0.071086 0.22212 -0.7528 -0.53272 0.43927 0.6682 -0.36945 0.54019 -1.2719 0.19335 0.4296 0.22232 0.66003 0.75537 -0.54408 -0.0827 0.10934 -1.1689 -0.82065 0.15847 0.22477 -0.13552
-0.28271 0.6075 1.1782 0.11872 -1.4089 0.69182 0.47298 0.20716 0.52521 -0.14919 -0.76155 0.35534 -0.77487 -0.88981 2.3156 1.4957 0.87025 -0.34423 0.066172 -0.887 -0.82019 0.060897 0.51645 0.80168 0.71889 -1.5341 0.33771 -0.33292 -0.40111 0.61763 1.2997 -0.33679 0.32979 0.83799 -1.1186 -1.0522 -0.16556 -0.44772 0.096262
0.15444 0.5717 0.7114 0.00016886 -1.6248 0.86753 -1.3797 -0.15439 0.75671 1.7441 0.014511 0.10283 -0.58486 -0.78955 2.0008 1.555 1.7621 0.9952 0.34247 -1.0598 -0.42206 -0.8009 -0.48576 -0.44486 0.64648 -1.5288 0.40843 -0.8936 -1.0735 0.66684 1.7877 0.063581 0.55786 1.1648 -0.84063 -0.98404 -0.12746 -0.83697 0.39834
-0.62299 0.44622 1.4155 -0.28671 -1.1354 1.3701 -0.5659 -0.50671 0.62892 1.9479 -0.56897 0.74446 -0.68581 -0.71513 0.98889 0.15782 1.307 1.6685 -0.15622 -0.49953 0.72547 -0.8655 -0.55708 -0.56207 -0.56687 -1.0351 -0.011097 -1.2111 -1.5629 0.24026 1.5557 0.0039267 1.2554 1.3886 -0.41195 -1.0379 -0.40569 -0.96577 0.51775
-0.1214 1.0008 1.768 0.20447 -1.8255 0.84791 -0.57784 -0.96134 0.67608 1.0563 0.44791 -0.0096743 -0.75925 -0.79329 0.81588 -0.12012 1.5414 2.3919 0.47398 0.20572 0.87795 -0.83074 -0.81223 0.037956 -0.56469 -0.85638 -0.018202 -0.88251 -1.4454 -0.18198 0.26311 -0.27619 1.2824 1.0332 0.15494 -0.24077 0.25872 -0.59642 0.47104
-1.004 1.1175 2.0859 1.7502 0.71681 1.8801 -0.31092 0.37605 -0.14223 -0.095135 -1.7968 0.71744 -1.3439 -0.9002 0.81077 -0.49487 1.4397 1.8549 0.020194 1.0706 1.1352 -0.78438 -1.4482 -0.3204 -0.6893 -1.0062 0.050273 -0.5013 -0.54639 -0.43699 -0.9749 -0.45045 0.80359 0.57716 0.50717 0.48375 -0.087683 0.20695 0.36799
-0.89601 1.2816 1.251 1.4033 0.56069 1.2154 0.43752 1.477 -0.25476 0.29031 -0.7294 -1.2993 -1.4692 -0.72075 0.56003 -0.73441 1.3679 1.4054 -0.29361 0.80112 1.3086 -0.54719 -0.52912 0.0012457 -0.54325 -0.75702 0.6155 -0.62944 -0.204 -1.2918 -2.0302 -0.87834 0.19085 0.024801 0.76665 1.171 -0.098125 0.6194 0.6031
-0.75478 1.4458 0.36106 1.4789 1.1135 1.134 -0.43835 0.47219 -0.39869 -0.21975 0.20077 0.086496 -1.4538 -0.66452 0.24544 -0.52498 0.59063 0.37225 -0.67341 0.86167 1.586 0.0043179 0.3022 -0.73151 -0.16928 -0.47031 0.9906 -0.64796 0.33851 -1.5672 -1.594 -0.47423 -0.38918 -0.51686 0.78395 1.0111 0.24845 1.2997 0.81111
-0.97395 1.3374 0.63003 1.2016 -0.35541 0.9182 0.30319 0.49958 -0.00046119 0.39126 -0.83808 -0.50665 -1.5845 0.088808 0.005854 -0.47582 -0.43053 -0.61082 -0.94732 0.70576 0.68715 0.31496 0.7265 0.032959 0.43548 -0.11795 0.8572 -0.4813 0.48467 -1.3921 -0.6283 0.060052 -0.41408 -0.65178 0.50611 0.17034 0.28825 1.2242 0.60149
-1.3183 1.1661 1.3305 1.7783 0.4521 1.0149 0.45929 0.92502 -0.061498 1.3052 -0.40122 0.11915 -1.4142 0.30089 -0.036822 -0.013837 -0.5708 -0.073234 -0.60214 0.31798 0.45944 0.35981 0.0092161 0.20831 1.4865 0.02734 0.65235 -0.32418 0.082869 -0.35674 0.91355 0.49554 -0.48896 -0.85308 -0.12998 -0.6099 0.7643 0.96498 0.35304
-0.97443 1.4114 1.4639 1.3908 -0.63081 0.27343 0.64403 1.9457 0.53269 0.70342 -2.0832 -0.24545 -1.4909 0.18692 -0.13567 -0.11534 -0.63483 0.48063 -0.19573 0.22133 0.63102 0.28451 -0.026213 0.16262 1.1382 -0.0021457 0.14232 -0.13463 -0.36887 0.47967 1.2211 0.64462 -0.34289 -0.75584 -0.45672 -0.68796 0.55742 0.075845 0.084403
-0.61887 1.1348 0.70094 0.82385 0.55396 0.79745 0.63249 1.2091 -0.096022 0.6245 -0.64747 0.92165 -1.5473 0.34588 -0.24925 -0.5572 0.039199 1.5346 -0.033197 0.097867 -0.006248 -0.26642 -0.56933 0.87214 1.4533 0.061341 -0.18625 -0.14785 -0.44346 0.70616 0.45306 0.66891 -0.11585 -0.94241 -0.44701 0.09219 0.46703 -0.71998 0.005969
-0.49415 1.3945 0.71755 0.67107 0.88172 0.53447 0.21857 1.382 0.14871 -0.37614 0.6833 1.2131 -1.3902 0.30189 -0.12601 -0.87305 0.16986 0.86288 0.086341 0.11095 -0.51698 -0.3233 -0.39262 0.91879 0.58961 0.0068256 -0.15992 0.027567 0.23622 0.77499 -0.79255 0.49834 -0.19008 -0.79837 -0.18898 0.32945 -0.021425 -1.1276 0.024559
-1.0021 1.1624 0.28787 0.9211 1.1761 1.0839 -0.023465 0.98261 0.12946 0.44497 -0.39982 1.0868 -1.5424 -0.051789 -0.30255 -0.43878 0.3544 0.59086 0.62417 0.13641 -0.75523 -0.26789 0.38814 0.85103 0.25465 0.033894 -0.28026 0.16229 0.80413 0.090505 -1.6563 0.36418 -0.15451 -0.19077 -0.050123 0.80008 -0.57729 -1.325 -0.034318
-0.77886 0.87597 0.49703 2.0855 1.6059 0.70346 0.93734 0.67213 -0.60452 0.11284 0.13249 1.4476 -1.4257 0.1331 -0.066942 0.25079 0.6634 -0.49926 0.49727 -0.18774 -0.51164 -0.12088 0.17862 0.12974 -0.61047 0.053605 -0.036242 0.23212 0.9617 -0.39199 -1.2834 -0.11099 -0.010645 0.46944 -0.084706 0.34594 -0.29708 -0.64729 -0.018419
-0.82699 1.2763 0.42677 1.6076 0.40994 0.76922 0.67894 0.93464 -0.1093 0.91729 0.035462 0.18135 -1.4472 -0.016774 -0.0040103 0.33324 -0.027543 -0.83591 0.51115 -0.069264 -0.3807 -0.49096 0.79633 0.012102 -0.70237 -0.018162 0.11814 0.38666 0.39547 -0.99111 -0.89262 -0.40106 0.0501 0.79744 -0.10844 -0.43859 0.1708 -0.12048 -0.071876
-0.82596 0.92006 0.87174 1.0782 0.35709 1.3541 0.62067 1.0128 0.18462 1.1396 -0.50773 0.70243 -1.4867 0.23151 0.1201 0.47824 -0.35846 -0.78458 -0.070235 0.19393 0.16851 -0.40552 0.12078 0.69422 -0.28788 0.0032417 0.016153 0.048353 -0.53997 -0.85514 0.30913 -0.50894 0.17026 0.70339 -0.080734 -0.65914 0.47514 0.79188 -0.081254
-0.23846 1.2868 1.0333 1.602 0.19599 1.2425 -0.26761 0.56611 -0.32261 -0.18806 0.26062 0.25382 -1.4213 0.095519 0.26622 0.16082 -0.97064 -0.90359 0.10702 0.050954 0.39573 -0.36767 -0.47858 0.94417 -0.17459 -0.059642 -0.12046 -0.079044 -1.022 -0.038516 0.88499 -0.68582 0.21657 0.4219 0.14858 -0.71394 0.32055 0.72555 0.019363
-1.0154 1.289 0.73614 0.4965 0.3409 1.1238 0.32478 0.88141 -0.91529 1.3533 0.4566 0.51097 -1.4819 0.10872 -0.12408 -0.64133 -0.4476 0.12322 -0.32019 0.10526 0.41389 -0.3682 -0.53307 0.70219 0.74205 -0.060005 -0.58128 -0.11863 -0.91417 0.39348 0.8933 -0.1633 0.018575 -0.16735 0.25605 -0.036111 -0.56381 0.23226 0.08504
-0.66189 1.1092 0.84638 1.2866 0.579 0.49665 1.0621 1.3099 -0.50525 0.22066 0.81101 1.0641 -1.5076 -0.14429 -0.023983 -0.95702 -0.043422 0.36538 -0.74184 0.42368 0.27972 -0.22829 -0.33856 0.70978 0.26208 0.046827 -0.40226 -0.15329 -0.1069 0.91771 0.64106 0.27241 -0.14961 -0.69794 0.45573 0.48333 -1.1192 -0.40763 0.16512
-0.66976 1.3651 0.5704 0.61506 -0.24206 1.1362 0.85766 1.227 -0.80303 -0.51559 1.3463 0.54121 -1.4904 -0.58191 0.054762 -0.61787 -0.077317 0.25151 0.035098 0.047959 -0.10113 0.024991 -0.017311 -0.41378 -0.045634 0.092848 -0.3278 -0.068535 1.0208 0.44786 -0.09591 0.83191 -0.38448 -1.0424 0.31155 0.64817 -1.2028 -0.92022 0.2168
-0.61235 0.80485 -0.54914 1.1536 0.91567 0.55756 0.26292 1.3385 -0.22027 0.74874 0.13549 1.5894 -1.5199 -0.20329 -0.093497 -0.046069 0.56608 0.23568 0.49323 -0.22676 -0.67458 0.34257 0.26353 -0.93306 -0.64178 0.14026 0.3976 -0.57718 1.1167 -0.069416 -0.35936 0.54118 -0.33558 -0.81814 0.25248 0.6092 -0.64981 -0.38298 0.55739
-0.92857 1.1704 0.13399 1.2505 0.77129 0.43141 0.90825 0.93088 -0.44128 0.40983 0.81536 0.35032 -1.3364 -0.38563 -0.21324 0.74743 0.093751 0.026541 0.75993 -0.36012 -1.0861 -0.04041 0.50481 -1.0939 -0.72572 0.25574 1.4497 -1.2788 0.18323 -0.90135 -0.70783 -0.95528 0.40646 -0.20624 -0.32152 0.45192 0.44908 -0.32091 1.3913
-1.2661 1.5699 0.70602 0.99106 0.27752 1.7267 -0.31902 0.37236 -0.69259 0.20976 -0.69082 0.078754 -1.3525 0.40553 -0.89242 0.37794 -0.247 -0.1716 0.0042478 -0.062073 -0.78219 0.29732 0.65917 -0.36272 -0.20799 0.89557 1.9603 -1.8127 -1.1158 -1.7776 -0.80374 -2.3299 1.1076 0.3453 -0.4912 0.5871 0.82757 0.0029367 2.1183
-0.85958 0.87034 0.8841 1.5721 0.65434 1.4179 0.75313 0.40077 -0.16621 1.5854 -0.44593 -0.14531 -1.3926 1.4612 -1.7601 -0.50036 -1.3394 -0.8397 -1.6444 0.80573 -0.44829 -0.62842 0.72026 0.28274 -0.94443 2.0354 1.9291 -1.7485 -2.0473 -1.7415 -0.74767 -3.0598 1.2695 0.26586 -0.15122 0.63351 0.50103 -0.26777 2.2858
-0.94927 0.78228 1.6581 0.88065 0.24216 1.2852 0.58482 0.22258 -0.87627 0.038523 -0.15355 0.46971 -1.1839 2.0456 -2.4564 -1.4419 -2.0193 -0.80369 -3.0142 1.4759 -0.35479 -0.38502 1.3692 0.18496 -0.54546 2.7825 0.66698 -0.58762 -1.6904 -1.229 -0.77628 -2.1704 0.23813 -0.63397 0.37683 0.13906 -0.49763 -0.64268 1.4736
0.19552 -0.19992 -0.4245 0.20942 -0.087074 0.30894 0.54697 0.74569 0.18711 0.92834 1.1343 1 -0.13905 1.9162 -2.4567 -2.0468 -2.2548 -1.0261 -3.9196 1.4903 -0.81086 -0.028451 1.4586 -0.27286 -1.1291 3.1236 -0.90362 1.1691 -0.067747 0.20728 -0.3248 -0.02666 -1.0105 -1.5529 1.062 -0.45342 -1.1662 -0.14268 -0.34898
0.92502 -1.3322 -1.4614 -0.7064 -0.11812 -2.2364 1.7817 0.72314 -1.9849 1.9505 0.33977 -0.99547 1.163 1.2611 -1.5646 -1.9076 -2.0688 -1.5001 -3.2445 0.088702 -1.8082 0.74349 0.5821 -1.1659 -1.4621 2.8088 -2.2032 2.5154 1.8016 1.2824 0.16389 2.129 -1.8706 -1.9862 1.1124 -1.6978 -1.0516 0.512 -2.0527
0.60823 -1.1619 -0.7679 -1.0679 -0.26638 -2.0801 2.4895 -0.035018 -0.56508 2.3183 -0.017704 -0.48695 1.4044 0.39945 -0.19238 -0.39185 -0.91702 -1.077 -1.5715 -0.58203 -2.6612 0.94891 0.18764 -1.5795 -0.7999 1.4416 -2.4154 2.839 2.5898 1.6833 0.83682 3.572 -2.04 -1.4103 1.479 -2.3997 0.064306 1.7261 -2.9129
0.26803 -0.99476 -1.1025 -1.079 -0.96477 -1.9433 1.066 -0.95862 -0.13455 2.1212 -1.7679 -1.6199 1.429 -0.74928 0.75045 0.98682 -0.28653 -0.45859 0.13786 -1.3426 -3.1859 1.3704 -1.4802 -1.4496 0.32828 0.20295 -1.5922 1.9104 1.8002 1.2101 1.3658 3.0729 -1.202 -0.019921 1.1041 -2.2119 1.4711 1.9532 -2.3772
0.25599 -0.5695 -0.84225 -0.69548 -1.369 -1.577 -0.062899 -1.8377 1.2232 0.93446 -1.579 -1.3806 1.2326 -0.97461 1.2837 1.1877 0.0029327 0.019181 1.6395 -1.998 -2.7927 2.6488 -2.4382 0.012339 1.5215 -0.42785 -0.40344 0.52793 0.13921 0.17232 1.3465 1.4993 -0.089728 1.3988 0.45694 -1.5284 2.3887 1.396 -0.87988
-0.11688 0.55372 1.059 -0.16662 -0.6951 -0.44489 0.047396 -2.3473 -0.095404 0.35184 -1.146 0.55137 0.31854 -0.6182 0.99151 0.55629 -0.26196 0.49756 1.389 -1.6795 -1.7921 2.1209 -2.6469 1.2466 1.3922 -0.21779 0.52975 -0.55319 -1.0731 -0.57231 0.98548 -0.095213 1.003 2.1867 -0.59368 -0.073863 2.2698 0.16047 0.42536
-0.2198 -0.24255 -0.17906 -0.83133 -0.21977 -0.82256 -0.14217 -2.4229 1.3537 -0.66501 -0.57267 0.95602 0.8342 -0.31213 0.59339 0.073334 -0.59678 0.95495 0.85304 -0.59649 -0.7335 1.483 -2.3655 2.2803 1.5323 0.1864 0.66711 -1.0759 -1.3064 -0.86968 0.42949 -1.1507 1.4956 1.9882 -1.4135 0.74876 1.3396 -1.189 1.009
0.0090438 -0.045429 -0.28622 -1.1658 -0.20519 -0.60269 -0.12492 -2.3165 2.5782 -0.59862 0.50314 0.54957 1.1701 -0.2191 0.13461 -0.39843 -1.0421 0.91484 0.34996 0.026687 -0.1057 0.72302 -1.6623 2.3651 0.63522 0.60594 0.36559 -0.61907 -0.43015 -0.42679 -0.16855 -0.92661 1.0523 1.211 -1.6539 1.0038 0.33318 -1.705 0.49827
-0.073191 -0.037936 -0.46256 -1.4741 -0.20199 -0.71096 -0.056759 -2.1915 2.2684 -0.90026 0.85078 0.24314 1.3316 -0.090851 -0.1516 -0.69938 -1.2167 0.6221 -0.16097 0.23446 0.099717 0.44785 -1.3848 2.375 -0.57491 0.84331 0.12252 -0.054226 0.44518 0.10919 -0.35948 -0.43009 0.17579 0.3841 -1.676 0.91117 -0.63806 -1.5471 -0.33924
-0.065985 -0.03294 -0.76805 -1.383 -0.072625 -0.93208 -0.092007 -2.0457 1.5493 -1.3141 1.0564 0.55193 1.4033 -0.1326 0.28923 0.16292 -0.73616 0.36792 0.030088 0.076719 0.062002 -0.75104 -1.0671 1.9284 -1.0948 0.28539 0.11524 0.52602 1.0404 0.73891 -0.14577 0.016813 -0.43406 0.079764 -1.0706 0.73388 -1.0691 -0.53895 -1.1363
-0.18597 0.0063875 -0.30036 -1.6866 -0.033596 -0.67171 0.030409 -2.2756 1.4097 -1.3784 1.6589 0.19972 1.3969 -0.1518 0.41688 0.5959 -0.53487 0.57873 0.15324 -0.25699 -0.10547 -1.2144 -0.78336 1.1117 -0.81721 -0.2177 -0.22302 0.62701 1.2818 1.3644 0.1309 0.28664 -0.8169 0.12586 -0.10436 0.57768 -1.5767 0.43446 -1.4702
-0.26358 0.097869 -0.050576 -1.8777 0.32996 -0.7506 0.36371 -2.3182 1.1883 -1.8545 2.3843 -0.17959 1.3315 0.0031959 0.75337 0.83365 0.005633 0.68265 0.23874 -0.62041 0.13508 -0.64741 -0.44787 0.67059 -0.37588 -0.75662 -0.6858 0.2955 0.50026 1.6137 0.030153 -0.085268 -0.47041 0.48518 1.1341 0.425 -1.755 0.73708 -1.0717
-0.21798 0.19113 -0.078272 -1.7113 0.071866 -0.70322 -0.36856 -2.2454 0.88793 -1.9232 2.123 -0.88507 1.2011 -0.51334 0.69374 1.2814 0.96688 0.72329 0.3274 -1.0991 0.28826 0.16223 -0.50045 -0.42832 -0.056172 -1.0852 -0.91315 -0.018285 -0.11227 1.5911 -0.029514 -0.21018 0.18368 0.89983 1.4039 0.17751 -1.727 0.30327 -0.4082
-0.07752 0.54252 0.36543 -1.8793 0.588 -0.40974 -0.60466 -2.3489 0.91331 -1.3968 1.6334 -0.20489 0.90302 -1.054 0.65564 0.723 1.532 0.36759 -0.21796 -0.46998 0.76755 0.84899 -0.32856 -1.1222 0.027922 -1.0662 -0.92594 -0.40368 -0.79873 0.71477 0.1656 -0.24289 1.0545 0.83595 0.65048 -0.131 -0.91049 -0.082926 0.31532
-0.049983 0.93442 0.31328 -1.1273 0.63225 -0.63401 -0.84097 -1.7168 1.4174 -1.6208 1.7613 0.29883 0.41589 -1.0926 0.42863 0.44635 1.6789 0.69771 -0.032513 0.048588 1.2623 0.87524 -0.47186 -1.7515 -0.41185 -0.74222 -0.39285 -0.53564 -1.2712 -0.36931 0.43819 -0.30396 1.3777 0.48186 -0.38471 -0.10225 0.16569 -0.37897 0.79667
-1.0596 0.5055 1.1533 0.1093 0.78543 -0.49433 -1.4 -1.8441 1.981 -2.3725 0.26889 0.36478 0.31462 -1.1972 0.18315 -0.19509 0.99323 1.0183 -0.06169 0.98195 1.2117 0.29954 -0.72535 -0.64836 -0.38843 -0.40142 0.062167 -0.70111 -0.97311 -1.1603 0.4509 -0.014697 0.6501 -0.1939 -0.94676 0.13747 0.85889 -0.62282 0.8704
-1.4375 0.72051 0.1587 -0.24957 0.17988 -1.2846 0.40408 -1.3237 2.5717 -1.8411 0.69251 -0.50822 0.48394 -1.0706 -0.00070632 -0.56032 0.55925 1.2256 -0.35488 1.0174 0.96235 -0.36778 -0.50612 -0.30099 -0.64983 -0.088562 0.48882 -0.45351 -0.51668 -1.2934 -0.15626 0.046677 0.0066499 -0.69804 -0.81532 0.69759 1.423 -0.24678 0.55254
-0.9127 0.56365 0.38742 -0.27492 1.5309 -0.41527 0.18615 -0.74803 1.6351 -2.5915 -0.08985 -1.5078 0.71619 -0.95888 -0.34617 -0.53529 -0.059486 0.95484 -0.074735 0.38804 0.53985 -0.47885 -0.022605 0.027134 -1.1585 0.058876 0.69423 -0.27206 0.26171 -0.60418 -0.83681 0.12773 -0.87585 -1.0019 -0.30388 0.73192 1.0287 0.24451 0.099039
-1.1595 0.59268 -0.41991 -1.1579 1.5493 -0.61638 0.61915 -1.1839 0.67141 -2.592 2.1742 -0.58464 0.6057 -0.4165 -0.095543 -0.31975 -0.19416 0.45612 0.080422 0.36134 0.27023 -0.41723 0.6173 1.0143 -0.55559 -0.050266 0.49259 0.035654 0.63034 -0.062502 -1.3535 0.090638 -0.74165 -0.89388 0.36112 0.75954 0.68438 0.73865 -0.22721
-1.1403 0.74925 0.026621 -0.65366 2.0822 -1.1167 -0.10626 -1.2676 0.69658 -1.7557 0.78857 -0.38566 0.48903 -0.3972 -0.24486 0.15607 0.25516 -0.13072 -0.0086797 -0.49371 -0.34309 -0.31584 0.22407 0.93864 0.050334 -0.25439 0.2699 0.13927 0.69876 0.26258 -1.0446 0.1507 -0.22752 -0.27697 0.72375 0.44753 -0.12541 0.76744 -0.22732
-1.6594 0.16259 0.22263 -0.43405 1.1445 -0.59933 -1.0271 -1.1218 1.8316 -1.848 0.95427 -1.6529 0.36165 -0.55009 0.004679 0.23207 0.29677 -0.72234 -0.19242 -0.068713 -0.29337 0.26489 0.93845 0.73762 0.25221 -0.30957 0.086067 0.14071 0.39411 0.053163 -0.15211 0.1923 0.37933 0.13454 0.54721 -0.071102 -0.81882 0.20347 0.041886
-1.5183 0.63537 0.61198 -0.019784 0.83272 -0.59166 0.34651 -1.2747 1.8483 -1.372 2.0083 -0.43938 0.38482 -0.45042 -0.16129 0.4506 0.19581 -0.37452 0.37889 0.13607 0.28737 0.63276 0.74319 -0.1045 0.0034923 -0.18929 0.51887 0.45189 -0.11323 -0.35189 0.89597 0.056873 0.89028 0.050041 -0.31584 -0.13702 -1.1071 -0.10574 0.30347
-1.518 0.35481 0.09356 -0.17125 0.52586 -1.2096 -0.16087 -1.5889 1.3285 -2.4515 1.7404 -0.76707 0.34443 -0.24519 0.10017 0.24386 -0.054059 0.3124 0.28814 0.83063 0.19644 0.20162 0.21771 -0.2449 -0.13103 -0.011904 0.83678 0.44188 -0.5609 -0.68282 1.1201 -0.16377 0.32415 -0.33705 -0.86847 -0.36628 -1.2498 -0.43458 0.31827
-1.4489 0.76862 0.29531 -0.5739 1.2375 -0.56713 0.39422 -0.97993 1.3857 -0.86558 1.3902 -0.84093 0.38744 0.29419 0.48234 -0.05644 -0.21396 1.0274 -0.12189 0.89425 -0.50584 -0.94867 0.30887 -0.97912 0.0044546 0.10371 0.68226 0.45234 -0.75974 -0.70832 0.60679 -0.30718 -0.12286 -0.25617 -0.7301 -0.1646 -0.72898 -0.37432 0.085769
-1.7389 0.21175 0.31077 -0.92364 1.5953 -0.10883 0.24327 -0.65769 1.7675 -1.4459 1.2545 -0.57882 0.35052 0.43499 0.44052 -0.53059 -0.75971 0.66728 -0.26208 0.2226 -0.54429 -0.7343 0.40864 -1.545 -0.66494 0.075531 0.27399 0.12042 -0.47679 -0.27563 -0.089488 0.10611 -0.54628 -0.025629 -0.14586 -0.29606 -0.10474 -0.62723 -0.26309
-1.5123 0.86021 0.54147 -0.25022 2.2445 -0.94705 0.65968 -1.28 1.3259 -1.7553 0.22881 -1.2568 0.4752 0.31727 0.44427 -0.53794 -0.76025 0.58798 0.043346 0.18888 0.16267 -0.40741 0.31545 -1.0395 -0.52177 -0.088956 -0.1043 -0.12478 0.072268 0.00030744 -0.80813 0.24808 -0.63476 0.57211 0.60979 -0.10894 0.74832 -0.26586 -0.41044
-1.1083 0.96786 0.08613 -0.44619 1.8197 -0.97293 0.38476 -2.3231 -0.083085 -1.2994 0.12048 -1.171 0.47991 0.19154 0.32165 -0.37947 -0.28332 0.3825 0.43238 0.059115 -0.19831 -0.38732 -0.38816 -0.43967 -1.1825 -0.35301 -0.16566 -0.3485 0.73035 -0.1384 -0.93089 0.14441 -0.41577 1.0038 0.66168 0.20025 0.93626 0.69487 -0.24391
-1.0583 1.0249 -0.49065 -1.4152 0.91474 -1.1223 0.31299 -1.6503 1.1677 -1.0062 0.047483 -1.4576 0.39682 0.25309 0.32073 -0.0031469 -0.44024 -0.3108 0.045425 -0.33063 0.38744 0.098434 0.48944 0.10189 -0.30498 -0.36507 -0.030655 -0.5394 1.2493 -0.57161 -0.84547 -0.35076 -0.46713 0.91129 0.58983 0.41811 0.61567 1.3366 0.19462
-1.4694 0.76773 -0.3473 -1.2414 1.794 -0.49346 0.19775 -0.2536 1.1735 -1.7645 0.69855 -1.2797 0.14078 0.20514 -0.10516 0.52095 -1.1663 -0.59133 0.041343 -0.37277 1.2234 0.33903 0.73957 -0.072529 0.64272 -0.19189 0.31529 -0.66065 1.4792 -0.66829 -0.72839 -0.28977 -0.52541 0.56394 -0.1389 0.6692 0.37292 2.064 0.60558
-1.4666 0.94809 0.34397 -0.52427 2.2809 0.51586 0.63351 -1.4556 0.96176 -1.735 0.82685 -2.8352 -0.059746 0.26662 -0.27949 1.2692 -1.3728 -0.4749 -0.46012 -0.55619 1.1574 0.40936 0.61745 0.12159 1.307 0.15598 0.86784 -0.69329 1.1327 -0.13867 -1.0788 0.051922 -0.5886 -0.51437 -1.158 0.34156 0.26467 2.0218 0.6984
-1.235 0.82315 0.57861 -1.3296 0.97892 -1.1821 -0.3592 -0.48442 1.7952 -0.29765 0.86097 -0.14977 0.18609 0.69976 -0.52483 1.6575 -1.0513 -0.86839 0.10977 -0.90928 0.46756 -0.8469 0.92999 0.36624 2.2554 0.39698 1.614 -0.54122 0.023129 0.84177 -1.5382 0.27309 -0.87638 -1.017 -1.8321 -0.15755 0.25501 1.7647 0.3703
-0.9563 0.78396 0.9374 -2.2147 1.2095 -1.2993 0.28268 -0.28933 0.87934 -0.64937 -0.71079 -0.11936 0.49011 1.4133 -0.67242 1.4751 -0.74488 -2.1542 0.12825 -1.2738 -0.21642 -1.6881 1.1027 0.4624 3.0454 0.50572 1.9134 -0.29177 -1.0627 1.7148 -1.5815 1.0454 -0.66807 -1.2075 -1.8924 -0.74763 -0.061901 0.49318 -0.24194
-0.81832 0.58358 1.271 -2.5391 0.97869 -1.4864 -0.54054 -0.9933 0.79474 -0.7513 0.81308 0.33407 0.67399 2.2447 -0.84902 0.45797 0.099992 -2.5844 0.31238 -1.8187 -0.01898 -2.3646 0.17914 0.31591 3.3991 0.25156 1.3995 0.054583 -1.6778 2.2574 -0.97864 1.0643 -0.39967 -0.83628 -0.85211 -1.0427 -0.12378 -1.1442 -0.63388
-0.51705 0.21419 1.4272 -2.0208 0.14245 0.32395 -0.91173 -0.65272 -0.44337 -0.11379 1.2635 1.3551 0.54824 2.5907 -0.62688 -0.054675 1.2591 -2.5298 1.5689 -1.4768 -0.88763 -2.7069 -0.53822 0.015121 1.7346 -0.1735 0.49085 0.43701 -1.729 2.2332 0.20593 0.68279 0.39236 -0.2602 0.019508 -0.75368 -0.61893 -2.3086 -0.6925
0.072571 0.070882 1.5425 -1.2827 -0.92606 -0.051106 -1.271 -0.98219 -1.3114 -0.40248 1.415 2.242 0.45197 2.3775 -0.45886 -0.61352 2.1656 -2.477 1.558 -1.6297 -0.78543 -2.0941 -0.38738 0.32343 0.52851 -0.31891 -0.40865 0.62354 -1.0797 1.2579 1.0264 -0.21847 1.0174 0.069519 0.90838 -0.11284 -0.82252 -2.756 -0.37039
1.1905 0.041153 0.41914 -0.43017 -1.0664 -0.23012 -2.0043 -1.003 -1.7806 -1.4871 0.46846 2.3086 0.1811 2.1455 -0.11824 -1.1177 2.396 -1.8104 0.90091 -0.55729 -0.33587 -1.8049 -0.15756 -0.88665 -0.30646 -0.36227 -1.1057 0.6113 -0.50624 -0.10722 1.6967 -1.149 1.1655 0.93724 1.4199 0.43152 -0.63233 -1.9392 -0.03289
1.2787 0.30898 0.72593 -0.50898 -1.7371 0.46945 -1.5543 -1.608 -1.7424 -1.002 -0.119 1.2803 0.16492 1.8128 -0.031913 -0.96498 1.8874 -1.0271 0.2155 -0.17883 -0.17599 -0.98695 -0.23704 -1.0221 -1.2917 -0.27036 -1.4712 0.52224 0.10683 -1.1558 1.8557 -1.2561 1.3881 0.97528 1.3482 0.69603 0.021918 -1.055 0.079248
0.9693 0.16067 0.45129 0.08197 -1.3436 0.40432 -1.945 -1.1707 -1.6383 -0.85499 0.86122 0.047762 0.39799 1.0927 0.20994 -0.79628 1.2097 -0.096218 -0.076396 0.20281 0.56221 -0.39011 0.28005 -0.68663 -1.3795 -0.2515 -1.3356 0.11935 0.29098 -1.3809 1.2607 -0.95912 0.81556 0.66425 1.2429 0.65339 1.008 0.11677 0.073049
1.3015 0.31696 0.03586 0.42658 -1.2448 -0.090084 -0.89062 -1.0217 -2.2789 -0.40633 -0.38592 0.86359 0.24061 0.53311 0.27351 -0.58289 0.61581 0.11893 -0.4869 0.85421 0.5918 -0.077023 0.83113 0.27441 -1.1331 -0.2411 -0.87363 -0.25267 0.27578 -1.1898 0.37436 -0.43317 0.41273 0.13817 1.0799 0.48401 1.1788 0.98547 0.10461
1.7055 -0.050154 0.55754 0.31179 -1.5308 0.51072 -1.5652 -0.85919 -2.0472 -0.83749 0.056528 0.26658 0.14734 0.63358 -0.070353 -0.78439 0.46935 -0.032301 -0.67968 0.60975 0.5202 0.25008 0.65801 0.66449 -0.16371 -0.25404 -0.5118 -0.73123 0.37129 -0.86915 -0.2621 -0.11335 -0.063458 -0.50812 1.1374 0.16964 1.0717 0.43374 0.42526
1.5105 0.52385 0.14228 0.24438 -0.96858 -0.51905 -1.4056 -0.20646 -1.8336 -0.46622 0.24041 0.79415 0.012499 0.63681 -0.3337 -0.47403 0.051149 -0.34958 -0.34885 0.47073 0.093292 0.87102 0.57536 0.87395 0.11664 -0.093635 -0.61162 -0.95829 0.3329 -0.55843 -0.29033 0.018521 -0.19357 -0.58188 1.13 0.31045 0.31847 -0.44833 0.88773
1.6631 0.48259 -0.35358 0.17741 -1.2906 -0.51647 -0.55429 -0.91983 -1.7685 -0.12756 1.0748 0.13657 -0.052412 0.21976 -0.75496 -0.18109 -0.11668 -0.33128 -0.36329 0.2658 -0.15855 1.431 0.76291 1.3518 -1.1277 0.38471 -0.90177 -1.0427 0.32941 -0.55209 -0.063374 -0.11449 0.22441 -0.2784 0.72205 0.95667 -0.66087 -1.2684 1.2339
1.7836 -0.10739 -0.28799 0.39162 -1.9296 -0.035475 -1.1205 -1.0572 -1.2642 -0.10713 0.96637 0.88571 0.10006 -0.24232 -1.0449 -0.28435 -0.12068 -0.25319 -0.59574 0.62918 -0.17787 1.6126 1.4232 0.62788 -1.5962 0.92035 -0.96626 -0.78836 0.023618 -0.55056 0.4574 -0.59383 0.59374 0.65739 0.074172 1.1469 -1.5314 -0.86797 1.1932
1.7044 -0.36247 0.054433 0.24566 -1.6424 0.052426 -1.2161 -0.92102 -0.49193 -0.10442 1.5179 0.31492 0.39587 -0.37788 -1.5212 -0.28537 -0.46242 -0.18176 -0.77642 0.99529 0.1188 1.3285 2.2073 -0.64915 -1.9461 1.2967 -0.77471 -0.068611 -0.48993 -0.63943 0.88057 -1.044 1.011 1.2098 -0.46484 0.35701 -1.6638 0.058557 0.69307
1.5707 -0.68575 0.16319 0.19296 -1.4901 -0.63 -0.71367 -0.95356 -0.34886 0.56494 1.3476 -1.6108 0.71459 -0.61957 -1.3178 -0.38103 -0.79082 0.43891 -1.3338 1.3322 1.1816 1.0521 2.2176 -1.459 -1.286 1.4403 -0.41814 0.71262 -0.91776 -0.40592 0.91032 -1.136 0.73598 1.2306 -0.69009 -1.3027 -0.66311 0.86254 -0.048654
1.2544 -0.92908 -0.14305 0.086961 -1.5557 -0.7135 -0.57801 -0.6529 0.096509 1.4305 0.5266 -1.5992 1.1295 -0.8374 -0.74255 -1.0206 -0.9621 0.96967 -2.098 2.0007 1.43 0.74335 1.106 -1.2265 -1.181 1.2811 0.15743 1.3064 -1.1549 0.30882 0.57397 -0.78962 -0.01568 0.5889 -0.63098 -2.8964 0.65918 1.3365 -0.78717
1.2348 -1.2058 -0.70106 -0.52564 -1.2909 -1.6279 0.4311 -0.16627 -0.45249 2.8772 -0.97685 -1.3713 1.2735 -0.68235 -0.2089 -1.5783 -0.61609 0.8732 -2.2252 1.646 1.4741 0.47854 -0.69856 -0.52499 -0.21641 0.84818 0.68495 1.2826 -0.73949 0.90514 0.029566 -0.0077099 -0.96245 -0.47407 -0.41128 -3.4286 1.3818 0.97088 -1.2278
1.1641 -1.0769 -0.74946 -0.68916 -0.90427 -1.6554 0.82556 0.60151 -0.18881 1.9989 -0.53804 -0.46956 1.4241 -0.08651 0.17519 -1.7771 0.037156 0.68025 -1.919 0.80818 1.0705 0.309 -2.2838 0.32328 0.26038 0.2818 0.95216 0.88026 0.22207 1.2072 -0.41792 0.98218 -1.834 -1.0936 0.054174 -2.6082 1.2236 0.57252 -1.2324
0.88417 -0.85574 -1.4345 -0.60748 -0.62635 -2.4149 1.0942 0.32621 0.20116 0.01831 0.3851 -1.1963 1.4548 0.11711 0.43315 -1.3419 0.40798 0.65449 -1.4271 -0.053736 0.4556 0.4104 -3.1311 0.77989 -0.02051 -0.10549 0.82599 0.26655 0.96605 0.91098 -0.57046 1.521 -1.8037 -1.3494 0.33377 -0.66907 0.43545 0.052933 -0.88785
1.0745 -0.59343 -1.7244 -0.15542 -0.75918 -2.5266 0.36217 0.54944 0.28257 -1.412 1.3322 -0.80874 1.2785 0.30664 0.45124 -0.73901 0.78735 0.3211 -0.49484 -0.92866 -0.13436 0.86649 -3.0345 0.79026 -0.11555 -0.29523 0.32746 -0.36155 1.3685 0.16939 -0.70829 1.8873 -0.83575 -1.0761 0.20443 1.5596 -0.5985 -0.14583 -0.30689
1.6655 -0.69683 -1.9676 0.45038 -0.93747 -2.683 0.022629 0.081215 -0.020401 -1.3913 1.0418 -1.6514 1.0449 0.46104 0.10791 -0.35212 0.71811 0.012335 0.15676 -1.2022 -0.47941 0.85826 -1.6928 0.19352 0.061767 -0.34215 -0.23938 -0.7471 1.3307 -0.64187 -0.75999 1.9447 0.71685 -0.81709 0.055239 3.0256 -1.247 -0.43924 0.25573
1.1886 -0.61466 -1.564 0.043287 -0.58403 -2.3458 -0.28244 0.0707 0.54639 -1.1662 0.24798 -1.3529 1.1475 0.27617 -0.2922 0.20095 0.20915 -0.29439 1.1254 -0.33859 -0.50262 0.48015 0.21006 -0.68429 -0.10107 -0.11033 -0.84581 -0.64593 1.0764 -1.2052 -0.48692 1.6831 1.8682 -0.68801 0.032841 3.1125 -1.2091 -0.44494 0.62749
1.4598 -0.71799 -1.4079 0.15125 -0.78616 -2.0027 -0.34545 0.057027 1.037 -0.91992 -0.006378 -0.88663 1.0818 -0.24866 -0.49105 0.59271 -0.48796 -0.42924 1.7155 1.1313 -0.9127 0.6948 1.474 -1.1966 -0.95405 0.22942 -1.1002 -0.14784 0.74574 -1.2647 -0.11094 1.0478 1.7465 -0.54205 0.15394 1.7521 -0.72028 0.039332 0.62992
1.4968 -0.95897 -1.5021 0.12283 -0.83539 -1.7255 -0.41664 0.09459 1.0536 -1.0233 0.48393 -0.37294 1.1222 -0.69914 -0.37046 0.73326 -0.84456 -0.34383 2.1483 1.7584 -1.2268 0.99384 1.7881 -1.1458 -0.54572 0.46602 -1.0765 0.48139 0.41811 -1.1281 0.55031 -0.095379 0.41429 -0.26193 -0.099129 0.016426 -0.043936 0.86519 0.31349
1.123 -1.1553 -1.384 -0.29245 -1.1951 -1.1426 1.038 -0.25107 0.38433 0.023285 -0.23302 -1.9669 1.3553 -0.82293 -0.11384 0.72849 -1.101 -0.15231 1.7805 1.3522 -1.1513 0.89366 1.1269 -1.1418 0.34621 0.42077 -0.74864 1.1062 0.43447 -0.95817 1.1538 -1.22 -1.4035 0.28548 -0.80128 -0.93814 0.44481 1.4592 -0.24248
0.92583 -1.0976 -0.99323 -0.63259 -1.3321 -0.64997 1.9571 -0.87869 1.369 0.66697 -0.55743 -2.9669 1.479 -1.17 0.34511 0.88734 -1.5756 0.60248 0.91147 0.40719 -0.88927 0.15758 0.42354 -0.80414 1.0166 0.31764 -0.34855 1.6067 0.77252 -0.68132 1.4962 -1.8208 -2.6072 0.89767 -1.5715 -1.248 0.68263 1.6747 -0.9014
0.80767 -0.92674 -0.94415 -0.5859 -0.96664 -0.19988 1.5435 -1.4018 1.8367 0.79999 -0.89478 -1.3875 1.5429 -1.2169 1.0562 1.2995 -1.897 1.2506 -0.12644 -1.0848 -0.55551 -0.54014 0.23349 -0.39499 1.2595 -0.099482 -0.065918 1.9378 1.1243 0.1178 1.3575 -1.5569 -2.6329 1.3532 -2.2322 -0.89855 0.62519 1.2362 -1.5909
0.46573 -0.64393 -0.64001 -1.3437 -0.59403 -0.67722 0.33378 -0.7122 1.8741 -0.53378 -1.353 0.57315 1.4527 -1.0595 1.814 1.8429 -1.7052 1.742 -0.57621 -2.3965 0.15527 -1.511 -0.3251 -0.028662 2.4374 -0.77529 0.23144 1.7299 0.94572 1.6021 0.62509 -0.57178 -1.5124 1.7552 -2.1613 -0.38352 0.71876 0.25253 -2.1973
0.33615 -0.35505 -0.42011 -1.8203 0.13241 -1.3731 -0.22815 -0.62021 0.34069 -0.63656 -0.35805 0.44492 1.3512 -0.97896 2.4932 2.2821 -0.80538 1.8083 -0.61876 -2.6721 0.86511 -2.8392 -0.34015 -0.16418 2.1699 -1.6834 0.14349 0.88598 0.041882 2.7657 -0.24622 0.94437 0.43556 1.4578 -1.1567 0.11481 0.64667 -0.67993 -2.2424
0.1817 0.3438 0.24162 -2.2894 0.43553 -1.8147 -1.2146 -0.70052 -0.29702 0.28725 -0.063624 -0.48807 0.96106 -0.9094 2.6089 2.1045 0.87597 1.4975 0.010772 -1.9152 1.6969 -3.1158 -0.072056 0.64973 1.0639 -2.5518 -0.13228 -0.18987 -0.99933 3.1725 -1.0269 1.951 2.0453 0.78994 0.68357 0.60195 0.25625 -1.3937 -1.644
0.040936 1.1071 1.1701 -2.0737 0.60713 -1.048 -1.0506 -0.31071 -1.3689 0.055233 -0.8307 0.95128 0.41743 -1.0545 2.1835 1.2427 1.9788 0.93293 1.5056 -0.42537 1.4095 -2.1145 0.34921 0.67802 0.52285 -2.9479 -0.27319 -1.54 -1.6392 2.44 -1.3574 2.2545 2.8019 0.13027 2.3729 0.34984 -0.23946 -0.89403 -0.38477
-0.071749 1.9094 1.7025 -0.88457 0.75006 -0.856 -1.1395 0.013349 -2.0761 0.15821 -1.4179 0.43938 -0.53201 -1.2297 1.6354 0.5536 2.8273 0.29379 2.327 0.69898 1.36 -0.50241 0.57411 0.11181 0.36332 -2.8822 -0.26801 -2.7655 -1.3856 0.71273 -1.4652 1.317 2.1748 -0.5892 3.1832 -0.069646 -0.35081 -0.59357 1.3898
-0.22511 1.7936 1.0206 0.88146 0.85581 -0.19051 -1.0358 1.1623 -1.8788 -0.061775 0.71002 0.78905 -1.257 -1.2544 0.31455 0.09131 2.7783 -0.087805 2.8037 1.7996 1.267 0.66525 0.062267 -0.41371 0.65455 -2.1585 0.2268 -3.0277 -0.77501 -1.0501 -1.3605 0.02062 0.77373 -0.92074 2.6496 -0.31969 0.078133 -0.41988 2.5466
-0.80276 1.511 0.30695 0.20623 0.60997 0.94205 -0.023603 0.48455 -0.75339 -0.16111 -0.14737 1.1383 -1.4334 -1.2367 -1.2387 0.17257 1.816 -0.68978 2.0423 1.4583 0.64533 1.9557 -0.065621 0.43449 -0.247 -0.62884 1.2167 -2.4603 -0.34781 -2.0813 -1.1527 -1.3869 -0.61576 -1.3747 0.95188 -0.12055 0.1249 -0.32243 2.9408
-0.93294 1.7157 0.65161 0.98939 0.49521 0.72981 0.33973 0.63089 -0.31281 0.88542 -0.59609 0.17869 -1.5027 -0.679 -1.6145 0.029793 0.53843 -1.079 1.7015 0.79229 0.018984 2.0311 0.017898 0.69015 -0.058308 0.17137 2.4741 -1.4347 -0.46048 -1.943 -0.96912 -2.4317 -1.8053 -1.2839 -0.80038 0.41203 0.15077 -0.21658 2.6048
-0.97985 0.66254 1.2263 0.66885 0.38499 1.4974 1.0437 0.87602 0.017807 -0.048162 -1.5808 1.1783 -1.2091 0.45359 -1.655 -0.046469 0.079185 -1.3294 0.079254 -0.064825 -0.61968 0.73191 0.35458 -0.16475 0.034705 0.85587 3.2918 -0.59167 -1.4194 -1.2764 -0.8762 -2.607 -1.9228 -0.90155 -1.8568 0.36226 -0.17214 0.33841 1.8142
-1.1432 -0.36749 1.9411 0.3597 -0.3588 0.78324 -0.086637 0.511 1.0326 -0.27927 0.64345 0.1262 -0.14178 1.9028 -1.9608 -0.63376 0.036523 -1.5468 -1.1308 -1.1588 -0.53288 -0.37409 0.70554 0.21764 0.047275 1.4422 3.1058 -0.17686 -2.051 -0.51839 -0.38761 -2.4179 -1.4108 -0.063914 -1.5465 0.28121 -0.16311 -0.038113 1.2546
-0.5129 0.59396 0.83754 0.34601 -0.44316 1.3946 -0.57557 0.38646 0.21249 0.2842 0.59734 0.73392 -1.0522 2.7956 -2.093 -2.0644 -0.30084 -2.0626 -1.8128 -1.5283 -0.7904 -0.64424 0.3416 0.29893 0.38005 1.7608 1.8294 0.21667 -2.048 -0.32241 0.57899 -1.2388 -0.3227 0.73728 -0.18453 0.004135 -0.65675 -0.21915 0.62944
0.3941 -0.015961 0.14513 1.1479 -0.71699 -0.38643 -0.67902 0.16415 -1.3636 0.75368 -0.58882 1.1402 -0.4772 3.1726 -1.7065 -2.6721 -0.22644 -1.4142 -2.2404 -1.3826 -0.028316 -0.4516 0.60877 0.10617 -0.32881 1.8111 -0.22828 0.54483 -0.91448 -0.36048 1.6475 -0.13339 0.50803 0.95598 1.348 -0.22305 -1.3465 -0.85872 0.33601
1.2723 -1.0027 -0.45033 0.27549 -1.2835 -0.36467 -1.1352 0.014752 -0.96108 1.2754 -0.42556 0.73626 0.33712 2.7795 -1.4135 -2.7327 -0.37892 -0.30726 -1.8645 -0.61619 0.50568 0.37361 0.41763 -1.5367 -0.24899 1.7217 -1.9148 0.99794 0.5673 -0.27935 2.5198 1.0962 0.81601 0.83251 2.0997 -0.23592 -1.3233 -1.5125 -0.19767
1.6306 -1.2311 -1.6155 0.4045 -2.2426 -0.96898 -1.0761 -0.096398 -0.30347 0.35563 -0.32385 0.93495 0.63858 1.5478 -1.3651 -1.9552 -0.585 0.6429 -1.3634 -0.56541 0.60897 1.8409 0.21506 -1.7952 -1.4309 2.0229 -2.6407 1.2686 1.4707 -0.035229 2.5258 1.7932 0.78426 0.29599 1.6407 -0.51881 -0.74265 -1.2361 -0.84134
1.7706 -1.4418 -1.129 0.22181 -0.80164 -0.85876 -0.88596 1.3874 0.28459 0.45487 -0.38772 -0.071886 0.9553 0.52067 -0.5456 -1.3987 -0.63091 1.5919 -0.018125 -0.25244 0.4481 2.4642 0.059537 -1.6303 -2.2118 1.3266 -2.2748 1.302 1.7209 0.23428 1.7053 1.6315 0.63312 -0.10248 0.14565 -0.59308 0.34476 -0.70421 -1.3042
1.4734 -1.2661 -1.4335 -0.044933 -0.20518 -0.94487 -0.99792 0.89378 1.4447 0.59583 -2.1979 0.19164 1.1402 0.041974 0.045183 -0.68127 -0.15477 2.3305 0.48202 0.054559 0.54625 1.8232 -0.27278 -1.4619 -1.9195 0.60738 -1.2009 1.0526 1.2011 0.40422 -0.023858 0.93357 0.95161 -0.3208 -1.6093 -0.80905 0.95176 0.67404 -1.5734
1.1355 -0.99593 -1.6568 0.025801 0.28839 -0.57821 -1.5956 0.5954 1.9901 1.0947 -2.3213 -1.4218 1.1793 -0.13653 0.12454 -0.25937 -0.14602 2.0235 0.53072 0.38124 0.33167 0.65785 -0.55176 -0.94893 -1.4782 0.25664 -0.27435 0.21048 0.79579 0.35232 -1.8797 0.044712 1.4288 -0.30095 -2.4625 -0.92054 1.5215 1.5985 -1.0701
1.3899 -1.0361 -1.8111 0.24216 0.61433 -0.3063 -0.92483 0.30445 1.5325 0.89996 -2.3162 -1.8941 1.0998 -0.057941 0.11226 -0.35456 -0.062674 0.39901 0.26587 1.0818 0.050275 -0.55448 -1.1367 -0.058923 -0.42466 -0.063625 -0.081908 -0.44397 0.51705 -0.058966 -3.0341 -0.2875 1.7135 -0.36701 -2.277 -0.50598 1.6655 1.7418 -0.45993
1.7128 -1.1966 -1.4602 0.14683 0.92731 -0.041215 -0.91519 1.0492 1.2722 0.10882 -1.6977 -1.0259 1.0108 0.13312 -0.22114 -0.12481 -0.0089304 -0.90762 0.19238 2.1819 0.11661 -1.383 -1.3952 0.98648 0.32304 -0.1206 -0.34659 -0.50563 0.54663 -0.31679 -2.7218 -0.26673 1.3034 -0.39597 -1.1162 0.51231 1.1124 1.3608 -0.0082627
1.473 -1.2372 -1.7714 0.073476 0.22006 -0.77921 -0.34651 0.9691 0.45225 -0.69 -1.5267 -0.89214 1.0613 -0.21949 -0.55432 0.18465 -0.32188 -1.8073 0.080413 2.6892 -0.050237 -1.8148 -0.8853 1.2025 0.75815 0.030446 -0.77879 -0.21276 0.74374 -0.64168 -1.3083 -0.1579 0.066252 -0.77535 0.46517 1.2797 0.12888 0.57114 0.28432
1.4831 -1.1833 -1.6554 -0.021773 -0.53376 -0.684 0.58166 1.3127 -0.057568 -0.7598 -1.1992 -0.39568 0.95377 -0.60995 -0.42102 0.45772 -0.59554 -1.8982 0.094754 2.2669 -0.37668 -1.0065 0.38213 0.84735 0.72183 0.19692 -0.91097 0.35208 0.71993 -0.8408 0.2947 -0.14848 -1.5789 -1.1657 1.5451 1.1288 -0.54 -0.13564 0.22332
1.4315 -1.4908 -1.6906 0.022532 -1.2741 -0.38665 1.6758 0.44268 0.090719 -0.57998 -1.0637 -0.14829 1.0941 -0.93878 -0.16081 0.69733 -0.95405 -1.5127 0.0065335 1.178 -1.1768 0.18329 0.61223 0.29468 0.53645 0.25263 -0.5445 0.83737 0.55958 -0.71782 1.572 -0.28041 -2.7798 -1.0969 1.6328 0.20658 -0.53589 -0.74426 -0.052554
0.82454 -1.7409 -1.3181 -0.39663 -1.4441 -0.18471 1.4993 0.35766 -0.64129 0.49703 -0.70157 -1.1909 1.2553 -0.97312 0.18467 0.91894 -1.2487 -0.49295 -0.059745 -0.31562 -1.5297 0.74322 0.18326 0.26706 0.13463 0.14165 -0.038105 0.98518 0.33136 -0.46362 1.9479 -0.50087 -3.1637 -0.52126 0.58237 -0.92736 -0.19939 -0.97831 -0.42217
0.99674 -1.3815 -1.0522 -0.53226 -0.96014 -0.18964 1.2785 0.28367 0.68403 1.3863 -1.2955 -0.50456 1.2684 -0.91181 0.58359 0.96416 -1.3219 0.4178 -0.39876 -1.7487 -1.5536 0.61427 -0.35493 0.32825 -0.50453 -0.028429 0.45533 0.93799 0.07587 0.27281 1.5282 -0.33015 -2.4636 0.27588 -0.67858 -1.1714 0.054517 -0.68117 -0.75899
0.71225 -1.2176 -0.70943 -1.1707 -0.89455 -0.60988 0.01564 -0.30225 1.7041 -0.43037 -1.3954 0.11347 1.2116 -0.67932 0.90283 0.9217 -1.2644 0.76034 -0.70578 -2.7904 -1.1831 -0.057196 -1.0349 0.39937 -0.79736 -0.36517 0.56131 0.58551 -0.051659 1.0088 0.65085 0.10939 -0.92845 0.80107 -1.6217 -0.56315 0.077494 -0.070651 -0.9045
0.53801 -0.90352 -0.84481 -1.3911 -0.59505 -1.0245 -0.48914 -0.67602 0.71263 -1.1999 -0.75712 -0.83594 1.0778 -0.34448 1.0947 0.83131 -0.42635 0.70719 -0.32767 -2.6618 -0.84224 -0.8197 -1.181 0.35054 -0.42352 -0.758 0.57152 0.063213 -0.13495 1.4572 0.07818 0.57214 0.95615 1.1225 -1.6963 0.83132 -0.10173 0.73089 -0.73044
0.62277 -0.65122 -0.56495 -1.3783 -0.36918 -0.86606 -0.98498 -0.54024 0.092871 -0.79993 -0.47608 -1.4565 0.93009 -0.34438 0.93487 0.8901 0.19512 0.5839 0.13821 -1.7712 -0.38746 -1.8637 -0.55546 0.428 -0.070908 -1.0002 0.35845 -0.51699 -0.18736 1.3323 -0.31932 0.63739 2.1271 1.0067 -0.84793 1.8215 -0.41781 1.292 -0.21435
0.60618 -0.6777 -0.48657 -1.4826 -0.65322 -0.96355 -1.6563 -0.77709 -0.54937 -1.0407 -0.54069 -1.5689 0.74013 -0.15038 0.67121 0.73407 0.67569 0.66692 0.35049 -0.28492 0.15234 -1.9584 1.1208 0.095534 0.62269 -0.9274 0.23156 -0.88133 -0.39138 0.70259 -0.53434 0.16373 2.1986 0.68627 0.23376 1.705 -0.48055 1.2397 0.37031
0.55027 -0.33895 -0.14238 -0.52074 -0.46688 -0.20259 -1.5322 -0.36813 -1.1128 -0.25534 -0.76596 -0.86991 0.38437 -0.19167 0.21608 0.62965 0.67925 0.20518 0.25861 0.40871 0.20511 -1.2359 1.5657 -0.38022 1.3289 -0.63667 0.31338 -0.84954 -0.83028 0.16833 -0.55689 -0.2662 1.4896 0.35252 1.1964 0.86093 -0.38551 0.7977 0.765
0.5177 -0.28328 0.16476 -0.56134 -0.10597 -0.25029 -0.84973 -0.3158 -1.1616 0.033798 -0.8715 0.23447 0.19468 -0.041115 -0.073699 0.25191 0.65248 -0.076984 -0.044259 0.7833 0.14294 -0.67876 1.2704 -0.28913 1.4179 -0.32141 0.35371 -0.67908 -1.1179 -0.27374 -0.50989 -0.42957 0.39309 0.045707 1.4904 -0.49167 0.11625 -0.20175 0.87733
0.50334 -0.47223 -0.10985 -0.70761 0.091519 -0.72848 -0.15286 -0.28549 -0.99859 0.89525 -1.0387 0.52075 0.37096 0.11288 -0.16552 -0.37214 0.53182 -0.059447 -0.19205 0.76793 0.26957 -0.088217 1.1461 -0.21638 1.1599 -0.026916 0.45211 -0.3412 -1.161 -0.21188 -0.21112 -0.059538 -0.47016 0.18268 1.2248 -0.99791 0.54495 -0.9332 0.68665
0.33289 -0.748 -0.15323 -0.83633 -0.69301 -0.90298 -0.52364 -0.58843 -1.1088 0.57347 -1.1353 0.065327 0.52627 0.2744 -0.31642 -0.78848 0.25052 -0.12902 -0.28286 0.34801 0.19408 0.48164 0.32581 0.27013 0.27138 0.2312 0.39514 -0.095636 -0.71546 -0.061304 -0.03582 0.46872 -0.93337 0.38454 0.83711 -0.91968 0.5326 -0.63852 0.29682
0.7529 -0.69902 -0.31443 -0.48957 -0.67982 -0.83303 -0.66528 -0.39655 -1.0907 0.38357 -0.65175 0.00060012 0.5189 0.38658 -0.25741 -0.9516 0.49665 -0.14371 0.26908 -0.34091 0.51171 0.65701 -0.0077357 0.53073 -0.044337 0.23267 0.31088 -0.013603 -0.12021 0.060986 -0.047659 0.66033 -0.81302 0.42892 0.32331 -0.48698 0.55581 -0.046402 -0.11908
0.71715 -0.59467 -0.98584 -0.38757 -0.43289 -0.69736 -0.83894 -0.13769 -0.79153 0.73613 -1.0317 0.36774 0.49344 0.46602 -0.19848 -0.75404 0.56714 -0.085088 0.68684 -0.58455 0.73456 0.63215 -0.037477 0.501 0.68216 0.044649 0.092183 -0.058945 0.22463 -0.0631 -0.44514 0.48737 -0.23609 0.17705 0.034019 0.31623 0.39073 0.40984 -0.34672
0.78304 -0.65169 -0.83002 -0.22852 -0.24293 -0.40713 -0.70025 -0.058911 -0.27585 0.1108 -0.21984 -0.21723 0.53797 0.52493 -0.25353 -0.60859 0.49852 -0.15357 0.67306 -0.43995 0.79569 0.4737 0.33262 0.88244 0.83958 -0.13104 -0.026994 -0.19732 0.53449 -0.64292 -0.81145 -0.012132 0.28346 -0.3247 0.0013001 0.70267 0.33443 0.43949 -0.23824
0.83577 -0.69961 -0.91508 -0.074103 -0.24908 -0.063008 -1.0824 0.35718 -0.30767 0.46747 -0.30992 0.52136 0.49892 0.3598 -0.42571 -0.55559 0.14332 -0.93241 0.51462 -0.087133 0.37366 0.62132 0.81203 0.94885 0.65678 -0.16379 -0.21768 -0.11403 0.74727 -1.1795 -0.60749 -0.54436 0.33276 -0.74808 -0.021273 0.6269 0.12319 0.12205 0.063569
0.92075 -0.89421 -0.88657 -0.21038 -0.5167 -0.1978 -0.95629 0.3551 -0.41784 0.95945 -0.65638 1.7324 0.46074 0.40175 -0.49014 -0.086082 -0.47843 -1.2068 0.34243 -0.0031106 0.067907 0.64382 1.0185 1.0387 0.85696 -0.059138 -0.43323 0.36758 1.1597 -1.2617 0.10247 -0.76684 0.23638 -1.2192 0.044318 -0.048403 -0.21989 -0.19552 0.28416
1.0406 -1.0605 -0.97135 -0.16712 -1.1614 -0.33045 -1.1483 0.24134 -0.68336 0.95719 0.54349 0.63794 0.33581 0.18164 -0.28266 0.33425 -1.1315 -0.66749 -0.23914 -0.11482 -0.32389 0.48251 0.91478 0.6945 0.90643 0.11575 -0.75877 1.0548 1.4662 -0.88261 1.2002 -0.74872 -0.070137 -1.2949 -0.24385 -0.84957 -0.58528 -0.33675 0.2534
1.0801 -1.1093 -1.379 -0.36895 -1.899 -0.22915 -0.57138 -0.066494 0.247 1.6359 0.50619 0.5596 0.36541 -0.080147 0.30429 1.0418 -1.2044 -0.080147 -0.49222 0.063346 -1.166 0.6121 0.18789 0.53375 0.29182 0.20393 -1.0431 1.4818 1.4 -0.046481 1.67 -0.41342 -0.12583 -1.0015 -0.65511 -1.3103 -0.99078 -0.31438 -0.071392
1.1083 -1.0922 -0.76937 -1.1904 -1.3486 -0.12291 -0.93336 0.065204 0.39746 1.6713 0.46016 1.6264 0.5604 -0.61928 0.99337 1.5301 -1.1274 0.74333 -0.57349 -0.26287 -1.4625 0.11932 -0.51337 -0.070635 0.22472 0.12814 -1.3329 1.3542 0.80435 1.0256 2.0281 0.49696 0.25537 -0.037296 -0.98179 -1.8184 -1.0009 -0.51201 -0.59559
0.84529 -0.85064 -0.12065 -1.6205 -0.3358 -0.81437 -1.1807 -0.28405 0.087328 0.98062 0.38183 1.3578 0.73022 -0.87712 1.4256 1.8459 -0.55573 1.1969 -0.31636 -0.18641 -1.2629 -0.52999 -0.95542 -0.73422 0.52939 -0.18324 -1.2335 0.56317 -0.3744 1.6307 1.7717 1.049 0.76341 0.98356 -0.79171 -1.7237 -0.73637 -0.98172 -0.85844
0.7319 -0.14573 0.51399 -1.1228 -0.4644 -0.64072 -0.90266 -1.2649 0.33731 0.59012 0.17437 1.0533 0.5991 -1.5674 1.4901 1.385 0.4671 2.4664 0.69182 0.53866 -0.35791 -0.96712 -2.2463 -0.84898 -0.28895 -0.68235 -0.67252 -0.43558 -1.3273 1.5992 0.82154 1.1556 1.337 1.3482 0.0087965 -1.101 -0.22319 -1.2035 -0.64224
0.19041 0.27907 0.65249 -1.3373 -0.075917 -0.86381 -1.4644 -1.2196 -0.79502 0.32806 -0.55083 1.6582 0.3866 -1.593 1.0231 0.4355 1.0491 2.3558 1.0127 1.2386 0.12358 -0.47827 -2.4838 -0.67825 -1.4981 -0.82065 0.0040314 -1.2312 -1.8946 0.94337 -0.25915 0.56542 1.1998 1.1291 0.81961 -0.034095 0.287 -1.1641 0.0030493
0.3226 0.38132 0.80429 -0.62089 -0.3727 -0.33333 -0.95846 -0.8315 -1.1574 0.16873 -0.29951 1.2142 -0.0093502 -1.342 0.43677 -0.16688 1.0622 1.7016 1.1157 1.7833 0.37347 0.090113 -2.0068 -0.58167 -1.2664 -0.62259 0.85433 -1.5624 -1.7026 0.037891 -1.2088 -0.46864 0.63931 0.19737 1.2681 1.0001 0.63675 -0.63826 0.75613
-0.74476 0.33593 -0.017023 0.056106 2.1038 1.1693 0.58764 0.22033 -0.57978 -1.8705 -0.57209 0.10891 -0.3257 -0.97762 -0.17976 -0.80627 0.9164 1.1154 0.62934 1.6671 0.48758 0.58929 -1.1391 -0.23932 -1.4053 -0.20695 1.0155 -1.3204 -1.0345 -0.55879 -1.3025 -0.85467 -0.088457 -0.49543 0.93706 1.2289 0.68658 0.37522 1.1365
-0.30418 -0.1337 -0.097566 -0.45195 1.5218 0.27961 0.34708 -0.15407 0.26626 -1.5106 -0.26565 -0.79534 0.041358 -0.48936 -0.61264 -1.075 0.61543 0.86378 -0.054362 1.6446 -0.18004 1.0603 -0.85604 0.32214 -1.6727 0.27227 1.1599 -0.61975 -0.26867 -0.68365 -1.6496 -1.1388 -1.0705 -0.96002 0.45678 1.4174 0.60334 0.72079 0.91781
-0.35018 -0.055911 0.18615 -0.48344 0.88281 -0.09022 0.82688 -0.7842 0.24828 -1.1098 -0.62481 0.39951 0.25786 -0.37319 -0.73835 -0.98312 0.24234 0.37844 -0.1224 1.1277 -0.54576 0.92373 -0.52626 0.369 -0.53908 0.62742 0.99483 0.42469 0.39997 -0.30788 -1.497 -0.62976 -1.4794 -0.49603 -0.14389 1.1774 0.61269 1.1439 0.0070488
-0.3 -0.089459 -0.43172 0.018703 0.40703 -0.2331 0.42809 -0.85102 0.45872 -0.29725 -0.34096 -0.44083 0.3087 0.2352 -0.3599 -0.56616 0.13634 -0.96908 -0.80446 -0.15208 -0.93172 0.83188 0.60729 0.43196 -0.22993 0.49118 0.67485 1.2308 0.99764 -0.13247 -1.1909 0.21549 -1.6532 0.82234 -0.52272 1.1351 0.66925 1.3167 -1.0999
-0.32775 -0.42995 -0.66662 -0.39816 1.4694 -0.63111 0.78022 -1.1678 0.1867 -1.4274 0.17714 -0.90779 0.45351 0.27281 0.42184 -0.33921 0.59343 -0.72461 -0.25998 -0.48267 -0.083792 0.3892 0.55623 1.0439 0.21678 -0.30357 0.58457 1.5429 1.5007 -0.55485 -0.78903 0.63112 -1.5211 1.5335 -0.59068 0.65415 0.60259 0.97842 -1.4417
-0.56828 -0.51293 -0.54954 -0.0099903 1.1466 0.79334 1.1061 -0.64154 0.30002 -1.6527 0.012045 0.61583 0.47271 0.28345 0.92747 0.4054 0.20433 -0.77424 0.46292 -0.95651 1.127 0.24176 0.94281 1.4461 0.64974 -1.0946 0.46445 1.5352 1.4648 -0.99698 -0.46587 0.67822 -1.0826 1.1921 -0.83668 0.10678 -0.022227 0.95671 -1.0266
-0.19142 0.035659 -0.52558 -0.0067976 0.29179 -0.48239 -0.22976 -1.0034 1.2473 -0.41631 -0.099977 -0.89569 0.17541 0.55266 1.2773 1.2431 -0.81448 -1.1642 0.53468 -1.6041 1.3034 -0.0053921 0.65721 1.1781 1.0228 -0.98176 0.35012 1.0442 0.84718 -1.5787 -0.30652 0.06838 -0.55381 -0.35161 -1.0068 -0.11279 -0.47444 0.75845 -0.11643
0.12573 0.73999 -0.24024 0.38303 0.27282 -0.29676 -0.15934 -0.19712 0.50123 -0.3745 1.5387 0.16776 -0.48557 0.85121 1.8584 1.2899 -1.0066 -1.596 0.18443 -1.8213 0.6097 -0.696 0.78252 0.31969 1.3239 -0.87984 -0.23357 -0.066595 -0.24719 -1.3376 0.54172 -0.38699 0.40323 -1.5376 -1.0032 -0.6663 -0.79706 0.51294 0.89857
-0.21569 0.9812 0.79109 -0.46527 -0.12712 0.72654 -0.37267 0.82927 0.38777 0.56133 1.3717 1.3638 -1.0218 0.56017 1.7543 0.74878 -1.7324 -0.86532 0.029655 -1.19 -0.50015 -1.2136 0.41063 0.57667 1.4271 -0.60392 -0.57624 -1.0575 -1.1879 -0.55486 1.2478 -0.8482 1.0444 -2.1016 -0.58457 -0.8248 -0.92101 -0.17091 1.4827
0.29854 0.9559 0.88852 -1.6442 -0.47929 0.18004 -1.5982 0.097615 0.23129 -0.69092 0.92107 0.36271 -0.094145 -0.091943 0.56844 0.20368 -1.8185 0.095736 -0.056973 -0.33014 -0.88185 -1.2184 -0.29776 0.013405 1.4879 0.21538 -0.36411 -1.6008 -1.4105 0.31882 1.5253 -0.9866 0.9739 -1.5821 0.028851 -0.75845 -0.79021 -0.87534 1.5095
0.49591 1.7731 0.42114 -1.1037 -0.37929 -0.30968 -1.0181 -1.1173 -1.0377 -0.77365 -0.24206 1.3177 -0.2982 0.099062 0.0903 -0.36391 -1.4314 0.31696 -1.0516 -0.19442 -1.9248 -0.95594 -0.49242 -0.67222 0.56868 0.94319 -0.023613 -1.3434 -1.069 1.178 0.76215 -0.70142 0.54899 -0.16794 0.31366 0.039915 -0.6251 -1.0366 0.73017
-0.16723 1.5582 -0.11509 -1.9528 0.17761 0.55229 -0.28118 -1.5479 -0.79033 -0.46741 1.5558 2.1049 -0.3912 0.49925 -0.079918 -0.70636 -0.55152 0.6539 -1.2624 -0.30906 -1.6725 -0.78732 -0.31929 -0.77434 -0.073915 0.86378 0.51648 -0.56062 -0.43457 1.0587 -0.07112 -0.031445 -0.21142 1.058 0.41004 0.75145 -0.32523 -0.9569 -0.11804
-0.38425 0.2957 -0.095131 -1.7531 0.62043 -0.82811 -0.61467 -1.0391 -0.13086 -0.55214 0.42961 0.98746 0.24591 0.2321 -0.24736 -0.73115 -0.15879 0.28328 -0.7772 -0.066564 -0.4336 -0.81161 0.50963 -0.38818 0.047929 0.29007 0.70404 -0.13197 0.27019 0.6668 -0.64888 0.854 -0.41173 1.9846 0.29408 0.91918 -0.4155 -0.37709 -0.58901
0.55519 1.1658 -0.018963 -1.424 0.16204 -1.3251 -0.84821 -1.9034 -0.94519 -0.75732 0.44878 1.0393 0.40771 0.68152 -0.23657 -0.40043 -0.47011 -0.0030335 -0.24609 -0.82787 0.35474 -0.47677 0.75249 -0.83398 -0.24719 0.34627 0.64789 0.13506 0.50363 0.23008 -1.1951 1.4195 -0.26526 1.7191 0.27575 0.6241 -0.26473 0.40848 -0.58011
0.72373 1.1829 0.20363 -1.4643 0.36661 -0.42265 -1.6465 -0.8998 -0.88923 -0.15611 -0.26858 0.85552 -0.036327 1.1509 -0.064855 -0.030099 -0.21792 -0.54026 0.18262 -0.78181 0.79045 -0.53358 0.86786 -1.5445 -0.14262 0.22123 0.33485 -0.21595 0.23553 0.21736 -1.3181 1.2459 0.13025 0.78099 0.5713 0.088637 -0.17967 0.46359 -0.31152
0.28552 1.0142 -0.41086 -1.8901 -0.4296 -0.55863 -1.147 -0.6907 -1.6289 0.042996 0.42666 1.1183 -0.030629 1.0921 0.056567 -0.14795 -0.081772 -1.1316 1.1461 -0.49624 0.94389 -0.38602 0.79103 -0.76976 0.84591 -0.067678 -0.28812 -0.53946 0.0069744 0.6667 -1.233 0.55048 0.88566 -0.27472 0.67051 -0.10421 0.30831 0.45889 -0.19972
0.94034 1.3944 -0.25579 -2.1532 0.1013 -0.17454 -1.7688 -1.0492 -1.2967 0.31189 -1.1191 1.4831 0.15756 0.57337 -0.77245 -0.43329 0.06352 -1.5776 1.0633 0.038256 0.73185 0.28521 0.67878 -0.80853 0.43974 -0.02113 -0.62141 -0.7263 0.023994 0.9305 -0.64658 -0.17709 0.81366 -0.78095 0.93633 -0.1677 0.73687 -0.084701 -0.11528
0.92378 0.75383 0.062347 -1.9549 -0.32104 0.17331 -0.99232 -0.45924 -0.98199 0.48936 -0.83112 1.4345 0.19857 0.51053 -0.82005 -0.18806 0.64318 -1.752 0.44091 0.59018 -0.14599 0.45807 0.63892 -0.52695 0.3903 0.13563 -0.76944 -0.53489 0.23819 1.0706 0.0066949 -0.9534 0.57758 -0.83349 0.77107 -0.1146 0.79532 -1.0328 -0.1734
1.0858 0.60594 -0.28379 -1.3307 -1.1482 0.1611 -1.4897 -0.18406 -0.8403 0.09933 -0.1548 2.3066 0.2034 0.44355 -0.88653 0.031506 1.1653 -1.4115 0.18816 0.35462 -0.14892 0.92997 0.60525 -0.057131 -0.10886 -0.071497 -0.77337 0.092526 0.50551 0.92855 0.83015 -1.0245 0.2149 -0.44036 0.25734 -0.070376 1.0368 -1.1857 -0.30521
1.0396 0.18301 -0.68964 -1.372 -1.9012 -0.038461 -0.95248 -1.0791 -0.5758 0.32699 -1.0144 0.8932 0.13508 -0.080239 -0.81578 0.048552 1.3742 -1.1862 -0.33657 0.53849 -0.19907 0.84065 0.59832 0.59063 -1.0321 -0.33043 -1.1346 0.24792 0.66483 0.39844 1.5228 -0.64974 0.11898 0.17749 -0.078488 0.055521 0.98119 -0.92374 -0.29795
1.0081 0.45607 0.033877 -0.84461 -1.608 -0.097591 -0.71899 -1.1628 -0.74273 1.0453 -0.81596 1.5525 0.07393 -0.37485 -0.62031 0.36074 1.4401 -0.3069 -0.61234 0.50926 -0.083885 0.59674 0.56055 0.89486 -1.317 -0.29575 -1.206 0.29828 0.64691 0.10712 1.6876 -0.052805 0.16012 0.50802 -0.36384 -0.081119 0.5853 -0.41138 -0.16085
0.92764 0.16109 -0.29479 -0.70883 -1.4808 -0.21698 -1.1787 -0.6473 -0.087185 0.85751 0.13337 1.0107 -0.077648 -0.90738 -0.5305 0.84777 1.2598 0.53227 -0.46369 0.76025 0.1439 0.44359 0.7816 1.1381 -0.93259 -0.24779 -1.1098 0.41917 0.37557 0.20263 1.6721 0.83393 0.20988 0.4014 -0.51508 -0.33612 -0.27196 0.23429 -0.30367
0.83186 0.30373 -0.032192 -0.49444 -1.2564 -0.46358 -0.85403 -0.92866 -0.077244 0.98594 -0.26786 -0.19103 -0.18905 -1.0853 -0.51952 0.79993 1.4335 0.87097 0.15653 0.57595 0.62506 0.36627 0.35298 0.94762 -1.0273 -0.37985 -1.0139 0.63397 0.025555 0.26656 1.1744 1.4506 0.43267 0.24527 -0.61178 -0.37105 -1.1482 0.23908 -0.58312
0.51615 -0.2053 0.45647 0.04527 -0.98228 -0.48958 -0.35144 -0.22634 -0.34556 0.8771 0.80538 0.2454 0.017471 -1.5121 -0.14774 0.50629 1.7665 1.3378 0.98074 0.93996 0.19094 -0.11434 0.017152 -0.025049 -0.71211 -0.79347 -0.52793 0.83583 -0.33856 0.29429 0.25855 1.4724 0.45867 -0.037903 -0.24612 -0.073693 -1.5511 0.016139 -0.74297
0.0072699 -0.083292 0.60692 0.038236 -0.85745 -0.28366 -0.35662 -0.53187 -0.247 1.3712 0.9286 1.3235 -0.060825 -1.7046 0.27775 0.57585 1.6949 1.4815 1.6168 1.3135 0.34276 -0.39146 0.186 -1.0221 -0.9526 -0.99381 -0.12301 1.0151 -0.26633 0.059441 -0.15628 0.74254 0.23871 -0.28518 -0.042476 0.24672 -1.2289 -0.32965 -0.70007
0.066427 -0.3135 0.21842 0.5542 -0.89575 0.44108 -0.34788 -0.45763 -0.022872 0.82393 -0.34155 -0.89702 -0.46657 -1.4449 0.50895 0.34571 1.689 0.72196 1.8017 1.3392 0.20142 0.29997 0.71974 -1.2534 -0.95574 -1.1782 0.48392 0.87985 -0.03786 -0.418 -0.49362 -0.17978 -0.27109 0.056439 0.41383 -0.10523 -0.21863 -0.30313 -0.2545
-0.61929 0.62302 0.45289 1.5452 0.4388 1.1728 0.40768 -1.0364 -0.99676 0.95633 -0.97977 0.79289 -1.0881 -1.312 0.89982 0.39675 1.5944 0.90558 1.2626 0.87059 0.07006 0.051352 0.51515 -1.1125 -1.6055 -1.3533 0.61518 0.53598 0.071195 -0.86393 -0.45106 -0.81846 -0.35366 0.34788 0.55044 -0.72804 0.6784 0.2678 0.24761
-0.7466 0.50668 0.56951 1.0328 0.20634 1.312 0.56879 0.16559 -0.46358 1.2658 -1.2864 -1.3032 -1.0437 -0.92103 1.0553 0.52553 1.049 0.72769 0.80534 0.60462 0.4215 0.48577 -0.35763 -0.45296 -1.0308 -1.0368 0.78191 -0.09808 0.10085 -1.2239 -0.041034 -0.90825 -0.4254 0.6767 0.38606 -1.0596 1.2101 0.85439 0.75446
-0.48381 0.55118 0.60829 1.6045 -1.0954 1.1175 0.91859 -0.61736 0.90172 2.3543 -1.0232 -1.0272 -1.1863 -0.96707 0.92474 0.61285 0.41596 0.65935 0.46821 0.95376 0.87631 0.61536 -0.76614 0.059071 -0.38106 -0.65065 0.8933 -0.51988 -0.18917 -1.2108 0.2104 -0.62366 -0.24603 0.59468 0.1472 -0.77502 1.0334 1.8529 0.89173
-1.0341 0.79156 1.1015 1.9185 0.54754 0.56963 0.20116 -0.21392 -0.86504 1.1349 -0.054166 -1.4815 -1.3914 -0.34857 0.32155 0.4182 0.0082293 0.78518 0.37018 0.42263 1.0617 0.78291 -0.81209 0.80059 0.17755 -0.27083 0.71422 -0.6879 -0.78956 -0.99805 0.64587 -0.40034 -0.3653 0.4541 -0.33456 -0.101 0.34379 1.7311 0.66668
-0.81273 1.1899 0.97772 1.1322 0.088192 1.098 0.28605 -0.025405 0.74372 -0.070322 -0.27222 0.11435 -1.2131 -0.1495 0.36325 0.10648 -0.13065 1.2826 0.22819 0.45641 0.85878 0.1813 -0.84503 0.51568 1.5982 -0.24885 0.86671 -0.56399 -1.1182 -0.41741 0.28904 -0.37601 -0.27802 -0.016737 -0.46705 0.56687 -0.26738 0.91001 0.41554
-1.2927 0.95376 0.8709 1.3347 0.48925 1.572 1.7296 0.63879 0.2999 -0.072166 -1.1204 -1.2067 -1.3978 -0.1704 0.14242 -0.65097 -0.52664 1.6284 0.1259 0.10224 1.2741 0.00020142 -0.5197 0.071035 1.5357 -0.12537 0.36004 -0.30235 -0.82476 0.17585 -0.058758 -0.54398 -0.095905 -0.36737 -0.89987 0.98152 -0.38658 -0.38544 0.095981
-0.71674 0.71689 0.9331 1.514 1.3626 1.6606 0.66148 0.43526 0.26748 0.9361 0.3954 0.71632 -1.3134 0.34958 0.034661 -0.87665 -0.083264 0.7892 -0.1598 0.54284 0.72641 0.034309 0.25941 -0.15548 0.80027 -0.029646 0.022325 -0.19918 -0.050715 0.38758 -0.5754 -0.45036 -0.38937 -0.58412 -0.70576 0.79271 -0.17905 -1.2588 0.061986
-0.75032 1.0255 0.63294 1.0321 1.0506 1.0112 1.1148 0.79129 -0.041667 0.82421 -0.76782 0.8369 -1.3889 -0.010844 -0.041913 -0.58358 0.32364 0.93917 -0.52637 0.18378 0.42322 -0.99744 0.66005 0.29714 -0.23869 -0.21935 -0.27033 0.088611 0.79538 0.33747 -0.87967 0.12101 -0.42847 -0.7225 -0.54695 0.0060411 -0.28991 -1.4618 -0.04624
-0.98444 0.82059 -0.3222 1.0475 1.2729 0.84427 0.36357 0.93335 0.49763 1.1182 -0.64005 0.48754 -1.372 -0.18755 0.10585 -0.020763 0.17796 0.57763 -0.34649 -0.38506 0.17093 -0.77843 0.20122 0.015751 -0.13364 -0.097448 -0.42224 0.23146 1.1847 -0.15329 -0.84892 0.52585 -0.9193 -0.32625 0.090845 -0.49104 -0.046172 -0.86837 -0.063565
-0.52844 1.0787 0.35445 1.9117 1.0853 0.61291 1.4105 0.46466 -0.52546 0.5685 -0.29524 -0.71683 -1.3395 -0.33285 0.25433 0.35762 -0.016911 0.12103 0.47628 -0.31511 0.1777 -0.72857 -0.47201 -0.64299 -1.0356 -0.16746 -0.026227 0.30832 1.3143 -0.50264 -1.3185 0.5048 -0.46239 -0.2126 0.69234 -0.95233 -0.16307 0.52401 0.059358
-1.2512 0.99276 0.61272 1.525 1.5239 1.0276 0.93957 0.73641 -1.0074 0.80601 0.15055 -0.65423 -1.6132 -0.16583 0.28077 0.7933 -0.18736 -0.35791 0.4163 -1.101 0.22199 0.063623 -0.17805 0.21722 -0.61389 -0.16046 0.11713 0.11283 0.59013 -0.61666 -1.3956 -0.25195 -0.046343 0.05028 0.51926 -0.82783 0.027618 1.2804 0.028534
-1.3179 0.95093 1.135 1.3747 1.478 1.4732 0.65506 0.89534 -0.42824 0.50254 -1.1065 -0.069634 -1.3834 -0.058398 0.39762 1.3844 -0.41923 -1.0189 0.12702 -0.40951 -0.015259 -0.029758 -1.1023 -0.15566 1.0646 -0.087816 0.44026 -0.11805 -0.54855 -0.3809 -0.93167 -0.73025 0.39951 0.15768 0.25317 -0.45868 0.051493 1.1368 0.15563
-0.79488 1.1875 0.9742 1.0906 1.2238 2.1398 0.12457 0.79241 -0.60197 0.24673 -1.0845 -0.51432 -1.5274 -0.12989 0.22355 0.53122 -0.75893 -1.4211 -0.67061 -0.43132 0.35001 -0.091608 -1.1796 -0.1645 1.4417 -0.088616 0.39172 -0.29071 -1.3191 0.098348 -0.057248 -0.63262 0.76081 0.16793 -0.43007 -0.16516 -0.050793 0.11502 0.14082
-0.88546 1.3515 1.0362 0.8172 0.26117 0.59955 -0.68944 1.1839 0.78561 1.0352 0.25064 -0.028315 -1.5492 0.36604 0.073511 -0.50519 -0.42974 -1.0568 -0.44826 0.17582 0.39875 -0.15663 -0.90819 -0.3367 0.26538 0.057123 0.1661 -0.45129 -1.3535 0.62317 0.95484 -0.21097 0.4131 0.16001 -0.62503 0.5047 0.18404 -0.8761 0.13431
-0.99452 1.3218 1.7705 1.1089 -0.040118 0.69318 1.1959 0.44167 -0.59188 -1.3351 -0.96147 2.2395 -1.4131 0.2604 -0.064828 -0.64917 0.012549 -0.42888 -0.56621 0.17704 0.31937 -0.77003 -0.60854 0.20031 0.0041624 0.0028962 0.039742 -0.37525 -0.48617 0.89295 1.595 0.5838 0.12802 -0.12973 -0.72067 0.64354 0.095396 -0.97487 0.11069
-1.0567 1.1462 0.63783 0.90562 -0.20228 -0.11815 0.80509 1.2423 -1.4245 -0.67219 -0.39489 0.40113 -1.5713 0.020446 -0.24319 -0.47506 0.36789 0.26955 -0.34089 0.14011 0.28951 -0.98469 -0.34394 0.066166 -0.045195 0.091388 -0.18651 -0.19193 0.25259 0.586 1.3949 0.65764 -0.63271 -0.12598 -0.20746 0.87065 0.22568 -0.54226 0.0088191
-0.7597 0.95579 -0.29778 0.99819 1.03 1.7314 0.80807 1.3889 -0.70809 0.19465 -1.1326 -1.3306 -1.4264 0.11278 -0.27177 -0.36488 0.51796 0.88601 0.47058 -0.14741 0.1479 -1.1665 -0.13234 -0.15484 -0.43554 0.079853 -0.037101 -0.027867 0.33176 0.22742 0.86709 0.63738 -0.82247 -0.052896 0.3341 0.85084 0.1226 -0.45669 0.0011834
-0.85822 1.0514 0.86157 1.4278 0.93394 0.93008 0.029286 1.0993 -1.3415 -0.18753 -0.44467 0.33043 -1.438 0.14424 -0.16006 -0.19238 0.42114 0.88529 0.37786 -0.96435 0.23483 -0.40215 0.6501 0.33583 -0.65385 0.034435 0.082866 0.083674 0.20502 -0.003485 0.32357 0.32597 -0.73483 0.0005058 0.48414 0.67071 0.23488 -0.33829 -0.048445
