39 276
-1.3076 1.4008 0.47699 0.92199 0.79746 0.044019 -0.49169 -0.0086561 -0.94889 -0.19247 0.76733 0.0090303 -1.5436 0.21139 0.028091 0.19692 0.63333 0.21887 0.59948 1.2092 0.21732 0.098329 -0.40052 -0.68797 0.021463 -0.057706 0.17846 -0.11184 0.28496 -0.1635 -0.40198 0.20274 -0.14078 0.042414 -0.11007 0.53975 -0.15727 0.11081 0.045134
-1.5028 1.5596 1.08 1.5098 0.65772 0.5382 -0.17347 0.79291 -0.69289 -1.2457 0.64599 0.80266 -1.6391 0.6005 -0.096143 0.41809 0.58083 -0.062642 0.77987 1.5565 0.52182 -0.028261 -0.27121 -1.0781 0.19435 0.03557 0.042854 -0.12675 0.55433 -0.34696 -0.72053 -0.032882 -0.58222 -0.12985 -0.30807 0.73794 0.15845 0.44132 0.034579
-0.77217 1.5871 0.94558 1.7408 0.44303 -0.084289 1.1641 -0.011153 -0.70455 0.39957 -0.32296 -0.015484 -1.6444 0.32618 -0.10593 0.58444 0.33478 -0.42153 0.87887 0.75243 0.14972 -0.045921 0.64693 -0.75451 0.17168 -0.026975 -0.14379 -0.126 0.38244 -0.64279 -0.687 -0.57651 -1.0215 -0.3659 -0.24602 0.67665 0.44855 0.61168 0.068199
-1.247 1.2772 0.28398 1.3541 1.4379 1.0756 0.77777 0.16553 -1.0272 -0.98059 0.025055 -0.20185 -1.5394 0.22406 -0.12759 0.97831 0.10327 -0.83647 0.37053 0.31605 0.0062141 -0.41973 0.58353 -0.28639 0.89822 -0.014273 -0.54281 0.00023854 -0.11634 -0.80347 -0.2775 -0.85245 -1.1932 -0.16447 -0.067803 -0.13116 0.95402 0.38679 0.034264
-0.5357 1.2547 1.1162 1.4386 0.34247 0.84536 1.2927 0.90547 -1.0167 -0.35491 -0.7652 0.56667 -1.4582 0.14033 -0.17754 0.58756 -0.37894 -0.70719 -0.34374 -0.12639 -0.22139 -0.17622 0.55753 -0.13671 0.99005 0.085164 -0.22852 0.16563 -0.4918 -0.56892 0.17767 -1.0652 -0.65909 0.30544 0.28945 -1.0275 0.85666 -0.021623 0.034981
-1.3667 1.4086 1.2434 1.256 0.05236 0.96109 -0.44385 -0.10017 -0.85991 1.1402 0.33612 0.33226 -1.6794 -0.26991 -0.056894 0.20396 -0.62388 -0.4687 -0.29407 -0.28606 0.39623 -0.088977 -0.45381 0.56863 0.61903 0.037744 -0.19888 0.17387 -1.2972 -0.23166 0.87943 -0.44666 -0.26648 0.18026 0.23909 -1.3679 0.37965 -0.83476 -0.039255
-1.1038 1.3902 1.8552 1.3941 -0.29632 0.13716 0.31664 0.31205 -1.4169 -0.34333 0.5188 2.0502 -1.6041 0.16438 0.1567 0.094121 -0.40995 -0.30502 -0.88829 -0.21409 0.54257 0.35325 -0.8511 0.57936 0.26134 0.006521 0.12129 0.12604 -1.1657 0.18961 0.82814 0.27576 0.18985 0.11162 -0.10881 -1.487 -0.32953 -0.86143 -0.036955
-1.0057 1.3366 1.0859 1.0919 0.31295 -0.21479 0.57381 0.25608 -0.55605 -0.32017 -0.28331 1.3665 -1.4853 -0.14445 0.01793 -1.0788 -0.33775 0.57222 -0.25223 -0.162 -0.02741 -0.21725 -1.4085 0.16523 -0.54697 -0.046057 0.1189 0.028542 -0.62222 0.38792 0.67841 0.97516 0.11526 -0.5016 -0.019284 -0.24124 -1.0054 -0.92326 0.04382
-1.1805 1.4054 0.49603 0.79965 0.53316 0.46089 1.0772 0.91249 -1.0238 -0.89372 0.78337 -0.23395 -1.5738 0.28606 0.012515 -0.84196 -0.1644 0.28642 0.14713 0.15639 0.20749 -0.3172 -1.8992 -0.54031 -0.2942 0.060006 -0.34612 -0.33551 0.18114 0.19525 -0.0063583 1.4157 -0.16909 -0.86276 0.48691 0.67666 -0.82861 -0.30769 0.35019
-0.66191 1.4819 0.90934 1.0962 0.64405 0.067506 0.1797 1.1117 -0.53389 -1.764 0.55214 0.54001 -1.519 -0.12652 0.069043 -0.43646 -0.0058021 0.47027 1.062 -0.26816 -0.39235 0.21415 -0.37681 -0.82529 -1.1042 0.086059 -0.40631 -0.44025 0.84196 -0.11701 -0.79028 0.85787 0.16035 -0.58683 1.6097 1.5873 -0.55893 0.44606 0.57454
-1.2111 1.2364 0.11453 1.1371 0.66142 0.85985 0.32642 -0.13685 -1.715 -0.95938 -0.57981 0.0052234 -1.6514 -0.46086 -0.46331 0.087215 -0.20741 -0.29703 1.1863 -0.49794 -0.92204 1.0837 0.018515 -0.52643 -0.129 0.55454 -0.25082 -0.90123 -0.025511 -0.78192 -0.93213 0.11823 0.5099 0.017127 1.7622 2.2678 0.078591 0.062505 0.84344
-0.9347 1.4887 1.1562 1.1374 -0.21802 0.65464 0.028651 0.33454 -1.1831 -1.6558 -0.38602 1.33 -1.5428 -0.49347 -0.52512 -0.058839 -0.55119 -0.64172 0.87357 0.45394 -0.58183 2.1982 0.83607 -0.9047 0.33256 0.71547 0.98505 -1.3581 -0.87227 -1.2754 -1.094 -1.1802 0.87019 0.7848 0.78555 1.8342 0.23374 -0.40774 1.2893
-1.3427 1.4712 1.264 1.2534 0.82237 1.3956 0.41839 -0.13152 -0.40778 -0.12893 -0.77809 -0.38721 -1.4044 0.021401 -1.2923 -1.0825 -1.4116 -0.92791 0.44637 0.74801 0.33849 2.1014 2.0564 -0.29162 -0.88049 1.2272 1.908 -1.481 -1.6955 -1.1451 -0.7555 -1.7879 0.81545 0.51607 -1.0295 1.5822 -0.18342 -1.1319 1.3796
-1.5568 0.47432 0.6402 0.40825 -0.15809 1.1686 0.086183 -0.55572 1.0426 -0.7876 -0.074337 0.91929 -0.70447 1.3649 -1.932 -1.4029 -1.8774 -1.2867 -0.89162 0.74582 0.48232 1.2286 2.3006 -0.42417 -1.614 2.016 2.3223 -1.3144 -1.2852 -0.41933 -0.49769 -1.6367 0.44596 -0.38263 -2.4185 0.69699 -0.13675 -0.40972 1.2105
-1.3437 1.0733 0.21214 0.22196 -0.16811 1.1688 2.059 0.91435 1.1181 -0.13729 -0.732 0.34991 -1.0556 1.9709 -2.3941 -2.2499 -1.7661 -1.4153 -1.438 0.88912 -0.4633 -0.41595 2.4796 -1.0805 -1.6083 2.3294 1.6037 -0.39121 -0.12337 0.72142 0.24731 -0.90016 0.41786 -1.2804 -2.5971 -0.068383 -0.10621 0.85209 0.47757
-0.32522 -0.35463 -0.66705 -0.62546 -0.51742 0.51622 0.55099 1.382 0.30474 1.4794 -0.06463 -1.454 -0.23248 2.6238 -2.3119 -1.7577 -1.1932 -1.3577 -1.3968 1.2146 -0.90946 -1.2119 2.0505 -0.73094 -0.1933 2.2921 0.22181 0.36331 0.92615 1.517 0.9555 0.1463 -0.0064724 -1.5528 -1.6518 -0.66908 0.58905 1.8025 -0.3239
0.62762 -0.81772 -0.50447 -0.77239 -1.1453 -0.63484 0.97242 -0.23088 -1.1839 1.5138 -1.7231 -1.862 0.58533 2.2159 -1.796 -1.1301 -0.36837 -0.46205 -1.0792 1.2915 -1.4117 -1.6923 2.0794 -0.29796 0.24995 1.9274 -1.0264 1.2156 1.7574 1.8859 1.1698 0.66798 -0.23782 -0.97231 0.032264 -1.3413 1.2832 2.2757 -1.1027
0.58011 -0.94248 -0.74074 -0.39201 -1.3532 -0.45315 1.3356 -1.1236 -1.0969 1.4054 -2.1554 -0.36104 0.70191 1.6282 -1.5811 -0.32917 0.34663 -0.011621 -0.81135 0.51657 -2.0107 -1.3203 1.1995 0.41203 1.3543 1.6452 -1.9576 1.4762 1.4846 1.5885 0.98245 0.78342 -1.0465 0.12056 1.181 -1.555 1.8718 1.5226 -1.5843
0.88542 -1.0419 -0.31722 -0.055949 -0.51884 0.4759 2.4379 -1.1137 -0.20235 1.928 -0.66699 0.77941 0.77989 0.65209 -0.5917 0.14154 1.0998 0.063171 -0.45516 0.77067 -1.7693 -0.29426 0.26193 0.96052 2.5394 0.7108 -1.7737 1.3428 1.0681 0.81588 0.45745 0.44473 -1.6335 1.2091 1.4341 -1.7083 2.0341 0.32902 -1.555
0.29614 -1.0945 -0.74025 -0.14668 -0.50657 -0.057808 2.218 -1.0836 -0.38931 1.9864 -0.049423 0.797 0.84501 -0.053892 -0.28223 0.22906 1.1337 0.18163 -0.20839 -0.52832 -0.49647 0.37648 -0.11059 2.4266 1.9537 0.11105 -1.4002 1.1742 0.3431 -0.10973 0.17185 -0.18157 -1.5423 1.6212 1.0085 -1.7463 1.4897 -1.1441 -1.1891
0.83282 -1.1532 -0.30502 0.31225 -0.43902 -0.332 1.5361 -1.0229 -0.91305 1.7845 -0.11915 0.87057 0.79386 -0.078222 -0.051139 0.47569 0.806 0.26372 -0.53986 -1.3043 0.14794 0.23599 -0.64146 2.8054 0.65912 -0.043469 -0.91483 0.86777 -0.054713 -0.91826 0.49684 -0.6042 -0.84977 1.2196 0.46621 -1.6875 0.23628 -1.801 -0.51273
0.70812 -1.1237 -0.56654 0.59866 -1.1915 -0.66823 1.4725 -1.5111 -0.58837 1.6618 0.37798 1.7871 0.71687 -0.4829 0.24265 0.10483 0.27265 0.17763 -1.1478 -1.3911 0.13576 0.36883 -1.8007 2.514 -0.18442 -0.071913 -0.98536 0.96892 -0.24644 -1.3036 0.94536 -0.58204 0.64035 0.61116 0.21631 -1.2381 -1.437 -1.1722 -0.28066
0.47723 -1.1555 -0.25396 0.5355 -0.98874 -0.61395 0.14307 -0.94548 -0.65787 1.2157 1.9308 0.86542 0.74619 -0.75316 0.69418 0.10021 -0.25305 0.96108 -1.1873 -0.42769 0.25127 0.61572 -2.2274 1.4405 -0.29208 -0.10186 -1.0747 0.72529 -0.3428 -1.3545 1.0006 -0.19943 1.4419 0.060151 0.12662 -0.41778 -2.2564 -0.46591 -0.21762
0.59242 -0.9437 -0.083847 0.45562 -0.37374 -0.53143 0.50424 -0.78789 -0.33016 0.77082 2.3514 0.65933 0.6951 -1.4606 1.0736 -0.026184 -0.86495 1.5657 -1.0433 0.23384 0.6246 0.60982 -1.7549 0.29413 -0.11058 -0.35559 -0.48833 0.19868 -0.10784 -0.92383 0.40446 0.57793 1.4528 -0.50702 -0.10681 0.78951 -2.3112 0.11558 -0.064042
0.020116 -0.70837 -0.59568 -0.019225 -0.14036 -1.2534 1.2592 -1.0549 0.28865 -0.56648 2.7719 0.46775 0.77817 -1.4911 0.82801 -0.07243 -1.2517 1.4055 -1.0057 0.60602 0.022095 0.36537 -1.4639 -0.53443 -0.38915 -0.28656 0.3206 -0.57176 0.032764 -0.1628 -0.8892 1.2102 0.2695 -1.2568 -0.41469 1.5186 -1.5042 0.48784 0.22977
-0.35311 -0.21861 -0.53844 -0.32902 0.70747 -1.7016 1.8904 -0.79786 -0.25437 -0.48171 0.66341 0.80492 0.69722 -0.98112 0.53256 -0.0063778 -1.0222 0.67898 -0.13838 0.83558 -0.71616 0.29275 -0.57169 -1.0577 0.11109 -0.09428 1.4103 -1.1539 0.3576 0.77784 -1.5316 1.697 -0.54972 -1.6515 -0.23482 2.0103 -0.53757 0.8172 0.54777
-0.69746 -0.0017758 -0.23887 -0.45707 0.77992 -1.3747 1.3899 -0.23342 -0.43879 0.40316 0.11894 1.4114 0.2244 -0.43279 -0.050477 0.14179 -0.49788 -0.28579 0.69174 -0.23247 -1.4793 -0.02199 0.24744 -0.83264 0.64963 0.1697 1.7527 -1.2801 0.28932 1.3176 -1.3345 1.7039 -0.91165 -1.1916 0.24949 2.114 0.38496 0.89414 0.64631
-0.63372 -0.66523 -0.52652 -0.75978 -0.25009 -1.6457 1.4372 -1.9208 -0.14991 -0.21195 0.98579 0.5294 0.60269 0.49311 -0.53905 0.49346 0.2525 -0.47757 1.3875 -0.40677 -1.7808 0.35486 1.4375 -0.57715 1.1353 0.37799 1.4252 -1.0336 -0.082075 1.2158 -0.39126 0.9144 -0.65051 -0.30608 0.52671 1.5366 0.74282 0.51222 0.61684
-0.069718 -0.63026 -0.075789 -0.3692 -0.19699 -0.092257 1.2003 -1.8321 -0.045394 0.46698 1.3809 0.86741 0.83901 0.85884 -0.91271 0.18348 0.64838 -0.53737 1.5242 -0.52006 -1.7218 0.82162 1.7866 0.045559 1.0305 0.61238 0.61585 -0.35089 -0.39405 0.70259 0.73284 0.12734 0.00019105 0.95799 0.5492 0.72381 0.42937 0.042958 0.2958
0.041739 -0.93242 -0.20037 -0.067266 -0.56227 -0.041782 0.25485 -2.7414 -0.17054 0.52004 1.3349 1.8721 0.95548 0.88221 -0.87383 -0.17912 0.74546 0.043608 1.2008 -0.2719 -1.177 0.894 1.761 0.037464 1.0259 0.7676 -0.5174 0.17415 -0.80677 -0.066542 1.0904 -0.69853 0.23864 1.6427 0.23982 -0.409 0.097757 -0.54643 -0.057249
0.36234 -0.97324 -0.090633 0.25273 0.14313 -0.21101 1.6202 -2.6563 0.69412 1.6098 0.64431 2.3688 1.0042 0.45374 -0.50492 -0.22631 0.6046 0.78988 1.0078 -0.31532 0.055097 0.77497 1.5652 -0.23109 0.79413 0.49328 -1.0027 0.52202 -0.63127 -0.53825 0.9857 -0.86981 0.38077 1.8047 -0.044055 -1.0625 -0.10937 -0.95371 -0.31705
0.12984 -1.0935 -0.44664 0.16838 0.24041 -0.18124 1.1091 -2.2248 0.35853 2.0209 0.34405 1.9251 1.0382 -0.22283 -0.4298 -0.73694 0.13697 0.86213 0.26018 -0.071677 0.47702 0.84682 0.76615 -0.1916 0.067898 0.33477 -0.91227 0.55366 -0.29638 -0.66126 0.30775 -0.58772 0.081236 1.2219 -0.38338 -1.503 0.12549 -1.2227 -0.35459
0.10246 -1.1447 -0.55571 0.096233 0.38352 -0.082178 0.94925 -2.0166 0.45627 2.0345 0.92127 2.1766 1.106 -0.36342 -0.20212 -0.66209 -0.096395 0.86142 0.27551 0.087246 0.90736 0.76523 0.19726 -0.0059384 -0.55743 0.26894 -0.27789 0.41697 0.099017 -0.43941 -0.2807 -0.28828 0.025418 0.3071 -0.56456 -1.4332 0.29206 -0.99625 -0.20791
-0.027746 -1.1584 -0.46692 -0.027441 0.47472 0.26436 0.71244 -1.8445 0.62375 1.3591 1.1449 1.3368 1.1848 -0.32444 -0.036264 -0.49265 -0.19078 0.55092 0.39726 -0.33467 0.738 0.16315 -0.5211 0.22744 -0.94731 0.25387 0.45707 0.31426 0.51313 -0.066076 -0.44845 -0.011768 0.072125 -0.088875 -0.78323 -0.62283 -0.052729 -0.34825 -0.19517
-0.29647 -1.1793 -0.8852 -0.079613 0.54023 0.14041 1.0048 -1.7006 0.90718 1.3129 1.0268 1.4254 1.186 0.0086605 0.043869 -0.17964 -0.089539 0.39061 0.35269 -0.15132 0.51562 0.030949 -0.61777 0.19429 -0.85728 0.16589 0.7573 0.099212 0.40764 0.10753 -0.56485 -0.32206 0.27024 -0.084846 -0.93713 0.42304 -0.38535 0.077609 -0.23434
-0.056837 -1.1273 -0.68883 0.055745 0.6023 0.083627 1.005 -1.7292 0.86744 1.3681 0.84392 1.4903 1.2138 0.39204 0.0098443 -0.075982 -0.0029766 0.22967 0.17346 0.16882 0.50636 -0.29449 -0.035212 -0.34474 -0.53892 0.040871 0.98082 -0.019585 0.4084 0.1061 -0.48362 -0.49083 0.41661 0.29389 -0.62427 0.83259 -0.28476 0.15165 -0.23818
0.09339 -0.99953 -0.5789 0.049584 0.80142 0.27288 1.0244 -1.6439 0.48124 1.3042 0.83396 0.86432 1.2647 0.60901 -0.04548 -0.15505 0.0086735 -0.062996 -0.26498 0.33298 0.86436 -0.81182 0.83342 -0.43651 -0.59682 -0.038908 0.77295 -0.062736 0.30337 -0.11471 -0.56153 -0.5968 -0.054794 0.60833 -0.15913 0.44319 0.23193 -0.039851 -0.23954
0.16562 -1.1192 -0.62656 0.020496 0.5842 0.29407 0.68606 -1.4943 0.31961 1.3336 0.98578 0.89755 1.1861 1.1004 -0.023449 0.21178 -0.04368 -0.15576 -0.27496 0.19866 1.1294 -0.61673 0.45006 0.026871 -0.75252 -0.06483 0.35325 0.073342 0.19085 -0.31728 -0.6512 -0.32534 -0.8008 0.50569 0.5098 -0.20427 0.40947 0.11185 -0.39263
0.49252 -1.2095 -0.65839 0.02863 0.60039 0.17227 1.3331 -1.2695 0.32392 2.0274 0.3573 1.4895 1.142 1.0128 -0.048186 0.20719 -0.29971 -0.49553 -0.61051 -0.28609 1.3714 -0.11029 0.058943 0.52341 -0.83985 -0.20474 -0.066715 0.72207 0.26364 -0.20787 -0.61882 0.28432 -1.2354 -0.13937 0.48091 -0.80516 -0.15575 0.0031665 -0.83899
0.37693 -1.2176 -0.86973 -0.059077 0.29385 -0.32407 1.3051 -0.51746 -0.13401 2.5733 0.60232 0.20021 1.1586 0.8079 0.14482 0.074341 -0.47077 -0.80023 -0.31255 -1.0584 1.2238 0.34512 -0.021235 0.044458 -0.1785 -0.56904 -0.89539 1.6443 0.80555 0.30473 -0.21536 0.48678 -1.4058 -0.86468 -0.17847 -1.3379 -0.88857 -0.69823 -1.4177
1.0923 -1.0868 -0.39444 -0.063275 0.50007 -0.069869 1.1351 -0.42719 0.61938 1.1945 1.4519 0.45096 1.1575 0.632 1.1592 0.37402 -0.18833 -0.92651 0.28227 -1.4007 0.55404 -0.35819 -0.50383 -0.70388 -0.88011 -1.265 -1.9919 2.1917 1.5169 0.96161 0.84182 0.50725 -0.72778 -1.3784 -0.50714 -1.8775 -1.2242 -0.74708 -1.7689
0.87392 -1.1178 -0.39427 -0.37901 -0.020809 -0.62155 0.17661 -0.19115 0.75286 1.1859 1.7864 0.18449 0.96415 -0.29463 2.3039 1.5484 0.48071 -0.37322 0.20137 -1.9299 -0.11267 -0.83251 -1.905 -1.0802 -2.2465 -2.031 -2.9401 1.9282 1.6783 1.2483 1.5719 -0.10127 0.20923 -1.0761 -0.63832 -1.5712 -0.44398 -0.47346 -1.5501
0.75235 -0.78125 -0.69333 -0.50355 -0.22784 0.37847 -0.68185 -0.40459 0.67035 1.6807 0.080127 1.2934 0.49377 -1.9562 2.7782 2.15 1.0741 0.83055 0.095112 -1.2484 -0.59395 -0.49638 -2.713 -1.3045 -1.4257 -2.588 -2.8818 0.793 1.0268 0.95918 1.6337 -0.4493 1.112 -0.3426 0.059605 -0.527 0.48234 0.59615 -0.78889
0.86927 0.61757 -0.16401 0.14957 -0.45075 0.77656 -0.39958 -1.0879 -0.789 1.0798 -0.76966 -0.86681 -0.34528 -3.0912 2.772 2.152 1.3016 1.223 -0.4414 -0.75292 -0.25742 -0.81419 -2.0189 -0.48886 -0.93342 -2.6367 -1.8611 -0.59453 -0.33111 0.35951 0.80428 -0.68067 1.9558 0.3558 0.60588 0.68184 1.1725 1.2575 0.25118
-0.19988 1.5467 1.4077 0.93037 0.63752 -0.3406 -0.80134 -1.0961 -0.6197 -0.83837 -0.66626 -2.9168 -0.88954 -3.0601 2.3404 1.8842 1.2461 1.2924 -0.2965 0.10706 -0.025534 -0.247 -1.4645 0.015001 -0.24972 -2.3521 -0.13939 -1.7047 -1.5038 -0.36492 -0.44391 -0.55899 1.8487 0.88131 0.8901 1.6744 1.3104 1.4403 1.2091
-1.9631 1.3692 1.2311 1.0841 1.7977 -0.43693 0.29143 -0.90405 0.39636 -1.3223 -0.035846 -0.27695 -1.1876 -3.0322 1.4671 1.0884 1.0807 0.86539 -0.95355 1.0912 0.28732 0.21885 -1.1335 0.65154 -0.1163 -1.7091 1.4916 -2.2026 -2.0706 -0.74885 -1.3714 0.40453 1.4317 0.68185 0.73101 1.8029 0.37993 1.2425 1.6397
-1.7639 1.3892 1.2038 0.88221 1.1538 -0.77844 -0.39512 -0.20112 -0.046049 -0.21676 1.8556 0.14713 -1.1724 -2.2372 0.39795 0.012102 0.47048 0.14998 -0.76259 1.325 0.82327 0.71242 0.22175 0.79187 1.2795 -0.9266 2.4022 -1.8327 -1.7399 -0.84194 -1.4574 1.2638 0.60807 0.48048 -0.15081 1.3693 -0.71924 -0.1597 1.5999
-1.5183 1.3308 0.83872 0.68271 0.58727 -0.001465 0.0029054 -0.41869 0.43648 0.41748 0.43639 0.20658 -1.4139 -0.8764 -0.17602 -0.58553 0.23337 -0.79578 0.55419 1.3415 0.62615 0.12398 0.77186 -0.067078 0.98751 -0.46661 2.382 -1.0598 -0.89412 -0.68877 -0.61283 1.6841 -0.30921 0.44813 -0.045676 0.44099 -1.5221 -1.2893 1.2443
-2.1026 1.3963 0.42269 1.151 0.42256 -0.73465 1.1548 -0.57377 0.030596 -0.26903 -0.048512 -0.70224 -1.4393 0.095094 -0.09866 -0.36666 0.033799 -0.62749 1.3854 1.121 0.72778 -0.48585 0.3511 -1.0085 -1.1503 -0.16063 1.5854 -0.31029 -0.20677 -0.48699 0.59347 0.87256 -1.2667 0.43726 0.41125 -0.73154 -0.95931 -1.9288 0.93262
-1.6745 1.4388 0.65443 1.0116 0.33034 -0.52847 1.1064 0.015341 -0.054477 0.59797 0.4941 0.23663 -1.3898 -0.00093512 -0.16879 -0.31221 -0.040909 0.07955 1.2268 0.59012 1.1959 0.73488 -0.28322 -1.4329 -1.6946 0.095006 0.72188 -0.066234 0.38705 -0.51741 1.206 -0.36743 -2.1149 0.62128 1.4748 -0.79187 -0.10212 -1.0681 0.76489
-1.7111 1.1902 1.1476 1.3298 0.40144 0.73238 0.88598 -0.35337 -0.13251 -0.54301 -0.49198 -0.86261 -1.4155 0.11687 -0.15521 -0.49727 -0.34234 0.78853 0.57506 -0.72077 1.3784 1.2069 -0.67664 -0.38703 -1.5565 0.4314 -0.20621 -0.13468 0.59613 -0.25558 0.58133 -1.2879 -1.8977 0.15432 1.3867 -0.27507 0.69176 0.68598 0.41043
-1.7844 1.2951 0.76781 0.7509 1.228 1.3041 1.3703 0.48106 -0.17465 -0.43322 -0.72365 -2.0949 -1.2932 0.38088 -0.26268 0.15869 -0.5873 0.71539 0.21864 -1.7702 1.4929 2.133 -0.26063 -0.5294 -1.1239 0.58109 -0.38239 -0.0016736 0.74189 0.13901 -0.092526 -1.3492 -0.88936 -0.4427 -0.54754 0.36053 1.2149 1.8162 -0.099337
-1.7127 1.1868 0.53248 0.71503 0.84196 0.13978 0.0087391 1.4605 1.6342 -0.072396 -0.41543 -1.9159 -1.111 -0.46522 -0.28854 0.44707 -0.19576 0.10814 -0.64371 -1.319 0.87801 1.5001 -0.1748 -0.027923 0.045589 0.3164 -0.30953 0.16769 0.93646 0.74178 -0.53463 -0.71169 0.22766 -1.0603 -2.2524 0.61949 1.019 2.4072 -0.62278
-1.5441 1.2475 -0.039071 0.44556 1.3854 -0.12991 -0.7494 0.75832 1.4034 -0.65666 0.25708 -1.5612 -0.97642 -0.39017 -0.10208 0.52293 0.14561 0.21598 -0.81631 -0.81572 0.60267 -0.46472 0.22018 0.86356 1.4313 -0.024312 0.12099 0.37805 0.55844 0.95048 -0.75163 0.15304 1.162 -1.525 -3.2794 0.39229 0.67092 1.7743 -0.81798
-1.5584 1.0639 1.3505 0.66953 0.81843 -0.40038 -0.86887 1.2364 1.9911 -0.059214 -1.0674 -1.5768 -0.88804 -0.049318 0.06613 0.9725 0.7159 0.0095647 -0.31861 -0.78142 -0.20148 -1.842 0.35428 1.0018 2.3718 -0.36365 1.342 0.4876 0.19435 0.60751 -1.0049 0.53908 0.90449 -1.0431 -2.355 0.1234 -0.0045326 -0.0086552 -0.48824
-2.6137 1.032 1.5002 1.2076 0.15933 -0.49675 0.34332 0.5823 0.48265 0.04876 0.53212 0.62404 -1.3427 0.38085 0.23623 0.8784 0.78487 -0.66887 0.3289 0.15214 -0.88131 -2.5283 0.29255 0.34656 1.5494 -0.52007 1.8337 0.26467 -0.72532 -0.084625 -1.2004 0.45045 0.41447 -0.53597 -0.75749 -0.095191 -0.31695 -1.7742 0.10498
-1.8439 1.2297 1.2176 1.3203 1.4741 0.59052 0.24255 0.83981 -1.4472 -0.39414 0.8831 0.27903 -1.4981 1.5117 0.41362 0.60698 0.64982 -1.3556 -0.19173 -0.10078 -0.37219 -2.014 0.069915 0.27372 -0.035349 -0.29676 1.7972 -0.516 -1.4797 -1.211 -1.1725 0.095068 -0.1356 0.30385 1.0441 0.249 -0.44467 -2.6227 0.94533
-1.4155 1.4591 1.333 1.4186 1.1983 0.52909 -0.70099 0.58213 -0.83967 0.28409 0.62605 0.80207 -1.4978 2.0593 0.19851 -0.58535 0.0062798 -1.3724 -0.027772 -0.38461 -0.33386 -1.8374 0.20687 0.64738 -1.2077 0.1249 0.83817 -1.4213 -1.5531 -2.076 -0.80444 -0.28505 -0.62326 0.69444 2.377 0.42519 -0.39079 -1.3447 1.6107
-1.0727 1.4123 1.0497 1.3011 -0.48283 -0.022328 -0.054954 0.022143 0.11917 0.028805 -0.48444 -0.78885 -1.3953 2.277 -0.83088 -0.9226 -1.244 -1.8575 0.019646 -0.78636 0.10961 -0.16458 0.92878 0.01632 -1.9283 0.97503 -0.59124 -1.9321 -1.4231 -2.5137 0.23866 -0.16315 -0.055603 0.83775 2.3282 0.31327 -0.17685 0.61853 1.7246
0.21819 1.6087 1.1798 1.1583 -0.55317 -1.0847 -1.117 0.8659 -0.21731 -0.61432 0.49973 -2.2306 -1.0642 1.4715 -1.6696 -1.1138 -2.2889 -1.95 -0.3571 -0.7046 0.20985 1.1458 0.74653 -0.25226 -0.41712 1.6759 -1.469 -1.5208 -0.94447 -2.1514 1.5965 -0.20345 0.49712 1.1324 1.6211 -0.073819 0.30637 2.1596 1.3414
-0.31958 0.97371 0.71537 0.7332 -0.5441 0.14001 -0.54392 0.69215 -1.083 0.69029 0.91664 -1.922 -0.9103 0.75678 -2.09 -1.6555 -3.0693 -0.65257 -0.37 -0.062172 0.96218 0.99883 0.46006 0.42288 0.90473 1.96 -1.7878 -0.46528 -0.94169 -1.1181 2.484 -0.20878 1.068 0.89903 0.55267 -0.262 0.80113 2.5984 0.52146
-0.43345 -0.31394 0.45318 -0.58181 -1.2693 0.37386 -0.55488 0.81726 -0.23072 1.4916 0.63309 -1.0507 -0.31983 0.22184 -1.8772 -1.8981 -3.2476 0.97281 -0.25435 0.1817 1.4098 0.71878 0.3284 1.1075 2.0461 1.9905 -0.8888 0.6475 -0.40598 0.10838 2.2545 -0.54633 0.94102 0.52251 0.037352 -0.24279 0.44913 1.2517 -0.22126
-0.32995 -0.39319 0.1832 -1.3399 -0.38388 -0.028497 -1.0875 0.88496 0.4428 0.088721 -0.11406 0.98665 0.23663 -0.25816 -1.5526 -2.2047 -2.9343 1.2847 -0.46351 0.78321 1.2331 1.1221 0.64933 0.987 2.46 1.7331 -0.0097128 1.4255 0.58762 1.3609 0.88577 -0.7445 0.3118 -0.36497 -0.18102 0.061511 -0.48047 -0.28925 -0.78833
-0.44625 -0.39149 -0.42781 -1.8543 0.16922 -0.64536 -0.29486 1.9054 0.60224 0.48789 1.3342 1.1607 0.30298 0.40516 -0.78218 -1.5647 -2.1558 1.2568 -1.3995 0.64421 1.0775 1.1615 0.20172 0.41395 1.5107 1.398 0.51679 1.4702 1.4543 2.0743 -0.94471 -0.50523 -0.53005 -1.2928 -0.5357 0.3454 -1.0404 -1.5782 -1.1624
-0.25661 -0.1172 -0.66173 -1.9398 0.6889 -0.73634 -0.022929 2.014 0.25613 0.18166 1.8488 0.36921 0.4966 0.64242 -0.096059 -0.78805 -0.99393 0.82703 -1.2725 0.28299 0.43358 0.43283 0.68075 -0.13679 0.54335 0.86725 0.49144 1.3305 2.3926 2.3431 -2.0424 0.23261 -1.6889 -2.2169 -0.86035 0.20205 -1.0528 -1.7027 -1.349
-0.23717 -0.38227 -1.0493 -2.0016 0.41026 -1.027 0.065844 2.0289 0.46862 1.3768 1.9183 0.78282 0.56379 0.67785 0.015582 -0.037366 -0.21783 -0.59214 -0.85896 -0.59068 -0.66023 0.033338 1.0368 -0.35416 -0.41407 0.37627 -0.3512 1.0817 2.7625 2.1796 -2.5486 0.99952 -2.0243 -2.9464 -0.59742 -0.083327 -0.54271 -1.2187 -1.5609
0.19556 -0.45329 -0.43988 -2.0594 0.19355 -1.2972 0.022768 1.6137 0.43412 1.1742 0.38492 0.29936 0.65068 0.46707 0.4209 1.2622 0.61611 -1.6327 -0.30601 -1.8228 -2.1357 0.028717 0.66972 -0.67725 -0.26544 -0.13138 -0.67091 0.82488 2.5213 1.6577 -1.8268 1.2119 -1.4096 -2.4081 -0.086621 -0.74836 -0.020172 -0.75503 -1.3446
0.20614 -0.44313 -0.14646 -1.8622 -0.2887 -1.024 -0.8113 1.1488 0.54051 1.8508 -0.15886 0.69241 0.70386 -0.1324 0.88865 2.2958 1.2424 -2.2997 0.038519 -2.1634 -3.2711 0.21415 0.075425 -0.34644 -0.72531 -0.85098 -0.57099 0.37796 1.233 0.86974 -0.30394 0.88639 -0.18538 -0.79024 -0.015684 -0.82964 0.38758 -0.32539 -0.65254
0.20216 -0.21533 -0.12486 -1.6812 -1.0071 -1.1909 -1.9234 0.26298 0.4875 0.92776 0.6137 0.42341 0.51829 -0.14182 0.93935 2.504 1.4706 -1.7589 0.61352 -1.6236 -2.8646 0.18019 -0.29806 -0.12872 -0.93804 -0.88682 0.16216 -0.43035 -0.57485 -0.18033 1.1393 0.32641 1.1154 1.4869 -0.29877 -0.4516 0.33738 -0.16011 0.34016
-0.12787 0.44298 0.90209 -0.93092 -1.4228 -0.91668 -2.3952 -0.7513 0.4793 1.19 1.3646 0.57542 0.029036 -0.030752 0.43243 1.5188 1.0269 -1.1273 0.38218 -1.0581 -1.8042 -0.067542 -0.10106 0.19704 -0.78504 -0.39612 0.84706 -1.1063 -2.016 -1.1162 2.0525 -0.15178 1.6127 3.2071 -0.40461 -0.0018666 -0.13259 0.1515 1.2762
-0.54304 0.82995 1.5397 -0.48924 -1.8381 -0.77791 -2.0828 -1.9985 0.59192 0.57862 1.4035 -1.1015 -0.4681 0.69681 -0.11433 0.62615 0.36653 -0.12431 0.13259 -0.27272 -0.021023 -0.40265 -0.10907 -0.22367 -0.58518 0.23762 0.99206 -1.2515 -2.5695 -1.6735 1.9769 -0.58353 1.1398 3.5235 -0.34309 0.015126 -0.34527 0.069312 1.5111
0.13975 0.13324 1.215 -0.65001 -1.0387 -0.27213 -1.2589 -0.45851 0.6886 1.4508 0.48502 -0.26908 0.11185 0.93732 -0.55161 -0.34203 -0.3714 0.68153 -0.041794 0.20827 1.4462 -0.27118 0.011753 -0.51132 -0.57703 0.8301 0.5596 -0.74993 -1.8661 -1.5384 1.2732 -0.63973 0.090475 2.5278 -0.22495 -0.24336 -0.15049 -0.14898 0.99714
0.4436 -0.41679 0.48816 -1.3695 -1.0808 -1.2295 -1.7372 -0.036178 0.19731 1.4008 0.18182 -0.24733 0.73734 1.119 -0.79424 -1.1227 -1.0732 0.9942 -0.33605 -0.10775 2.2547 -0.37585 -0.28972 -0.41124 -0.89519 1.1567 -0.57008 0.43802 -0.20633 -0.7264 0.089649 -0.61925 -1.2486 0.58909 0.094692 -0.24845 0.56233 -0.49987 -0.29776
1.1048 -0.4041 0.33315 -1.4789 -0.62415 -0.97071 -1.8354 1.2287 0.0089546 1.2764 -0.038568 0.1546 0.90843 0.73997 -0.56005 -0.91822 -1.2351 0.65801 -0.6545 -0.98457 1.8976 -0.51049 -0.46203 0.042745 -0.95556 0.89665 -1.3671 1.6469 1.3926 0.64183 -0.58568 -0.11083 -1.2342 -1.05 -0.30291 -0.28175 0.75923 -0.47085 -1.846
0.59487 -0.20749 0.081275 -1.6904 -0.60652 -1.0863 -1.9591 1.1085 0.4939 0.66132 0.84584 -0.82971 0.85737 -0.21597 0.67292 0.5423 -0.61423 0.023603 -0.79218 -2.0635 0.88379 -0.094831 -0.33364 0.67343 -1.4808 -0.32158 -2.0858 2.1585 2.0107 2.1743 -0.32318 0.88907 0.34191 -1.8022 -0.58263 -0.37651 0.35915 0.039337 -2.8251
0.63328 -0.08818 0.4221 -1.8083 -0.63705 -1.1074 -2.4727 1.0003 0.16008 0.66613 1.0265 -1.6797 0.73012 -0.81288 1.6506 1.2851 0.63065 0.042914 -0.054775 -1.1736 0.12645 -0.99191 -0.49422 0.51334 -1.3063 -1.6806 -1.9602 1.6938 1.5212 3.0542 0.3353 1.5306 2.5956 -1.3552 -0.85984 -0.18044 -0.63761 0.73966 -2.7565
0.29718 -0.079599 0.77788 -1.8613 -1.1205 -1.4903 -3.1621 0.34125 0.012521 0.48297 0.96217 -2.0294 0.51345 -1.7904 1.9473 1.3301 2.187 0.66763 1.0702 0.62039 -0.30408 -1.2559 -0.99074 0.12221 -0.63784 -2.5272 -1.3583 0.49451 0.10306 2.8385 1.0012 1.7432 3.8728 -0.53064 -1.1035 -0.43586 -1.4307 1.8559 -1.6368
0.046112 0.99796 1.8535 -1.3254 -0.99976 -1.5303 -4.2435 1.0965 0.61319 1.653 1.1753 -1.6608 -0.19688 -1.9372 1.822 1.3754 3.2578 0.9305 1.3697 2.5875 -0.097712 -1.5864 -0.45917 -0.90161 0.22044 -2.8524 -0.38074 -0.62907 -1.091 1.6224 1.1678 1.2279 3.4875 -0.060166 -0.22871 -0.37166 -1.4181 1.8587 -0.076649
-0.078961 1.5312 1.267 -0.24591 -0.61631 -0.82789 -2.0761 0.57147 -1.6709 0.28066 0.53769 -1.4534 -1.1052 -2.0561 1.4709 0.67314 3.5489 1.4168 1.865 3.3958 -0.015823 -1.925 -1.1868 -1.4214 1.7688 -2.6175 0.22544 -1.882 -1.6464 -0.5736 0.76035 -0.34367 2.0394 -0.39001 0.59778 -0.15784 -0.44009 0.88364 1.9497
-1.1813 1.525 1.1606 1.419 0.6639 0.98428 0.11997 0.98463 -0.75961 -0.70253 0.43766 -0.81553 -1.5242 -1.3574 0.77163 -0.3251 3.0762 1.8162 1.9137 4.0466 -0.12929 -1.0942 -1.1037 -1.4921 1.5095 -1.7723 0.52124 -2.3276 -1.255 -2.6102 0.23219 -1.9884 -0.18732 -1.0265 1.5241 -0.06872 0.78385 -0.55487 3.4452
-1.2419 1.4087 1.5919 1.6044 -0.010879 -0.15823 1.2204 0.87179 -0.93697 0.78152 -0.61229 -1.1329 -1.6711 -1.688 -0.87603 -0.74197 1.1605 1.6124 0.10375 3.7484 -1.0309 -0.34166 -0.94908 -0.40842 0.62669 0.361 0.7649 -1.8356 -0.63222 -3.7724 -0.28555 -2.7028 -1.7327 -0.93268 2.0844 0.66706 1.0348 -1.5949 3.5127
-1.2984 1.351 1.1766 1.4848 0.56985 0.63091 0.057697 0.67206 -1.9122 -1.0365 -0.84433 1.2334 -1.5657 -1.207 -1.1464 -0.14608 -0.60112 1.2348 -1.6469 2.0396 -1.5504 0.57233 -0.68067 0.20799 -0.41237 1.7178 0.51208 -0.7816 -0.44577 -3.5558 -0.1267 -1.7367 -2.2327 -0.20204 2.3153 0.57578 0.89638 -1.4624 2.3441
-0.63963 1.0954 0.62369 1.3005 0.84716 0.40087 1.0959 0.29251 -0.34287 -0.016434 -0.63408 -0.83047 -1.2264 -0.78715 -0.8359 -0.54255 -1.9116 1.1436 -1.6431 1.0926 -1.0861 1.275 -0.032001 -0.15469 -0.72471 1.8157 0.52248 0.5165 -0.82598 -2.0543 -0.17719 -0.37715 -1.6595 0.63688 2.3462 0.63301 0.29071 -1.1071 0.25384
-2.3042 -0.20019 1.127 -0.23809 0.90712 -2.0429 1.2832 -0.59113 -0.44277 0.14054 1.5056 -1.421 0.47356 -0.90986 -0.63726 -1.2208 -2.2684 1.783 -0.62007 1.1182 -0.48474 2.577 -0.37813 0.22165 -0.98265 1.6224 0.3069 1.0732 -1.1329 -0.4425 -0.23016 0.73042 -0.70616 0.68601 1.0247 0.43703 -0.0030131 -0.14705 -1.2328
-1.5052 0.76055 1.3953 -0.12891 1.1111 -2.0634 1.3506 -1.1688 -1.1295 -1.3101 0.34713 -2.0456 0.16359 -0.92029 -0.20782 -1.6739 -1.9848 0.97652 -1.1693 1.0415 -0.34185 3.1953 0.19796 0.21696 -1.487 0.85325 0.76485 1.4305 -0.60983 0.9918 -0.36444 1.0985 -0.5974 0.47648 -0.48661 0.15748 -0.16616 0.64893 -2.0039
-1.9558 0.99853 0.47044 -0.34243 1.8158 0.08541 1.868 0.6815 0.98707 0.27885 -1.2903 -0.88854 -0.52129 -0.60451 0.45369 -1.5932 -1.4285 0.85776 -0.48661 0.70818 -0.60662 1.5976 0.1114 0.06833 -0.35259 0.028013 0.81245 1.0876 0.56927 1.2628 -0.75984 0.70419 -1.4153 0.14352 -2.3475 0.21278 0.22494 1.1812 -1.7005
-2.0018 0.63124 -0.094466 -0.84633 2.2271 -0.13061 2.2238 0.43265 1.645 -0.36465 -0.097015 -1.4338 -0.23459 0.40416 1.1691 -1.4428 -0.42365 0.89509 0.40417 0.14723 -0.11009 0.82947 0.07217 -0.35737 0.36138 -0.91475 0.57101 0.37862 1.9835 1.2267 -0.45567 0.86847 -2.1008 -0.13033 -3.5626 -0.57372 0.95058 1.4086 -0.71688
-2.0102 0.89689 -0.73533 -0.67475 1.0603 -1.9033 1.2507 -0.48881 1.557 -0.41949 0.26402 -1.7464 -0.53107 -0.1441 0.61401 -0.33473 -0.61732 0.37489 -0.060714 -1.1384 -0.32256 -0.77169 0.1441 1.0098 0.64615 -0.48743 0.50704 -0.60194 2.3522 0.81856 -1.2197 0.73674 -2.2545 0.36083 -2.5746 -0.54744 0.87376 0.71765 0.30284
-1.6559 1.2139 -0.12136 -0.77498 1.8739 -1.2457 2.2915 -1.4655 0.038662 0.30271 0.54041 -1.584 -0.38141 -0.14853 0.38928 1.203 -0.028544 0.33662 0.28372 -2.041 -0.72972 -2.4997 -0.92923 1.695 1.0587 -0.15234 0.7946 -1.5339 2.0189 0.14914 -1.6353 0.57368 -1.7925 0.96689 -0.8279 -0.53719 0.27976 0.10319 1.3126
-1.5168 1.6045 0.29238 -0.46032 2.2181 -1.1776 1.1908 -0.19758 -0.037276 -0.518 0.095831 -0.67493 -0.62732 0.56093 -0.22529 1.2429 -0.052958 -1.1699 0.98311 -2.4954 0.39702 -1.708 -0.44627 0.83764 0.84862 0.17758 1.931 -1.821 0.55829 -0.12336 -1.8857 0.32857 -0.97954 1.7869 1.3864 -0.35267 -0.66858 -0.41345 1.4959
-2.1437 1.2529 1.0107 -1.1928 1.5974 -0.96682 -0.49451 -0.55587 -1.1743 -0.67617 1.5358 -0.75808 -0.49984 1.4481 -1.1398 1.3371 -0.42644 -1.4149 0.9742 -2.5945 1.3834 -0.29715 -0.67056 0.33906 0.4803 1.06 2.2545 -1.8342 -1.0717 -0.66761 -1.8294 -0.42339 0.10313 1.9681 2.5963 0.47374 -0.8539 -0.76119 1.5433
-2.2635 1.041 1.2871 -0.22235 2.418 0.92448 -0.4013 -0.15095 -0.71146 -1.2635 1.5502 0.57021 -0.55874 2.4592 -1.8612 0.5804 -0.6656 -2.299 0.20867 -2.7379 2.043 0.81142 -0.65478 0.40598 0.037501 1.5363 1.9498 -1.118 -1.7347 -0.62784 -0.76318 -1.1116 1.2109 1.2748 2.1973 0.53493 -0.64191 -0.44581 1.162
-0.74436 0.12723 0.13843 -1.0928 -0.71328 -0.28448 -0.76777 0.69192 0.75621 -0.31001 0.65014 -1.4386 0.10538 2.8747 -2.056 -0.37017 -1.0212 -2.5434 -0.17877 -1.7396 2.216 1.2632 0.15536 0.25931 -0.18612 1.8816 0.98978 -0.055602 -1.6785 -0.4274 -0.055636 -0.95741 1.7132 0.48325 1.0367 0.62276 -0.70119 0.01127 0.34011
0.012244 -0.20435 0.86592 -1.311 0.15254 -1.4371 -1.4013 0.75542 0.82185 -1.0374 0.51631 -1.235 0.81696 3.2824 -1.7552 -0.982 -0.97771 -2.0607 -0.63034 -0.63873 2.423 1.7633 0.24326 -0.35104 0.21397 1.8092 -0.52463 0.82617 -0.69156 0.14989 1.1926 0.3476 1.797 -0.42159 0.012161 0.088503 -0.80188 0.753 -0.51092
0.89816 -0.49538 0.70799 -1.4484 -0.12687 -0.91631 -1.4019 1.4587 0.16691 -0.71696 1.5167 -0.91204 0.91223 2.7775 -1.2888 -0.86078 -1.1052 -1.669 -0.49593 -0.40588 2.1214 1.2355 0.15826 -0.62925 0.41332 1.5199 -1.6066 1.104 0.12353 0.7105 1.2633 1.4151 1.3579 -1.1784 -0.30834 -0.25978 -0.99011 0.99042 -1.1543
0.41808 -0.44991 0.066872 -1.7862 -0.46262 -0.76082 -1.3622 2.4678 0.64612 -0.21891 1.0832 -0.37937 0.98404 1.5766 -0.77059 -0.40556 -0.34278 -0.54214 1.0189 -0.0074546 1.2872 0.85391 -0.44499 -0.69746 1.3641 0.8162 -2.2108 0.9522 0.72445 1.0082 0.77687 1.6558 0.99801 -1.9912 -0.11397 -0.22422 -1.0196 0.53657 -1.208
0.91116 -0.6482 0.10847 -1.8111 -0.39926 -0.80927 -0.90478 2.1541 1.0296 -0.717 0.80967 0.15051 1.098 0.8873 -0.57936 -0.44617 0.025545 -0.97664 1.727 0.50808 0.53298 1.1272 0.015393 -1.4908 1.3789 0.34513 -1.7215 0.63585 0.91521 1.176 0.28735 1.1154 0.914 -2.3337 0.17149 0.10971 -0.83962 -0.085984 -0.90884
1.0594 -0.63746 0.23737 -1.5982 -0.60692 0.12229 -1.1138 2.4308 1.2079 -0.91203 -0.12211 0.10508 1.1558 0.32092 -0.41123 0.087133 0.39655 -0.98848 1.4575 0.78403 -0.58867 1.6024 -0.098391 -1.9023 0.88915 0.26924 -1.03 0.34789 0.69523 0.74758 -0.19089 0.18468 0.53219 -2.014 -0.022022 0.65977 -0.41399 -0.77007 -0.46597
1.1452 -0.89313 0.13415 -1.396 -1.1204 0.53115 -1.1092 1.855 1.6258 -1.2254 -0.21958 0.23673 1.1225 0.36222 -0.3332 0.50714 0.78897 -0.94078 1.4317 0.91856 -1.4019 1.1978 0.23853 -1.6498 0.46159 0.19235 -0.64464 0.22382 0.41096 0.36001 0.2478 -0.19004 0.11154 -1.3819 -0.50804 0.71818 0.49625 -0.81322 -0.23094
1.0951 -0.89825 0.50488 -1.3489 -0.91872 0.51147 -0.61945 1.5546 1.5266 -0.395 -1.2473 0.79237 1.17 0.0162 -0.27113 0.34248 0.71142 -0.94737 1.501 0.78231 -1.5949 0.7812 0.79517 -1.3917 0.15323 0.070731 -0.42042 0.20689 -0.069823 -0.10753 0.66592 -0.21562 -0.078291 -0.47503 -0.73063 0.71553 0.89564 -0.62689 -0.18787
0.90107 -0.83885 0.55586 -1.1385 -1.3853 0.49536 -0.21046 1.046 2.0286 -0.58121 -0.83906 0.18018 1.209 -0.10335 -0.24781 0.14741 0.55502 -0.56595 1.31 0.70501 -1.6043 0.56116 1.037 -0.70379 -0.016058 0.036041 -0.38866 0.20763 -0.41895 -0.40468 0.81012 -0.36531 -0.27672 0.22426 -0.34686 0.067202 0.99844 -0.44755 -0.13523
1.0129 -0.82178 0.48564 -0.85851 -1.4188 0.89832 -0.099014 0.80253 1.8548 0.028839 -1.1247 0.35498 1.211 -0.19367 -0.082471 0.1368 0.2969 0.035499 1.0733 0.72633 -1.3928 0.51397 0.96544 -0.53621 -0.23173 0.014819 -0.1037 0.17894 -0.27575 -0.48477 0.88567 -0.70853 -0.30844 0.59822 -0.051384 -0.58023 0.87389 -0.14112 -0.085599
1.056 -1.0195 0.35072 -1.073 -1.499 1.4729 -0.26589 0.43943 1.7588 0.044905 -1.4146 0.32326 1.1433 -0.22419 -0.05478 -0.13851 0.20534 0.048237 0.90896 0.4052 -1.0704 0.66629 0.32211 -0.033332 -0.31756 -0.019656 -0.021167 0.1476 -0.078144 -0.50487 0.51698 -1.1987 -0.38597 0.75803 -0.010246 -1.0073 0.64167 0.059993 -0.054218
0.98263 -1.0135 0.34224 -0.94663 -1.2346 1.7978 -0.39101 0.53708 1.9421 0.1786 -0.91158 0.14987 1.1836 -0.11192 -0.045981 -0.0094514 -0.059415 0.36694 0.29654 0.33062 -0.71383 0.6345 0.028751 0.068805 -0.0045364 -0.054063 -0.021417 0.17716 0.016544 -0.29277 -0.019088 -1.53 -0.47323 0.86649 -0.2621 -0.98937 0.55253 0.26094 -0.0017565
0.8567 -0.89823 0.53719 -1.1289 -0.84244 1.3398 0.25859 0.056952 2.2933 0.12182 -1.4183 0.11053 1.1567 -0.18714 -0.00018827 0.0756 -0.25134 0.20181 -0.66122 0.15401 -0.49001 0.48626 -0.47109 0.32614 -0.0029733 -0.026949 0.01593 0.22258 0.13788 -0.11096 -0.41452 -1.4717 -0.54108 0.96369 -0.67377 -0.71938 0.36602 0.34421 0.031482
0.77282 -0.88789 0.36019 -0.93669 -1.2898 1.3351 0.016612 0.24832 2.4265 -0.23883 -0.9631 0.21587 1.1802 -0.25555 0.20873 0.052503 -0.049386 -0.10803 -1.1464 -0.062662 -0.02173 0.10264 -0.57861 0.43863 0.17249 0.013335 0.074541 0.2467 -0.017184 0.091349 -0.65888 -0.76589 -0.92911 1.2123 -0.97129 -0.64638 0.52312 0.2391 0.029327
0.94981 -0.91275 0.57452 -1.1638 -1.0676 0.79588 0.23806 0.17932 2.5224 -0.32979 -0.74579 0.32527 1.1362 -0.12983 0.21724 0.068146 -0.022938 -0.51883 -1.2606 -0.4416 0.43077 -0.3647 -0.77585 0.56421 0.33565 -6.7903e-06 0.16804 0.24967 -0.015698 0.04987 -0.28196 -0.029983 -1.1084 1.2773 -1.0955 -0.45544 0.59899 0.032272 -0.029987
0.85249 -0.93131 0.46083 -1.2492 -1.3609 0.26986 -0.22803 0.14204 1.9932 -0.46531 -0.7724 0.31645 1.1714 -0.014613 0.28764 -0.042697 -0.0059089 -0.53323 -0.92044 -1.152 1.1485 -0.81191 -1.0748 1.0457 0.34043 -0.017977 0.14196 0.27075 0.11459 -0.16426 0.40549 0.26148 -0.90665 0.9802 -0.89276 -0.27209 0.85579 -0.40902 -0.068914
0.69833 -0.69617 0.35342 -0.93737 -1.5671 0.53633 -0.46358 0.63875 1.8254 -0.46955 -0.69648 0.50254 1.1772 -0.016673 0.40798 0.088858 -0.18553 -0.14281 -0.85782 -1.4223 1.3721 -1.1684 -1.0977 1.2699 -0.020245 -0.066091 0.0391 0.2745 0.16288 -0.44782 1.1722 -0.059056 -0.42715 0.46807 -0.81255 0.22309 0.82711 -0.92462 -0.12408
0.85452 -0.74542 0.54991 -0.99933 -1.6903 0.33958 -0.69114 1.0377 1.8058 -0.8333 -0.13761 0.56756 1.1704 -0.067198 0.59852 0.23854 -0.29437 0.42942 -0.86386 -1.3101 1.3864 -1.2156 -0.92633 1.8454 -0.5378 -0.076911 0.067461 0.17472 0.088097 -0.59844 1.5501 -0.53098 0.31414 -0.27243 -0.74613 1.0184 0.40305 -1.0862 -0.16009
0.86792 -0.55249 0.42953 -1.1606 -1.3972 0.37381 -1.3372 1.6207 1.6101 -1.504 0.42119 0.53981 1.1183 -0.040106 0.55364 0.20943 -0.75298 1.1559 -1.4291 -1.1896 1.2108 -1.728 -0.37013 1.8668 -1.2292 -0.19089 -0.031929 0.078686 -0.38259 -0.42894 1.3923 -0.7565 0.87368 -0.91284 -0.85026 1.4009 -0.33925 -0.7358 -0.16631
0.80521 -0.46412 0.5783 -1.3494 -1.2499 -0.0064525 -1.6276 1.6649 1.1807 -1.4472 0.96008 -0.063179 1.0842 0.11057 0.52897 0.04649 -0.88754 1.6785 -1.694 -0.68749 0.71145 -1.9689 0.62912 1.6036 -1.4088 -0.23928 -0.28561 -0.0083513 -0.6963 -0.012112 0.7206 -0.63689 1.3949 -1.3862 -0.72286 1.1669 -1.3116 0.13357 -0.14913
0.8204 -0.20896 0.8564 -1.5494 -0.4639 -0.57667 -1.1593 1.5406 1.1415 -1.1076 1.9394 -0.5987 1.0884 -0.16746 0.5859 -0.49921 -0.72673 1.7993 -1.9411 -0.089983 -0.033352 -2.4298 0.9558 0.76613 -1.1801 -0.27956 -0.62902 -0.10525 -0.80915 0.50687 -0.33528 -0.059229 1.5717 -1.8347 -0.053269 0.070445 -1.9073 1.1913 -0.096318
0.72758 -0.36617 0.45602 -2.0919 -0.20876 -1.5351 -1.8298 1.6955 -0.18074 -0.52012 1.3653 -1.3898 0.95124 -0.51304 0.57054 -0.6468 -0.33973 1.4212 -1.8733 0.77355 -0.63996 -2.2565 0.77479 -0.16898 -0.27644 -0.297 -0.80831 -0.25945 -0.57703 0.86195 -1.079 0.7693 1.3519 -1.9506 0.70618 -1.3321 -2.0495 2.0832 -0.066974
0.986 -0.12348 0.35851 -1.6935 0.1037 -1.052 -1.1248 1.6236 0.070824 0.46728 1.462 -0.84956 0.9477 -0.84374 0.34845 -0.88343 -0.056157 0.6279 -1.48 1.0491 -1.62 -1.6819 -0.26778 -1.0003 0.77947 -0.33353 -0.61636 -0.40807 0.066772 0.89746 -1.0689 1.4688 0.8993 -1.7175 1.4794 -2.1346 -1.3026 2.4326 -0.029669
0.5328 -0.023286 -0.13182 -1.7159 0.14767 -1.8149 -0.91655 0.97981 -0.70845 -0.53714 0.80829 -0.60913 0.87834 -0.98308 0.18869 -0.78983 0.4341 0.21984 -0.45166 1.2948 -2.2236 -0.97294 -1.3841 -1.5501 2.1163 -0.33217 -0.50068 -0.54008 0.37118 0.58137 -0.65262 1.5645 0.027107 -1.286 1.4673 -1.9447 -0.27682 1.9157 -0.016656
0.15857 0.13874 0.067927 -1.4781 -0.009092 -1.7506 -0.22549 0.82916 -0.48248 -1.0718 0.34421 0.38448 0.82436 -1.0255 0.053156 -0.31599 0.6119 0.37432 0.18308 1.3416 -2.5239 -0.20744 -2.1918 -1.09 2.8844 -0.31622 -0.19732 -0.54778 0.59103 0.33755 -0.077918 1.4805 -0.70671 -0.5961 1.0372 -0.65027 0.40467 0.84761 0.042756
-0.06687 -0.18967 -0.071666 -1.6123 -0.58238 -1.8876 -0.39928 -0.7408 -0.32319 -1.9491 -0.0058684 0.68756 0.74791 -1.3111 -0.24055 -0.27972 0.44094 0.29915 0.3165 0.663 -2.6448 -0.15304 -2.1111 -0.62425 2.8134 -0.33701 0.33186 -0.50102 0.60186 0.26626 0.23865 1.0907 -1.1573 -0.08444 0.5256 0.86224 0.44897 -0.41203 0.11165
0.01906 -0.07625 0.080074 -1.1323 0.18211 -0.95311 0.23994 -0.85791 -0.17371 -2.3181 -0.23075 2.1445 0.73068 -1.0334 -0.40938 -0.098339 0.58392 0.41174 0.99382 0.0069906 -2.5463 -0.082295 -1.1679 -0.60364 2.262 -0.25793 0.88656 -0.30253 0.49073 0.48264 0.01186 0.89787 -1.1493 0.53436 0.20017 1.9118 -0.076333 -1.2823 0.17654
-0.10434 -0.24429 0.13871 -1.366 0.61808 -1.2405 -0.16451 -0.9458 -0.47985 -2.4552 0.3475 2.3722 0.63056 -0.39913 -0.46922 0.16068 0.95383 0.6153 1.2418 -0.2518 -2.3704 -0.014596 -0.14009 -0.8453 1.5327 -0.16691 1.3671 -0.052257 0.40481 0.66209 -0.70189 0.65734 -0.83209 0.84128 0.39659 1.8948 -0.27727 -1.919 0.15695
-0.68766 -0.32641 -0.25198 -1.2208 0.22761 -1.1163 -0.4079 -1.6335 -0.4286 -1.9427 0.59517 2.614 0.60198 0.077191 -0.36823 0.32633 1.2793 0.20725 1.4437 -0.39953 -1.6353 0.11535 0.67399 -1.0796 0.74681 -0.092706 1.4299 0.30201 0.26779 0.53927 -1.2739 0.19884 -0.41485 1.1891 0.4452 1.2341 -0.11162 -2.1176 -0.10447
-0.57994 -0.41571 -0.1307 -0.88621 0.29244 -0.60924 -0.82805 -2.2226 -0.81973 -2.0396 -0.79591 2.1956 0.65023 0.5401 -0.35117 0.21831 1.3639 -0.93935 1.3464 -0.7299 -1.4873 0.51973 0.78529 -0.88729 -0.58476 -0.14552 0.65303 1.0785 0.46493 0.071374 -1.1059 -0.38795 -0.07273 1.7231 0.28129 0.94904 0.11818 -2.2573 -0.78798
0.087301 -0.45383 0.48158 -0.17126 0.4595 -0.24285 -0.20253 -2.4963 -0.082563 -1.3697 -1.2694 2.5079 0.66267 1.0144 0.072425 0.34054 1.4122 -1.219 1.3035 -0.55767 -0.70953 0.51608 0.86777 -0.75317 -1.2649 -0.45446 -0.43632 1.7386 0.75957 -0.51401 -0.28541 -0.99699 0.22692 2.0405 -0.070612 0.99525 0.46595 -1.7681 -1.3916
0.17862 -0.52871 0.2735 -0.054824 -0.32196 0.10944 -0.66106 -2.3711 -0.072694 -1.3541 -1.3265 2.1003 0.63584 0.27898 1.234 0.9704 1.0165 -0.7662 0.53122 -0.32665 0.46674 0.33381 1.6922 -0.72056 -2.3492 -1.3744 -1.5239 1.904 0.93756 -0.997 0.43652 -1.3046 0.65967 2.1233 -0.77868 0.6351 0.85651 -0.66814 -1.5641
0.4639 -0.46187 0.099561 0.15688 -0.98347 0.35586 -0.94434 -2.4817 0.30355 -1.6587 -0.453 1.0955 0.47148 -0.56768 1.9383 1.2889 0.45088 -0.44298 -0.11543 -0.18595 1.295 0.077017 2.242 -0.18114 -2.2003 -1.9287 -1.8151 1.1029 0.65576 -1.0142 1.0699 -1.0801 0.95622 1.5545 -0.96385 0.081033 0.96187 0.42188 -0.89464
0.54486 0.015693 0.31492 0.040033 -0.58516 -0.041273 -0.96067 -1.6862 -0.35893 -1.1266 -0.43369 0.68882 -0.0078983 -1.3633 2.1095 1.398 -0.090996 -0.544 -0.50986 0.32136 1.5761 -0.7604 1.4006 0.58778 -1.5661 -2.1624 -1.0969 -0.70676 -0.50525 -0.88225 1.2018 -0.63607 1.1714 0.58064 -0.84834 -0.71707 1.1274 1.5394 0.64101
-1.0996 1.5765 1.11 -0.071411 -0.11146 -0.71068 -0.70258 -1.0733 -0.30671 0.91075 -1.5016 -0.96829 -1.0993 -1.3726 1.6017 1.2816 -0.0029435 0.63502 -0.30451 0.91869 1.7133 -0.79434 1.2099 0.56396 -0.7467 -1.6366 0.15856 -2.2494 -1.8113 -0.35055 1.0206 -0.32543 1.1454 -0.57448 -0.29418 -1.7996 0.9972 1.4974 2.1467
-0.83614 1.4836 1.4671 -0.14501 -0.065944 -0.46602 -0.7403 -0.8728 -0.44005 0.80979 -1.3035 0.24602 -1.052 -1.2596 0.1467 0.072758 -0.4704 0.9061 -0.63812 1.33 1.3719 -0.86479 0.81127 1.2085 0.25204 -0.39477 1.71 -3.2175 -2.956 0.25677 0.46224 -0.13233 0.57493 -1.1067 0.51898 -2.2766 0.99798 1.1245 3.1016
-0.94557 1.2626 1.5504 -0.18897 -1.0094 -0.45622 0.45138 -0.89353 -0.87875 -0.87572 0.43681 1.0576 -1.1542 -0.34535 -1.083 -1.2628 -0.045706 0.70514 -0.71025 1.4694 0.30152 -0.43414 -1.0216 1.5503 0.12783 0.96232 2.4505 -2.8051 -3.2874 0.64762 -0.43534 0.22168 -0.52584 -1.0164 1.0121 -2.279 0.37249 0.37146 2.5038
-0.66722 0.67104 0.94127 0.24491 0.62451 0.22183 0.22612 -0.36405 -0.55787 -0.10317 -0.31163 0.65967 -0.5559 1.1348 -2.2747 -2.5714 0.41777 0.25229 -0.5899 1.1222 0.16822 0.067627 -1.9942 2.138 0.42694 1.9931 2.7506 -1.0755 -2.2061 1 -0.54476 0.77901 -1.7886 -0.34897 0.99158 -1.4647 -1.4205 0.14999 0.87942
-0.83971 -0.53066 -0.33886 -0.78994 0.096743 -1.0954 0.60383 -0.74721 -0.78961 -0.10998 1.5935 0.97253 0.22048 1.7485 -2.1797 -3.2248 0.7957 0.11853 0.077866 0.0081103 0.37407 0.70046 -1.9027 0.89458 -0.033453 1.5726 1.8389 0.81792 -0.53858 0.82083 -0.20408 0.91141 -2.1721 0.12589 0.43832 0.099109 -2.629 0.39597 -1.103
-0.24539 -0.22158 -0.50961 0.31817 0.27363 -1.3393 0.85239 -1.4704 -0.70484 -2.106 0.71839 -0.47703 0.48581 2.5413 -1.2171 -2.8596 1.0326 0.15184 0.45963 -1.3522 0.67152 0.48935 -1.6378 -1.2457 0.65412 0.8453 0.41161 2.1508 1.0523 0.52605 0.40824 1.2011 -1.8102 0.10562 0.23134 1.0894 -3.3859 0.25361 -2.2666
0.33854 -0.71101 -0.95752 0.59882 -0.28915 -1.0168 0.48796 -0.37909 -0.040535 -1.2752 1.6384 0.45083 0.60706 2.1905 -0.15219 -2.079 1.2243 0.34347 0.51462 -1.4347 0.29421 0.20725 -0.96736 -1.9511 0.86797 -0.40647 -0.83725 1.7949 1.6974 -0.20644 0.60486 1.119 -0.66779 -0.090849 0.3599 1.7428 -2.1743 0.052975 -1.7831
1.0411 -0.75715 -1.4157 0.77687 -0.25108 0.5687 -0.92601 -0.10371 0.21185 -1.9512 -0.38285 0.9487 -0.057068 1.6344 0.5447 -1.2873 1.2112 0.87043 1.5054 -1.6103 0.41372 0.76648 -0.25236 -3.1426 0.52188 -1.0072 -1.8096 0.63537 1.331 -0.90778 0.58932 0.48549 0.60114 -0.63027 0.8349 1.7978 -0.52093 -0.9155 -0.43876
1.6973 0.12449 -1.1386 0.89927 -0.05936 0.137 -1.4488 0.12954 -0.82759 -2.4298 -2.3001 2.4358 -0.26412 0.71905 0.13863 -1.0114 0.29862 0.8567 1.7088 -1.147 0.33267 1.2626 0.91854 -2.443 0.14416 -0.64033 -1.7157 -0.50175 0.7593 -1.3352 0.48957 -0.52925 1.4677 -0.54855 1.2503 1.8499 1.0452 -1.4563 1.252
0.8117 0.14725 -1.4675 1.2231 1.484 -0.28284 -0.68654 -0.81551 -0.48878 -0.46597 -1.7114 1.0655 -0.70526 0.078454 -0.22808 -1.0428 -0.26767 0.96368 0.78272 -0.37016 -0.55001 1.5803 1.0429 -1.987 -0.96824 0.18823 -0.95825 -1.0881 0.25835 -1.3806 0.32326 -1.407 1.7699 -0.21369 1.2019 1.9204 2.3042 -1.4623 1.9702
0.68956 -0.087168 -1.6439 0.73985 0.73673 0.61149 -0.9541 -0.53328 0.59918 -1.2719 -2.5278 0.39531 -0.31071 -0.064259 -0.65628 -0.86311 -0.62541 1.1792 -0.17987 0.71695 -0.26988 2.2218 2.1127 -0.39131 -1.5416 1.1965 0.3548 -0.60336 0.13389 -0.92386 -0.081428 -1.4608 1.1487 0.54901 0.65827 1.4247 2.2714 -0.68267 1.6019
0.78242 -0.68977 -1.6067 0.63569 0.51029 1.0331 -0.55736 -0.46722 1.1898 -0.75704 -1.5351 -0.17794 0.28577 0.32973 -0.99241 -0.91043 -1.0036 1.2812 -0.31535 0.80358 0.30967 2.6147 3.0191 0.48101 -1.8028 1.5386 1.057 0.17016 0.069292 -0.50601 -0.66148 -1.2065 0.19936 0.81885 -0.26982 0.80595 2.0966 0.065516 0.46699
0.98146 -1.0852 -2.2829 0.26829 0.6283 -0.033011 -0.6412 -0.96217 1.4429 -0.36683 -1.9613 -0.20763 0.69314 1.2139 -0.55064 -0.84702 -1.1277 0.51487 -0.6121 0.43203 0.95667 2.0227 2.8094 0.90716 -0.91898 1.5007 0.96421 0.97142 0.037155 -0.14342 -1.227 -0.93182 -0.44245 0.25655 -1.202 -0.51374 0.95464 0.46232 -0.72648
1.4285 -0.82937 -1.9462 0.25976 1.6911 -0.095381 -0.024854 0.0041536 1.8063 0.96201 -1.507 -0.19642 0.88842 1.2989 0.02513 -0.93468 -1.0033 0.030488 -1.376 0.13517 0.40679 1.1636 2.3381 1.5992 -1.1409 0.8557 0.20603 1.3241 0.086073 0.11785 -1.5419 -0.62554 -0.41578 -0.4235 -1.5994 -1.8365 -0.039837 0.79385 -1.3212
1.7355 -0.64437 -2.0204 -0.12812 2.0974 -0.36388 -0.33621 0.34461 1.6759 2.2882 -1.4944 -0.40527 0.8008 1.1469 0.56785 -0.79173 -0.91155 -0.51599 -1.4894 0.19503 0.17588 0.62961 1.4621 1.0065 -0.8752 0.25778 -0.74882 0.95105 0.01678 0.14607 -1.375 -0.066161 -0.17369 -0.86623 -1.3228 -2.7105 -0.65285 0.92943 -1.2951
1.8961 -0.40549 -2.4179 -0.12719 1.0706 -0.3991 -0.37021 0.31367 1.9276 2.1474 -0.31629 -0.37843 0.75411 0.7212 0.80932 -0.79219 -0.89271 -1.1114 -1.1201 0.11662 -0.10665 0.22543 0.06089 0.40404 -0.10997 -0.16651 -1.0779 0.35498 0.058592 0.16447 -0.87171 0.55622 0.053093 -0.66038 -0.90269 -2.9622 -1.2006 1.326 -0.75452
1.8323 -0.37534 -2.6424 -0.44565 -0.10602 -0.8868 -0.87583 -0.68282 1.9542 0.54103 0.16052 -1.8659 0.70935 0.17591 0.75389 -0.89509 -0.90947 -1.5109 -0.8941 0.095644 -0.44034 -0.059337 -1.4288 0.25433 0.57369 -0.2688 -0.97132 -0.080138 0.27339 0.31888 0.36033 0.80935 0.3409 -0.18559 -0.5985 -2.0671 -0.979 1.318 -0.24491
1.9465 -0.29547 -2.4377 -0.41748 0.24925 -1.0708 0.14008 -0.39718 1.8535 1.1563 -1.0288 -0.90149 0.73023 -0.12305 0.56727 -0.78578 -0.69529 -1.1297 -0.61566 0.26993 -0.54501 -0.23126 -2.0956 -0.36812 1.0009 -0.21054 -0.71557 -0.25265 0.60097 0.49185 1.2308 0.84612 0.42241 0.41532 -0.54174 -0.87972 -0.3139 0.90783 0.053094
1.7927 -0.094613 -2.9765 -0.79794 0.30104 -1.2959 -0.30414 -0.53986 1.6979 0.24779 -1.8748 0.50416 0.56003 -0.15039 0.54919 -0.31731 -0.40284 0.13431 -0.19071 0.75008 0.043491 -0.2935 -1.552 -0.50856 1.4183 -0.15315 -0.40023 -0.25255 0.8719 0.61552 1.1797 0.81947 0.36145 0.65611 -0.46187 0.016764 0.62117 0.17049 0.10437
1.668 0.10557 -2.692 -0.85123 0.42469 -0.91731 0.0083323 -0.0032126 1.7265 -0.11139 -0.39712 0.59579 0.624 -0.38381 0.46478 -0.023329 -0.20433 0.33135 0.15071 0.5759 0.44951 -0.69926 -1.5993 0.21137 1.4291 -0.13296 -0.1644 -0.28299 0.99832 0.64762 0.3616 0.52703 0.20895 0.54603 -0.3925 0.5293 1.3617 -0.69686 0.064314
1.7047 -0.070828 -2.9449 -0.78967 0.33676 -1.0313 -0.20158 -0.52846 1.5224 -0.18195 -1.5492 0.29761 0.59773 -0.40547 0.35841 0.26125 0.025743 -0.071397 0.29331 0.61337 0.32114 -0.71275 -1.609 1.2561 0.72539 -0.12601 -0.017777 -0.30436 0.76932 0.5618 -0.59778 -8.1257e-05 -0.034856 -0.056023 -0.10191 0.64254 1.1343 -1.2837 -0.047816
1.8331 0.23364 -2.6165 -0.47884 0.92323 -0.71282 0.77393 0.18249 1.7823 0.04593 -0.49138 0.71943 0.61626 -0.29116 0.16174 0.68638 0.33315 -0.38325 0.14344 0.71936 0.3643 -0.77498 -0.97589 1.5187 -0.16374 -0.113 0.10352 -0.26469 0.60855 0.39431 -1.0192 -0.56946 -0.021809 -0.48749 0.25191 0.73734 0.40679 -1.2348 -0.1608
1.3135 0.090417 -2.5584 -0.76918 -0.0083758 -0.93753 -0.13552 -0.1837 0.91636 -1.6743 0.21554 0.1849 0.55743 -0.23365 0.16173 0.68373 0.4053 -0.65488 -0.21244 0.59637 -0.017583 -0.44741 -0.54636 1.1531 -0.56625 -0.2493 0.076277 -0.3012 0.4759 0.18618 -1.0694 -0.95138 -0.39954 -0.56879 0.59866 0.77694 -0.70081 -0.61469 -0.21034
1.5517 0.17666 -2.3205 -0.50071 0.12753 -0.83654 1.0454 -0.055753 1.1899 -0.73269 0.49072 0.8203 0.53035 -0.29262 0.094781 0.83661 0.35908 -1.3097 -0.73057 0.5272 -0.31027 -0.33993 -0.62397 1.1267 -0.60038 -0.35626 0.067822 -0.3191 0.40048 0.05762 -0.89139 -1.0852 -0.71735 -0.36947 0.95539 0.6819 -1.3331 0.14253 -0.16743
1.5289 0.094324 -2.2661 -0.41487 -0.10567 -1.1185 0.46998 0.1046 0.98912 -0.71508 0.41975 0.031345 0.45254 -0.27572 -0.14145 1.0224 0.36376 -1.6346 -1.1476 -0.065176 -0.42625 0.23183 -0.19929 0.10602 -0.38961 -0.37648 -0.035662 -0.41248 0.35202 0.056203 -0.76807 -0.75211 -1.1957 0.27521 0.61765 0.37497 -1.5 0.50276 -0.0058629
1.5015 0.30453 -2.1604 -0.33796 -0.22105 -1.2173 0.70864 -0.36106 1.5506 -0.52735 0.61184 -0.48609 0.34777 -0.15602 -0.2519 1.2197 0.45645 -1.5877 -1.5275 -0.32811 -0.13472 0.73689 0.24647 -0.56543 0.053246 -0.34601 0.019086 -0.25446 0.35482 0.018649 -0.10819 -0.16749 -1.0795 0.94609 0.12699 0.26654 -1.2767 0.68959 0.10794
1.3798 0.05218 -2.0242 -0.33057 -1.2457 -1.9977 0.73857 -0.84424 1.1007 -1.3029 0.23654 -0.14665 0.23872 -0.37044 -0.39645 1.109 0.4564 -1.9801 -1.3038 -1.2627 0.42467 0.21298 -0.19843 -0.94147 0.19175 -0.26678 0.028537 -0.0026124 0.35402 -0.087456 0.31643 0.49007 -0.43217 1.1058 -0.99492 0.17265 -0.49104 0.56429 0.15168
1.3592 -0.030032 -1.4128 -0.14581 -1.0949 -2.0177 0.2025 -0.082061 1.929 -0.61943 -0.26192 0.52979 0.28424 -0.21715 -0.22784 1.4151 0.33997 -1.37 -1.0038 -0.94018 1.0778 -0.079923 -0.057722 -0.84475 0.59805 -0.22325 -0.11317 0.13684 0.36149 -0.36745 0.81841 1.3561 0.40597 0.62298 -1.499 0.39316 0.27012 0.031944 0.26731
1.2414 -0.19975 -1.3219 -0.18429 -1.6886 -2.7023 -0.29645 -0.091969 1.6081 -1.0277 -0.45442 0.54353 0.23622 -0.20036 -0.15512 1.5451 0.24415 -1.1842 -0.48031 -0.59574 1.0866 -1.2773 0.33204 -0.68187 0.55597 -0.17304 -0.17653 0.11547 0.25497 -0.84095 1.3181 2.0474 1.2451 -0.33657 -1.3637 0.92452 0.392 -0.34251 0.46582
1.189 -0.21362 -1.4503 0.13104 -2.1033 -1.9431 -0.80051 0.82356 1.0099 -0.84117 -0.71742 0.54351 0.26608 -0.44631 -0.12587 1.6353 -0.15638 -0.48973 0.67622 0.093707 0.72966 -1.4097 0.8007 -0.10411 -0.062878 0.075381 -0.4176 -0.074882 -0.02929 -1.1112 1.4642 2.387 1.0682 -1.0005 -0.66835 1.016 0.03469 -0.27059 0.68313
1.433 0.12431 -0.74534 -0.14021 -1.1887 -2.2711 -0.051523 1.1702 1.0568 -0.66881 -0.32746 0.39138 0.1479 -0.57289 -0.2388 1.4439 -0.92942 0.0079609 1.8179 0.56941 -0.041669 -1.7524 1.2526 -0.4775 -0.2221 0.40142 -0.58443 -0.25845 -0.3457 -1.1884 1.3683 1.655 0.50474 -1.1532 0.53208 0.40569 -0.35468 0.13932 0.72917
1.1999 0.046926 -0.56871 -0.09672 -2.076 -1.9575 0.39449 0.11734 -0.20968 -0.18185 -0.35612 0.33672 0.13484 -0.77328 -0.31633 1.4073 -1.2296 0.73485 2.4701 0.49023 -0.26866 -1.1288 1.545 -0.82554 0.3984 0.68938 -0.35473 -0.34827 -0.5571 -0.72366 0.75731 0.43786 -0.33809 -0.61383 1.1857 -0.40882 -0.39563 0.56411 0.55348
0.69577 -0.3261 -0.20603 -0.65177 -1.6686 -0.92809 0.74967 0.034029 0.39629 -0.099467 0.066226 -0.11115 0.48612 -1.0737 -0.5171 1.0404 -1.5246 0.72535 1.8205 0.14887 -0.61695 -0.38432 0.80437 -0.97664 0.62369 0.80082 0.015423 -0.17259 -0.59699 -0.06198 0.27167 -0.88589 -0.98257 0.35902 1.703 -1.2885 0.35638 0.24206 0.20065
0.78534 -0.45147 -0.17731 -1.4491 -1.1371 0.18128 0.29067 0.0074744 0.26501 1.0443 -1.7636 0.54904 0.80194 -0.8274 -0.60389 0.84399 -1.2661 0.53349 1.5024 -0.35394 -0.15354 0.20284 0.2432 -0.59171 0.7318 0.84743 0.6643 0.14403 -0.44617 0.6058 -0.49714 -1.5103 -1.1551 0.96797 1.324 -1.7895 1.3053 -0.66973 -0.22673
0.49361 -0.44709 -0.13442 -1.2015 -0.89187 0.023834 -0.26737 0.32933 0.47348 0.60209 -1.7085 1.5548 0.868 -0.52418 -0.39934 0.66179 -1.0398 0.58443 0.55141 -0.89047 0.59113 0.8781 -0.63438 0.16882 0.13186 0.67337 0.96601 0.39392 -0.20582 1.1537 -1.0915 -1.3006 -0.96033 0.96977 0.8111 -1.6355 1.9316 -1.6356 -0.5311
0.19809 -0.57795 -0.3468 -1.4926 -1.3503 -0.80417 -0.28956 0.24476 0.61545 -0.47522 -1.4892 1.0287 0.8439 0.11856 -0.11571 0.7999 -0.31012 -0.15339 0.13832 -1.1998 0.98266 0.80371 -1.2737 1.2582 -0.80812 0.35215 0.9296 0.3851 -0.14564 1.2459 -1.3949 -0.75616 -0.38063 0.14199 0.34067 -0.69464 1.7329 -2.0379 -0.65034
0.81692 -0.48377 0.4166 -1.3345 -1.0109 -0.56712 0.057891 0.7083 0.82305 -0.18729 -0.27269 0.93867 0.9028 0.15231 -0.056698 0.69136 0.21814 -0.99885 -0.055382 -1.2679 0.67377 0.88789 -1.6678 2.0045 -2.1489 0.11201 0.68379 0.21937 -0.31603 1.2234 -1.1881 -0.18084 0.34052 -0.80736 -0.22608 0.43513 0.82031 -1.2025 -0.62156
0.4609 -0.50877 0.12111 -1.5202 -1.4317 -0.84831 -0.72287 0.75237 0.84332 -0.82058 0.20401 -0.24848 0.91919 0.46905 -0.086423 0.56474 0.50389 -1.3086 0.30806 -0.90393 0.080287 0.86147 -0.59233 2.0001 -2.541 -0.018139 0.24211 0.088229 -1.0069 1.013 -0.58528 -0.28885 0.8945 -1.3451 -0.37742 0.8893 -0.61694 0.43179 -0.62886
1.0046 -0.47664 0.67606 -1.1156 -1.7411 0.20835 -1.0813 1.333 1.226 -1.0525 1.1621 -1.1197 0.958 0.50153 -0.020318 0.21315 0.90861 -1.0858 0.089161 -0.40743 -0.49878 0.41747 -0.071825 1.4867 -1.6071 -0.23709 0.41704 0.11627 -1.2313 0.92089 0.184 -0.59207 1.3137 -1.0667 -0.5745 0.94544 -1.9748 2.2028 -0.66309
0.61273 -0.55136 0.22113 -1.0844 -2.3653 -0.034237 -1.5585 0.49283 1.1578 -0.97104 0.33029 -1.8694 0.89387 0.36559 0.026237 -0.7507 1.2935 -1.2331 -0.52165 0.053079 -1.0009 0.31472 -0.26175 0.33832 -0.14775 -0.58176 0.18183 0.099147 -1.3491 0.56526 0.58479 -1.0806 1.1117 -0.34304 -0.76819 0.33686 -2.6603 2.7928 -0.5617
0.92986 -0.61633 0.2969 -0.60999 -2.3476 -0.17918 -0.8409 0.13003 1.4045 0.099845 1.1624 -1.2968 0.78487 0.93432 0.097035 -0.83797 1.5942 -0.72443 -0.81872 0.73282 -0.8229 0.05619 0.088903 -1.0526 1.4183 -0.77485 0.14943 -0.017174 -0.7208 -0.018838 0.73011 -0.73001 0.63707 0.75317 -0.76946 0.0049738 -2.4106 2.1353 -0.16938
0.90071 -0.50751 0.045466 -0.44237 -2.1251 -1.1725 -0.20578 -0.23036 0.81859 -0.71541 0.91443 -0.40346 0.54886 0.56792 0.034476 -1.3054 1.2447 -0.42929 -1.3676 0.62152 -0.41044 -0.43729 0.034371 -1.9858 1.9868 -0.73954 -0.042368 -0.16375 0.1777 -0.61509 0.61704 0.22621 0.26417 1.3812 -0.80432 -0.013237 -1.4204 0.76374 0.35971
1.1542 -0.38778 -0.57027 0.16238 -2.5871 -1.1962 -0.22851 -0.15506 1.3064 -1.1135 0.062142 0.77467 0.27326 0.65847 -0.052003 -0.79255 0.88778 -0.15656 -0.93468 0.50255 0.65044 -0.68838 -0.17541 -2.1087 1.9432 -0.45824 -0.54913 -0.37319 0.78212 -1.0155 0.17805 1.4388 0.13013 1.093 -0.73042 0.13066 0.11238 -0.83115 0.7527
1.8037 -0.40706 -0.28982 0.34896 -2.2782 -1.0595 -0.22754 0.41064 1.0033 -0.6484 -1.5905 1.0392 0.24729 0.4232 -0.18783 -0.46525 0.44916 -0.39683 -0.04838 0.65418 0.9085 -0.86222 -0.12147 -1.9154 1.2394 -0.10923 -0.76949 -0.445 1.3789 -1.0613 0.20619 2.5824 0.55501 0.065716 -0.49745 0.4935 1.5212 -1.7926 0.89371
1.0733 -0.58418 -0.72667 -0.034111 -2.5216 -1.317 -0.88333 0.70678 0.64941 -0.75351 -1.6317 0.51178 0.37274 0.032205 -0.45336 0.1205 0.020523 -0.43956 1.2983 0.94786 0.61213 -1.1377 0.46222 -0.81139 -0.0097748 0.23224 -1.1397 -0.41051 1.2064 -0.98057 0.64131 2.6884 0.81087 -1.2475 -0.054599 0.41393 2.3789 -1.9466 0.75118
1.3021 -0.6945 -0.21396 -0.091779 -2.5125 -1.0561 -0.47438 1.1732 0.47375 -0.72684 -1.6907 0.61136 0.53284 -0.48225 -0.55427 0.67353 -0.38154 0.065812 2.5197 1.4372 -0.26206 -1.1688 0.73533 0.45285 -0.91901 0.48556 -0.93017 -0.26281 0.77904 -0.62385 1.224 2.1777 0.49278 -1.6207 0.41057 -0.046984 2.5315 -1.4482 0.48218
1.3893 -0.75482 -0.19466 0.058016 -2.8553 -0.31078 0.912 0.68536 0.44117 -0.20895 -0.81823 0.76913 0.58506 -0.90526 -0.5968 0.76802 -0.60069 0.77759 2.9913 1.6353 -1.1475 -0.63544 0.25712 1.5056 -1.1932 0.56394 -0.60419 -0.078272 -0.041697 -0.2578 1.5487 1.0688 -0.31076 -1.1402 0.71192 -0.70072 1.9122 -0.88413 0.21241
0.96984 -0.96558 -0.029526 -0.17538 -2.6888 0.64655 1.0663 0.15951 -0.29412 -0.34231 -0.25361 -0.28696 0.6154 -0.75489 -0.58109 0.5841 -0.45469 1.2472 3.3206 1.2306 -1.3087 -0.31476 -0.078173 2.0292 -1.306 0.57122 -0.10532 0.11949 -0.63092 0.094419 1.4385 -0.39263 -0.96708 -0.27981 0.71614 -0.97013 0.81732 -0.23941 0.075049
0.8195 -0.93572 0.14566 -0.2053 -2.1184 2.0132 1.2515 -0.4692 0.32362 -0.012693 -0.033058 -0.41089 0.73239 -0.90312 -0.57631 0.084829 -0.44994 1.8282 2.954 0.44517 -1.0423 -0.18377 -0.49541 2.2678 -1.7327 0.56109 0.31372 0.35855 -0.86688 0.43334 1.0348 -1.6799 -1.0412 0.43755 0.22974 -0.56309 -0.33006 0.34261 0.031326
0.60449 -1.1348 0.28193 -0.5973 -1.1308 1.7123 1.1778 -0.67092 0.43779 -0.72333 0.30988 -0.61943 0.88085 -0.67471 -0.34871 -0.10875 -0.28328 2.1934 1.7485 0.17975 -0.84645 -0.0054758 -0.79064 1.7546 -1.1705 0.61699 0.37445 0.47024 -0.79954 0.5881 0.58986 -2.7495 -0.52514 0.57064 -0.49519 -0.035382 -1.2716 0.82137 -0.060579
0.49583 -1.255 -0.24396 -0.42995 -1.4905 2.2346 0.42472 -0.19476 0.20208 -0.93266 1.4006 -1.0899 1.0041 -0.39736 -0.071473 -0.4273 0.14222 2.2042 0.48086 0.16746 -0.53802 -0.34093 -0.47627 1.0366 -0.5227 0.59413 0.4686 0.5097 -0.41774 0.70434 0.0070374 -2.7732 0.068208 0.36678 -0.93997 0.88055 -1.9613 1.4393 -0.21208
0.54385 -1.3208 -0.14008 -0.43775 -0.7043 2.3818 0.74568 0.036865 0.094458 -1.0482 1.809 -1.771 1.0613 -0.35263 0.0069049 -0.58233 0.37693 2.1287 -0.8224 0.35628 -0.4657 -1.188 -0.12384 0.15991 -0.13667 0.44608 0.16223 0.30886 -0.14338 0.42952 -0.36912 -2.2096 0.11838 -0.17859 -0.97549 1.1943 -2.1587 1.4132 -0.38441
0.68019 -1.0249 -0.14942 -0.19859 -0.49663 1.7064 1.7963 -0.94481 0.22159 -0.94239 1.3365 -0.53956 1.1831 -0.24289 0.15656 -0.42471 0.57229 1.8425 -1.1862 0.47067 -0.52752 -1.4039 0.96368 -0.79581 0.86194 0.27137 -0.080582 0.032055 0.2078 -0.073797 -0.59121 -1.3327 -0.23742 -0.51401 -0.41064 0.89628 -1.7977 1.3071 -0.43994
0.43692 -0.96679 -0.34936 0.040534 -0.0019413 1.5181 1.2172 -0.78247 -0.66525 -0.50748 0.71935 -0.94948 1.204 -0.47127 0.090299 -0.37051 0.32292 1.6544 -1.7461 0.2372 -1.1899 -1.354 0.90835 -1.5841 1.1922 0.099993 -0.062114 -0.15576 0.50242 -0.46715 -0.67454 -0.16309 -0.6815 -0.29519 0.48366 0.29918 -0.89664 0.86808 -0.37823
0.29714 -1.1084 -0.36501 -0.0038135 0.57292 0.785 1.5204 -1.0279 -0.89634 -0.35442 0.1209 -0.67684 1.1694 -0.48579 -0.05307 -0.17175 0.017772 1.3071 -1.6777 -0.2397 -1.1558 -1.0463 0.83154 -1.626 1.6382 -0.0088941 0.095193 -0.24261 0.64197 -0.68679 -0.8447 0.71275 -0.77154 -0.039097 1.0404 -0.66201 0.05989 0.13587 -0.23937
0.37999 -1.0696 -0.22077 0.021142 0.52251 0.7562 1.2742 -0.84519 -0.88112 0.64577 -0.22693 0.67496 1.1554 -0.34634 -0.16263 0.17441 -0.25742 1.1067 -0.91949 -0.59868 -0.71279 -0.4269 0.57407 -1.1618 1.3506 -0.081293 0.32177 -0.060808 0.73732 -0.46639 -0.9408 1.7009 -0.59278 0.53269 1.0695 -0.92353 0.75526 -0.42948 -0.062374
-0.034471 -1.231 -0.68657 -0.19597 0.26146 0.37366 0.67564 -1.8646 -0.99717 -0.4318 -0.37062 -0.12142 1.1037 -0.14295 -0.14599 0.43318 -0.47361 0.50916 -0.23675 -0.59256 -0.83735 0.1484 -0.15629 -0.8353 1.0736 -0.061168 0.25568 0.082514 0.52183 -0.18914 -0.81988 1.9092 -0.31784 0.6522 0.65941 -1.0105 0.88729 -0.94262 0.036615
0.24822 -1.2393 -0.081847 -0.38758 0.92039 0.3998 1.0195 -1.5487 -0.73655 -0.097707 -0.36594 0.92065 1.1137 -0.080501 0.031492 0.62624 -0.34153 0.26683 0.82047 -0.72802 -0.32648 0.12056 -0.40695 -0.42038 0.54194 0.014349 0.15161 0.17635 0.2414 0.090022 -0.52926 1.6294 -0.096506 0.87327 0.16983 -0.47218 0.82445 -0.77953 0.071816
0.35424 -1.0864 0.064557 -0.30814 0.93865 0.87467 1.0285 -1.5167 -0.39246 -0.020142 -0.35594 0.92233 1.1326 -0.17313 -0.00017777 0.51992 -0.31452 0.16615 1.145 -0.79448 -0.09772 -0.040552 -0.66071 -0.17422 -0.00045231 0.0056641 -0.083299 0.058396 -0.11211 0.20655 -0.2357 0.99622 -0.18177 0.96967 -0.38272 0.16068 0.55312 -0.7264 -0.00471
0.21412 -1.1795 0.0083476 -0.47565 0.49865 1.1325 0.46124 -1.8249 -0.79695 -0.74731 -0.75878 0.2011 1.1421 -0.0693 0.081508 0.55201 -0.17183 0.25958 1.5375 -0.69679 0.5916 0.00094596 -0.081837 0.2048 0.19758 0.0096031 -0.091718 -0.096105 -0.34802 0.11735 -0.16481 0.15442 -0.23286 0.68826 -0.39272 0.43541 0.34745 -0.46984 -0.080465
0.15193 -1.0238 0.22461 -0.24841 0.80651 1.8889 0.50165 -1.1041 -0.94748 -0.32004 -0.43459 0.44706 1.1892 -0.30109 -0.063992 0.26523 -0.16812 0.041885 1.3196 -0.96919 0.56222 -0.52625 0.036495 0.0078717 -0.32924 -0.069123 0.25066 -0.02945 -0.21755 -0.03129 -0.056902 -0.26032 -0.19487 0.57177 0.034102 0.55487 0.34081 -0.39183 -0.094348
-0.011084 -1.2242 -0.032055 -0.47821 0.56297 1.6273 -0.00137 -1.4305 -0.95294 -0.46771 -0.40249 0.52604 1.0956 -0.18392 -0.10472 0.13072 -0.19678 -0.0096757 1.0087 -1.0987 0.66379 -0.39036 0.14825 0.23398 -0.31354 -0.091868 0.53754 -0.028902 -0.10929 -0.36512 -0.16149 -0.70014 -0.35523 0.29375 0.4875 0.12309 0.057691 -0.60349 -0.10166
0.097986 -1.1138 0.10337 -0.45756 0.97423 2.0726 0.15202 -0.91633 -0.65837 -0.20375 0.18692 0.71588 1.1099 0.3209 0.043512 0.33875 -0.37134 0.16348 0.87727 -0.97941 0.96356 0.22617 0.36656 0.54335 -0.59594 -0.11164 0.79065 0.10449 0.17252 -0.5103 -0.11605 -0.76251 -0.25568 0.60257 1.0071 0.0028443 -0.19325 -0.23598 -0.048096
0.0060513 -1.3155 0.3331 -0.58241 0.91613 1.8863 -0.17331 -0.97275 -1.3661 0.045323 -0.78447 0.23357 1.0312 0.56261 -0.020694 0.31516 -0.78465 -0.13366 0.36996 -1.3821 0.95642 0.57201 0.03341 0.10435 -0.97814 -0.15004 0.505 0.1752 0.080196 -0.4688 -0.62773 -1.0245 -0.32531 0.70859 0.95478 -0.31131 -0.48466 -0.10574 -0.10069
0.21506 -1.1472 0.10518 -0.51509 0.55306 2.1829 -0.62548 -0.84308 -0.7444 -0.25402 0.026875 0.12842 1.0834 0.71515 0.083078 0.47198 -0.86918 -0.14378 0.12883 -1.3289 1.5722 0.944 0.13414 -0.26071 -0.51072 -0.1267 0.054041 0.40594 -0.041959 -0.15173 -1.1941 -1.2388 -0.20911 0.60282 1.0003 -0.4476 -0.20451 0.43214 -0.29084
0.69854 -0.9859 0.50874 -0.93097 0.80838 2.4777 -0.68207 -0.26661 -0.4141 -0.20026 0.33256 -0.77856 1.053 0.50445 0.19051 0.19959 -0.86267 -1.0584 -0.63729 -1.5576 1.7186 1.101 -0.3225 -0.27881 -0.5881 -0.26353 -0.42597 1.0865 0.37777 0.46994 -1.5202 -1.1998 -0.0079754 0.037084 0.75106 -0.030852 0.46701 0.71765 -0.85164
0.56853 -1.2043 0.36903 -1.3529 0.51006 1.9691 -1.5529 -0.033365 -0.32788 -0.37382 -0.59121 -0.59838 0.98384 0.43977 0.66382 0.31568 -0.63439 -1.6332 -1.0566 -1.3046 1.7393 1.8999 -0.31455 0.37908 0.14104 -0.56863 -1.181 1.7821 0.48566 1.5427 -0.90203 -1.2017 0.45825 -0.75561 -0.25289 0.12491 1.0705 0.64589 -1.6292
0.62333 -1.1229 0.48344 -1.3456 0.61699 1.7346 -1.3548 0.80917 0.072262 0.033128 -0.80058 0.63316 0.96717 -0.056869 1.6268 1.0558 -0.0026947 -2.2566 -1.3989 -1.4252 0.94735 1.5507 0.23071 0.76841 0.24582 -1.4295 -1.743 2.0698 0.58426 2.3966 0.65527 -0.76736 1.5369 -1.2698 -1.2862 0.54914 1.2223 0.26456 -2.0363
0.40195 -0.88222 0.23974 -1.238 -0.74005 1.0555 -1.874 0.97297 0.065434 -0.74694 -0.18169 -0.58096 0.76139 -1.0936 2.5415 0.89743 1.6733 -1.2589 -1.8558 -0.5405 0.51575 0.23562 0.14145 1.4037 0.46688 -2.4122 -1.7581 1.632 0.074088 2.5251 1.9084 -0.26282 2.036 -1.6408 -2.2224 0.76708 0.43289 -0.61393 -1.7803
0.63375 -0.26781 0.7582 -1.1123 -1.1146 0.9161 -1.7272 0.84514 1.0693 -0.27949 0.63289 0.53023 0.36139 -1.8099 2.9405 0.93687 2.6062 -0.054073 -1.7573 0.9635 -0.095451 -0.54735 0.58037 1.6997 -0.18164 -2.9265 -1.2127 0.38849 -0.51422 1.7838 2.6256 0.38822 2.2073 -1.0689 -1.926 0.15717 -0.24462 -0.42167 -0.72537
0.22633 1.1497 1.6474 -0.42455 -1.8203 0.92242 -2.6763 -0.066185 0.69776 0.41843 1.4702 -0.2304 -0.67329 -1.7913 2.9163 0.49981 2.9321 0.79517 -1.4145 1.3522 -0.87495 -1.3407 1.0766 0.82929 -0.9769 -2.9544 -0.10274 -1.3047 -1.2726 0.3882 2.2903 0.82698 1.4709 -0.23315 -1.0922 -0.40815 -1.2819 -0.32403 0.77503
-0.86483 1.6617 0.98233 1.4527 0.65237 -0.0074989 -0.87231 0.76094 -1.0341 -0.30426 1.6954 0.0050112 -1.5062 -1.8533 2.1342 0.3374 2.8064 1.5843 -0.88874 1.805 -0.39885 -1.378 0.11147 0.61971 0.052087 -2.4366 1.2739 -3.0888 -2.3994 -1.1676 1.1904 0.4515 0.34342 0.74236 0.1339 -0.9325 -1.7182 0.37374 2.4935
-1.344 1.4701 1.0464 1.3008 0.71572 -0.097757 0.37478 0.17915 -0.69468 0.64465 1.0778 -0.69565 -1.5786 -1.2587 0.62425 -1.063 2.3146 2.1642 -0.70482 1.8166 0.2249 -1.4547 -0.40438 -0.56184 -0.35433 -1.2956 2.5189 -3.6837 -2.3916 -2.2913 -0.56603 0.22173 -0.78103 1.0754 1.5034 -1.0569 -1.7311 0.7314 3.3173
-0.64584 1.831 0.66568 1.4947 0.44633 0.17624 -0.37016 -0.3092 -0.92027 1.2702 -0.076898 -1.2236 -1.5845 0.16598 -1.411 -2.5374 0.64967 1.4514 -1.2581 1.3678 0.77837 -0.22642 -0.50628 -0.98067 0.31271 0.62903 2.8799 -2.6701 -1.567 -2.3919 -1.6053 0.035736 -1.6272 0.88562 1.8014 -0.61876 -1.616 0.71928 2.724
-1.2559 1.3929 1.0421 1.6062 0.1749 0.23159 -0.11013 0.90715 -0.40582 -1.5944 1.8664 0.8465 -1.5446 1.6379 -1.868 -2.3047 -0.42637 -0.22563 -0.82323 0.07157 0.5974 0.99415 -0.6901 -1.7722 0.47239 1.3471 2.2955 -0.98764 -0.47905 -1.967 -2.1833 -0.15914 -1.5754 0.27102 1.9104 0.31963 -0.95308 0.91324 1.317
-0.51002 0.6223 -0.38554 1.7757 1.4626 0.00028792 0.10371 1.0074 -0.62112 -0.21449 -0.26521 -0.54847 -1.1091 1.7742 -1.3715 -1.8234 -0.4545 -0.24722 -0.78516 -0.42893 1.1127 0.88405 -0.94642 -1.9471 1.1921 1.0326 1.2462 0.61773 0.16248 -1.1018 -1.897 -0.023062 -1.1442 -0.73702 1.0636 1.5993 -0.81022 -0.11463 -0.029836
0.23852 -0.62511 -1.4011 0.4621 0.38298 -1.5367 -0.36498 1.0531 -0.038833 0.15274 0.34363 0.28778 0.055727 1.9819 -1.1512 -2.2749 -0.94341 -1.0913 -1.2764 -0.293 0.57973 1.6871 0.48835 -1.928 1.1791 0.81767 0.066459 1.0615 0.28531 -0.73224 -1.4821 -0.081955 -0.68421 -1.286 0.22365 1.6045 0.058262 -1.1119 -0.48385
0.7275 0.15914 -0.63304 1.1494 0.097637 -0.52489 -0.36117 0.91521 0.074435 -0.79464 -1.711 0.13076 -0.59898 2.1872 -0.66631 -2.2711 -1.2299 -1.6864 -1.1016 -0.63881 -0.61931 1.4878 2.1319 -2.4671 -0.29183 0.83923 -0.43472 0.9188 0.46141 -0.36588 -0.98209 0.51762 -0.33211 -1.5282 -0.099475 1.0743 0.74014 -2.0053 -0.4061
0.15859 0.83379 -0.11704 1.0921 0.40238 -0.50545 -0.38372 1.488 -0.016002 -0.37781 -1.6789 1.1409 -1.1176 1.5431 -0.32719 -1.5822 -1.4626 -2.3025 -0.84981 -1.1388 -0.99343 1.1297 1.0085 -1.3438 -1.1949 0.59048 -0.74818 0.34863 0.74425 0.048374 0.13397 0.94066 0.0044644 -0.8476 -0.58835 -0.23938 1.6096 -1.8338 0.026041
1.2556 0.32438 -2.0298 0.3297 -1.2372 -1.5356 -0.59505 0.47586 1.375 1.6538 -1.542 0.87891 -0.7319 1.221 -0.14433 -1.3592 -0.9108 -1.5051 -0.015671 -0.65258 -1.0209 0.97571 0.97278 -0.71033 -1.9635 0.42964 -0.73185 -0.31578 0.83604 0.45558 1.2131 1.191 0.76316 0.046107 -0.54069 -1.3986 1.9267 -0.71797 0.34626
1.1874 -0.070288 -1.8345 0.11852 -1.0835 -1.1414 -0.90048 -0.064045 0.71439 1.5661 -2.1365 -1.0254 -0.063128 1.1393 -0.78839 -1.4194 -1.0183 -0.96302 -0.012799 -0.29341 -0.83758 0.81133 0.62453 0.45721 -1.9566 1.0662 -0.98034 -0.55498 0.98001 0.77927 2.2699 1.4937 1.2916 0.39579 -0.83934 -1.6759 0.9032 0.70407 0.40597
1.2185 -0.37794 -2.0969 -0.39028 -1.2692 -1.5111 -1.7361 -0.00651 0.31195 0.049933 -1.659 -2.4991 -0.042144 1.0922 -0.99502 -0.87847 -0.58043 -0.1237 0.77391 0.37218 -0.60552 0.6072 -0.43382 0.5288 -1.4678 1.2085 -1.4598 -0.46705 1.0914 0.85372 2.4548 1.2672 1.4088 0.50209 -0.9747 -1.9756 0.37775 2.1998 0.12448
1.5771 -0.21733 -1.9695 0.15636 -0.93794 -0.70059 -0.56642 0.22673 1.1745 0.89443 -1.0986 -1.4655 0.018768 -0.12782 -0.88712 -0.093539 -0.13065 1.211 1.639 0.7861 -0.44038 -0.30295 -1.5994 -0.10909 0.077762 0.91325 -1.8576 -0.064973 1.1876 1.0694 2.5063 0.80081 1.2764 0.19102 -1.2283 -1.5075 -0.18072 2.8442 -0.26087
1.669 -0.29755 -1.5867 0.15944 -0.75548 -0.43095 -0.42211 0.31356 0.97947 0.16056 -0.98174 -1.2194 0.11886 -0.72667 -0.92366 -0.095857 0.2864 1.9571 1.6008 1.4676 -0.25539 -0.34563 -1.8248 0.37869 1.7765 0.72311 -1.8959 -0.051628 0.83452 0.74429 1.9084 -0.50912 0.59304 -0.12976 -1.6689 -0.6251 -0.063088 2.1698 -0.25083
1.5506 -0.45984 -1.7313 0.14185 -0.22266 0.046406 0.17422 0.3454 1.1024 0.031693 -1.1595 -0.47687 0.22116 -1.2345 -0.93675 0.28587 0.60613 2.6418 1.108 1.5673 -0.6437 -1.0809 -1.655 0.22386 2.5729 0.84792 -1.0376 -0.055906 0.49486 0.42322 0.6553 -1.5778 -0.15049 -0.29073 -1.4979 0.60134 0.41032 0.79609 -0.092876
0.65942 -1.009 -2.4032 -0.095724 0.15061 0.35673 -0.12684 -0.73783 0.40274 -0.45927 -2.6211 0.24495 0.48524 -1.7052 -1.0591 0.40318 0.48073 2.6905 0.022765 1.0921 -0.74861 -2.2238 -1.6195 0.28863 1.977 0.79784 -0.15581 0.20622 0.74639 0.21508 -0.59383 -1.6987 -0.98946 -0.10438 -1.2681 1.4664 0.55633 -0.67532 -0.13145
0.38272 -1.1997 -1.8478 0.46487 1.1997 0.33753 0.78235 -0.091827 0.11656 -1.3486 -0.57502 0.62478 0.67361 -1.4749 -0.91593 0.52677 0.58125 2.0358 -0.66968 0.67224 -0.74647 -2.2535 -0.467 0.8068 1.6971 0.71045 0.84796 0.48747 0.92146 -0.056919 -1.7829 -1.3764 -1.2605 0.15986 -0.45381 1.8747 0.49413 -1.6665 -0.39827
0.33203 -1.14 -1.4461 0.61309 1.6971 -0.40919 0.47076 -0.67147 -0.56296 -1.4563 -0.91155 1.14 0.75486 -0.88694 -0.56383 1.099 0.70566 1.121 -0.84359 0.020103 -0.4002 -2.2047 0.54335 1.2494 0.74985 0.55853 1.4618 0.7285 0.91577 -0.41031 -2.4017 -0.25284 -0.97555 -0.011882 0.74566 2.0326 -0.29442 -1.7028 -0.51395
0.066335 -1.2798 -1.3809 0.64037 1.7334 -0.77401 0.87792 -0.40182 -1.1235 -0.70608 -0.64392 0.83441 0.71943 -0.15298 -0.31331 1.5633 0.37484 0.068797 -1.1644 -0.30643 -0.50857 -1.9623 1.0408 0.78153 -0.42304 0.26482 1.3657 0.72074 0.63478 -0.88759 -2.2472 1.0369 -0.48567 -0.12366 1.5623 1.2842 -0.9558 -1.5435 -0.53286
0.35405 -1.3245 -1.3023 0.66921 1.0339 -0.87847 0.30167 -0.63725 -0.91861 0.10972 -0.028623 1.2466 0.83232 0.20752 -0.060131 1.5002 -0.21785 -0.8383 -0.24744 -0.28715 -0.88679 -0.92323 1.7191 -0.23398 -0.65091 0.11437 0.84118 0.67893 0.2054 -1.2389 -1.4663 2.0486 -0.29184 0.16219 2.3444 -0.0013621 -1.0374 -0.86791 -0.52783
0.41058 -1.2169 -0.88775 0.87983 0.9824 -0.33284 -0.071602 -0.37456 -1.2268 0.5475 0.001544 0.38824 0.8667 0.38203 0.11871 1.4438 -0.68113 -1.2086 1.0262 -0.11234 -0.73625 0.13009 1.5435 -0.30634 -0.94578 -0.0070268 0.069909 0.78868 -0.23758 -1.2279 -0.50603 2.2897 -0.49162 1.1591 2.2768 -1.4659 -0.53292 -0.20999 -0.60954
0.38838 -1.4868 -0.63094 0.30893 0.60553 -1.2099 -0.090616 -1.5269 -1.8073 -0.15908 -1.4901 -0.55088 0.75247 0.32424 0.4322 1.5159 -1.1695 -1.0074 2.0254 -0.647 0.027436 1.285 0.32384 -0.22422 -0.87006 -0.23625 -0.53694 0.96792 -0.46401 -1.0096 -0.019347 1.4171 -0.82202 2.3157 1.7624 -2.1161 0.33162 0.38732 -0.82806
0.57664 -1.0921 -0.19426 0.20136 0.64351 0.25984 0.92272 -1.2292 -0.53217 0.78718 -0.88861 0.49303 0.80693 -0.093553 0.848 1.1281 -1.5312 -0.82198 2.1329 -1.076 1.2553 1.3387 -1.1537 -0.23446 -0.77103 -0.63433 -1.0658 1.4346 -0.46892 -0.49874 -0.043226 0.30356 -0.91838 2.6877 1.0539 -1.173 1.1331 0.60636 -1.1924
0.61288 -0.99713 -0.18788 -0.20986 0.3697 0.91645 0.37521 -1.2304 -0.43872 0.71132 -0.90884 -0.074733 0.70952 -0.50767 1.3019 0.82973 -1.7527 -1.0988 1.9337 -1.3823 2.5511 1.8835 -1.1224 0.44389 0.096731 -1.0309 -1.3261 1.5513 -0.24731 0.95967 0.4085 -1.288 -0.37499 1.741 -0.3915 -0.18497 1.3639 0.1911 -1.5135
0.37613 -0.77089 0.031011 -0.67835 0.45252 1.5946 -0.78155 0.35045 0.44954 -0.50888 -0.22247 -0.19836 0.44046 -1.0882 2.2416 0.94993 -1.3622 -1.2746 1.6379 -1.5047 3.1473 1.8726 -0.040618 1.6725 -0.12017 -1.7096 -1.1809 1.2453 0.19556 2.4167 0.97992 -2.2229 0.42927 0.016577 -1.0674 0.64886 0.86672 -0.51361 -1.4857
0.15456 -0.28037 -0.28379 -0.913 -0.039152 1.0906 -1.5279 1.2305 -0.27934 -1.6998 -0.55825 -0.18695 0.11245 -1.5238 2.5009 1.1605 0.59183 -0.049963 -0.26054 -1.1606 2.4157 0.26661 -0.56742 1.5957 -0.78509 -2.3635 -0.72334 0.5118 0.51896 3.0576 1.395 -2.1996 1.2779 -2.0375 -1.8338 0.60903 -0.14894 -0.77989 -0.96081
-0.19364 0.1798 0.11715 -1.2123 -0.52449 1.2808 -1.3132 2.2202 0.53775 -0.15559 0.20526 0.57516 -0.23797 -1.6747 2.4691 1.3025 1.9582 0.45086 -1.124 -0.38732 1.3582 0.089467 -0.10121 0.97111 -1.4447 -2.584 -0.10897 -0.55605 0.72604 2.4801 1.3077 -1.4496 1.5972 -2.9628 -1.4002 0.61148 -1.0211 -0.19809 0.01608
-0.72456 1.3976 0.6931 -0.99844 -0.79445 1.0936 -0.98129 1.4673 0.51877 1.2355 1.4858 -0.8353 -1.0925 -1.4963 2.1026 1.5659 2.4873 0.61011 -0.99396 0.47027 -0.4489 -0.76356 0.15832 0.54959 -0.9318 -2.2862 0.54901 -1.2868 0.20855 0.91987 0.68626 -0.24825 1.554 -2.5999 -0.81389 0.33691 -1.604 0.52739 0.94016
-0.8356 1.4246 1.0191 2.0028 1.6218 -0.24247 -0.31475 1.0463 -0.75279 -0.75234 1.0209 -0.95385 -1.5535 -1.2998 1.4536 2.0265 2.4741 0.80424 -0.84356 0.69767 -1.0852 -0.3131 0.85182 0.21034 -0.47861 -1.722 0.88362 -1.8098 -0.35726 -0.44654 -0.019837 0.57205 1.1715 -1.2986 -0.50252 -0.52485 -1.7302 0.99331 1.5654
-1.0276 1.3537 0.87962 1.6336 0.61465 0.045444 -0.87142 0.87597 0.25213 -0.26147 -0.18131 -2.4687 -1.7005 -0.74812 0.72015 1.1613 2.1027 1.0227 -0.90939 1.2326 -1.333 -1.0998 -0.33678 -1.1721 -0.13001 -1.1424 0.75406 -1.7446 -1.0712 -1.6604 -0.77175 1.0317 0.57378 0.15427 0.33368 -0.46616 -1.227 1.1745 1.6952
-1.0704 1.45 1.4191 1.1245 0.3589 0.94627 -0.56886 0.12754 -0.72432 -0.9158 0.5401 -0.17895 -1.5765 -0.49525 -0.05952 0.86561 1.2787 0.17644 -0.077488 1.4407 -0.68068 -0.70838 -0.86695 -1.5679 0.30076 -0.4037 0.92956 -1.5492 -2.143 -1.7547 -0.77746 0.91713 0.28859 0.79261 0.38342 -0.20068 -0.27776 1.0451 1.6297
-1.2862 1.4641 1.9717 1.2 0.3073 0.089887 -0.61717 0.73976 0.14318 1.0211 0.2937 -0.17718 -1.553 -0.57361 -0.24452 0.2428 -0.13268 -0.54708 0.60684 1.1727 -0.35254 0.084097 0.1216 -0.95725 1.217 0.03518 0.97678 -0.94072 -2.2991 -1.1841 -0.55975 0.43535 -0.26759 0.87723 0.53916 0.35325 0.52985 0.23669 1.1861
-0.96228 1.4055 0.96217 1.4822 0.95794 -0.14187 1.0555 0.44875 -1.0249 -0.57745 -1.4429 -0.41011 -1.7554 0.24755 -0.81989 -1.3161 0.19193 0.10737 0.1591 1.2599 -0.055598 -0.15891 0.25655 -0.39912 1.1064 0.55444 0.86408 -0.2343 -2.1594 -0.53616 -0.027068 0.036604 -0.66467 0.53777 -0.32919 0.043806 0.90129 -0.20857 0.53621
-1.3605 1.2721 1.7347 1.85 0.032247 0.86341 0.96852 0.61169 -0.42232 -0.96915 -0.52707 -1.3241 -1.656 0.59841 -0.57185 -1.826 0.34889 -0.018334 -0.20511 0.79902 0.036224 -0.32743 -0.15875 -0.64721 -0.023764 0.46321 0.6322 0.38089 -0.83557 -0.21854 -0.25503 0.08586 -1.0471 0.4992 -0.53913 -0.0014454 0.78281 -0.61806 0.013411
-1.5849 1.0649 0.99366 1.509 0.79737 0.6994 0.32267 0.4515 -0.05646 -0.11236 -0.20537 0.96696 -1.4695 0.43781 -0.31008 -1.9307 -0.0071183 -0.16957 0.37455 0.34939 0.15728 -1.1336 -0.60477 0.12748 0.46668 0.32366 0.053568 0.94259 0.58251 -0.6333 -0.48663 0.11894 -1.1037 0.25607 -0.38683 0.60517 0.58064 -0.23456 -0.43458
-0.248 0.2271 -0.80683 1.5253 0.5721 0.2439 0.58773 0.61384 -0.25838 0.41234 -0.26789 -0.4813 -0.85182 0.44118 0.18187 -0.93617 -0.46432 -0.91559 0.6411 -0.37645 0.49958 -0.46526 0.58392 0.39349 0.19629 0.17213 -0.10508 0.90702 1.4844 -0.57128 0.11397 0.035642 -0.81728 0.08313 -0.34556 0.74812 0.69949 -0.32492 -0.5064
-0.56762 1.3798 0.41331 1.5512 0.16902 0.17748 0.52097 0.29955 -1.3108 -0.93462 -0.91554 -0.49511 -1.3997 0.41512 0.48479 -0.73589 -0.63418 -0.3831 -0.057588 -0.26437 0.20612 -0.83238 1.1279 0.2912 0.48565 -0.066648 -0.41385 0.69294 1.8285 -0.16126 0.66167 -0.28957 -0.24745 -0.033665 0.11257 0.6815 0.56699 -0.63972 -0.47004
-1.1962 1.2845 0.17304 1.2621 0.3158 0.77592 0.60458 1.1619 -1.5802 -0.34692 0.18804 0.59273 -1.5422 0.41878 0.64893 0.19888 -0.45043 0.26996 0.055153 -0.46213 0.17434 -1.1407 0.503 0.71873 -0.73951 -0.23463 -0.35358 -0.00913 0.82698 0.13134 0.998 -0.34538 0.16257 -0.20496 0.27745 0.025593 0.25859 -0.57367 -0.11217
-0.68135 1.6179 0.74255 1.0218 -0.6941 1.2786 0.50086 1.1189 -0.5933 0.47079 -0.74977 -0.78756 -1.5813 -0.28678 0.69338 0.73346 -0.33454 0.44112 0.078408 -0.093531 0.25899 -0.5732 0.83079 1.1483 -0.4529 -0.30199 -0.13822 -0.41946 0.26592 0.24301 0.1933 -0.18951 0.46291 -0.51652 0.43958 -0.7014 0.29786 -0.74169 0.22855
-0.95997 1.4128 0.43497 1.1129 0.3924 0.1886 0.33985 0.40206 -0.98693 1.1526 0.386 0.52253 -1.4605 0.1627 0.064333 -0.21284 -0.36914 0.50331 -0.12469 -0.16888 0.084518 -0.053495 0.81813 0.53306 -0.57899 0.090406 0.29943 -1.2382 -0.75243 -0.043725 -0.35835 0.028711 0.75663 -0.51947 0.6047 -0.74074 -0.10536 -0.19695 0.78827
-0.37951 1.3474 0.37949 1.1476 1.6539 0.46759 -0.41005 0.67604 -1.6808 -0.044278 0.97125 -1.2029 -1.3814 0.29372 0.033142 -0.065638 -0.21402 -0.17022 -0.36193 0.45244 -0.73365 -0.52131 -0.39538 1.0305 -1.2028 0.1709 1.0746 -2.0035 -1.191 -0.54789 -1.1148 0.59436 0.44252 -0.35286 0.79915 -0.68581 -0.78645 -0.18862 1.354
-0.91674 1.437 0.28907 1.2437 0.31195 0.38789 1.1383 1.1365 -1.1456 0.99278 1.0463 -0.96818 -1.3773 0.65131 -1.2229 -0.74063 -0.60402 -0.12413 0.30602 0.68617 -0.31965 0.0071343 -0.32819 0.61958 -0.79391 0.91377 1.0583 -2.2073 -0.6936 -0.95545 -1.3451 0.86198 0.0083295 -0.17565 0.92411 0.032361 -1.124 0.33565 1.5671
-0.58181 1.486 0.13563 0.85768 0.2555 0.47038 0.15787 0.64661 -1.3181 -0.0070947 -0.813 -0.5692 -1.4338 1.3594 -2.2277 -1.1184 -1.2848 -1.3563 0.99528 0.30365 -0.21049 0.94604 0.069327 -0.41191 -0.75674 1.6666 1.0317 -2.0628 -0.53807 -1.0372 -0.48598 0.80798 -0.88633 0.031522 0.79745 0.8822 -1.5257 0.80681 1.5473
-0.7893 1.4269 0.53547 0.94845 -0.62912 0.57095 1.5142 -0.17003 -1.8947 -0.70945 2.3821 -1.6497 -1.3969 1.4916 -2.7329 -0.92137 -1.689 -1.4446 0.85008 -0.094443 -0.50961 1.0039 0.68493 -0.93616 -0.0788 2.0976 0.62128 -0.86746 0.23428 -0.31245 0.40145 0.43244 -1.007 -0.065172 0.07107 1.0509 -0.96733 0.69651 0.91719
0.34651 -0.5983 -0.39107 0.13371 0.19686 1.5878 0.94899 0.90989 -0.089264 1.0973 -0.041918 -1.2657 -0.14504 1.6885 -2.8822 -0.93471 -1.6847 -0.4479 0.91426 -0.85644 -0.57486 0.52659 0.89385 -1.1834 0.18247 2.2992 -0.21775 0.45397 0.69667 0.5022 1.5986 0.0026813 -0.90779 0.087956 -0.64182 0.73874 -0.50756 0.76979 -0.015977
0.74936 -1.2257 -0.87292 -0.455 -0.78361 1.2278 -0.045648 0.29286 -0.23202 1.1372 -0.26985 -0.84362 0.38866 1.5774 -2.4374 -0.42409 -1.0167 0.13961 1.1634 -0.66211 -0.25864 0.35938 1.3922 -0.87248 0.24058 2.2091 -1.1899 1.7177 0.98994 1.0292 1.5025 -0.5285 -0.51103 -0.15004 -1.2676 -0.31841 0.14349 0.34858 -1.0799
0.65287 -1.0158 -0.10125 -0.56194 -0.2152 1.1121 -0.044682 0.18262 -1.038 0.87864 -0.47849 -1.232 0.36897 0.92674 -1.564 -0.13976 -0.65923 0.80318 0.81861 -1.1525 -0.1642 0.033115 1.2251 -1.4043 0.74624 1.5807 -1.6445 2.1228 1.0557 1.0626 1.032 -1.1219 0.2522 -0.51934 -0.9046 -1.0834 0.61516 0.021391 -1.6895
0.52286 -1.1084 -0.53542 -0.4174 -0.1583 1.4374 0.090196 0.19708 -1.0112 1.5844 -0.92143 -0.41168 0.50579 -0.23264 -0.33005 0.42775 -0.22154 0.70218 -0.15648 -0.93281 -0.99848 -1.194 -0.081818 -0.48729 0.3905 0.5548 -1.3571 1.6183 0.45022 0.66541 0.49357 -1.5173 0.47151 -0.84974 -0.26397 -1.4685 0.80319 -0.088845 -1.6335
1.0347 -0.9948 0.10076 0.14926 0.29474 2.211 0.12881 0.16222 -0.99097 1.313 -0.39146 -0.89754 0.66225 -0.3136 -0.15263 0.50238 -0.037481 1.1653 -0.63584 -0.25787 -1.195 -0.43975 -0.49754 -0.096492 0.15066 0.15182 -0.72893 0.78502 0.06744 0.3752 -0.035407 -1.3431 0.61517 -0.57622 0.41429 -1.0746 0.97767 -0.15003 -1.1009
0.35343 -1.1122 -0.11182 -0.27003 0.50037 1.6039 -0.28674 0.061173 -0.97135 1.4459 -0.29518 -0.44411 0.55516 -0.20252 -0.25829 0.045617 -0.05048 0.84836 -1.0893 -0.22964 -1.3654 0.090834 -0.64365 0.12834 0.34297 0.047452 -0.12691 0.16055 -0.5143 0.28017 -0.51009 -0.67662 0.25036 0.13916 0.80195 -0.18416 0.31341 0.10732 -0.52828
0.1074 -1.2613 -0.28393 -0.6199 0.39333 0.67541 -0.80581 -0.84375 -1.5707 0.6282 -1.1103 -0.81309 0.53241 -0.38006 -0.1989 0.1642 -0.028508 0.6329 -1.3557 -0.35143 -1.0796 0.19652 -0.60477 0.29074 0.4422 -0.10458 0.02521 0.19179 -0.5056 0.3934 -0.92528 -0.010701 -0.089612 0.64313 0.18937 0.48173 -0.0266 0.34305 -0.33813
0.6609 -1.327 -0.093572 -0.52131 0.6423 0.27654 0.096296 -1.2731 -0.60652 0.41533 -0.23096 -0.79706 0.50403 -0.4289 -0.017992 -0.3205 0.30659 -0.014512 -1.1394 -0.42631 -0.78644 0.042862 -0.36131 -0.003411 0.47383 -0.2485 0.20895 0.24032 -0.13637 0.54812 -0.55577 0.71515 0.12043 1.1863 -0.18586 1.1347 -0.043007 0.47225 -0.15248
0.54358 -1.2345 -0.18416 -0.31594 0.70223 0.36767 -0.17117 -1.1274 -0.95698 0.66431 -0.36494 -0.27489 0.48705 -0.16148 0.071776 -0.21649 0.53542 -0.16085 -0.65685 -0.34552 -0.25059 -0.044634 0.35758 -0.031512 0.82445 -0.29715 0.17145 0.22394 0.084619 0.59082 -0.12485 1.1618 0.14898 1.2544 -0.46751 0.9482 -0.10644 0.22221 -0.065844
0.13019 -1.2252 -0.082415 -0.062888 0.62121 0.583 -0.51805 -0.57043 -0.82385 1.2148 -0.25943 0.23243 0.46977 0.051316 0.037344 -0.012081 0.71799 0.17712 -0.071271 -0.019652 0.49311 -0.14261 1.175 0.25584 1.1707 -0.12658 0.087662 0.071167 0.47599 0.31092 0.46958 1.0275 0.29835 0.88885 -0.43003 0.34151 0.1398 -0.06774 0.077569
0.34041 -0.95643 -0.44204 0.48473 0.051187 0.87082 -0.76068 -0.82638 -1.2153 0.78759 -0.6271 -0.51845 0.33393 -0.32321 0.17524 0.15331 0.89875 0.27301 0.34749 -0.28757 0.68393 -0.60906 0.55463 0.00093427 0.5715 -0.28342 -0.16403 0.29913 0.59758 0.21497 0.83543 0.73358 0.59008 0.46701 -0.29609 -0.62359 0.012647 -0.71226 -0.23405
0.11593 -1.2185 -0.33719 -0.16489 0.41361 0.14561 -0.78063 -0.65111 -1.2014 1.8176 -0.63466 0.77937 0.22061 -0.19893 0.060027 0.33103 0.71696 0.6136 0.33421 0.095592 0.45031 -0.50081 0.2565 0.31147 0.45058 -0.12092 -0.30211 0.21564 0.51081 -0.17083 0.76601 0.17507 0.62217 0.07105 -0.031821 -0.95533 0.0072365 -0.71878 -0.22944
0.62844 -1.3564 -0.042498 0.20463 1.0457 0.45822 -0.033474 -0.38495 -1.315 2.0021 -0.13158 0.72425 0.5673 -0.33135 0.59614 0.6637 0.94255 1.1486 0.54374 0.70181 0.66777 -0.43258 -0.39358 0.018086 -0.35996 -0.71381 -0.11717 0.42466 -0.095174 -0.22989 0.27173 -0.069181 0.4909 -0.35119 -0.164 -0.97034 -0.055922 -0.61816 -0.3083
0.08472 -0.934 0.14899 0.82604 0.937 1.0041 -0.45923 -0.39784 -1.2373 0.45399 -0.21499 -0.42602 0.077275 -0.48325 0.21392 0.6308 0.35713 1.1375 0.14631 0.65156 0.64062 -0.28718 -0.22362 0.31388 0.077811 -0.31711 -0.53663 0.62374 -0.81859 -0.24236 -0.68685 -0.013526 0.033243 -0.35388 -0.050615 -0.79851 -0.331 -0.6632 -0.67889
0.15739 -1.1852 0.058791 0.51196 1.2241 0.84189 -0.22823 -0.49874 -1.4651 1.3126 0.18815 0.7094 0.47487 -0.39335 0.85754 -0.17167 0.62556 0.48696 0.28151 0.35103 -0.079609 -1.0277 -1.108 -0.059667 -0.58293 -0.72979 -0.32304 0.030099 -1.3558 -0.6787 -1.4329 -0.13303 -0.021999 -0.26695 0.24814 0.039598 -0.09861 -0.22086 -0.11739
-0.27511 -0.10856 0.47304 1.3293 1.686 1.3232 0.47184 0.43878 -1.3499 0.58848 -0.8576 -0.96674 -0.72205 -1.1204 1.0431 -0.70751 0.39826 -0.36826 0.41377 0.31834 0.15047 -0.29592 -0.94591 -0.25789 -0.87621 -1.3094 0.044174 -0.046242 -1.3174 -0.56377 -1.4384 0.11884 0.46047 -0.17914 0.38082 0.19111 0.075301 -0.26114 -0.018249
-0.028757 -1.371 -0.016076 0.053679 1.1448 0.22575 -0.18048 -0.25556 -1.5313 1.4398 0.16829 0.809 0.48291 -0.58835 0.23817 -1.0747 -0.39847 -0.8032 0.12574 0.81086 0.40563 0.056511 0.08117 0.1594 -0.36403 -0.42623 0.20746 -0.040029 -0.045777 -0.29745 -0.96995 -0.022521 0.72126 0.029529 0.56577 0.52029 0.54558 0.48747 0.22764
0.034592 0.037675 -0.7197 0.92758 0.93518 0.71357 -0.25122 -1.1516 -2.7043 0.013678 -0.71077 -0.35851 -0.62792 -0.31336 0.44427 -1.2572 -0.2292 -0.93246 0.4304 1.2804 0.058776 -0.08815 -0.40211 0.40676 -0.59989 -0.50304 0.24163 0.8398 1.3827 0.54603 -0.18295 -0.046485 0.75385 0.38734 0.42924 0.15099 0.56505 0.4088 -0.24072
-1.1081 -0.092255 -0.53447 1.0326 0.3803 1.6226 0.4875 0.34673 -0.79429 0.4376 -0.33258 -1.2459 -1.0648 -0.43636 1.0887 0.01558 0.35562 -1.0719 0.20412 1.2241 0.026234 -0.032994 -0.30661 0.74872 0.33065 -0.73451 -0.35129 1.3992 2.4215 0.91783 0.524 -0.50797 0.13889 0.62782 0.95543 -0.045748 0.45324 0.34276 -0.80547
-0.13416 -1.286 -0.72898 -0.10474 0.27851 0.91646 0.97743 0.37303 -1.1319 1.4305 0.48764 -0.1164 0.38732 -0.77556 2.1164 1.1895 1.0676 -0.60642 0.25884 1.5277 1.0847 0.58352 -0.41603 0.62702 -0.34206 -1.5808 -0.47742 1.1745 2.6073 0.72854 1.2226 -1.1821 -0.78624 0.41215 0.74016 -0.61512 0.32287 0.51396 -0.68148
-0.085006 -0.036352 -0.92404 0.7344 0.71468 1.4437 1.8356 -0.52301 -1.9933 0.33772 0.42141 -0.4706 -0.55685 -0.98266 1.8967 1.9837 0.71804 -0.01963 -0.80291 0.93524 1.0973 1.5723 0.031348 1.0057 0.24564 -1.3065 -0.59109 0.57459 1.5939 0.36685 1.1131 -1.29 -1.7272 -0.11484 0.65206 -1.1547 -0.1096 0.12161 -0.51808
-0.89132 1.3736 1.1178 1.8844 0.23959 0.81906 1.2277 0.17851 -1.6124 0.29089 0.30971 0.50742 -1.5461 -0.88818 2.1348 2.3695 0.98869 0.7915 -1.3934 -0.084199 0.31526 0.54478 -1.7646 0.97462 0.55168 -1.4181 -0.1957 -0.61671 0.082192 -0.27325 0.52469 -0.91328 -2.3053 -0.32583 0.28717 -0.9181 -0.15459 0.11023 0.41761
-1.0189 1.4693 0.7636 1.4852 0.37785 0.69227 1.5085 1.2672 -0.89045 0.51333 0.69728 -0.77068 -1.6086 -1.4286 2.1057 2.2418 1.0952 0.27491 -1.507 -1.2661 0.19475 1.2517 -1.9031 0.40842 0.14379 -1.7294 0.55288 -1.348 -1.6164 -0.69054 -0.10642 0.32656 -1.5922 -0.15243 -0.3035 -0.33064 -0.85988 -0.23942 1.0139
-1.3786 1.471 0.91801 1.292 0.8806 -0.13128 0.90933 0.4435 0.11763 0.44677 0.97806 -0.36415 -1.7159 -0.90348 0.91668 1.1995 0.34214 0.19418 -1.1928 -1.7659 0.91611 1.3039 -1.2472 0.66943 -0.055736 -0.63667 0.96789 -1.7606 -2.045 -0.84712 -0.60266 1.2972 -0.48097 -0.14998 -0.27088 1.0398 -1.3858 0.033088 1.3631
-1.4183 1.3501 1.5279 1.6765 1.4735 -0.024127 0.50247 0.33239 -1.0897 -2.3886 1.4943 0.19614 -1.5857 -0.0050278 0.10827 -0.30037 -0.30202 0.049348 -0.29248 -1.2638 0.50874 0.61131 -0.85291 -0.50511 0.028119 0.084598 1.151 -1.4796 -1.566 -0.55919 -0.34797 1.7372 0.80372 -0.379 -0.87364 1.6042 -1.6388 0.031183 1.2342
-1.4205 1.4879 1.2258 1.4852 0.01685 -0.59533 -0.56018 0.11041 -0.24141 -0.49952 0.51648 0.029842 -1.6425 0.1023 0.0013507 0.012529 0.041367 -0.25132 0.50035 -1.0146 -0.12518 0.34664 -0.1793 -1.2813 0.67798 0.071049 0.67597 -0.60956 -0.6531 -0.12251 -0.34018 1.0893 1.2461 -0.81644 -0.70793 2.0333 -1.2839 -0.23928 0.33928
-1.0753 1.5534 0.63968 1.5768 0.81139 0.40273 -0.18162 1.627 -0.68516 -0.57533 1.5743 -0.60308 -1.5223 0.093865 -0.068464 0.055438 0.1561 -0.18272 1.0042 -0.13101 -0.0061899 0.047141 0.80014 -1.8337 -0.15873 0.086153 -0.046888 -0.19921 0.28445 0.034097 0.23319 0.42271 1.285 -0.82586 -0.90906 1.1172 0.12166 -0.33947 -0.071723
-0.84215 1.5073 0.63941 1.2181 0.29273 0.61858 0.31649 1.0537 -0.61472 -0.30089 -1.2177 0.31598 -1.495 0.23423 -0.077411 -0.14158 -0.13251 -0.35563 0.25494 0.018646 -0.38489 0.2231 2.0201 -1.1757 -0.48325 -0.042568 -0.27658 -0.11938 0.33573 -0.22632 0.35674 -0.10177 1.0817 -0.69016 -0.95915 0.030897 0.78502 -0.36396 -0.066689
-1.3172 1.3835 1.277 1.6563 0.50668 0.97648 0.10836 0.20522 0.041894 0.09732 -0.71541 0.49058 -1.6656 -0.15929 -0.20408 0.27389 -0.15802 0.50549 0.62819 0.64449 -0.9379 -1.0785 0.3123 -0.26302 -0.12902 0.013177 -0.26214 0.01332 0.1651 -0.16224 0.42719 -0.49256 0.1646 -0.44145 -0.81295 -1.0814 1.6251 0.14686 -0.058078
-1.4789 1.3249 1.3795 1.6935 1.0721 0.66053 0.6456 0.22069 -0.42668 0.33688 -1.0683 -1.0058 -1.5762 -0.26469 -0.14041 0.49132 -0.24778 0.039082 0.46496 0.63629 -0.97619 -0.93894 0.16085 -0.44825 -0.12763 -0.011836 0.074794 0.16591 -0.15038 0.010799 0.24923 -0.56109 -0.19633 0.42175 -0.30764 -1.386 1.3958 0.33246 0.079164
-0.90863 1.3822 1.0032 1.2811 0.20108 -0.58266 -0.32928 0.0062369 -0.83304 0.83929 0.70289 -0.5254 -1.6527 -0.12478 -0.010225 0.024836 -0.10864 0.38587 -0.085219 -0.14299 -0.55159 -0.93772 -0.39456 1.0972 -0.021872 -0.033435 0.42565 0.31184 -0.52913 0.12432 -0.65612 -0.76808 -0.40396 1.0982 0.82703 -0.12047 1.2626 0.38684 0.020626
-1.5748 1.3055 1.1777 1.2471 1.0344 1.2118 0.76448 -0.32898 -1.974 -0.99967 0.49794 0.13255 -1.5097 0.34338 0.12413 -0.2899 -0.14516 0.13808 -0.50623 0.023723 0.23234 -0.43667 -0.35901 0.98136 0.17947 0.11798 0.30144 0.27492 -0.42519 0.29499 -0.90615 -0.49663 0.039617 1.2163 1.1864 0.618 1.0948 0.23938 -0.030042
-1.1514 1.4437 1.1536 1.2413 0.45468 1.3876 0.98493 0.7434 -1.0259 0.0012556 -1.0103 -0.42523 -1.5381 0.28215 0.22199 -0.2791 0.022098 -0.79935 -0.40716 0.16776 0.5624 0.27376 0.36626 1.5935 0.55142 -0.017481 0.12544 0.17175 -0.066997 0.27262 -1.4301 -0.47498 0.34295 0.84241 1.2856 1.4884 0.5779 -0.089256 -0.13306
-1.1195 1.4593 0.83989 1.4574 0.99641 -0.001932 -0.56603 -0.17127 -0.92367 -0.52412 0.97938 0.49126 -1.658 0.058163 0.23606 -0.11624 0.24811 -1.0902 -0.36641 0.54038 0.79721 0.75316 1.0488 1.5401 0.1006 -0.074709 -0.25095 0.019541 0.13511 0.1891 -1.1128 -0.24993 0.25086 0.13988 0.50797 1.2691 0.66076 -0.29726 -0.19331
-0.90673 1.4969 1.1446 1.5738 0.68565 -0.18438 0.55709 0.68959 -0.27378 0.2877 0.75151 -0.16393 -1.4626 0.2336 0.24267 -0.18718 0.21274 -1.6994 -1.1053 0.23426 0.78112 0.95706 1.9076 2.023 -0.17872 -0.17324 -0.24184 -0.064933 0.10676 0.019091 -0.48423 -0.19926 0.13403 -0.19516 -0.17734 0.61739 0.39595 -0.34722 -0.092394
-1.1633 1.5938 0.97274 1.4816 -0.70271 0.038087 0.86888 0.82057 -0.69074 1.3076 2.3823 -0.19005 -1.6838 -0.080696 0.1516 -0.10313 0.11615 -1.5194 -0.66907 0.45116 0.39409 0.20853 1.4385 2.1371 -0.10186 -0.14629 -0.16461 -0.074689 0.034827 -0.088711 -0.16511 -0.030466 0.01843 -0.31369 -0.47816 0.060439 0.30168 -0.074349 -0.031864
