39 197
-1.2648 0.93509 1.1094 1.4288 1.7186 0.94848 0.20366 1.3326 0.21592 -1.4605 0.77187 1.5833 -1.2966 0.15868 -0.099736 -0.10042 -0.057344 -1.3122 0.16936 0.43187 -0.98493 -1.2359 0.95696 -0.90782 -1.6897 0.0048867 0.17233 0.17105 0.0084331 -0.25412 0.26315 -0.17905 -0.4723 0.4312 0.34501 0.056459 0.17896 -0.039077 0.068781
-1.0066 0.89734 0.50712 1.2513 0.097612 0.78989 0.14205 0.37978 -0.34942 0.17275 -0.24329 0.63032 -1.3486 0.47948 0.06442 -0.018183 -0.23939 -1.5088 -0.28336 -0.28108 -0.53155 -0.70386 0.9655 -1.1268 -1.9284 0.079495 0.044745 0.1321 -0.15419 -0.43399 0.70355 0.053563 -0.54043 0.79902 0.43576 -0.225 0.56327 0.16099 0.080859
-1.1756 1.008 2.3211 1.7234 0.73122 1.1958 1.4581 -0.17543 -1.8698 0.255 -0.73961 -0.27962 -1.3644 0.33384 0.1014 -0.14866 -0.40743 -0.69161 0.026315 -0.18096 -0.30629 -0.80781 1.0321 -0.42348 -1.6113 0.080927 -0.13473 0.076426 -0.4901 -0.30483 1.2304 0.23628 -0.29024 0.886 0.80523 -0.62916 0.77123 0.80279 0.047805
-1.0897 0.71295 0.29064 1.1426 0.42452 1.1945 0.42991 0.39717 -0.83578 -1.0267 -0.19456 -0.73251 -1.2158 0.16332 0.018841 -0.37639 -0.63609 -0.28181 0.33108 -0.36855 0.30958 -0.58011 0.4112 0.0022492 -1.3878 0.10022 -0.31018 -0.060384 -0.96305 -0.10901 1.0307 0.38298 0.20748 0.62779 0.91406 -0.79188 0.65032 1.2163 -0.031667
-0.50417 1.1692 1.1956 0.97853 0.053525 0.13689 -1.033 1.2326 0.10978 -0.18106 -0.93878 -0.65928 -1.1638 0.06667 0.050596 -0.82657 -0.38826 0.39404 0.31336 -0.12621 0.40061 0.28745 -0.11782 0.10056 -0.39318 0.073125 -0.12598 0.039893 -0.23614 0.28807 0.26585 -0.00049707 0.48007 0.17104 0.84383 -0.43372 0.080104 1.1039 -0.10475
-1.1033 1.0176 0.82085 0.85876 1.3772 1.421 0.50454 0.67995 -1.2741 0.37185 0.792 -0.16802 -1.2625 0.028356 -0.0077162 -1.4365 -0.43783 -0.1029 0.31419 0.094396 0.40969 0.54443 -0.1512 -0.060482 -0.18089 0.030362 -0.071959 0.04571 0.54356 0.6928 -0.37702 -0.36172 0.64637 -0.45613 0.5199 -0.22538 -0.40338 0.53663 -0.13926
-1.095 0.8292 0.54017 0.5376 0.50847 1.5685 -0.085103 1.3516 -1.0676 -0.51518 0.10618 -0.9604 -1.2163 0.16792 0.18212 -0.066324 -0.0051409 -0.25371 0.018156 0.54065 0.033705 0.28987 0.36931 -0.21721 -0.072893 -0.058227 -0.022008 0.034732 1.1718 0.64168 -0.90898 -0.63569 0.1683 -0.63128 0.28009 -0.29557 -0.7495 -0.25496 -0.043889
-0.9033 1.0003 -0.071579 1.2715 0.59818 1.1176 0.84962 0.16314 -0.13857 3.4787e-05 -0.93261 -0.08976 -1.2801 -0.01767 0.030087 0.20043 0.37734 -0.62521 -0.25163 0.58679 -0.35909 0.4514 -0.34137 -0.64194 -0.48938 -0.065351 -0.069079 0.077611 1.3254 0.56767 0.17308 -0.48243 -0.16796 -0.61628 -0.096395 -0.42591 -0.48558 -0.16258 0.054833
-1.0205 0.90977 0.034656 0.81227 0.21242 1.4233 1.095 0.85723 -0.79767 -0.61082 -0.7943 -1.1203 -1.236 0.054587 0.090641 0.4437 0.32028 -1.0006 -0.67536 -0.048632 -0.41403 0.90234 -0.67828 -1.1119 -0.69215 0.047703 -0.26233 -0.0015028 0.39275 -0.00028723 0.88359 -0.12353 -0.58136 -0.24441 -0.18234 -0.67455 0.16835 -0.11632 0.12236
-0.47457 1.2145 1.2151 1.0799 0.047396 0.48775 0.19905 0.88009 -0.0046591 0.22519 -0.30546 -0.72312 -1.2669 -0.039849 0.16752 0.67394 0.38694 0.62549 -0.30787 0.034057 -0.53576 0.077561 -0.55503 -0.58248 -0.14805 0.067638 -0.35807 0.032783 0.1339 -0.3027 1.3756 0.035177 -0.46215 -0.20597 -0.061078 -0.32139 0.98301 0.21205 0.10159
-0.94986 1.0594 1.4603 1.5312 -0.18064 0.30706 0.19075 0.43018 0.12068 -0.75848 -1.5561 -1.4361 -1.2733 -0.31443 0.11274 0.38218 -0.0097856 0.7962 -0.21342 -0.37244 -0.31076 0.14973 -0.97056 0.10645 -0.432 0.077369 -0.57966 -0.18505 -0.29296 -0.43164 1.1352 0.23408 0.097922 -0.38533 -0.2776 -0.33266 1.1211 0.0053663 0.040677
-1.2126 0.9504 0.59904 0.9284 0.10512 1.1075 0.4272 0.096421 -0.20754 -0.98218 -1.1305 -1.2919 -1.127 -0.5092 0.074779 0.4501 0.016816 1.066 -0.42872 -0.20013 -0.76739 0.73544 -0.90467 0.75015 -0.1808 0.08751 -0.31761 -0.16768 -0.29778 -0.51591 -0.21035 -0.13348 0.057331 -0.25195 -0.39994 -0.12056 0.72828 0.083836 0.020832
-0.95457 1.1091 0.87518 1.3391 2.0668 1.3322 0.58593 0.30248 -1.1732 -0.98379 -1.0087 -0.49315 -1.165 -0.80941 -0.16563 0.0055056 -0.24435 0.92191 -0.16806 0.25017 -1.0101 0.061878 -1.2364 0.50239 -0.63184 0.10456 0.40373 0.062209 -0.035215 -0.57178 -0.97407 -0.44922 0.092149 0.16235 -0.56484 0.28842 0.30436 0.38917 0.16556
-1.2454 1.153 0.27726 0.92478 0.75768 0.54918 0.22614 0.070469 0.48694 -1.4269 -0.29656 -1.3906 -1.2141 -0.39123 0.032637 0.30349 -0.39197 0.20509 -0.60991 -0.17747 -0.63381 -0.62692 -0.71228 0.70557 0.14567 0.087965 1.2226 0.27606 -0.2981 -1.1744 -1.8411 -0.86756 -0.31666 0.43839 -0.65644 0.24758 0.14151 0.38242 0.53917
-1.4052 1.0632 1.6876 0.99124 0.90478 0.17902 0.47161 -0.32366 0.85539 -1.3688 0.84139 -1.5021 -1.1275 0.40346 0.23796 0.36973 -0.7987 -0.55008 -1.026 -0.21371 -0.0046901 -0.23678 -0.50315 0.75726 0.18167 0.3508 1.9414 0.27429 -0.66478 -1.3927 -1.3863 -0.97557 -0.69758 0.035347 -0.62011 0.51312 0.53037 1.1027 0.96714
-1.6091 0.83929 1.1601 0.88748 0.75423 0.42919 0.68507 -0.92442 -0.60475 -1.8771 -0.97584 -2.1639 -1.122 1.223 0.32896 -0.29138 -1.747 -1.5859 -1.7295 -0.62332 -0.35053 -0.3603 -0.79298 0.92183 0.17647 0.85688 1.7021 -0.12539 -1.5345 -1.2556 -0.4991 -0.67582 -0.79736 -0.78929 -0.3847 0.9898 0.97101 1.8065 1.1154
-1.2199 1.2017 1.37 0.80144 0.093407 -0.087394 -0.36233 -0.13967 -1.6301 -1.5488 -0.56306 -0.3032 -1.1085 2.0931 0.13928 -0.91701 -1.9872 -0.72546 -1.5514 -0.95095 -1.0305 -1.2461 -0.16341 1.4799 1.4923 1.3215 0.80686 -0.43693 -1.6947 -0.59635 0.50916 -0.31539 -0.99766 -1.3442 -0.0039929 1.7316 1.5074 2.5866 0.69681
-0.14629 1.417 0.65507 -0.45372 0.34171 0.014279 0.40022 0.69583 -0.051166 -1.515 0.64065 -0.86528 -0.50107 2.017 -0.12252 -1.84 -1.9798 -0.60133 -1.6981 -1.4343 -1.6329 -0.84112 1.1456 2.3212 2.974 1.4495 -0.32653 -0.47286 -0.83479 0.62473 1.0449 0.39357 -0.61654 -1.3334 0.3553 2.4328 1.2503 2.1372 -0.24384
0.51728 1.475 0.15521 -1.4834 -0.38526 -1.7365 -0.74059 -0.99001 -0.76001 -2.5561 1.0871 -0.95909 0.036597 1.5522 -0.25333 -1.9313 -1.7183 -0.062875 -1.6805 -1.838 -1.9746 0.02191 2.1038 3.1195 3.7564 1.2081 -1.5468 -0.11296 0.594 1.9474 0.19608 1.0236 -0.16129 -0.5246 0.74725 1.8171 -0.22815 0.603 -1.4175
0.84226 0.93142 -0.29362 -1.3028 0.35002 -1.1866 -1.1449 -2.3874 -1.2731 -1.0753 2.6457 1.0312 0.39409 0.87758 -0.25088 -1.3105 -0.79473 0.057768 -0.90296 -1.4403 -2.468 -0.28035 3.1136 2.644 3.1597 0.5091 -2.211 0.23648 1.957 3.0462 0.36726 2.2833 1.0095 1.2584 0.62068 0.38273 -2.2483 -1.6526 -2.1853
0.099428 0.68338 -0.45016 -1.0954 0.15867 -1.6443 -1.6155 -2.7984 -0.78266 0.9655 3.6209 3.1055 0.32156 -0.28045 0.019421 -0.13396 0.80625 -0.65731 0.057899 -1.2895 -1.6006 -0.053604 2.6075 0.8699 2.5847 -0.55683 -2.1888 0.52318 2.3199 3.0831 0.13399 2.7018 1.9497 2.8437 0.74108 -1.3104 -3.9795 -3.662 -2.2185
0.050043 0.88317 -0.99517 -1.3076 0.53075 -1.5468 -2.3657 -2.6356 -0.72593 0.92108 3.302 3.1944 -0.0040896 -1.2767 0.13198 0.76467 2.0541 0.41169 1.9285 0.31326 0.72375 0.42448 1.6543 -1.0888 0.43739 -1.2883 -1.5212 0.52675 1.8334 1.9767 0.23192 2.2083 2.1929 3.6986 0.8521 -2.7957 -4.1361 -4.3049 -1.4758
0.42343 1.3623 0.16471 -0.503 -0.16753 -0.90604 -1.6742 -2.9505 -1.7772 2.4744 3.3674 2.5686 -0.53118 -1.5383 0.41779 1.1883 2.2175 0.042486 2.2263 1.2048 2.1129 1.1305 0.059488 -3.0508 -1.8422 -1.5685 -0.49398 0.084867 0.93387 0.38131 0.59136 1.2644 1.9797 2.7528 -0.013904 -2.7492 -2.6939 -3.4692 -0.26948
-0.30172 1.5372 0.60727 0.61391 -1.1426 -0.2885 -1.6563 -1.5745 0.32089 0.18424 1.0246 1.7133 -1.0693 -1.3879 0.41835 1.309 1.9366 0.17216 2.3604 1.723 3.052 0.80357 -1.4871 -3.7491 -2.8145 -1.4302 0.25762 -0.47618 -0.051921 -1.0449 0.38496 -0.23302 0.69668 1.1442 -0.58915 -1.955 -0.5993 -1.3111 0.7685
-1.1314 1.0771 0.77912 1.4608 1.4209 1.3641 0.37748 0.14995 -0.60104 -0.25749 -0.51173 -0.36942 -1.2125 -1.1601 0.017664 1.254 1.5285 0.59468 2.3246 1.9859 2.7387 -0.24406 -1.5996 -3.2362 -2.381 -0.93283 0.62328 -1.2421 -0.48963 -2.2673 0.64617 -1.4464 -0.43435 -0.70266 -1.3417 -0.30829 1.6218 0.7894 1.8057
-1.0015 1.1993 0.58579 1.1256 0.084406 0.94108 0.18552 0.086896 0.64407 0.15197 -1.4993 -0.37384 -1.2847 -0.96761 -0.44957 0.61597 0.5827 0.88427 1.4034 1.313 2.7284 -0.0030311 -1.636 -2.1955 -1.7635 -0.33382 0.84358 -1.3661 -0.29459 -2.9265 -0.28651 -2.885 -1.6603 -2.1114 -1.0323 0.90806 2.6148 1.7035 2.3442
-1.188 1.3171 0.7532 0.79315 0.18519 0.76647 0.13794 1.2845 -0.39407 -0.8148 -1.2866 0.081272 -1.3838 -0.55286 -1.19 0.6304 -1.0464 0.9205 -0.16855 0.51708 0.93436 -1.0381 -0.54818 -0.53421 -0.82644 0.87358 0.92739 -0.89977 -0.23704 -2.5293 -0.57428 -2.8666 -2.0167 -2.0799 0.060828 1.4993 2.7503 1.3486 2.0053
-0.73259 1.0518 0.97735 0.94005 0.92811 1.6813 0.58085 0.20544 -2.2832 -0.32407 -0.87576 0.13213 -1.1781 -0.075764 -1.2236 1.0678 -1.8626 -0.48982 -2.1088 -0.9099 -0.17627 -0.77231 -0.15569 0.20182 -0.30483 1.5489 1.3017 -0.4242 -0.36344 -1.5182 -0.77007 -1.9312 -1.6741 -1.7711 1.001 1.7746 2.3631 0.72863 1.4383
-1.0088 0.78807 1.074 0.73804 0.44212 0.85446 0.069215 1.6793 -0.12649 -0.52892 -0.63266 -0.56743 -1.0452 0.16961 -1.0738 0.57871 -1.645 0.24791 -1.5988 -0.98944 0.12289 0.28438 0.75167 1.1411 -0.50105 1.4467 1.4297 0.1028 -0.98441 -0.37688 -0.96207 -0.69532 -1.1634 -0.48225 2.1664 1.2424 1.3382 0.23793 0.57464
-1.4532 -0.37591 1.4549 -1.1313 0.87406 -0.5265 -0.33627 -0.52288 -1.231 -0.63384 -0.483 -0.27473 0.49954 1.1607 -1.2038 -0.035259 -1.7565 -0.17708 -1.7128 -1.3289 -0.32242 1.2999 1.3801 1.7597 -0.50097 1.7614 1.3342 0.25061 -1.5385 0.30074 -0.72868 0.59456 -0.28072 -0.06281 1.687 0.89255 0.48671 0.66411 -0.045593
-0.99789 0.087999 2.0973 -1.0712 -0.15966 -1.9745 -1.4274 0.0072962 -1.0878 -0.13139 -0.9512 -1.0081 0.52076 1.5625 -1.029 -0.61388 -1.7539 -0.9903 -1.756 -1.6377 0.10358 2.1465 1.239 1.4066 -0.24029 1.7186 0.96336 0.36129 -1.4693 0.76191 -1.327 0.88637 0.056116 -0.15247 0.75176 0.29958 -0.3145 1.3878 -0.67113
-0.54731 0.54946 0.60723 -0.5252 0.73113 0.25682 -0.83162 1.4446 1.3489 1.4742 0.94574 -0.73816 -0.27774 1.7793 -0.83189 -1.1299 -1.2847 -1.1914 -0.87109 -1.1683 -0.23973 1.5892 1.4254 1.0664 0.86678 1.3368 0.1624 0.59531 -1.0593 1.2314 -1.1766 1.1869 0.30825 -0.58689 -0.5205 -0.26922 -0.71272 1.486 -1.3533
0.83738 -0.29444 0.57078 -1.4523 0.12826 -0.82096 -1.6021 0.26547 0.25143 0.89783 1.9481 -0.41765 0.94484 1.7045 -0.66355 -1.5432 -0.55578 -1.6775 -0.28393 -0.97242 -0.16916 1.6214 1.3159 0.86448 1.499 0.54672 -0.73308 1.1451 0.25568 1.8003 -0.55781 1.1569 0.65662 -1.272 -2.0347 -0.87621 -1.2513 0.59614 -1.8905
0.62165 -0.39924 0.40962 -1.6215 -0.71104 -1.0311 -2.0609 0.71164 1.1465 0.75847 0.38953 -0.45825 1.1216 1.4063 -0.40527 -1.5014 -0.21433 -1.9866 -0.11941 -1.0553 -1.2972 0.58064 0.74113 0.60199 1.501 0.10515 -1.9381 1.9222 1.2145 2.2761 0.82332 1.563 1.0501 -1.0097 -2.6306 -1.2044 -1.3597 -0.52151 -2.4726
0.27962 -0.5772 0.11495 -1.6126 -0.86595 -0.95731 -1.5182 0.20819 1.2019 1.3425 0.43242 1.1806 1.02 0.35772 0.6435 0.010156 0.84112 -1.596 0.13837 -0.38478 -1.8358 -1.2631 -0.28656 -0.8794 0.61479 -0.79758 -2.2475 2.2446 1.8356 2.2935 2.2195 1.9664 1.7809 -0.26402 -2.6737 -1.4216 -1.2409 -1.5197 -2.3895
0.45215 -0.8205 -0.10651 -1.6322 -1.3441 -1.3416 -2.1916 -0.81389 0.73808 1.5262 0.88934 1.4045 0.7774 -1.2368 1.6789 0.25907 1.9743 0.33103 1.9905 0.64162 -1.355 -2.0362 -0.32622 -0.79912 0.34665 -2.0872 -1.8453 1.7298 1.6398 1.9413 3.1519 2.0689 2.3291 1.1859 -1.5333 -1.2779 -0.93209 -2.1905 -1.7792
1.1231 0.35768 -0.14434 -0.76829 -2.1872 -1.0943 -3.0731 -1.4372 0.22378 1.3373 1.0461 0.26672 0.0064828 -1.2535 1.989 0.8611 2.3376 1.3213 2.5308 1.758 -0.61188 -2.2212 -1.1567 -0.93215 -0.79226 -2.3156 -0.8241 0.34194 0.52135 0.74857 2.7557 1.2351 2.2007 2.3664 0.39599 -0.87315 -0.28585 -1.9991 -0.39902
0.0032366 1.4112 1.2541 0.81744 -0.53275 0.83739 -0.72376 -1.1071 -1.1849 0.33765 -0.86109 -0.55452 -1.0874 -1.3007 1.7697 1.005 2.4128 2.4452 2.7565 2.5586 0.49096 -1.8834 -1.5301 -1.2442 -1.9451 -2.0834 0.25157 -1.1316 -0.057097 -0.55803 1.1874 -0.53339 1.2789 2.1618 1.2189 -0.19708 -0.19447 -1.1621 1.1276
-1.262 1.2128 0.56451 0.88719 1.0027 2.0507 -0.43022 -1.0744 -2.196 0.50602 0.53603 0.61434 -1.3149 -1.1752 1.1624 0.55412 1.9238 2.501 2.1801 3.083 1.9796 -0.54677 -1.5459 -1.2222 -2.0234 -1.461 0.77603 -1.8501 -0.93318 -1.511 -0.31408 -1.8421 -0.35223 1.1985 1.7461 0.89746 0.27298 0.063676 1.8253
-0.46182 1.2493 1.2688 0.92827 0.16098 1.4108 0.94669 0.25523 -0.6672 -0.77134 -1.4692 -1.303 -1.2169 -0.78928 0.23232 0.28738 1.2117 1.981 1.0963 2.5447 1.6823 -0.48717 -0.58155 -1.0346 -1.2234 -0.64736 1.087 -1.5156 -0.73863 -1.6089 -1.2721 -2.6207 -1.6674 -0.43217 1.3716 1.4536 0.63243 1.0956 1.7492
-0.66314 0.94776 0.84719 1.3242 1.5385 1.7931 1.6508 0.47582 -1.0583 -0.14591 -0.97683 -1.575 -1.2728 -0.022204 -0.2843 -0.48359 0.31212 1.0031 -0.29438 1.038 1.2175 0.48781 0.20404 -0.47191 -0.9978 -0.01093 0.72424 -0.77278 -0.20291 -1.1755 -1.3724 -2.1107 -2.4293 -1.4425 0.44031 1.4759 0.96698 1.6249 1.117
-0.31983 0.93325 0.25759 1.0735 0.51535 1.0008 1.5019 1.9466 0.25079 -0.44698 -0.65625 -1.7374 -1.173 0.20287 0.0014529 0.17085 0.4224 0.86365 -1.1999 0.1994 0.067316 0.28122 0.59104 -0.32719 -0.33196 0.088263 0.0098601 -0.35096 0.11928 -0.87094 -1.186 -1.2806 -2.172 -1.5837 0.71941 0.25126 1.1232 1.5161 0.68223
-0.27335 1.1782 0.94978 1.5123 0.5463 1.1309 0.85822 -0.17644 -2.1556 0.84732 -1.2149 -1.0511 -1.2069 -0.28316 0.0082954 0.22451 0.27572 0.54272 -0.85784 -0.66394 -0.018605 -0.05238 0.91026 0.39292 0.66766 0.020817 -0.66071 -0.75101 -0.21665 -0.96862 -0.39664 -0.36361 -1.4197 -1.4856 0.69454 -1.1966 1.0751 1.4319 0.80057
-0.71316 1.0202 0.39572 1.0028 1.4518 0.99962 0.72783 0.48573 -0.49344 0.48333 -1.1897 -1.6328 -1.1867 -0.63311 -0.48958 0.12592 -0.28343 0.040699 -1.1679 -1.0046 -0.7851 1.202 -0.44864 0.81794 0.87291 0.46622 -0.44636 -1.3439 -1.3116 -1.7087 -0.64509 -0.067938 -0.66206 -0.36769 1.2191 -2.0403 1.0611 0.85957 1.1346
-0.82286 1.2853 1.4153 1.6639 2.0128 0.11137 0.46437 -0.87371 -1.3597 0.66308 -0.43482 -0.18976 -1.1758 -0.85745 -1.2725 -0.87375 -1.0181 0.71087 -1.0445 -1.2417 -1.2473 1.3983 -1.8127 1.143 1.168 1.1256 0.024623 -1.3583 -1.1606 -1.6913 -0.70321 -0.037022 -0.16172 -0.3015 0.86596 -1.7847 0.36856 0.22892 1.1767
-0.71126 1.0042 1.2487 1.2971 0.4778 0.79573 0.4098 1.5832 -0.33922 0.39939 -0.71994 -0.88271 -1.2276 -0.35442 -1.5673 -1.6652 -1.9004 -0.38583 -1.2564 -0.86406 0.004697 1.9424 -2.3453 1.4569 1.0931 1.4147 0.037087 -0.67308 -0.33576 -1.0384 -0.2531 0.43891 0.20797 -0.32819 -0.35086 -0.54131 -0.50326 -0.24149 0.6535
-1.3458 -0.02539 0.24896 0.48648 1.0895 -0.099233 0.10745 -0.853 1.6085 -1.5896 0.79882 -0.59583 -0.32694 -0.36867 -1.6858 -0.99313 -1.8553 -0.51743 -0.90233 -1.0766 -0.95937 1.2802 -1.9056 0.8318 1.0284 1.495 -0.3148 0.31644 1.084 -0.0024241 0.36446 0.90319 0.68765 -1.0351 -1.3339 0.8392 -1.1179 -0.49069 -0.11396
-1.1424 -0.5631 -1.2383 -0.56848 1.7347 -0.22835 -0.86298 -0.82383 0.64506 -2.7075 0.64891 0.20296 0.46242 -0.7999 -1.3885 -0.44161 -1.6694 0.21786 -0.38736 -0.68328 -1.5278 0.60765 -1.5707 -0.031584 0.51523 1.3633 -0.5321 1.1032 1.9983 0.98662 1.0996 1.2154 1.1705 -0.97485 -1.6551 1.9855 -1.3322 -0.71714 -0.79002
-0.43019 -0.16566 -0.75231 -1.1845 -0.11025 -0.52971 -0.028002 0.68407 0.20477 -1.3482 0.73559 0.18733 0.18424 -1.2282 -0.83951 0.44512 -1.1372 1.1196 0.28991 0.039986 -2.4799 -0.49115 -0.4866 -0.36119 0.55357 0.9619 -0.21507 1.23 1.5434 1.5098 0.94279 1.0969 1.6063 0.23124 -0.7651 2.0432 -0.74237 -0.65097 -1.1035
-1.4746 -0.54042 0.76455 -0.51546 1.4286 -0.05898 -1.095 -1.9507 0.84011 -1.2557 -0.39842 -0.06329 0.27367 -0.93259 -0.17359 1.1935 -0.54371 0.87235 0.53322 0.92444 -1.1146 -0.3507 1.0515 -0.62844 -0.0053099 0.37211 0.87875 0.52195 0.20106 1.5088 0.19064 0.55781 1.0564 1.0995 0.080381 1.276 -0.12566 -0.31214 -0.66269
-2.0509 -0.15158 1.2129 -0.20762 2.122 0.047452 -0.11948 -2.5243 -0.39951 -1.6997 -0.75439 0.041823 0.32604 -0.70562 -0.26784 0.94753 0.20713 0.94059 0.78905 1.346 -0.6567 0.3039 1.0101 -0.35853 0.079196 0.16217 2.0423 -0.2204 -1.5744 0.77651 -1.0206 -0.11939 0.56173 2.1874 0.61189 0.1717 0.20246 0.00047369 0.13163
-2.3452 -0.44128 0.76174 -0.74326 1.9059 1.2454 0.74065 -2.5885 -0.11703 -1.0346 -0.28401 -0.094683 0.28851 0.62166 -0.81379 -0.3529 0.28188 0.69496 0.44958 0.78011 -0.21035 0.39178 0.3061 -0.27422 0.19001 0.66496 2.3708 -0.66712 -2.4443 -0.078188 -1.4671 -0.44162 0.11815 2.0619 0.87945 -0.58757 0.22952 0.76121 0.74538
-1.678 -0.43079 0.50347 -0.92387 1.7874 -0.17406 1.2921 -1.1606 1.5643 -0.25968 0.30198 -0.47016 0.47765 1.8967 -0.88022 -1.6404 -0.1995 -0.65497 0.080209 1.2301 1.4518 0.34843 0.20605 -0.11589 0.49051 1.0329 1.6974 -0.26738 -2.0813 -0.70704 -1.561 -0.66113 -0.078132 1.8708 0.77176 -0.61508 -0.20492 0.87928 0.726
-1.2797 -0.90908 -0.29818 -0.24298 1.9931 0.7215 0.87916 -0.89269 0.69215 -1.2691 -0.042194 0.71884 0.58751 2.2947 -0.96314 -1.9384 -0.47566 -1.0228 -0.00053725 1.2049 1.9664 1.3559 0.18842 -0.27263 1.2765 1.1708 0.10221 0.49868 -0.94519 -0.75151 -1.0242 -0.30287 0.020203 1.2084 0.84017 -0.47166 -0.27662 0.71552 0.10963
0.48263 -1.3024 -0.49802 -0.54238 0.85227 -0.046724 0.062449 -0.97099 0.46956 -1.1156 -0.5857 0.15063 1.2327 1.702 -0.63125 -2.0316 -0.64255 -1.0679 -0.30779 0.9599 2.0115 1.3422 -0.2536 -0.76097 1.2489 1.1112 -1.1468 1.0683 0.21091 -0.53746 -0.20749 -0.34127 -0.245 0.35947 0.92243 -0.28437 0.13679 0.32855 -0.47621
-0.020702 -1.2128 -0.87478 -0.91553 0.97146 0.35467 1.6936 -0.26304 0.71983 -1.0813 -0.92815 0.57683 1.5969 0.92084 -0.11603 -1.8824 -0.80235 -0.96849 0.029543 0.94002 1.9544 1.5477 -0.48721 -0.49836 1.211 0.80682 -1.7728 1.325 0.82202 -0.2995 0.14486 -0.5465 -0.42597 0.15573 0.25489 0.2574 1.1345 0.070735 -0.95093
-0.09518 -1.092 -1.0607 -1.2739 1.1003 0.61038 2.5509 0.32209 2.2728 -0.93603 -0.75678 2.1228 1.4989 0.40327 0.45563 -1.3108 -0.96981 -1.0344 -0.62475 0.85204 2.221 2.0647 -0.088294 0.28653 1.1844 0.42554 -1.3801 0.94814 1.4489 0.0047406 0.12179 -0.99672 -1.0868 -0.26457 -0.64142 1.1225 1.8119 -0.20377 -1.0848
-0.67795 -1.0452 -1.8786 -1.7008 0.66461 0.22971 1.9382 0.77576 2.2376 -1.1621 -1.229 0.89814 1.4516 -0.4302 0.67519 -0.84022 -0.83202 -0.73707 -0.93747 0.38308 2.2213 1.5143 0.60459 1.5113 1.4775 -0.062058 -0.83221 0.3482 1.938 0.32784 0.1246 -1.5477 -1.7196 -0.88999 -1.845 1.6777 1.6088 -0.80557 -0.85026
-0.1725 -0.62575 -1.8476 -1.469 0.7348 0.0076931 2.0171 1.7287 3.205 -1.4157 -0.14071 1.3426 1.3984 -0.24766 0.53484 0.035158 -0.61883 -0.92397 -1.8093 -0.97141 1.4053 0.14296 1.5052 1.9121 0.76018 -0.25182 -0.13263 -0.11177 2.1823 0.56971 0.44256 -1.1315 -1.828 -1.64 -2.6898 1.9126 0.83723 -0.85845 -0.54062
0.14399 -0.5993 -1.5717 -1.4867 0.19602 -0.53444 1.5441 2.0009 2.7307 -1.1977 0.4288 2.3475 1.3659 -0.33404 0.41903 0.91369 -0.40728 -0.75881 -2.4519 -1.6352 0.6508 -1.038 2.1799 1.956 -0.08165 -0.26343 0.62911 0.08419 2.1065 0.60002 0.67992 -0.25549 -1.3413 -2.0918 -2.8759 1.6647 -0.20942 -1.0931 -0.42416
-0.35724 -0.65358 -1.3863 -1.9216 0.064357 -1.1521 1.265 2.0912 2.0192 0.47609 2.0274 2.4139 1.3077 0.1091 0.40162 1.7216 -0.19116 -0.16777 -2.1188 -1.8447 -0.19061 -1.8415 3.0783 1.7706 0.35823 -0.36983 0.95406 0.95056 1.5705 0.88894 0.72003 1.3055 -0.35682 -2.0233 -2.1324 0.56626 -0.99186 -1.4119 -0.84109
-0.54211 -0.69391 -0.71456 -1.9189 0.045203 -1.8924 0.35907 1.3318 1.0176 1.3057 1.3864 1.4845 1.2695 0.59815 0.88212 2.0893 -0.0021402 0.18162 -1.3031 -1.9038 -1.0724 -3.0362 3.2548 1.1713 -0.37539 -0.70621 0.69534 1.4506 0.62351 1.5286 0.52655 2.722 0.57714 -1.5182 -0.95755 -0.94461 -1.6247 -1.6182 -1.452
-0.7042 -0.56622 -0.2784 -1.8837 0.26975 -2.5755 -0.060772 1.2957 1.2703 1.5747 1.6096 1.0833 1.1444 1.1127 1.869 2.2544 0.72456 -0.022863 0.18022 -1.5734 -1.6892 -2.9609 2.1114 0.31104 -1.7556 -1.4242 -0.20002 1.2555 -0.24343 2.0391 0.55292 3.2277 1.2408 -0.83812 0.35687 -2.0818 -1.8436 -1.6825 -1.6714
0.13528 -0.3341 0.034278 -1.7187 0.65332 -1.9034 -0.69895 0.83721 0.18345 2.754 1.655 2.0476 0.93898 0.49719 2.0737 1.7483 1.7928 0.18052 1.7611 -0.6219 -1.5556 -2.3064 0.65289 -0.58775 -2.0814 -2.1418 -1.1768 0.25153 -0.97782 2.1006 0.34989 2.634 1.8197 0.14026 1.2771 -2.6199 -1.8449 -0.8218 -1.248
1.0731 0.75529 0.65494 -1.3564 0.63742 -1.2499 -0.60462 0.31212 -1.2955 2.7124 2.056 1.0399 0.36596 -0.21503 1.8732 1.4312 2.4567 0.89357 2.7108 0.0030274 -1.5577 -1.4894 -0.005292 -1.0661 -1.9683 -2.4211 -2.0256 -0.96331 -1.2316 1.3308 0.44842 1.1968 1.6877 0.6507 1.7643 -2.393 -1.5121 0.10617 -0.2787
1.0295 1.7106 1.0735 -0.38733 -0.49176 -0.085405 -0.62347 -0.50988 -1.0699 1.466 1.0487 -0.94648 -0.67068 -0.97543 1.2956 0.71701 2.784 0.40692 2.6203 0.96517 -0.80906 -1.2731 -1.1947 -1.859 -1.8048 -2.2756 -1.8582 -1.6187 -1.2294 -0.034832 0.29071 -0.33864 0.77792 0.62965 1.8775 -1.7903 -0.81871 0.48013 0.83529
-1.0579 1.0416 0.40592 0.73574 0.57368 0.80538 0.61632 0.08938 -0.63446 1.4494 0.58975 -0.69947 -1.3164 -2.0073 0.67497 0.52897 2.5431 0.73055 2.0998 1.0239 -0.72241 -0.035383 -1.9989 -2.0992 -1.6574 -1.8195 -1.0222 -1.7459 -1.1797 -1.2719 0.16209 -1.4186 -0.21677 1.1394 1.4614 -0.74807 0.12056 0.87489 1.6611
-0.96688 0.92939 1.1768 1.1817 1.8197 0.78814 -0.10389 -0.97719 -0.46301 1.8438 -0.43911 -0.82535 -1.2761 -2.1437 0.011508 -0.037785 1.6897 0.83557 1.3819 0.42201 -0.67486 0.62801 -2.1262 -1.7144 -1.2862 -1.0596 0.66342 -1.2075 -0.48827 -1.9543 -0.01653 -1.6091 -1.1432 1.1938 0.86075 0.50728 1.1846 1.3779 1.9335
-1.0117 0.82967 0.38196 1.4842 0.20691 0.30095 1.4564 0.72153 -1.2285 0.036031 -1.1912 -0.55353 -1.2564 -1.5735 -0.35528 -0.33893 0.79354 1.0138 0.51143 -0.1789 0.68324 0.41577 -1.1397 -0.88167 -0.52307 -0.27823 1.6622 -0.57154 -0.13082 -1.9451 -0.76407 -1.2084 -0.89035 1.4404 0.023689 1.5502 1.6154 1.3131 1.5236
-1.4484 1.0896 1.1642 1.3421 1.4631 1.0661 0.21544 -0.94077 -0.14851 0.093473 -0.96907 -0.73402 -1.3248 0.079849 -0.17404 0.249 0.26218 0.26792 0.21958 -0.75693 0.90385 0.19407 -0.60384 -0.058721 0.2932 0.1558 1.5827 -0.008071 0.1876 -1.5151 -0.68542 -0.50178 -0.31847 0.59492 -0.27208 1.4739 1.6869 0.83147 0.90251
-1.1788 1.2547 0.50964 0.87229 0.94436 0.98133 -0.42559 -1.1639 -0.39003 -0.49756 -0.33011 -2.1266 -1.2801 0.057985 -0.17075 0.12759 -0.12381 -0.37214 0.27771 -0.19983 1.3925 0.25347 0.43763 0.35349 0.094307 0.095746 1.0284 0.11014 0.0075876 -0.81896 -0.92135 -0.059176 0.48295 -0.51366 -0.53088 0.67385 0.89519 0.54719 0.35453
-1.5754 0.86755 0.34443 1.1603 1.1982 0.76025 -0.458 1.8525 -0.46608 0.90069 -0.40861 -1.3008 -1.2137 0.065864 -0.09223 0.044612 -0.48483 0.28817 0.49172 -0.22632 0.20012 0.20833 0.12362 1.093 0.026714 0.24769 0.3485 -0.0023642 -0.557 -0.33564 -0.73939 -0.038595 0.97299 -0.74827 -0.70218 -0.17155 -0.1041 0.71694 0.026557
-0.41989 0.62086 1.3695 1.4964 1.1781 1.0576 -0.32911 0.87259 -0.51038 0.97701 0.088362 0.68589 -1.0369 0.40166 -0.21317 -0.24538 -0.25597 -0.67512 0.24281 0.51469 0.069033 -0.59329 -0.13526 0.36611 0.68887 0.26247 0.49815 0.24287 -0.33451 -0.069782 -0.75016 -0.27029 0.59377 -1.4177 -0.5619 -0.76814 -0.46426 0.8371 -0.048393
-1.1825 0.82824 1.0126 0.94142 0.51021 0.96462 0.83806 1.1445 -0.30843 1.9378 -0.64454 -1.3619 -1.2636 0.57956 -0.15491 -0.5903 -0.25455 -0.92122 0.14515 0.83389 0.13482 -0.71619 -0.71404 -0.26272 1.3988 0.11584 0.063432 0.15482 -0.56668 -0.028389 -0.78214 -0.5983 0.24253 -0.99658 0.024903 -0.49427 -0.57308 0.44479 -0.076421
-1.2909 1.0426 0.25986 0.46941 1.2377 1.3586 0.47277 -0.90826 -0.65002 -1.3789 1.1324 -1.1223 -0.88542 0.75809 0.26197 -0.17991 -0.3596 -1.1281 -0.098663 0.45267 -1.3315 -0.34627 -0.7856 0.10512 1.0406 0.080932 0.55618 -0.47266 -0.55382 -0.12665 -0.19129 -0.63167 -0.75918 -0.77168 0.54042 -0.27278 0.047665 -0.32665 0.40664
-0.73973 0.85311 0.62129 1.1049 0.18501 1.2543 0.42509 -0.73437 -1.2958 0.077381 -0.99948 0.042785 -1.0496 0.015507 -0.073285 -1.0313 -0.48171 -0.90542 -0.5353 0.27829 -1.0221 0.15906 -0.62155 0.077148 0.73396 0.2113 1.1611 -1.2449 -0.1021 -0.44855 -0.17331 -0.72133 -1.3203 0.089052 0.73456 0.91008 0.4161 -0.74723 1.0303
-0.35543 0.83798 -0.44608 0.67588 -0.16806 0.86034 0.72443 1.4449 -1.319 -0.68248 -0.98719 0.58868 -1.2049 1.7513 -1.0298 -1.0449 -0.36191 -1.0052 -0.68065 -0.7559 -0.82958 0.041521 -0.78945 0.30546 0.43116 0.88771 1.1495 -1.6812 0.022196 -0.96196 -0.12832 -0.61762 -1.4578 0.8665 0.82579 1.3352 1.042 -0.55448 1.4917
-0.34948 1.1816 1.3227 0.84986 0.052623 0.60671 0.069171 -0.95017 -0.34214 0.9521 0.6415 0.50574 -1.0062 2.3042 -1.5553 -0.36406 -1.0325 -1.2714 -1.0047 -1.2429 0.11151 0.53826 1.1492 0.49164 0.31018 1.4185 0.73788 -1.1835 0.7043 -1.2492 -0.0082243 -0.35012 -1.1314 0.55138 1.0214 1.4633 1.2607 -0.25942 1.4536
-1.2281 0.31516 -0.57973 0.4215 0.21303 0.3834 0.77329 -0.85848 0.062364 0.084402 0.082508 0.39689 -0.68039 1.8129 -1.7611 -0.49587 -1.7558 -1.1502 -1.0999 -1.7454 -0.13088 1.0891 1.0779 2.0184 0.22729 1.9476 -0.60746 -0.19996 0.49086 -1.253 0.40572 -0.20397 -0.0744 0.62632 1.1993 0.88752 0.68593 0.12013 0.73123
1.8778 -0.66197 -0.66497 0.25049 -0.68611 0.45527 -1.05 -0.72153 -1.0232 -1.0128 0.223 -1.6775 0.32878 1.3989 -1.6529 -0.059335 -1.9557 -0.81484 -1.0331 -1.5266 -0.22814 1.6391 1.461 1.7836 0.37416 2.0884 -1.0684 0.84556 0.6473 -0.36891 0.86696 0.087853 0.73024 0.3751 0.81618 -0.28889 -0.17558 0.30116 -0.17036
1.4979 -0.58772 0.45008 -1.135 -0.7256 0.014097 -1.5342 0.088491 -0.16084 1.6332 1.14 0.67041 0.80162 1.0523 -1.3082 -0.33526 -2.0778 -0.44618 -1.0851 -0.78016 0.63203 1.8394 0.86893 1.0598 0.66229 1.7633 -1.462 1.5302 0.76838 0.52144 1.3219 0.26139 1.5917 0.39056 0.34024 -0.5116 -1.5112 0.27763 -1.0997
0.62707 -0.76827 -0.27548 -1.3118 -1.3895 -0.36133 -1.8754 -0.22058 0.4586 1.5741 2.7103 1.1132 0.98267 0.65364 -0.38883 0.69947 -1.5121 0.020938 -0.85415 -0.26742 0.52427 1.7696 0.61216 0.62863 0.70153 1.2278 -1.1581 1.4793 0.13463 1.2928 1.3041 0.53897 1.7323 0.24547 -0.39112 -1.214 -1.7594 -0.40087 -1.4592
0.67286 -0.55203 0.14238 -1.6205 -0.46463 -0.4652 -0.86455 0.10718 1.6873 1.6069 1.6837 0.81703 1.0653 -0.59593 0.12621 0.4867 -1.0705 0.9217 -0.68854 0.82187 0.31774 1.7087 0.39583 -0.44797 0.6275 0.55583 -0.41479 0.9162 -0.29926 1.6225 0.8145 0.8028 1.2331 0.21973 -0.98592 -1.1409 -1.7453 -0.83442 -1.2569
0.75445 -0.5733 0.054297 -1.7885 -0.14873 -0.7554 -0.42836 -0.33849 1.971 1.0049 1.3416 0.6621 1.0668 0.021065 0.065568 -0.25009 -0.21132 0.95791 -0.18207 1.1532 0.46647 0.9731 -0.87519 -1.0085 -0.34031 0.27456 0.24319 0.0056057 -1.2318 1.4039 -0.38387 0.78147 0.42145 0.66294 -1.3114 -0.89864 -1.352 -0.62593 -0.81674
1.0214 -0.46405 0.34908 -1.3539 -0.25406 -0.37883 -0.49933 0.057058 1.1925 0.11863 0.67642 0.24244 1.148 0.58436 -0.026247 -0.42194 0.093 0.63221 0.14944 0.98271 1.1474 0.35454 -0.80772 -1.6391 -0.37663 0.15748 0.75074 -0.41226 -1.2155 1.0661 -1.5516 0.63267 -0.44592 0.7794 -1.1033 -0.4708 -0.63516 -0.21801 -0.3987
1.0942 -0.58751 0.19457 -1.7856 0.23354 -0.54281 -0.24505 0.045722 1.1838 1.0859 -0.17693 0.047348 1.1648 0.53419 -0.30158 -1.0877 0.34734 -0.51432 0.25529 0.48693 1.4737 -0.066671 -0.70057 -1.4977 0.041918 0.073611 0.24744 -0.37163 -0.73477 0.5803 -1.8392 0.28905 -0.78294 0.19488 -0.52101 0.29999 0.076824 0.25298 -0.25917
1.1394 -0.62516 -0.42781 -1.39 -0.16312 -0.2523 0.029011 0.97321 1.5741 0.58447 0.83679 0.70458 1.1979 0.58623 -0.36667 -1.3067 0.50412 -1.1921 0.32721 0.23896 1.4091 0.11823 -0.71282 -1.4753 0.053736 -0.0046769 -0.31055 -0.11412 -0.033439 0.39059 -1.4633 -0.16923 -0.82929 -1.1764 -0.54311 0.24196 0.61848 -0.029608 -0.25838
1.3017 -0.7682 -0.76375 -1.2901 -0.60685 -0.25669 -0.16925 1.6697 1.5383 0.50546 -0.35598 0.44421 1.178 0.49894 -0.37383 -1.1538 0.59254 -1.5143 0.28453 -0.071231 0.77291 0.10842 -0.33489 -0.92216 -0.03866 -0.074229 -0.74414 0.41253 1.3159 0.20653 -0.30524 -0.51688 -0.61761 -2.2778 -0.87796 0.59781 0.88905 -0.40406 -0.36244
1.2759 -0.91902 -1.138 -1.2141 -1.2034 -0.30657 -0.03939 1.8015 1.6972 0.29483 -1.0221 0.79224 1.127 0.016578 -0.17607 -0.47148 0.65004 -1.5536 -0.21517 -0.42812 -0.78084 -0.75863 -0.52396 -0.66295 -0.35919 -0.19716 -1.1428 0.76063 2.2062 0.11029 0.58572 -0.62458 -0.54296 -2.5527 -1.5702 0.86355 1.4227 -0.27948 -0.51179
1.6179 -0.87793 -1.1349 -0.98103 -1.5057 -0.21901 -0.18088 1.1485 1.7571 -0.43555 -1.1947 0.17361 1.0759 -0.59336 0.28363 0.84298 0.63405 -0.86746 -0.51041 -0.44216 -1.8914 -1.3022 0.41447 -0.092628 -0.48957 -0.43107 -1.1755 0.94003 2.4 0.14351 1.0876 -0.49145 -0.54803 -1.8582 -1.7312 0.97863 1.5885 -0.15687 -0.70689
1.5695 -0.85359 -0.73786 -0.69176 -1.615 0.016296 -0.6838 0.78888 0.98917 0.5365 -0.3737 -0.066558 1.0945 -1.0404 0.55781 1.6473 0.67574 -0.39376 -0.525 -0.68751 -2.2634 -2.1909 0.67672 1.0006 -0.22084 -0.67455 -0.86517 0.93775 1.7869 0.3173 1.2708 -0.10493 -0.32241 -0.30747 -1.0678 0.84315 1.3101 0.23581 -0.82433
0.76302 -0.72263 -0.39063 -0.97254 -1.4389 -1.1605 -0.7863 -1.4515 -0.11788 0.32659 -0.7919 -0.25836 0.89118 -1.2076 0.80758 2.0883 0.8298 -0.039909 -0.5472 -1.0637 -2.1149 -2.5015 1.0692 1.472 -0.37372 -1.007 -0.41014 0.77869 0.50989 0.47229 1.0856 0.29343 0.016731 1.0333 -0.063769 -0.3245 0.42154 0.21753 -0.82963
0.34654 -0.17119 0.76806 -0.42879 -1.1396 -0.78551 -0.39883 -0.93027 0.14279 1.563 0.63267 0.25862 0.56628 -1.3195 1.1066 2.1029 1.1044 0.4274 -0.41972 -0.78408 -1.2268 -2.2006 0.8703 1.2176 0.066917 -1.2752 0.060696 0.66252 -0.5757 0.50937 0.95284 0.95156 0.56122 1.7377 1.1275 -0.99996 -0.52562 -0.28799 -0.6969
0.33489 -0.31722 0.82134 -0.3792 -1.4621 -0.68146 -1.3702 -0.81114 -1.4562 0.91725 0.85567 0.3423 0.30391 -1.2292 1.2922 1.5115 1.2414 0.77257 0.001103 -0.37606 -0.31175 -1.3949 -0.39825 0.66443 -0.18433 -1.5055 0.14812 0.31853 -1.6441 0.19896 0.916 1.1429 0.86583 1.5486 1.4835 -1.9369 -1.126 -0.41674 -0.36997
0.36182 -0.067945 0.99624 0.06762 -1.5256 -0.83417 -1.8861 -1.1496 -1.1929 1.4173 0.9007 -0.37099 -0.14143 -0.90696 1.4073 0.87623 1.3561 1.0039 1.0653 0.085555 0.32813 -0.53493 -0.71554 0.3541 -0.83184 -1.5802 -0.065498 -0.041845 -1.9872 -0.03611 1.1207 1.1248 1.0625 0.98194 1.3823 -1.6492 -1.2088 -0.36937 -0.0086484
0.18416 0.45543 1.2731 0.67964 -0.82612 -0.65494 -1.0587 -0.5815 -1.0183 0.71341 0.39693 0.21606 -0.38769 -1.1245 1.1831 -0.28261 1.0505 1.4073 0.95289 0.23323 0.22608 -0.43577 -2.2199 -0.36105 -0.6865 -1.4679 -0.34672 -0.35663 -1.5306 -0.38673 1.0166 0.68682 1.047 0.63923 0.97937 -0.62546 -1.0799 0.47318 0.41135
-0.26614 0.65407 0.92316 0.70241 -0.52364 -0.28961 -0.90193 -0.44398 -0.93313 -0.50384 0.35463 -0.69323 -0.75046 -1.4899 1.0941 -0.60252 1.1377 2.2259 1.3113 1.0401 0.50045 0.022528 -1.7003 -0.70187 -0.3537 -1.3089 0.014885 -0.97889 -1.1689 -0.7551 0.37608 -0.052458 0.70497 0.57615 0.71055 0.40743 -0.51618 1.1059 0.9455
-0.40568 1.005 0.99647 0.82964 -0.26151 0.68518 -0.34323 -1.1216 -0.69086 0.25006 0.38234 -1.5452 -1.0799 -1.5921 0.86387 -0.52893 0.67894 2.084 1.2196 1.2441 0.91945 0.24877 -1.2501 -0.97901 0.51396 -0.96038 1.4103 -1.9172 -0.76676 -0.9166 -0.73947 -0.43237 0.37532 0.81367 0.6345 1.36 0.29168 1.2884 1.794
-0.97552 0.83708 0.11836 0.80178 0.27362 0.077706 -0.84588 -0.4602 -1.3881 -2.152 0.18194 -0.015185 -1.1681 -0.63789 -0.041774 -1.1287 0.22986 1.3978 0.81274 0.98719 1.1739 0.52468 -0.38841 -0.36817 0.71356 -0.26842 2.4733 -2.8977 -1.0054 -1.078 -1.5668 -0.99548 -0.026762 0.65206 0.21478 0.81555 0.70372 0.90534 2.5564
-1.2699 0.86595 0.3346 1.5182 1.215 0.95055 0.19839 0.032188 -1.3975 -0.21689 -0.45896 -0.20559 -1.3302 1.1461 -1.4014 -1.4232 -0.088317 0.48059 0.33223 1.0013 1.5522 0.56777 -0.075247 0.074961 1.2741 0.98284 2.5069 -3.0485 -1.1777 -0.77429 -1.3592 -0.91997 0.14195 0.062815 0.11181 0.31193 0.74878 -0.016741 2.7216
-1.3123 1.1514 0.86558 0.91962 0.64971 0.47268 0.24687 0.52338 -0.27093 -0.10012 -0.96126 0.72019 -1.242 1.865 -2.5388 -1.9891 -0.35196 0.14945 -0.22761 1.0915 1.5268 0.30493 -0.62371 0.20746 1.0289 1.9533 1.4432 -2.2013 -0.84295 -0.54373 -0.54626 -0.64415 0.11338 -0.51335 -0.010845 -0.56862 0.48877 -0.4398 2.1166
0.034133 0.088799 -0.63028 0.7778 0.42941 0.41844 0.36855 1.0449 -0.12169 -0.20965 0.58855 0.30823 -0.49239 1.9446 -2.9013 -2.2428 -0.37551 0.2158 -0.093603 1.4625 0.91866 0.60116 -0.51973 0.26064 0.35802 2.4362 -0.012693 -0.71565 -0.15365 -0.15653 0.57015 -0.11866 -0.17166 -0.90216 -0.16568 -0.51802 0.1333 -0.56225 0.82611
1.6787 -1.3766 -0.96252 0.48175 -0.27957 0.44673 0.66684 1.301 -0.491 -1.0085 0.73775 0.55642 0.81199 1.7223 -2.9117 -2.2598 -0.5711 0.54842 -0.2627 0.96951 0.52519 0.51299 -1.3917 0.54053 0.36541 2.5103 -1.2035 0.99943 0.9953 0.14278 1.0755 0.2653 -0.67789 -0.87921 -0.21165 0.13802 -0.39052 -0.045154 -0.54095
0.83023 -1.8508 -1.7559 0.50341 0.58546 0.16508 1.2153 0.8261 -1.0776 -1.837 0.13274 0.086278 1.1467 1.2002 -2.3905 -1.5869 -0.2502 1.3739 0.099698 0.69985 0.31752 0.16894 -0.81116 0.19094 0.5658 2.0721 -1.8242 2.189 1.6754 0.23522 0.96052 0.26782 -1.1403 -0.54271 -0.24248 0.73144 -0.55963 0.30357 -1.5685
0.21285 -1.7544 -2.1545 0.78693 1.3424 0.43181 1.8496 0.82625 -0.26322 -1.8649 -0.17609 0.53336 1.2657 -0.051339 -1.1481 -0.5462 -0.16575 1.6023 0.1843 0.088517 0.13732 0.13722 -0.22837 -0.53475 0.87246 1.2387 -1.3689 2.4547 1.8833 0.18377 0.12862 0.26768 -1.1112 -0.26688 -0.069591 1.3718 -0.40054 0.24735 -1.8476
0.62706 -1.8144 -1.5851 0.43758 1.657 0.53924 1.1789 1.0824 -0.0061998 -1.4937 0.47064 0.69795 1.3661 -0.64093 -0.17987 -0.10364 -0.16863 1.5071 0.19644 -0.41466 0.08899 0.34553 0.38704 -0.32086 0.71793 0.47342 -0.5344 1.7256 1.233 -0.1134 -1.0671 -0.0005737 -1.1075 -0.15806 -0.42546 0.98113 -0.18336 -0.14784 -1.4748
1.0057 -1.7769 -1.1323 0.47852 1.7764 0.61311 0.99699 1.3631 -0.075619 -0.6894 -0.14916 1.6197 1.426 0.038832 0.023241 0.36899 -0.29179 0.75419 0.2022 -0.73224 0.16216 0.31595 0.83435 -0.00088891 0.79543 0.24866 0.11359 0.58333 0.23964 -0.14188 -1.5576 -0.14394 -0.56357 -0.13383 -0.7974 0.46501 0.010658 -0.41074 -0.82892
0.48728 -1.7358 -1.6314 0.41842 1.6106 0.57131 0.3792 1.2144 -0.47474 -0.99772 -0.31449 1.2306 1.4547 0.14274 -0.13538 0.15445 -0.38367 -0.15157 0.073991 -1.1412 0.043342 -0.71824 0.66717 -0.43401 0.35567 0.12381 0.20496 -0.067759 -0.31738 -0.059967 -1.4443 -0.2209 0.067712 -0.32219 -0.82781 -0.11669 0.10598 -0.47604 -0.34224
0.50198 -1.7766 -1.6041 0.25152 1.6247 0.52873 0.52043 1.0495 -0.23271 -1.0798 0.17889 0.92211 1.4872 -0.21964 -0.20882 -0.26583 -0.30422 -0.42939 -0.054493 -0.70174 -0.053627 -0.84891 0.5638 -0.44374 0.30287 0.039921 0.093679 -0.071437 -0.43507 0.16052 -0.87213 -0.17561 0.72218 -0.49228 -0.35043 -0.25606 0.32749 -0.31843 -0.17702
0.78567 -1.8262 -1.4286 0.21057 1.7498 0.51478 0.61843 0.98611 -0.28174 -0.67094 0.10809 1.313 1.4642 -0.11392 -0.17351 -0.38031 -0.266 -0.55161 -0.12731 -0.30918 -0.38997 -0.64894 0.24022 0.12781 0.088788 0.01032 0.19602 0.047989 -0.28862 0.3133 -0.64392 -0.020516 1.0781 -0.48352 0.17746 -0.14566 0.66577 -0.12115 -0.10508
0.56657 -1.9971 -1.8297 0.15896 0.98946 0.63981 -0.34831 1.0773 -1.5602 -0.79278 -1.1741 1.0392 1.4305 0.3527 -0.07342 -0.16974 -0.070923 -0.6331 -0.059748 0.29353 -0.54491 -0.37122 0.47478 0.3935 0.35445 0.011614 0.29907 0.13709 -0.020214 0.23042 -0.75108 0.059182 1.0346 -0.37273 0.26746 -0.1922 0.76545 -0.45269 -0.041936
0.44944 -2.0206 -1.7132 0.036838 1.2787 0.44185 0.31952 1.2106 -0.89093 -0.26843 -0.14156 1.6231 1.4466 0.23729 -0.12232 -0.43587 0.044965 -1.2129 0.020459 0.52126 -0.61738 -0.58745 0.3691 0.50692 0.13221 -0.036661 0.085245 0.28928 0.14797 0.023228 -0.59828 0.15323 1.0323 -0.11117 0.60646 -0.23998 0.67244 -0.76355 -0.006871
0.83177 -1.8329 -1.7452 0.16338 1.1264 0.41547 0.59124 0.45226 -0.74172 -0.71108 0.45792 1.4075 1.4791 0.18203 -0.0070669 -0.29679 -0.058494 -1.4611 -0.027068 0.95557 -0.62685 -0.33576 0.059621 0.92789 -0.54967 -0.0066317 -0.20628 0.4031 0.16109 -0.31519 -0.58036 0.25906 0.6457 -0.15227 0.8859 -0.26615 0.36699 -1.1682 -0.027039
1.0549 -1.7721 -1.7856 0.3568 0.86583 0.56198 1.1419 0.28091 -0.72949 -0.30642 0.51697 1.4842 1.4973 0.14088 0.27106 -0.072534 -0.23119 -1.216 0.14348 1.4275 -0.5179 0.53364 -0.091682 1.2337 -0.88365 0.0074798 -0.23569 0.48746 0.4876 -0.62 -0.25057 0.26397 0.21148 -0.34697 1.423 0.12497 -0.24638 -0.82443 -0.064184
0.6985 -2.0944 -2.2423 0.22501 -0.14032 0.62645 1.1146 0.30626 -1.4627 -0.50902 0.57956 0.87041 1.386 0.014369 0.39488 -0.083513 -0.48012 -1.6767 0.37498 1.1278 -0.84495 0.80964 0.11104 0.78532 -1.3349 -0.055826 -0.23925 0.49436 0.53016 -0.64734 -0.18168 0.043067 -0.50257 -0.59106 1.5204 0.39921 -1.0836 -0.054163 -0.11735
0.85929 -1.863 -1.7137 -0.091522 -0.12799 0.44113 1.6669 0.36678 -1.1225 -0.68079 0.98703 0.13722 1.4728 -0.12152 0.48048 0.31362 -0.82136 -1.5374 0.32536 0.84607 -1.1443 1.6213 0.56576 0.092709 -1.0159 -0.11896 0.027245 0.4522 0.68038 -0.38599 -0.040372 -0.47408 -1.1433 -0.34823 1.2765 0.52073 -1.4864 0.82215 -0.14335
0.62592 -1.5315 -1.8225 -0.30107 0.035108 0.87524 2.0086 0.49332 -0.043885 -0.74825 1.0635 0.12986 1.4675 -0.13619 0.70336 0.44293 -0.88807 -1.6046 -0.048537 0.21589 -1.433 2.0905 0.52577 -0.68068 -0.55326 -0.13836 0.42941 0.29652 0.48541 0.050911 0.054081 -1.0245 -1.7249 0.25937 0.53493 0.10507 -1.267 1.2237 -0.27053
0.70875 -1.4841 -1.8653 -0.56775 -0.83056 0.95297 1.9105 -0.78512 0.48166 0.15985 1.2099 -0.16078 1.3622 0.275 0.8626 0.86767 -0.69756 -1.2937 -0.59708 -0.4402 -0.86227 2.3908 0.74952 -1.0271 0.32935 -0.18927 0.76232 0.59719 0.50317 0.63177 0.13476 -1.321 -2.0408 1.0954 -0.39918 -0.072467 -0.64904 0.7086 -0.66156
0.89519 -1.3509 -1.2583 -0.84689 -0.7112 0.74804 1.8161 -1.5205 1.4058 0.32733 0.01846 0.3772 1.3183 0.64198 0.69347 0.49164 -0.45287 -1.6647 -1.2037 -1.7268 -0.42095 1.4867 0.2 -1.2048 0.36306 -0.46934 0.037591 1.0463 1.1382 1.3091 0.96591 -1.0368 -1.6773 1.563 -1.4623 -0.30965 0.026785 0.055657 -1.236
0.75559 -1.1299 -1.572 -0.71619 -1.554 0.22401 1.1171 -1.3957 1.2464 0.038168 -0.92906 0.56982 1.3176 0.9502 1.4697 1.1735 0.059945 -1.2237 -1.7228 -2.3179 0.57065 1.1763 0.53886 -0.9452 -0.087168 -1.0498 -1.4563 1.3524 1.5559 1.8596 2.0317 0.19101 -0.75815 1.3024 -2.1685 -0.6412 0.55832 -0.88164 -1.6477
1.2112 -1.0916 -0.89992 -0.71073 -1.3993 -0.3913 0.49604 0.17336 1.5346 0.32306 -0.40491 1.1242 1.1779 -0.39521 2.123 2.3183 1.0095 0.18856 -1.5499 -2.2469 0.99759 -0.10765 -0.053839 -0.65461 -0.20502 -1.7559 -2.557 1.195 1.7783 1.9907 3.0467 1.6248 0.64242 0.62651 -2.2221 -0.61045 1.0767 -1.0141 -1.5045
1.6577 -1.028 -1.515 -0.77363 -2.0765 -0.91339 -1.1949 -0.19094 0.71272 -0.88188 -0.37456 -0.069434 0.77212 -1.9771 2.3746 2.7351 1.8045 1.5885 -0.062197 -1.7265 1.0593 -0.98496 -0.50064 -0.16002 -1.0366 -2.2758 -2.8959 0.28031 0.71556 1.341 2.9076 2.5619 1.6075 -0.34991 -1.5087 -0.71738 0.66983 -0.80647 -0.76691
1.6556 0.72611 0.029453 -0.10435 -1.2335 -1.0012 -1.0334 0.81527 2.2433 1.1586 -0.14485 -0.48375 -0.13534 -2.7642 2.2088 2.8923 2.136 2.6241 1.1607 -0.74172 0.62687 -1.7094 -0.59312 0.59343 -1.0653 -2.349 -1.6809 -0.60706 -0.68631 0.1658 1.7711 2.3816 2.1026 -1.1361 -0.88028 -0.33131 0.37414 0.13121 0.33773
-0.79077 0.925 1.634 1.1158 -0.019398 -0.6496 -0.80108 -0.48931 -0.13712 -0.16818 -0.54676 0.05989 -0.90976 -3.3816 1.8898 2.1533 1.8284 2.9949 1.9682 0.1583 0.11427 -0.91825 -0.72761 -0.20144 -1.1635 -2.0242 0.14453 -1.4878 -1.733 -1.0877 -0.23463 0.94692 1.6895 -1.1772 -0.42051 -0.31315 0.22081 0.92921 1.4131
-1.8058 0.95549 1.462 1.6092 1.0938 1.4196 -0.52917 0.05638 -0.0067553 -0.86772 -0.76985 -1.1668 -1.1979 -2.8919 1.3685 1.3504 1.2864 2.8098 2.125 1.0389 -0.72882 -1.8195 -0.67049 0.13578 0.14269 -1.3229 1.9432 -1.6535 -2.2154 -1.7335 -1.6767 -0.62927 0.81029 -0.87707 0.21192 0.03413 0.45105 1.029 1.9461
-1.4395 0.83705 1.2693 1.7042 0.90092 1.3083 -0.10309 0.19239 -1.0776 -0.66152 0.80473 -0.42972 -1.1196 -1.6307 0.34885 0.3616 0.33919 1.0929 1.311 0.77762 -0.54303 -1.7182 -1.1542 0.52831 0.16764 -0.44875 2.6621 -1.4446 -1.8904 -1.6338 -2.3299 -1.8471 0.23541 -0.2155 0.52859 0.18203 0.87456 1.0607 1.7919
-1.7215 0.99522 0.83009 0.9975 1.33 1.3468 -0.013924 0.41458 1.5211 -0.6971 -1.5329 -1.1106 -1.1538 0.073314 0.2607 -0.22543 -0.13214 0.4927 0.23031 0.56828 -0.73033 -0.87312 -0.34709 1.1538 0.26797 0.086182 1.8615 -1.2974 -1.49 -1.2481 -2.0147 -1.9597 -0.068791 0.18485 1.877 0.42277 0.28845 0.32014 1.3527
-1.1307 1.2871 0.61348 1.0542 1.0546 1.2146 0.39052 -1.8264 -2.3605 -0.90455 0.39155 0.7203 -1.0556 0.21986 0.068839 -0.48681 -0.30176 -0.14269 -0.74969 0.85285 -0.26051 -0.34191 -0.54781 1.0715 0.8333 0.23877 0.58562 -0.99177 -0.65258 -0.65151 -1.1214 -1.4853 0.15216 -0.10884 2.125 0.8568 0.012832 0.17074 0.88303
-1.0964 1.0954 1.5852 0.84961 -0.063296 0.46622 -0.12841 0.33482 -0.43704 -0.88556 0.75456 -0.67854 -0.92109 -0.26002 -0.62429 -0.93201 -0.56211 -0.28293 -0.73228 0.84647 -0.45267 1.1529 -0.12963 0.46053 0.45494 0.57328 -0.52538 -0.90654 -0.030575 -0.43587 -0.80343 -0.69311 0.11279 -0.22192 1.9794 0.67532 -0.55312 -0.18294 0.47054
-1.202 1.1465 1.3216 1.5281 1.5532 0.49956 0.1363 -1.6808 -1.2841 -0.79481 1.4059 -0.16112 -0.93852 -0.34026 -0.83853 -0.48309 -0.57774 -0.56971 -1.1581 0.92971 -0.84614 1.4096 0.48722 0.91376 0.43392 0.76974 -0.014602 -0.39289 0.056339 -0.36066 -0.51359 0.063658 -0.25229 -0.4594 0.94979 0.88721 -0.69514 -0.54451 0.097261
-1.74 0.8341 0.23073 1.0981 0.79819 0.73622 1.4009 0.72245 0.048569 -1.8729 0.69266 0.25796 -0.92091 -0.64177 -0.77527 -0.30469 -0.7512 -0.75343 -0.95058 0.74157 -0.82576 2.11 0.50668 0.12667 0.15199 0.5995 1.1393 -0.014701 0.07578 -0.46318 -0.85036 -0.13788 -0.83276 0.27939 -0.42782 0.68233 -0.88656 -0.85054 -0.017395
-1.8482 -0.14206 -0.35641 0.23809 0.5042 0.47315 1.0746 -1.1082 1.9801 -0.15991 0.084454 -0.14375 -0.18486 0.38976 -0.50026 -0.72129 -0.83353 -0.82848 -0.53039 0.38009 -0.93258 1.0447 0.94766 -0.15486 -0.021398 0.38617 1.9741 -0.15241 -0.13539 -0.45481 -0.66204 -0.32457 -1.4369 0.69741 -1.6223 0.34912 -1.0456 -1.2313 0.2071
-1.6201 0.51481 0.99054 0.18388 0.29321 -0.59777 1.256 -2.136 1.4445 0.23398 0.92482 0.010928 -0.22133 1.5547 -0.8158 -0.6987 -1.2387 -1.7004 -1.3342 -0.57565 0.1952 0.533 1.0261 -0.78559 -0.90803 0.73567 2.1422 -0.39549 -0.18544 -0.13596 -0.28828 -0.37547 -1.3149 1.4535 -2.4493 -0.093838 -0.45671 -0.88598 0.52274
-1.7088 0.69761 0.97009 0.27787 -0.29041 0.0069999 0.93942 -2.2662 -0.23867 -0.72177 0.98705 0.48419 -0.59303 2.3335 -1.0672 -0.55231 -1.124 -1.2931 -1.6232 -1.328 0.075975 -0.91729 0.91784 -0.73228 -1.3538 1.0441 1.1469 -0.82949 -0.19854 0.063678 0.16528 0.010187 -0.71029 1.8041 -1.6945 -0.53062 -0.056234 -0.23657 0.74028
-0.055336 0.59168 0.17681 0.15949 -0.26201 0.17036 0.30227 -0.46136 0.60596 0.46509 0.52252 -1.1835 -0.62121 2.4789 -1.1407 -0.74558 -0.84169 -1.0235 -1.1617 -1.0746 1.6001 -1.6256 0.28718 -0.49556 -0.84013 1.1358 -0.11995 -0.76872 -0.094712 0.21026 0.58891 0.61759 0.11337 0.95536 -0.57663 -0.71246 0.44745 0.78233 0.53078
0.50119 -0.45106 -0.43127 -0.56452 -0.68718 -1.6758 -0.46031 -0.077573 0.20413 0.1063 -0.78911 -1.5427 0.44415 2.122 -1.7007 -1.0778 -0.92072 -0.82648 -0.61215 -0.82012 1.9895 -1.1311 0.17088 -0.40075 -0.47344 1.4117 -1.2404 -0.3073 0.39035 0.32878 0.22649 1.0366 0.64034 0.039938 0.57699 -0.78227 0.83882 1.6327 0.078881
0.46864 -0.91875 -0.51707 -0.81536 -0.67979 -1.3846 -0.43612 -0.36617 -0.44307 -0.09076 -0.46539 -1.538 0.84225 1.4386 -1.762 -0.62888 -0.9742 -0.80605 -0.63509 -0.61669 1.1819 -0.45064 -0.12629 -0.033397 0.17955 1.4305 -1.4936 0.52512 1.0036 0.65138 0.10295 1.2895 0.61727 -1.0843 1.1199 -0.45493 1.1768 1.5105 -0.61719
0.58488 -0.86934 -0.31982 -0.66093 -0.6724 -0.79759 0.09865 0.60864 -0.36625 0.44306 0.31939 -0.41741 0.98874 0.49469 -1.2603 0.070278 -0.48551 -0.94764 0.14609 -0.28034 0.41548 -0.36153 -0.547 0.74623 1.2881 1.0269 -1.1323 1.3329 1.1713 0.91957 0.30693 0.94309 0.53502 -1.1788 0.96957 -0.22853 1.0548 0.9484 -1.1476
0.58589 -1.0143 0.01583 -0.88226 -0.90531 -0.77868 0.10233 0.42844 -0.52917 0.051803 0.65187 -0.43448 1.0039 0.45074 -0.49512 0.46615 0.073706 -0.73825 0.99136 -0.11447 0.29096 0.18422 -0.34209 1.3243 1.1974 0.30534 -0.51149 1.3967 0.50654 0.888 0.59829 0.31977 0.44729 -0.85674 0.50782 -0.0082645 0.35803 -0.049203 -1.1825
0.4963 -1.2801 -0.17396 -1.1282 -1.421 -0.93544 -0.58614 -0.41398 -0.25735 -0.79692 0.4005 -0.099515 0.94626 0.46325 -0.1394 0.46255 0.15454 -0.2567 0.42239 -0.0072223 0.15158 0.45492 -0.23679 1.067 0.86253 0.072886 -0.020187 1.0636 -0.32566 0.5982 0.89002 -0.63689 0.59451 -0.56416 0.28706 0.2371 -0.4253 -0.53786 -0.78276
0.84379 -1.1057 -0.060229 -0.51777 -1.5146 -0.21459 -0.45928 0.42752 0.16571 -0.13541 1.1713 0.24806 1.0056 0.48563 -0.022681 0.065239 0.25011 -0.006403 -0.15705 0.13366 -0.33172 0.15045 -0.33715 0.5433 0.33208 -0.051763 -0.1399 0.69038 -0.86089 0.36895 0.8478 -1.3041 0.85451 -0.49339 -0.20323 0.27061 -0.93642 -0.17264 -0.33617
1.1352 -1.0896 0.07869 -0.47254 -1.31 -0.37557 -0.48479 0.3802 0.14263 -0.15926 1.3492 -0.27993 0.95481 0.44562 0.25514 -0.33827 0.46683 0.37364 -0.55372 0.77968 -0.33927 0.23721 -0.093015 0.2893 0.72732 -0.091725 -0.43862 0.52562 -1.2023 0.20105 0.38667 -1.2486 0.60308 -0.39001 -0.26386 0.28256 -1.043 0.21578 -0.30773
0.89326 -0.99921 0.098914 -0.75294 -0.58804 -0.97992 0.12905 0.11517 -0.059298 -0.106 1.2895 -0.0442 1.0154 0.19961 0.44525 -0.7067 0.55959 0.55533 -1.113 1.201 -0.38954 -0.074437 0.11243 -0.16819 0.96904 -0.16976 -0.47461 0.58624 -1.1314 0.19585 -0.016054 -0.8255 -0.13654 -0.044336 0.20831 0.25829 -1.0456 0.18305 -0.3888
1.0854 -0.98991 -0.35685 -0.44939 -0.99344 -1.1576 0.37392 -0.21868 -0.50379 -0.36217 0.88606 0.013263 0.88576 -0.2234 0.49319 -1.3397 0.34995 0.21429 -1.5823 0.66051 -0.54068 0.08246 0.089779 -0.67407 0.98983 -0.37842 -0.12624 0.47648 -0.67042 0.17161 -0.43606 -0.16033 -1.1752 0.33242 0.66073 0.24926 -1.0445 -0.38786 -0.49721
1.0219 -0.78858 -0.5782 -0.27118 -0.86737 -1.4919 1.1422 -0.38627 0.20313 -0.41376 0.96306 1.0994 0.87044 -0.078176 0.82459 -1.4947 0.64965 0.076776 -1.2894 -0.098307 -0.26753 0.6572 0.072148 -1.0771 0.58411 -0.553 0.32955 0.41666 0.11771 0.088231 -0.29715 0.62627 -1.8162 0.5702 1.0188 0.39076 -0.6742 -0.96019 -0.46382
0.78967 -0.72676 -1.0453 -0.11436 -0.98945 -2.0801 0.94632 -0.57488 -0.23466 -0.26199 0.22659 1.2856 0.73637 0.35061 0.8512 -1.1744 0.72076 -0.16406 -0.79789 -0.95884 0.30941 1.1768 0.40897 -1.3562 0.21276 -0.72425 0.59026 0.29945 0.87684 -0.0034509 0.094817 0.97655 -1.5991 0.43966 0.58478 0.71629 -0.20516 -1.4012 -0.31903
0.6535 -0.53321 -1.648 -0.18481 -1.2987 -2.1215 -0.16081 -0.015737 0.49462 0.26803 0.29928 0.91991 0.46877 0.54801 0.95355 -0.59961 0.52821 0.22565 -0.28335 -1.6713 0.36606 1.377 0.73008 -1.178 -0.44244 -0.76568 0.21594 0.1278 1.363 -0.31214 0.25541 0.73096 -1.0406 0.00153 -0.0091726 0.76461 0.18421 -1.2619 -0.16875
1.2813 -0.0049377 -1.3839 0.41781 -0.75594 -1.9238 -0.71177 -0.039127 1.0672 -0.24806 -0.50555 -0.15433 0.29707 0.59615 0.92319 -0.22989 0.40532 0.34937 -0.17144 -1.7967 0.064618 0.88088 1.2176 -1.0257 -1.1391 -0.8011 -0.39125 0.15455 1.5108 -0.32139 0.41643 0.31733 -0.13533 -0.37024 -0.63615 0.12705 0.378 -0.55789 -0.052296
1.557 -0.20988 -1.1089 0.17478 -0.96732 -1.8736 -1.0059 0.55997 1.2816 0.51853 -0.99255 0.49215 0.13514 0.21779 1.0007 0.46637 0.26541 0.328 -0.17405 -1.7957 -0.090818 0.81342 1.2255 -0.85681 -1.1162 -0.79467 -0.79262 -0.35264 1.0746 -0.1925 0.15567 0.38797 0.94977 -0.32359 -1.2785 -0.6523 0.67912 0.54145 0.12586
1.5972 0.099623 -1.0488 0.19394 -0.6471 -1.5204 -1.6429 -0.21112 1.2533 0.63922 -0.55281 -0.19749 0.034763 -0.2236 1.0837 0.99211 0.29412 0.59193 -0.24117 -1.1858 -0.14417 0.25282 0.38799 -0.73929 -0.4821 -0.79696 -0.63685 -1.2059 0.37584 -0.26056 -0.24412 0.80206 1.7633 -0.14918 -1.3964 -1.1207 0.96534 1.1068 0.63913
1.3028 0.21382 -1.2128 0.25557 -0.61921 -2.2846 -1.1522 -0.68991 0.80675 1.5919 -0.69331 -0.41748 -0.10745 -0.54694 0.29492 0.70308 0.24983 0.42697 0.50246 -0.075605 -0.11915 -0.75849 -0.25533 0.065338 0.29682 -0.55987 0.042375 -2.0582 -0.053011 -0.52782 -0.8957 1.1854 2.2386 0.14932 -1.3032 -0.93317 0.81073 1.1487 1.1988
0.68026 0.54136 -0.58355 0.21608 -0.93148 -2.4481 -2.3823 -0.29116 1.2101 1.2667 -1.2812 -0.40565 -0.33632 -0.22923 -0.70619 0.30654 -0.039182 -0.12042 1.0594 0.88646 -0.16539 -1.011 -0.42003 0.47876 0.30191 0.13956 0.66456 -2.3061 -0.087564 -0.84181 -1.3792 1.1546 1.9264 0.11798 -0.41428 -0.29992 0.26867 0.87003 1.5588
0.76079 0.91236 -0.28598 0.53428 -0.2613 -2.1141 -1.8355 0.2244 1.0838 -0.21745 -1.1754 0.20672 -0.57686 0.30831 -1.4887 0.69134 -0.48484 -0.94692 1.5021 1.6709 0.26682 -1.0521 -0.35708 0.18694 0.71922 0.72219 0.66287 -1.5833 -0.031313 -1.0549 -1.3874 0.28508 1.1544 -0.19524 0.65166 -0.0060329 -0.46854 0.6771 1.4308
1.1485 -0.37378 -0.77503 0.68647 -0.40117 -0.41697 -0.087185 -0.076285 -0.40486 -0.48619 -0.025344 0.65747 -0.18998 0.62313 -1.8166 0.81792 -0.80128 -1.2507 1.5247 1.8136 -0.052204 -0.37655 -0.22576 -0.24376 1.0019 1.1434 -0.12978 -0.33891 -0.12314 -1.0239 -1.071 -0.79709 0.010196 -0.28117 1.2044 -0.013992 -0.7282 0.85646 0.77974
1.6483 -1.4084 -1.0401 -0.35609 -1.5344 -0.493 0.31685 -0.22748 0.14077 0.99343 -0.0365 0.27758 0.72289 0.298 -1.7529 0.36867 -1.2022 -1.5528 0.81747 1.7751 -0.51115 0.21211 -0.40357 -0.50827 1.2736 1.3076 -0.8935 1.2027 -0.1368 -0.6664 -0.053671 -1.6874 -1.1441 -0.1522 1.2905 -0.39805 -0.40551 0.58597 -0.041324
1.805 -1.2083 0.19015 -0.62896 -2.0294 -0.3159 0.62591 5.0339e-05 -0.0053619 0.88118 -0.99038 0.47836 0.85249 -0.46473 -1.1299 0.22372 -1.4597 -1.7743 -0.18879 0.83898 -0.282 0.71504 -0.4645 -0.63373 1.694 1.1378 -1.1109 2.2097 -0.14093 0.039893 1.1738 -1.5799 -1.6983 0.42038 0.49187 -0.67925 0.39336 0.055909 -0.78024
1.4269 -1.1327 0.053217 -0.64282 -1.8416 -1.1246 0.48016 -0.86857 1.1229 0.9901 -1.9225 1.0933 0.90993 -0.84501 0.14841 0.71967 -1.3134 -0.75151 -0.99079 -0.16722 0.13156 0.92701 -1.1072 -0.42546 1.5259 0.65593 -0.5375 2.1645 -0.2882 0.61469 2.0994 -0.79638 -1.7069 0.58285 -0.33646 -0.18469 1.1615 -0.9532 -1.0284
0.59277 -0.9886 -0.4532 -1.1868 -2.2737 -1.4618 0.099409 -0.76785 1.4906 -0.83668 -1.7771 1.7922 0.88908 -0.91721 0.86998 0.3662 -0.6757 0.56329 -0.7084 -0.65929 0.51035 0.24443 -1.3305 0.52337 1.0162 0.17625 0.38462 1.3489 -0.41612 0.8042 2.3803 0.18974 -1.1047 0.33784 -1.0354 0.74416 1.5823 -2.2165 -0.84491
0.38616 -0.81605 -0.46174 -1.3045 -2.2597 -1.5794 0.0039183 0.24088 0.999 -0.95805 -1.0076 2.8446 0.87376 -0.49402 0.8101 -0.2441 -0.52504 1.213 -0.51186 -0.93705 0.29836 -0.17807 -0.39464 1.2756 -0.17419 0.084294 0.89181 0.20601 -0.5649 0.60387 1.6878 0.58763 -0.58172 -0.35028 -1.0012 1.9966 1.1405 -2.6925 -0.48189
0.87993 -0.57993 0.39794 -1.3619 -1.2897 -1.3185 -0.097729 0.15061 0.48005 -0.98833 -0.22473 1.7998 0.98782 0.10022 0.7604 -0.066369 -0.45528 1.6998 -0.06899 -1.0219 0.35502 -0.71123 0.69423 1.7292 -1.6552 0.023568 0.79465 -0.34766 -0.20091 0.24549 0.71428 0.41021 -0.36245 -0.8896 -0.35197 2.2458 0.041931 -2.2572 -0.21909
0.96582 -0.36785 -0.33343 -1.1337 -0.90485 -1.1049 -0.61665 0.44777 0.36678 0.026887 0.4064 0.96847 0.99788 0.35405 0.54395 -0.10407 -0.37321 1.8499 -0.16507 -1.1761 -0.43325 -0.5078 2.01 1.2915 -2.2468 -0.066514 0.22878 -0.37398 0.12715 0.24557 -0.21784 0.25373 -0.27435 -0.7652 0.021097 1.4628 -0.8143 -0.81667 -0.22376
1.1441 -0.39753 -0.32006 -1.4042 -0.79435 -1.4079 -0.81794 -0.52078 0.448 0.75071 0.074638 0.061377 0.9344 0.18121 0.43289 -0.088093 -0.32421 1.6055 -0.086917 -1.2874 -0.83451 -0.24622 2.1171 0.61308 -2.2245 -0.11182 -0.2008 -0.29884 0.55373 0.3639 -1.0201 0.11636 -0.13966 -0.61793 0.10787 0.12253 -0.92148 0.61515 -0.31022
1.0799 -0.30903 -0.22541 -1.5647 -0.18968 -1.4467 -1.1457 -0.3104 0.51059 1.153 0.63847 -0.92594 0.89312 -0.091308 0.36039 -0.026493 -0.16302 0.88872 -0.017193 -1.3741 -0.57115 -0.34371 1.9092 0.19936 -1.4155 -0.21922 -0.27379 0.038216 0.98299 0.61781 -1.5498 0.54705 0.28899 -0.034135 -0.36236 -1.3073 -0.42487 1.4447 -0.46582
0.72006 -0.41115 -0.59003 -1.8316 -0.45097 -1.8444 -1.7081 -1.1791 0.74011 1.5927 0.20064 -0.23174 0.77271 -0.053184 0.36232 0.87011 0.072869 0.31821 0.071348 -1.2208 -0.74862 -0.55838 0.96195 0.4242 -0.86231 -0.41451 -0.17843 0.37057 1.0792 0.95059 -1.7541 0.87669 0.78108 0.23608 -0.58908 -1.9114 -0.20786 1.5226 -0.70918
0.81659 -0.17247 -0.027404 -1.5741 -0.14233 -1.2794 -1.827 -0.53592 0.24559 1.5956 0.11357 -0.23692 0.84227 -0.044057 0.64391 1.1654 0.50289 -0.35297 0.82105 -0.64198 -0.49251 -1.0273 -0.18003 0.53944 -0.1352 -0.68733 -0.074953 0.63324 0.64687 1.2081 -1.2363 1.1254 1.3816 0.52222 -0.078822 -1.9744 -0.28442 0.95016 -0.89067
0.98447 -0.060856 0.21247 -1.3034 -0.32604 -1.079 -2.2829 -0.29064 -0.27535 1.8819 0.37838 -0.56325 0.72575 -0.17585 0.9026 1.2379 0.99597 -0.99983 1.2105 -0.092722 -0.35496 -1.019 -0.86698 0.035447 0.076889 -1.053 -0.31341 0.45645 -0.4064 1.229 -0.5611 0.84563 1.5682 0.73337 0.36904 -1.3333 -0.62533 0.50327 -0.80095
1.0934 0.010452 0.87503 -1.0649 -0.70374 -1.2217 -2.3341 -1.351 -0.25669 1.258 1.3897 -0.87617 0.35259 -0.16605 1.1339 0.9327 1.4763 -0.71633 1.6213 0.83474 0.31762 -0.24 -1.3367 -0.1687 -0.036807 -1.3758 -0.59105 -0.043077 -1.2111 0.7891 0.28872 0.13242 1.4243 0.83658 0.92278 -0.53867 -0.73599 0.33329 -0.37108
0.99707 0.42948 0.86854 -0.85017 -1.2081 -0.12601 -1.3673 -1.2607 -0.89047 0.22877 0.81292 -0.27206 -0.024097 -0.58305 0.8701 0.232 1.7234 -0.50944 1.3264 1.1905 0.35014 -0.21146 -1.2815 -0.47376 0.083316 -1.3975 -0.50736 -0.80729 -1.645 0.091439 0.9369 -0.28038 0.90697 0.96583 0.94784 0.28041 -0.61699 0.32959 0.46448
0.51209 0.6935 0.82852 -0.25863 -1.4115 -0.13027 -1.4199 -0.80866 -0.40576 0.32246 -0.15417 -0.62403 -0.46162 -0.96084 0.59109 -0.53591 1.5116 -0.028328 1.0091 1.5755 0.86316 0.38168 -1.1358 -0.68183 0.53178 -1.1303 -0.15002 -1.7093 -1.5634 -0.81425 0.89105 -0.78168 0.012321 0.61412 0.44137 1.0341 -0.4616 0.18815 1.3734
0.64592 0.88965 0.36887 0.3097 -0.69911 0.39059 -0.2766 0.0328 0.86047 0.11664 -0.23412 -0.2622 -0.7881 -0.73923 -0.15238 -1.0137 1.1379 0.43049 0.94701 1.3517 1.3365 0.53149 -0.42056 -0.94314 0.45573 -0.40701 0.59425 -2.0872 -0.96076 -1.5516 0.56645 -0.826 -0.48355 0.18009 0.033081 1.2902 -0.14137 -0.12325 1.9451
0.20081 0.53141 0.30277 0.78563 -0.66253 0.094604 -0.60812 -0.15159 -0.92033 0.32862 -0.19298 -0.44541 -0.59947 -0.3672 -1.1652 -1.2834 0.35417 0.50284 0.25088 0.76304 1.0921 0.26918 0.35308 -0.85484 0.17001 0.40318 1.0085 -2.0193 -0.24442 -1.8639 -0.14959 -0.86848 -0.87037 -0.63391 -0.54482 1.0246 -0.11334 -0.49948 1.9346
-0.029297 0.49984 -0.27732 0.32196 -0.63634 -0.058263 -0.012692 0.4272 0.38277 0.10079 0.033887 0.2221 -0.5851 0.26037 -1.6839 -1.1475 -0.39453 0.31092 0.057893 0.60468 0.64366 -0.065142 0.62892 -0.66034 0.062522 1.057 0.94828 -1.2237 0.16033 -1.6703 -0.58957 -0.70054 -0.62674 -1.0654 -0.2717 0.407 -0.1072 -0.25626 1.2763
0.56067 -0.26362 -0.13006 0.24276 -0.59738 0.60202 -0.25992 0.33086 0.18302 0.46163 -0.47859 -0.35885 -0.014141 0.46969 -1.9635 -0.93169 -0.96172 -0.21319 -0.27792 0.17615 0.0053501 -0.34895 0.43993 -1.0396 -0.1918 1.3415 0.69543 -0.18681 0.45962 -0.84276 -0.5533 -0.25582 -0.29752 -1.0495 -0.10997 -0.28486 -0.13936 -0.060505 0.42291
0.54909 -0.91272 -0.73279 -0.44704 -0.90049 0.059699 -0.39243 0.31782 -0.56296 0.94737 -1.2404 -0.3408 0.40655 0.6578 -1.7646 -0.92301 -1.1071 -0.27374 -0.18837 0.36408 -0.17895 0.34045 0.34715 -1.0547 0.18092 1.2373 0.050966 0.6725 0.22621 -0.051292 -0.22637 -0.15515 0.046689 -0.74959 0.32163 -0.79361 0.25572 0.21323 -0.42916
0.96329 -0.88675 -0.49075 -0.45164 -0.78336 0.051926 -0.0023941 0.28943 0.027287 1.1314 -1.0831 -0.57056 0.62117 0.76732 -1.4304 -0.58985 -0.7539 -0.19967 -0.14707 0.26682 -0.52407 -0.12055 -0.1392 -0.92667 0.028953 1.0129 -0.19245 1.2165 0.11005 0.59757 0.21194 0.1264 0.32499 -0.34389 0.52994 -1.0825 0.78984 0.31214 -0.93059
0.83405 -1.2459 -0.73896 -0.71479 -0.98629 -0.17433 -0.12509 -0.22889 -0.20596 0.29456 -1.8572 -0.52804 0.698 0.21564 -0.84224 -0.93316 -0.58695 -0.083158 -0.32972 0.63763 -0.52499 0.46946 -0.77675 -0.18669 0.39306 0.50983 -0.4039 1.222 -0.059704 0.82841 0.25923 0.29441 0.19676 0.04626 0.24667 -0.91175 0.9372 0.084963 -1.0107
0.72417 -1.2897 -1.0414 -0.71203 -0.93523 -0.016096 0.26039 -0.12407 0.23599 0.76933 -1.4098 0.41907 0.76013 0.3306 -0.42145 -0.75067 -0.18235 0.11869 0.026877 0.67944 -0.45145 0.63871 -1.2965 0.13689 0.33195 0.16327 -0.38149 1.0973 -0.044554 0.7144 0.24942 0.35081 0.048779 0.42482 0.092225 -0.026735 0.71014 0.01333 -0.85348
1.2001 -1.2942 -0.80785 -0.60829 -0.81322 0.14461 0.19751 -0.29658 -0.037179 -0.1533 -1.4993 -0.279 0.78982 0.11271 -0.25678 -0.97247 0.047838 0.082137 0.29075 0.539 -0.07235 0.46447 -1.0161 0.32208 0.22538 -0.012578 -0.031768 0.8113 0.46933 0.55693 0.18346 0.25115 -0.28441 0.46817 -0.58788 0.84771 0.045305 -0.27258 -0.50605
0.63121 -1.402 -1.6879 -0.85775 -0.81971 -0.091593 0.79461 -0.3331 0.74842 -0.33963 -0.71045 0.036697 0.6891 0.098078 0.084046 -0.67278 0.17125 0.2145 0.22021 0.39865 0.14232 0.086529 -0.11386 0.26826 0.17195 -0.14014 -0.33356 1.0516 0.96973 0.52166 0.24152 0.11856 -0.2227 0.41951 -0.80676 1.3304 -0.20265 -0.31162 -0.59131
1.2835 -1.3202 -1.357 -0.63119 -0.77462 0.11656 0.60437 -0.28858 0.24439 -0.71096 -1.3142 -0.19823 0.65844 0.27819 0.24159 -0.1489 0.20506 0.24318 0.054224 0.18798 0.15669 -0.36676 0.36308 -0.14786 -0.013807 -0.17725 -0.43095 1.3592 1.5332 0.61189 0.23641 0.14552 -0.15192 0.1776 -0.73162 1.2411 -0.18013 -0.48759 -0.74709
0.93134 -1.2695 -1.7293 -0.38014 -0.87141 0.48874 0.63211 0.21789 0.53115 -0.0057486 -0.92217 -0.27008 0.65535 -0.38143 1.0613 0.56226 0.64653 0.52031 0.36378 0.38948 0.31621 -0.48182 0.75276 -0.025178 -0.10988 -0.73442 -0.72293 1.2006 1.2454 0.45428 -0.038374 0.084842 -0.14873 0.069492 -0.15606 0.8255 0.34797 -0.71887 -0.76955
0.87805 -1.1049 -1.3949 -0.58274 -0.70482 -0.039798 0.45379 -0.15188 -0.3231 0.78581 -1.6222 0.17827 0.5465 -0.46258 1.4926 1.1498 0.87454 0.40187 0.49086 0.22099 0.24375 -0.64199 1.1031 0.1173 -0.53119 -0.95348 -0.92292 1.0431 0.78538 0.31463 -0.32831 -0.1337 -0.39845 0.14303 0.40183 0.063912 0.90826 -0.87702 -0.79241
1.378 -1.0297 -0.93997 -0.46944 -0.60022 0.036655 0.60081 -0.06384 -0.28866 0.85985 -1.6736 0.076272 0.59592 -0.90345 1.4356 0.89915 0.62688 0.097182 0.1539 0.06598 0.28772 -0.052025 1.2009 0.8524 -0.90853 -1.0273 -0.75658 0.67321 0.62024 0.23871 -0.36147 -0.11823 -0.63105 0.2463 0.75156 -0.72251 0.98483 -0.8237 -0.54713
0.17069 0.29649 -0.24841 0.49071 -0.079154 0.86573 1.3172 0.18185 -0.18832 0.22509 -0.86478 -0.78523 -0.53727 -1.2141 1.7724 1.0753 0.76248 -0.12201 -0.12062 -0.47051 0.50552 0.22244 0.23392 1.2634 -1.2557 -1.3439 -0.62385 0.31482 0.32864 0.18441 0.050537 -0.044733 -0.68519 0.42453 0.78073 -1.0508 0.52558 -0.025204 -0.29675
0.40916 0.1297 -0.53001 0.29143 -0.68961 0.57331 0.86608 -0.014274 -0.061168 1.1882 -0.51439 -0.98079 -0.3486 -1.4417 2.0309 1.6946 1.1182 0.14388 0.4203 -0.55454 0.72444 0.56724 -0.35945 1.4067 -1.287 -1.446 0.092599 -0.27548 0.35616 0.16954 0.58529 0.13036 -0.47224 0.21809 -0.20171 -0.92268 -0.36706 0.92026 0.19557
0.24637 -0.13371 -0.85406 -0.10522 -0.98492 0.084859 0.32513 0.39359 0.47403 1.3335 0.24071 -1.5377 -0.30982 -1.3764 1.7147 1.3218 0.95012 0.50576 0.25365 -0.8678 0.9175 0.58614 -0.34877 0.91613 -0.35639 -1.2362 0.46065 -0.77734 0.28204 0.05025 1.2588 0.27401 0.094454 0.094685 -0.85066 -0.57893 -0.83689 1.4196 0.54417
-0.51355 0.89115 -0.20781 0.6728 -0.94167 -0.0065417 -0.49251 0.97217 0.38558 0.066153 0.55416 -1.6819 -1.0766 -0.63885 1.013 1.3952 0.82843 0.90425 0.20871 -0.70455 0.56496 -0.59844 -0.47243 0.29644 0.43299 -0.75776 0.68778 -1.0204 -0.2411 -0.1304 1.1311 0.078087 0.69004 0.062036 -0.95519 -0.39812 -1.178 1.0809 0.68817
-0.4912 1.4193 1.5126 1.2489 0.030732 1.1191 0.18989 0.71967 0.19945 0.19901 -0.013654 -1.3768 -1.2315 -0.73014 1.0042 1.7108 0.99536 1.8704 0.51094 -0.22079 0.82408 -0.81586 -0.95667 0.1386 0.62902 -0.7873 0.46182 -1.1507 -0.51044 -0.28335 0.6598 0.26518 1.0785 -0.093007 -0.55247 -0.29237 -1.0555 0.17192 0.77179
-0.35874 1.0585 0.26504 0.92886 0.28723 0.59099 -0.26948 1.3211 0.53681 0.52804 -0.35901 -0.19942 -1.1058 -0.44623 0.7092 1.0435 0.86951 1.5968 0.43032 0.49889 0.94531 -0.55531 -0.92512 -0.57436 0.3182 -0.5312 -0.078628 -1.0432 -0.8947 -0.7031 -0.59394 0.15951 0.80437 -0.64166 0.25302 0.16209 -0.4187 -0.47697 0.65857
-0.20878 0.98295 1.0583 1.382 0.54631 0.9475 0.43611 0.45269 -1.7744 0.050693 -0.19148 -0.50414 -1.1974 -0.58502 -0.024716 0.55578 0.43765 1.4189 0.65117 0.69158 0.5944 -0.47917 -0.77127 -0.77071 0.063033 -0.071708 -0.15297 -1.0606 -0.73182 -0.8993 -1.5947 0.19175 0.39892 -1.4255 0.49855 0.45707 0.034664 -0.67355 0.63046
-0.64317 1.1369 1.2617 1.3434 1.2857 0.85364 0.19461 1.6896 -0.35261 -0.15839 0.37643 -0.87142 -1.277 -0.85449 -0.187 0.33853 -0.11432 0.05963 0.43814 0.44696 -0.53978 -0.25084 -0.26527 -0.082975 -0.16122 -0.025304 -0.00099597 -0.72173 -0.37269 -0.8382 -1.6955 0.22837 -0.11828 -1.5033 0.80107 0.71776 0.43222 -0.1707 0.42718
-0.5465 1.1226 0.27602 1.2599 0.25716 0.4588 0.98766 2.1398 0.4366 -0.44645 -1.062 -1.7691 -1.217 -0.81089 -0.29088 0.72252 -0.07539 -0.29103 0.87028 0.59446 -1.2055 0.02328 -0.37094 -0.024105 -0.38389 0.0034488 0.53696 -0.25561 -0.38045 -0.51753 -1.4457 -0.0076806 -0.34822 -1.0169 0.44266 0.66404 0.31535 0.21983 0.17166
-1.4207 1.0121 1.3175 1.4494 1.1436 1.6866 0.48573 1.2393 -0.50212 -0.91854 -0.96248 -1.1653 -1.1606 -0.32832 -0.34332 0.26637 -0.33041 -0.66545 0.75637 0.29276 -1.0809 0.7706 0.33458 -0.06052 0.24936 0.13821 0.93593 -0.062231 -0.55087 -0.19768 -0.44575 -0.27238 -0.50182 0.045653 -0.073574 0.37523 0.088857 0.39203 0.090918
-1.2021 1.0599 1.6927 0.6704 -0.39393 1.4577 0.58072 -1.0333 -0.38683 0.78786 0.42432 -0.77996 -1.2291 0.18288 -0.36528 -0.11586 -0.35332 -0.87172 0.46125 0.049837 -1.0978 -0.10675 0.27653 -0.13119 0.31126 0.13029 1.0178 0.14655 -1.0652 -0.10262 -0.084127 -0.89145 -0.55668 1.0329 -0.29746 0.10165 -0.025057 0.066187 -0.017153
-0.88911 0.51744 1.173 1.1799 0.36139 1.7606 0.96894 -0.29862 -0.29905 -0.48152 -0.43089 -0.88263 -1.108 0.44055 -0.25038 -0.25702 -0.31835 -0.44501 0.088858 -0.30963 -0.4519 -0.30227 0.15583 0.16317 0.27358 0.061287 0.54294 0.30746 -0.90439 0.20508 0.47846 -0.90371 -0.38975 1.5809 -0.45008 -0.5554 -0.24022 -0.52881 -0.12283
-0.39587 0.79082 1.1294 0.94768 0.085585 1.565 0.76391 0.359 0.088384 0.62046 -0.34722 -0.38003 -1.0273 0.75279 -0.094439 -0.95714 -0.25916 -0.52425 -0.57295 -0.24398 0.5771 0.0097441 -0.10785 -0.17377 -0.23591 0.012917 0.1225 0.32338 -0.65512 0.27689 0.6381 -0.64866 -0.20986 1.5997 0.01662 -0.63361 -0.36171 -0.60826 -0.10327
-0.55586 0.85732 0.50001 0.85203 -0.015427 1.0448 0.30855 0.87416 -0.42451 -0.37603 -0.65214 -1.3074 -1.1577 0.42912 0.028912 -0.96462 -0.02034 0.08324 -0.52772 -0.36302 1.264 -0.13313 -0.67119 -0.51227 -0.45325 -0.0071371 -0.094453 0.20615 -0.38246 0.23975 0.42979 -0.29271 -0.048036 1.0138 0.037029 -0.51264 -0.42396 -0.45514 -0.047012
