39 283
-0.28897 1.3356 0.6993 1.4391 0.19211 0.068005 0.56322 0.48945 0.22716 0.15819 0.13457 -0.15683 -1.3377 -0.70036 0.050695 0.20645 0.064191 0.37848 0.57148 -0.92789 -0.10058 -0.71995 0.34319 -0.1297 0.4668 -0.19879 -0.021355 0.066866 0.088926 0.19887 0.20118 -0.043504 0.56982 -0.39381 -0.30748 0.51745 -0.28728 0.086283 -0.032577
-0.81198 1.18 0.6634 1.2668 -0.13923 0.5083 -0.89758 0.64039 -0.12638 0.08294 0.67562 0.022313 -1.4127 -0.73351 0.20584 0.42541 0.29731 0.43014 0.48188 -0.48251 -0.91951 -1.4157 0.97699 -0.24128 1.0647 -0.25667 0.11493 -0.011662 0.04268 -0.040085 0.05024 -0.29449 1.0499 -0.29492 -0.1862 0.482 -0.36326 -0.23391 0.021875
-0.68799 1.2524 0.64417 1.4139 1.1885 1.2567 -0.76075 1.0666 -0.47865 0.010225 0.071169 0.078432 -1.4243 -0.70226 0.084996 0.25827 0.3079 0.70793 0.50958 -0.012183 -0.47894 -0.94804 1.0804 -0.70203 0.31999 -0.22198 0.46476 -0.034191 -0.02196 -0.41732 -0.34098 -0.37317 1.3574 0.011458 0.42708 -0.16279 -0.53275 -0.21107 0.12164
-1.0032 1.519 1.1068 1.6369 0.42863 0.36516 0.034685 -0.13501 -0.38541 0.98388 -0.31219 0.5126 -1.5711 -0.48171 0.013252 0.25918 -0.13846 0.30412 0.007146 0.70221 -0.49535 -0.94108 0.95639 -0.63469 0.075094 -0.14773 0.56915 -0.25672 -0.21301 -0.69161 -1.059 -0.3818 1.0631 0.68098 1.3076 -1.0666 -0.19683 -0.75058 0.18826
-0.88848 1.5571 1.173 1.8959 0.5975 0.51936 0.36985 -1.0821 -1.4704 1.6271 -0.08125 1.3915 -1.5601 -0.0023326 0.088781 0.25266 -0.49502 -0.15476 0.060409 1.1759 -0.26496 -0.074914 0.020524 -1.0878 0.54053 -0.04596 0.56174 -0.28251 -0.28987 -0.73838 -1.1679 0.0016847 0.39731 0.9999 1.248 -1.5735 0.29265 -0.79272 0.18243
-0.98322 1.2041 0.6816 1.6122 1.1917 0.91948 0.35643 0.86417 -0.12958 1.0555 -0.86081 -0.75799 -1.4891 -0.078638 -0.22879 0.049818 -0.58463 -0.9949 -0.058787 1.0375 0.40152 0.77818 -0.66887 -0.48243 -0.50668 -0.025317 0.27529 -0.18047 -0.19874 -0.27325 -0.52058 0.30882 -0.5202 1.1321 1.1699 -1.5727 0.43261 -0.81525 0.11819
-0.90567 1.2362 0.95831 0.77478 0.14124 0.075012 0.78676 0.092847 -1.0035 0.89967 -0.12239 0.033962 -1.4775 0.088186 -0.27012 -0.15285 -0.83873 -0.69009 0.52381 0.61733 1.1581 0.70441 -1.3165 -0.16195 -0.93146 0.026376 0.07334 0.018847 -0.14595 0.37212 0.33436 0.0048168 -1.2961 0.34753 0.073864 -0.69996 0.80642 -0.20025 0.0050281
-0.68878 1.4308 1.0322 0.72927 0.012474 1.26 0.36878 0.44466 -0.0056102 -0.4775 -1.2628 1.5079 -1.4809 -0.031388 -0.1117 0.10903 -0.47779 -0.33966 0.35459 -0.03609 1.1512 1.0263 -1.583 -0.1811 -0.77469 0.017606 0.5163 0.1483 -0.54137 0.71771 0.97256 -0.23556 -1.4497 -0.29957 -0.16971 0.77942 0.6455 0.055755 0.12762
-1.0317 1.0619 0.86082 1.2453 -0.37957 0.70328 0.9999 1.0838 0.36677 -0.095945 -0.30489 -1.1793 -1.5559 0.11966 0.061292 -0.035482 0.13161 0.10664 -0.15892 -0.83963 0.10074 -0.017843 -0.9507 0.48011 0.27431 -0.056293 1.4423 -0.53 -1.4479 0.50022 0.50984 -1.1164 -1.3997 -0.72568 -0.041061 2.0284 0.24199 -0.4123 0.69521
-0.87339 1.3534 0.95255 0.71983 0.094217 1.264 0.87331 0.84012 -0.51814 0.024917 -0.40314 -0.41892 -1.5395 0.81886 -0.14557 -0.9742 0.24816 0.31581 -0.19799 -1.0899 0.33669 0.83686 0.73647 0.56984 -1.0163 0.23338 2.3773 -1.3076 -2.1482 -0.25839 -0.25441 -1.3131 -1.3933 -0.55103 0.29902 1.7585 -0.55595 -0.15149 1.4405
-0.9824 1.3405 1.2198 1.3959 0.83526 0.85507 -0.11965 0.86929 -0.0072649 -0.50579 -0.73838 -0.0089668 -1.477 2.181 -1.1459 -2.197 -0.28519 -0.12085 -1.3951 -1.6129 0.093388 0.75207 1.6587 -0.029914 -1.6197 1.0907 2.348 -1.8438 -1.7467 -0.7051 -0.89913 -1.3848 -0.79647 0.52989 0.97934 0.3452 -1.13 0.26854 1.8906
-0.68669 1.2528 0.48571 1.457 0.94027 0.080022 -0.92505 0.42014 -0.67321 -0.061756 0.1904 0.41671 -1.5624 3.0763 -1.7095 -2.6477 -0.75314 -0.67023 -1.6054 -2.3939 0.04296 1.2694 0.69698 -1.1307 -0.13392 1.8701 1.2407 -1.6544 -0.36211 -0.74343 -1.4318 -1.0453 0.31288 1.1425 0.26688 -1.3972 -0.71222 1.1985 1.6853
0.40154 1.0345 -0.42381 0.72344 -0.21911 0.40984 -0.20709 0.84885 0.91666 2.2479 0.16224 -1.6872 -1.0877 3.0784 -2.2606 -2.3185 -0.67603 -0.97616 -2.173 -1.7517 1.3641 1.7446 -0.22812 -1.1059 0.33662 2.3085 -0.61822 -0.75375 1.4178 -0.39131 -1.2597 -0.014506 1.8526 1.35 -0.33182 -2.2563 0.38925 1.0467 0.88225
1.8417 -0.29202 -1.6389 0.27064 -0.59983 -1.0987 -1.5265 0.93227 0.89093 1.3228 -1.8785 -1.6886 -0.079272 2.5387 -2.3734 -1.5583 -0.93547 -1.7672 -1.8659 -0.39036 2.0809 0.90491 -1.1701 -0.43206 0.30175 2.4621 -2.2532 0.2617 2.3742 -0.15063 -0.54782 0.54075 3.0367 0.6126 -1.5763 -1.674 1.6672 0.40383 -0.16855
1.7063 -0.38553 -1.3047 0.29139 -0.90398 -0.9699 -2.2679 1.1212 1.1787 -0.46931 -1.9587 -0.080137 0.26925 1.397 -2.0832 -0.20497 -0.92313 -1.781 -1.3151 1.061 1.8817 0.31005 -2.0095 0.44424 0.16604 2.2814 -3.0661 1.3828 2.2571 -0.33438 0.014158 1.2983 3.2013 -0.73893 -1.9337 0.20149 2.0448 -0.32525 -1.1487
1.5042 -0.47981 -0.54381 0.52518 -0.19253 -1.7311 -1.0772 3.1847 1.0079 -0.90199 -1.187 0.95782 0.4179 0.030937 -1.3584 0.54164 -0.91443 -1.2271 -1.0038 2.2175 1.0712 -1.1082 -1.8268 1.6597 0.71567 1.6027 -2.6266 1.7287 1.128 -0.5198 0.56273 1.2548 2.1073 -1.7991 -1.371 2.1245 1.0717 -1.2206 -1.5777
1.2541 -0.70433 -0.40934 0.32646 -1.7466 -1.4287 -0.12982 3.0245 0.24659 -1.3657 -0.03456 -0.3471 0.60738 -0.9626 -0.44139 0.66826 -1.3106 -1.2192 -0.098719 3.2876 0.36965 -1.0533 0.51005 2.224 -0.51153 0.80853 -1.2885 1.5587 -0.12862 -0.74828 0.74593 0.88439 0.19314 -2.3888 -0.34641 3.0514 -0.61416 -1.1833 -1.5114
1.126 -0.74981 -0.22211 -0.17368 -1.7706 -1.2622 1.044 1.9173 0.22158 -0.91616 0.94548 -1.07 0.71537 -0.81468 -0.28539 0.023616 -1.708 -1.0583 -0.053506 2.6758 -0.848 -1.1006 1.9011 0.96591 -1.7267 0.54723 -0.035593 1.3668 -0.31513 -0.18066 1.3213 0.44632 -1.7416 -2.236 0.96012 2.1346 -1.9459 -0.32584 -1.3019
1.0684 -0.6574 -0.74436 -0.78548 -1.6267 -1.4444 1.9026 1.6665 -0.16369 0.39968 0.95566 -0.63054 0.77897 -0.39458 0.0030466 -0.17352 -1.9143 -0.55406 -0.09059 1.2252 -2.0595 -0.347 2.3474 -0.53839 -0.90813 0.2693 0.4348 0.83586 -0.18242 0.5697 1.433 -0.18821 -3.2649 -1.4689 1.3122 -0.085017 -2.0536 1.1149 -0.93448
0.81049 -0.70578 -0.98434 -1.3479 -2.0449 -1.1286 1.711 1.724 0.30066 1.784 -0.071251 -1.7021 0.74545 -0.29622 0.71909 0.40159 -0.95283 0.76146 -0.161 -0.18473 -2.3001 0.47915 1.6059 -1.1461 0.27165 -0.31509 0.31875 0.44303 0.28959 1.079 1.0217 -0.13525 -3.0445 -0.16909 1.201 -1.2032 -0.92393 2.0748 -0.55852
0.88956 -0.69425 -0.84809 -1.4372 -1.8353 -1.4601 0.66937 0.89239 -0.037899 0.97047 -1.121 -1.6814 0.8476 -0.44982 0.46251 0.15555 -0.6434 0.38823 -0.43337 -1.7285 -1.9085 0.79626 0.48326 -1.1381 0.62426 -0.32964 0.10875 -0.11933 0.23581 1.0572 0.27499 0.070858 -1.6523 0.87872 0.55297 -1.2258 0.54548 1.9201 0.010386
1.1969 -0.4988 -0.27748 -1.6598 -1.1447 -1.9274 0.67384 0.63913 0.58142 1.3524 -1.2606 0.21428 0.66577 -0.21616 0.22986 0.37905 -0.35857 0.26583 -0.16741 -1.8577 -1.248 0.74646 0.37877 -0.72841 1.4926 -0.090188 0.11826 -0.58492 -0.24946 0.46849 -0.52665 0.31683 0.0051604 1.3978 -0.0025893 -0.1768 1.241 1.3134 0.5621
0.7715 0.25053 0.34907 -0.3342 -0.52653 -1.3025 0.15009 -0.36851 0.72895 0.15998 -0.24 -0.35443 0.11915 -0.22763 0.04615 0.26161 -0.26683 0.17856 0.028536 -1.1951 -0.74985 0.65162 0.46057 0.41146 2.1688 0.17699 0.31535 -0.43907 -0.49366 0.2986 -0.56293 0.39226 1.0882 1.3477 -0.48315 0.61608 1.0826 0.3519 0.66388
0.44957 -0.71104 -0.91353 -1.6331 -1.994 -1.9927 -0.97786 -0.099626 0.81677 0.36969 -0.2132 -0.69423 0.66059 -0.18386 -0.057839 -0.094986 -0.28318 -0.055807 0.20279 -0.42987 0.026352 0.5808 1.2557 0.73009 2.0171 0.37983 0.60433 -0.18993 -0.55648 0.28717 -0.62006 0.039292 0.91693 1.0561 -0.77303 0.8127 0.55424 -0.55473 0.40111
0.98413 -0.61561 -0.5416 -1.6676 -1.5352 -1.2571 0.068109 0.86276 0.43887 2.3859 -0.76536 1.1778 0.93265 0.09903 -0.13329 -0.48748 -0.13674 -0.43672 0.1231 -0.27875 0.25689 -0.045619 1.3 0.44372 1.0262 0.55481 0.95545 0.58322 0.30746 0.81964 -0.23728 0.078978 0.36375 0.3722 -1.1387 0.058082 0.2416 -1.2885 -0.36454
0.61358 -0.6184 -0.52515 -1.7281 -1.5773 -1.1614 0.21763 0.52727 0.95119 2.1048 0.13046 0.95965 0.96376 0.6863 -0.0007502 -0.23875 0.09964 -0.51257 -0.16022 -0.49097 0.4499 -0.40512 1.6152 0.43296 0.98028 0.39832 0.82026 1.2372 1.1905 1.1652 0.25855 0.28298 -0.29238 -0.58245 -1.1943 -1.3559 0.10871 -1.4778 -1.2215
0.89603 -0.41758 -0.53427 -1.5041 -1.3019 -1.5342 0.12146 0.61608 0.74305 2.2546 -0.43965 1.2748 0.96917 1.0116 0.99854 0.88541 1.0479 -0.0073104 0.34177 -0.43378 -0.17019 -1.0816 0.39824 1.0667 0.1891 -0.44282 0.19519 1.5955 1.5623 1.2659 0.70274 0.61888 -0.49428 -0.99846 -0.90377 -1.8555 -0.029054 -1.3935 -1.8637
1.2094 -0.29275 -0.62628 -1.1182 -1.6312 -1.7679 -0.27581 0.28544 0.43137 1.9939 -0.38875 0.57347 0.86384 0.79988 1.4579 1.3489 1.2684 0.18545 0.62231 -0.9193 -0.93684 -1.2377 -1.0592 0.64012 -0.42732 -1.1734 -0.98078 1.4595 1.4266 0.97719 0.81188 1.0006 -0.39102 -1.1941 -0.49715 -1.5301 -0.14501 -1.4182 -1.9338
1.403 -0.09781 -0.23483 -0.53889 -1.8647 -1.6808 -1.3401 0.3472 0.19949 2.3678 0.60001 0.67355 0.59187 0.39902 1.8221 1.5136 1.6087 0.44979 0.91457 -1.0309 -1.0841 -1.3891 -1.1473 0.26607 -0.97047 -1.7917 -1.9833 0.71969 0.54674 0.21504 0.7184 0.60884 -0.034662 -0.43291 0.28168 -0.56451 -0.68557 -0.84338 -1.312
1.6112 0.37737 0.41621 -0.53829 -1.7492 -0.76047 -0.76196 -0.001247 -0.64407 1.2308 1.1654 0.10527 0.22235 -0.68854 2.0432 1.9995 1.6161 0.68595 1.4793 -0.95448 -1.5309 -1.2039 -0.73305 0.5104 -1.1881 -2.1776 -2.4901 -0.023296 -0.31274 -0.092171 0.72046 0.20916 0.76779 0.27103 0.98242 0.24924 -0.75697 -0.56996 -0.51373
1.4441 0.8666 1.0109 -0.29997 -0.83456 -0.13085 -0.67219 -0.52477 -0.36591 0.82688 -0.55054 1.0586 -0.29184 -1.6626 1.9165 1.5397 1.2641 1.0055 1.0765 -0.4734 -0.74158 -0.50486 -0.91694 -0.35117 -1.0705 -2.1452 -2.4692 -0.82958 -0.87772 -0.23413 0.72008 -0.23088 1.1208 0.8172 1.351 0.39925 -0.14319 0.0081209 0.33101
0.75405 1.1181 0.65422 0.42505 -0.91443 -0.46614 -1.2 -0.735 -0.24858 1.0308 0.17967 -0.70771 -0.79593 -2.466 1.3708 0.77913 1.2637 1.1742 0.92651 0.33192 -0.52526 0.30503 -0.66723 -0.6872 -1.4902 -1.8582 -1.5507 -1.4437 -1.3796 -0.50606 0.46652 -0.45015 1.2572 0.90723 1.1369 0.17154 0.4969 0.76954 1.0501
0.050635 1.4784 1.5709 0.5512 -0.70861 0.24972 -1.4376 -1.4076 -0.60926 1.9589 0.55341 -0.39915 -1.049 -2.9727 0.76139 0.55724 1.3459 1.4716 0.71948 0.55414 0.12189 0.5731 -0.36715 0.5459 -0.81795 -1.3919 -0.37315 -1.4416 -0.84663 -0.53514 0.22786 -0.21273 1.1371 0.5032 0.49462 -0.17742 1.0597 1.6977 1.4103
-0.32842 1.3716 0.69149 0.30813 -0.61705 -0.84188 -1.0332 0.25336 -0.0097658 0.51385 -0.7866 -0.60656 -1.0714 -2.7023 0.19027 0.027054 0.63431 1.2738 0.75946 1.0298 -0.068205 0.54857 -0.65921 1.1163 0.15488 -0.78503 0.7863 -1.1591 -0.52598 -0.59609 0.013891 -0.23331 0.61468 0.24358 -0.046451 -0.4938 1.0468 1.8927 1.3688
-0.87575 1.1534 0.71683 1.0866 -0.25568 0.23858 -0.22517 -0.55055 0.33655 1.1488 0.094935 -1.3655 -1.2117 -2.1726 0.07989 0.40477 0.58424 1.3578 0.72388 1.438 0.091399 0.3898 -1.2838 1.0092 1.3654 -0.30666 1.5528 -0.7176 -0.47771 -0.51366 -0.094965 -0.37 0.0058698 -0.21924 -0.22225 -0.35108 0.15035 1.1934 1.0803
-1.3446 1.277 1.5485 1.2108 0.77513 0.66988 0.017959 -0.0666 -0.27384 0.46929 2.1176 0.022834 -1.2597 -1.4849 -0.23997 -0.082469 0.53749 1.2577 0.44812 1.1171 0.016237 0.33894 -1.2168 1.3156 1.0526 -0.095581 1.6962 -0.3443 -0.40948 -0.26847 -0.05872 -0.65273 -0.62739 0.062565 -0.023333 -0.14573 -0.62956 -0.19121 0.69439
-1.27 1.1609 0.75647 0.23819 0.49599 0.75198 0.21814 -1.382 0.2136 0.16773 0.52669 1.1603 -1.1638 -0.8719 -0.23192 -0.23954 0.4394 1.3152 0.13288 0.53343 -0.34825 0.27116 -0.80524 0.75714 1.0196 0.083388 1.5169 -0.28928 -0.64271 -0.35598 -0.43258 -0.65478 -0.73858 0.23477 0.0012278 0.13822 -1.3072 -1.4966 0.33863
-1.5843 1.4824 1.6037 1.4752 0.59672 0.25586 0.2874 -0.45834 -0.091385 -0.31327 1.2286 0.7129 -1.1418 -0.39469 -0.23397 -0.38037 0.20437 1.1942 -0.23771 0.25249 0.30468 0.59604 -1.1966 -0.12021 -0.055 0.19073 1.1956 0.015759 -0.12776 -0.25627 -0.57988 -0.2987 -0.49232 0.33872 -0.14244 0.24019 -1.1523 -1.393 0.055386
-1.4157 1.0285 0.82237 1.1067 0.8069 0.32061 -0.18067 -0.61632 0.020522 0.41813 1.6862 -0.071782 -1.1722 -0.070482 -0.41064 -0.59275 0.086918 0.63249 -0.22984 0.42083 0.45528 0.29816 -1.0131 -1.0895 -0.98008 0.12251 1.0683 7.1948e-05 -0.23281 -0.60303 -1.1699 0.10635 -0.18403 0.25484 -0.33158 0.80025 -0.9583 -1.0811 -0.064228
-1.3231 1.0254 0.21145 1.0652 1.4258 -0.45562 -0.061576 -0.24737 0.56341 -0.33393 -0.062634 0.28436 -1.0105 0.20479 -0.12475 -0.13188 0.23389 0.58355 0.025995 0.21097 0.33688 0.077134 -0.62422 -0.24529 -0.64724 -0.0193 1.3137 -0.2014 -0.088967 -0.85528 -1.9185 0.019894 -0.3956 -0.10554 -0.76897 1.5582 -0.52475 -0.074658 0.25878
-1.4972 1.0011 0.95814 1.2923 1.6532 0.64692 0.47725 -0.079856 0.79848 -0.77802 0.87248 -1.2791 -1.0802 0.69818 -0.28707 -0.77758 -0.69525 -0.43059 0.18605 0.20154 0.18511 -0.093187 0.53926 -1.2483 -0.78252 0.083026 1.6355 -0.64358 -0.1269 -1.1956 -2.3893 -0.44685 -0.83818 -0.33998 -0.72682 1.7892 0.19017 0.34816 0.8921
-1.4067 0.89843 0.89291 0.81284 1.0332 0.50803 0.82236 -0.10426 -0.41447 -0.90485 0.063842 -0.19466 -1.1714 1.516 -0.63538 -0.44464 -0.99004 -1.6391 -0.42894 -0.40896 0.24626 -0.70042 1.2033 -1.1785 -0.31189 0.64847 1.6719 -1.2341 -0.6468 -1.4104 -2.463 -1.3315 -1.0716 -0.47391 -0.30283 1.6198 0.10878 0.47036 1.4169
-1.0384 1.3641 0.97487 1.074 1.1295 0.55055 0.073729 -1.1283 0.275 -0.27273 1.0316 0.842 -1.2093 2.1267 -1.2392 -0.66086 -1.5149 -2.4473 -0.89426 -0.91569 -0.17627 -0.72151 1.7205 -0.22656 -0.49078 1.292 1.0849 -1.3926 -0.65821 -0.87504 -1.5513 -1.7546 -1.0516 -0.43691 0.34078 0.59636 0.76216 0.20561 1.4165
-0.67988 0.85464 -0.021183 0.21706 -0.33957 0.19744 0.23539 0.20617 -0.10887 1.4319 -0.95251 -1.331 -0.93754 2.4064 -1.7264 -1.344 -1.9664 -2.7286 -2.0478 -1.3387 -0.4354 -0.17542 2.087 -0.53445 0.099431 1.7624 0.16349 -1.0551 -0.69463 -0.30783 -0.34625 -1.2701 -0.30095 -0.24088 0.77792 -0.3139 0.61884 0.13466 0.78339
0.46542 0.036194 0.23567 -0.19663 -1.1469 -0.97543 -1.0807 -0.078374 -0.52576 1.4954 -0.20763 -0.36194 -0.16515 2.1516 -2.0861 -1.5021 -1.829 -2.6062 -2.4422 -1.4022 -0.35073 0.35532 1.3124 0.053342 -0.606 1.9115 -0.80611 0.10507 0.16801 0.69884 0.89046 -0.33005 0.37017 -0.29999 1.1625 -1.1228 0.23756 0.58205 -0.1978
0.58583 -0.2357 -0.10203 -0.71323 -1.1958 -1.1536 -0.70041 -0.68968 0.14085 0.82907 0.49124 -0.96351 0.32339 1.8054 -1.9884 -1.2633 -1.408 -2.1651 -2.1494 -0.74961 -0.13904 0.34001 0.76626 -0.0023404 -0.0088889 1.6592 -1.6228 1.6573 1.0518 1.5065 1.8098 1.0778 1.1581 -0.22922 1.2109 -1.1096 0.16813 0.37813 -1.2555
0.5892 -0.47263 -0.38089 -1.121 -1.6191 -2.0748 -0.86114 -0.88562 0.38661 1.6674 -0.12831 -0.20865 0.33489 1.0487 -0.93196 -0.39856 -0.51097 -1.1641 -1.508 -0.46672 -0.91885 1.3631 0.090249 0.0053835 0.67123 1.0135 -1.9396 2.5315 1.3942 1.8528 2.6683 2.1477 1.3531 -0.082716 0.91071 -0.81849 -0.32282 0.88851 -1.9149
0.58647 -0.74248 -0.69078 -0.99885 -2.1176 -2.469 -1.1108 -0.64744 -0.010873 0.64374 0.41808 -0.86068 0.37233 0.164 0.48525 -0.013413 0.14841 -0.27116 -0.43875 0.49553 -0.59985 1.7591 0.43455 -0.16143 0.17556 0.10211 -2.2381 2.6017 1.66 1.8353 3.1084 2.8659 1.4285 0.39869 0.17472 -1.2349 -0.45202 0.33534 -1.9882
1.0113 -0.47935 -0.4862 -0.56753 -1.9009 -1.8598 -0.63543 -0.55498 0.44168 1.7437 0.040791 0.41889 0.34857 -0.37037 0.93712 0.36745 0.8059 1.1321 0.86128 0.66279 -0.26678 1.4882 -0.19169 -0.5715 1.0004 -0.52851 -2.412 1.6138 1.4737 1.3017 2.7547 2.8028 1.4543 1.0667 -0.79666 -1.6648 -0.40478 0.017099 -1.5812
0.65621 -0.07652 -0.0023856 -0.44355 -1.8707 -1.9637 -0.87943 -1.2844 1.5096 1.524 -1.1287 -0.59399 0.28888 -1.3449 1.4551 1.3231 1.3145 2.1443 2.2228 1.5225 0.38097 0.65877 -1.6117 -0.69551 0.45878 -0.91166 -2.3406 0.36468 1.0306 0.69565 2.0023 1.9738 0.83193 0.90511 -1.1555 -1.9244 0.17856 -0.51544 -0.98942
0.534 0.68055 0.19335 -0.27231 -1.1315 -1.4207 -0.023006 -0.96069 1.4053 1.8914 0.44295 -0.50971 0.0091583 -2.3582 1.2985 1.5696 1.3019 2.4651 2.5954 1.9075 0.814 0.36616 -2.2823 -0.60783 0.5484 -1.1368 -1.8213 -0.38021 0.43542 0.13902 0.60475 0.78767 0.42036 0.5824 -1.414 -1.5255 0.69206 -1.0024 -0.47624
-0.016575 0.22068 -0.084812 0.11245 0.71692 0.095019 0.019474 -0.94268 1.3729 0.018155 -0.57802 1.0937 -0.26475 -2.8797 0.91769 1.2299 1.1776 2.5787 2.5144 1.53 0.74986 0.060572 -2.4451 0.22814 -0.60626 -1.2555 -0.66245 -0.89782 -0.16257 -0.31104 -0.85771 -0.8316 -0.88866 -0.20013 -1.1406 -0.18292 0.79408 -0.55621 0.011351
-1.0562 0.74695 1.2253 0.61261 0.60985 0.82029 1.2955 0.20145 0.20148 -1.1741 -1.0536 -0.33199 -0.56124 -2.7407 0.56526 1.1947 1.1241 1.9784 2.2267 1.5018 0.77355 -0.98541 -2.8866 0.43989 -0.41353 -1.1551 0.9136 -0.58954 -0.29 -0.65835 -1.765 -1.8171 -1.802 -0.77855 -0.7546 1.1527 0.45937 -0.18769 0.48497
-1.6713 0.34699 0.84691 0.57726 0.37213 0.60182 1.2043 0.33864 0.77383 -1.4601 -0.31351 0.12533 -0.62364 -2.2831 0.30998 1.2223 0.82244 0.88454 0.76622 -0.021003 0.012675 -0.89538 -1.6836 0.47275 -0.14667 -0.88076 2.0606 -0.35458 -0.7602 -1.0316 -1.8779 -2.2111 -1.822 -1.0371 0.33055 2.4162 -0.073282 0.91713 0.84776
-1.6184 0.63327 0.68356 0.76175 1.2802 1.0544 0.66561 -0.54591 1.4116 -0.12169 0.41267 -1.3644 -0.82618 -1.0547 0.60943 1.0574 0.25749 0.21666 -0.089872 -0.86983 -0.39844 -0.61946 -0.31367 0.2438 -0.057406 -0.50566 2.22 -0.18258 -1.1123 -1.1578 -1.2132 -1.7723 -1.0595 -0.55075 1.304 2.7123 -0.2915 0.69667 0.8636
-1.8419 0.78489 1.3809 0.91209 0.67474 0.97659 1.3386 -0.46308 0.068989 -2.4012 -0.35107 -0.56325 -0.8503 -0.13325 0.29816 -0.057911 -0.30003 0.16595 -0.65352 -0.87666 -0.77821 0.5683 1.1941 0.15722 0.96947 -0.15142 1.6051 -0.21526 -0.84222 -0.87247 -0.48396 -0.77833 0.084558 0.42699 1.1102 1.5531 -0.31515 0.53826 0.62863
-1.7995 0.81944 1.464 0.75388 0.49082 -0.43556 -0.73545 -0.9986 0.38267 -0.19956 0.71507 0.60706 -0.89769 0.050023 0.26322 -0.15096 -0.45855 0.21071 -0.53536 -0.15456 0.057606 0.90592 1.204 -0.03953 0.35721 -0.064289 0.5359 -0.57971 -0.31648 -0.36393 -0.15897 0.087686 0.40081 0.62933 0.70678 0.63301 0.004097 -0.34206 0.28857
-1.1971 0.9667 1.3679 0.40895 1.1572 0.63618 -0.45068 -0.64898 0.45073 -0.93003 -1.2964 0.54244 -0.76218 -0.035415 0.12012 0.32343 -0.43676 0.040326 -0.54819 -0.20005 0.68903 0.58034 0.72335 -0.073524 0.66945 -0.041289 -0.20773 -0.53223 0.48131 0.18526 -0.056093 0.54602 0.72956 0.67916 -0.1888 -0.67017 -0.0372 -1.5952 0.073738
-1.5409 0.73061 0.53202 0.13756 0.70847 -0.076731 1.0725 -0.50763 1.6701 0.90286 -0.22639 0.61678 -0.68679 -0.15644 -0.2779 0.30336 -0.3527 0.002659 0.0061426 -0.40402 0.18947 0.81214 1.2114 0.35624 -0.581 -0.072629 -0.41558 -0.48825 0.30768 0.48085 -0.27765 0.26018 0.65227 -0.0051276 -0.37875 -0.90993 0.24332 -1.0281 0.032437
-1.8677 0.62631 0.70997 0.2607 1.0422 0.35007 1.2132 0.49592 1.9378 -0.20924 0.30167 -0.89558 -0.85104 -0.37148 -0.32771 0.5776 -0.017807 0.17372 0.11661 0.70241 0.58014 0.27484 -0.17715 -0.13221 -1.6508 -0.020541 -0.14612 -0.17282 -0.051023 0.5817 -0.34902 0.022936 0.36112 -0.62794 -0.6726 -1.3585 -0.11978 -0.096876 0.14654
-1.7567 0.95209 1.997 0.54373 1.0666 0.20586 -0.26272 0.010302 0.66659 -0.48792 0.096477 0.14229 -0.96502 -0.48359 -0.33528 0.27427 0.21273 -0.34108 -0.3833 0.69569 0.12556 0.34123 -0.20212 0.50018 -0.47879 -0.017428 0.165 0.18968 -0.45227 0.60227 -0.17903 -0.36104 0.10767 -0.57459 -0.93051 -1.197 -0.64762 0.99133 0.27503
-1.9137 0.37778 1.7666 0.40855 0.35668 0.67755 -0.35771 -1.1379 0.6939 -0.010261 0.20471 -0.96837 -0.89397 -0.10653 -0.14271 0.24912 0.34743 -0.39816 -0.33083 -0.024303 -0.54954 -0.48502 -1.3409 -0.41423 0.41741 0.18029 0.32645 0.26087 -0.93532 0.33136 0.12131 -0.059717 -0.35583 -0.44697 -0.28544 -0.20643 -0.64369 0.59732 0.15416
-1.8676 0.62904 1.6927 0.58174 1.2798 -0.28902 1.0845 0.30031 0.98442 -0.68824 -0.70707 -1.5458 -0.75358 0.015542 -0.051829 -0.33847 0.56955 -0.023412 -0.49497 0.18364 -0.40622 -0.62076 -0.64853 -0.90406 0.28175 0.29229 0.39896 0.47986 -0.6094 0.25705 0.77309 0.64102 -0.5036 -0.011604 -0.14829 0.28372 -0.3021 -0.48761 -0.11907
-1.7647 0.59636 0.71465 0.47814 0.33447 -0.12711 1.4881 -0.38892 1.8607 -0.32469 0.024154 1.017 -0.73495 -0.036804 -0.031044 -0.78554 0.40861 0.22997 0.034182 0.26599 -0.051394 0.22363 -0.3759 -0.82297 -0.89375 0.086591 0.22754 0.47993 -0.32082 0.17598 0.76295 1.02 -0.61305 0.094396 0.19801 0.85146 0.71588 -0.89471 -0.50478
-1.758 0.63521 1.0608 0.65839 0.32296 -0.27763 0.39049 -1.0843 0.79968 -1.6208 -0.65881 0.69232 -0.5562 0.19145 0.41584 -0.29534 0.6498 0.70386 0.66002 -0.43418 -0.12336 -0.27303 -0.10713 0.044611 -0.77739 -0.16821 0.25507 0.58634 0.20212 -0.10662 0.54117 1.0205 -0.41936 0.03625 -0.41379 0.49878 1.1676 -0.89481 -0.63325
-1.9026 0.68222 1.1271 1.2746 1.5198 -0.092691 0.53815 0.18717 0.42177 -0.63137 -1.0125 -1.4055 -0.72248 0.21836 0.43054 -0.34357 0.62532 0.57941 1.0552 -0.91659 -0.47228 -0.23132 0.12355 0.63576 -0.792 -0.43594 0.4161 0.55362 0.22434 -0.40059 -0.072779 0.51127 0.26769 0.13086 -0.83312 0.55801 1.306 0.13776 -0.46578
-1.8722 0.69674 1.3245 0.7391 1.0989 0.80843 -0.084558 -0.50446 1.255 -0.49972 -0.8217 -2.1276 -1.0136 0.34851 0.70355 -0.19583 0.25757 0.75383 0.95914 -0.043162 -0.096969 -1.1803 0.11775 0.86005 -1.5083 -0.50904 0.26111 0.1478 0.031573 -0.74965 -0.88512 -0.28551 0.83528 0.20289 -0.42617 0.60636 0.59213 0.96174 -0.1472
-1.5637 0.94491 1.3895 1.309 1.533 1.3593 -0.14993 -1.0275 0.52461 -0.23272 0.67126 -1.3572 -0.99283 0.62426 0.75621 -0.43195 -0.14151 0.079445 0.85786 0.61129 0.22928 -0.94221 0.64844 1.5599 -0.27693 -0.52387 0.020908 -0.27151 0.43772 -0.65978 -1.0356 -0.95757 0.94875 0.46859 -0.34204 0.68332 -0.34513 1.5492 0.27553
-1.6186 1.0398 0.58871 1.2238 1.4204 0.62402 0.4598 -0.38567 1.3232 -0.86072 0.15834 -0.63622 -1.1171 0.4595 0.5011 -0.19237 -0.35731 -0.59739 0.1809 0.46532 -0.031778 -0.72917 0.86578 0.84132 0.80487 -0.36919 -0.43808 -0.80929 0.68734 -0.43851 -1.1461 -1.379 0.19082 0.50099 0.51232 0.38735 -0.92832 1.7193 0.45321
-1.4133 1.325 0.62413 0.59221 1.1508 0.84926 1.5829 -0.63213 -0.47802 -0.71338 0.61516 -1.1487 -1.0735 0.21762 0.074133 0.43947 -0.29189 -0.56031 -0.44171 0.71706 0.48526 -1.1015 1.1418 -0.10715 1.0237 -0.03969 -0.61821 -0.86209 0.83698 -0.083745 -0.68912 -1.2791 -0.39912 0.55805 0.66191 -0.19888 -1.2531 0.69257 0.42006
-1.1613 1.2597 0.9265 0.67243 0.64515 1.0018 0.76297 -0.1202 -0.18841 -0.13313 1.0447 -0.56662 -1.1136 -0.18881 -0.31815 0.59941 -0.48346 -0.93551 -1.0975 0.29273 0.83198 -0.04913 0.65986 -0.31001 1.1415 0.013949 -0.53687 -0.3388 0.4458 0.097844 -0.1374 -0.30343 -0.554 0.75928 1.0465 -0.85518 -0.97481 -0.055397 0.13948
-1.6882 0.95298 1.3356 0.85591 0.75909 0.35355 0.34734 -0.25526 0.50218 1.032 -0.57905 -0.95846 -1.2122 -0.10438 -0.28577 0.67059 -0.23982 -0.95874 -1.0149 -0.080487 0.97198 0.066297 0.34484 -0.5648 0.87565 -0.0061397 -0.29011 -0.022358 -0.26436 -0.30978 0.20046 0.70749 -0.49531 -0.2765 0.88739 -0.90155 -0.4396 -0.20508 0.10716
-1.5979 0.73041 1.9984 0.651 0.75788 0.43303 0.94965 -0.14821 -0.052361 0.71442 -0.54662 -0.42502 -0.93507 -0.29133 0.11017 0.49126 -0.20955 -0.63712 -0.1452 -0.22031 1.3143 0.79899 -0.4805 -1.0332 0.75791 -0.14865 0.26455 0.11027 -0.60802 -0.75723 0.54155 1.3646 -0.29553 -1.5914 -0.074308 -0.28216 0.4692 -0.072556 0.49903
-1.8055 0.78075 1.2321 0.65372 0.22815 -0.66386 0.53414 0.32814 1.0133 -0.52907 0.86522 0.66412 -1.0504 -0.21535 -0.17832 0.023343 -1.0074 -0.3555 0.43734 0.0052567 -0.30188 0.27066 -0.12733 -0.70051 0.80595 0.22454 0.65803 0.17452 -0.78504 -0.50918 0.73199 1.1413 -0.30812 -1.8341 -0.85241 0.14043 0.68174 -0.20977 0.42776
-1.3934 1.1347 0.96535 0.71801 0.073651 -0.31752 0.93206 0.8976 0.37118 -0.56086 -0.66835 -0.19424 -1.2059 0.34364 -0.18694 -0.16143 -1.5042 -0.2845 0.81069 -0.32333 -1.788 -0.26436 0.31957 0.75288 1.0223 0.74076 1.0767 0.070176 -0.25676 0.27567 0.83634 0.66795 -0.70961 -1.1133 -1.4166 0.6967 0.66942 -0.72462 0.10258
-1.7064 1.6338 1.4704 0.21659 0.43743 1.779 0.95719 1.0804 0.26689 -0.8539 -0.86387 -0.47385 -1.3032 0.73699 0.15584 -0.40396 -0.53917 0.15182 0.70685 -0.62707 -1.2341 -1.0598 0.23011 -0.0067797 0.32488 0.27142 0.94389 0.18431 0.14823 1.4668 0.84081 -0.0066618 -0.99101 0.80854 -0.71387 0.38317 0.31676 -0.79001 -0.4977
-1.5803 0.39292 1.2318 -0.89935 0.38802 1.2526 0.37299 -1.9434 0.24976 1.3098 -0.19025 0.59272 -0.61474 1.1169 0.060536 0.24831 0.058342 0.57922 0.99831 -1.2963 -0.49078 -1.3136 0.76035 0.044562 -0.41263 0.0031492 0.89492 -0.011888 -0.5826 1.9622 0.35699 -1.2578 -0.71447 1.949 0.69857 0.35157 -0.27957 -0.48555 -0.80558
-1.1835 0.60216 1.5073 -0.91353 0.38039 0.73841 -0.070665 -2.808 0.095248 1.398 1.2396 0.73127 -0.18408 1.0522 0.0074829 0.085784 0.9119 0.69048 0.30855 -1.457 0.74054 -0.58745 0.43255 0.32159 -0.013709 -0.24122 1.2982 -0.14428 -1.9983 1.2545 -0.50962 -1.8974 -0.26746 1.782 1.3775 -0.0988 -0.0053551 0.049163 -0.34531
-0.75884 1.3355 1.0584 1.1766 0.88182 0.49935 0.25645 0.477 -1.1578 -0.71816 -1.0152 -0.12788 -1.2883 1.7554 -0.13344 -1.4453 1.3854 0.074886 -1.4607 -1.3102 1.267 0.92078 0.93418 -0.022895 0.24141 -0.35541 1.6575 -0.68692 -3.5633 -0.045873 -1.373 -2.3451 0.24684 0.34698 1.5001 -0.37729 0.14629 0.61056 0.51983
-0.59135 1.0821 1.5869 0.83684 0.90623 1.2833 -1.3247 0.94998 -0.084078 0.36173 0.43973 -0.64185 -1.3678 2.686 0.0093303 -3.1267 1.106 -0.48823 -1.7793 -1.1378 1.585 0.59215 -0.059294 0.0037344 0.078447 -0.12752 1.5934 -1.2666 -3.4634 -1.7198 -1.7333 -1.9096 0.56646 -1.8846 0.89596 0.092306 0.75702 0.82599 1.6657
-0.70465 1.1976 1.1013 1.3968 1.0202 0.94089 -0.48835 1.6379 0.090529 0.18546 -0.65658 0.089945 -1.3209 3.191 -1.0972 -4.5124 -0.1302 -1.2389 -2.5449 -0.95636 -0.17358 1.1092 0.23593 0.50565 0.7041 0.82345 0.87965 -1.2527 -2.0286 -2.1954 -1.3514 -0.86886 0.79916 -2.6628 -0.375 -0.06005 0.89555 0.71918 2.0536
0.366 0.72868 -0.8882 0.81422 0.014715 -1.2834 -0.73066 -0.067229 1.9208 2.1255 -0.3786 0.75752 -0.99951 3.1142 -1.6431 -4.569 -1.5116 -1.6924 -2.8886 -0.50216 -2.4005 1.1315 0.96886 1.6699 1.333 1.9741 -0.066798 -0.71201 0.19495 -1.612 -0.68372 0.15981 0.69913 -1.9252 -0.9494 0.092785 0.86961 0.14868 1.4179
1.741 0.36665 -2.4321 0.039942 -0.38343 -1.3135 -1.2663 -1.0412 -0.43399 0.42035 0.73075 0.61756 -0.2645 3.0842 -1.4163 -4.3479 -1.3649 -1.6925 -2.6194 -0.035987 -2.206 -0.058909 0.29662 1.0539 0.9863 2.051 -1.3661 0.37662 2.5408 -0.28253 0.53543 1.6003 0.38868 0.45632 -1.4633 -0.62519 0.070882 -0.95242 0.11865
2.0274 -0.33348 -2.9177 -0.40537 -0.97186 -2.5937 -1.2099 -1.7894 0.74118 0.53849 1.3273 1.125 0.29772 2.6421 -1.0301 -2.8581 -1.2589 -1.4592 -1.453 -0.20385 -1.3439 -0.67413 0.098519 1.5838 0.20976 1.6466 -2.5971 0.65838 3.7991 0.77549 1.7042 2.4322 0.25242 2.3389 -0.64979 -0.88619 -1.3435 -1.7405 -0.88762
1.7514 0.012474 -2.4329 -0.50626 -0.81186 -2.2923 -0.588 -1.5038 0.30019 1.0395 1.2689 1.1242 0.34087 1.0781 -0.77045 -0.82385 -0.78485 -0.41363 -0.16946 -0.32539 0.26297 -0.85856 -0.60473 0.68907 -0.58446 1.1895 -3.3295 0.30425 3.908 0.94614 2.5725 2.6484 0.28036 2.3359 0.12949 -0.66394 -1.9994 -1.7036 -0.92102
2.2397 0.033281 -2.6808 -0.16376 -0.95739 -1.6792 -1.1721 -0.70003 0.05172 0.93018 0.67723 0.46358 0.30412 -0.36486 -0.85859 0.46222 -0.37702 0.6612 0.59905 0.15315 1.2111 0.27583 -0.38848 -1.0422 -1.2511 0.91441 -3.041 -0.33614 2.9176 0.87589 2.8637 2.1159 0.52197 1.4517 0.72279 -0.49615 -2.3339 -0.91668 -0.44902
2.3435 0.18365 -2.4984 -0.23746 -1.129 -1.5413 -0.83715 -0.41386 -0.034045 0.98838 1.6239 0.4927 0.18629 -1.1636 -0.99066 0.97965 -0.066228 1.7643 1.4881 0.35137 1.3565 -0.24234 -0.81472 -1.9349 -1.5816 0.87045 -2.1774 -0.73753 1.6847 0.48564 2.3085 1.6159 0.60912 0.33716 0.87056 0.0713 -1.5119 0.13618 -0.028494
1.6417 -0.46555 -2.2969 -0.62099 -0.31071 -1.7769 -1.695 -0.32498 0.45581 0.42165 0.59322 -0.13996 0.55892 -1.4884 -1.4864 1.4575 -0.008314 2.48 1.8151 0.50152 1.1262 0.48717 -0.80919 -2.1237 -1.073 1.0535 -1.2012 -0.61449 0.76141 0.2501 1.183 1.2499 0.1623 -0.41261 0.53068 0.38699 -0.30767 0.94023 0.080594
1.1938 -0.93267 -2.0352 -0.6466 0.64579 -0.81331 -0.54657 0.002279 0.29862 -0.24664 -1.056 -0.85333 1.0426 -2.1149 -1.6985 1.6922 -0.079607 2.7308 2.3461 0.71654 1.0246 0.79853 -0.25002 -2.026 -0.42517 1.0747 -0.10442 -0.0062107 0.072902 0.20285 -0.43899 0.60263 -0.16228 -0.8654 0.63614 0.98779 1.0585 1.4671 -0.22189
0.68794 -1.0717 -1.6517 -0.29126 1.4444 -0.35984 -0.34446 -0.25021 0.18928 -0.049299 -1.0617 -0.53633 1.1057 -1.9524 -1.5395 1.4693 0.084504 2.2563 2.5811 0.30293 0.55045 0.84339 0.11724 -1.6685 -0.030945 0.95055 0.88619 0.80928 -0.57 0.2798 -1.8663 -0.29185 -0.69522 -1.1159 0.082457 1.163 1.9178 1.6406 -0.58633
0.72853 -1.1801 -0.81062 -0.30329 2.0518 0.46869 -0.21077 0.27425 0.8749 0.50049 -1.028 0.068362 1.1688 -1.094 -0.9752 1.1064 0.25497 1.1078 2.2562 0.14104 -0.11569 0.87691 0.73519 0.096918 0.71137 0.55132 1.6568 1.1767 -0.91496 0.26838 -2.5884 -1.2695 -1.0116 -1.1783 -0.1755 0.53821 2.1349 1.4029 -0.58769
0.17103 -1.4849 -1.1637 -0.38785 1.9026 1.5218 -0.57416 0.83358 0.82218 0.92753 -1.1548 -0.0063389 1.1479 -0.44457 -0.48665 0.7339 0.33404 0.018162 1.2699 -0.57446 -0.58006 0.64615 1.0686 0.91799 1.5071 0.33148 1.4725 1.0799 -0.9851 0.13747 -2.4147 -1.8514 -0.97929 -0.90296 -0.48474 -0.33018 1.6939 0.92723 -0.36282
0.28112 -1.4378 -1.1796 -0.3439 1.5292 1.3456 -1.0767 -0.18948 0.89073 0.65198 -0.64722 -0.0058513 1.238 0.020877 -0.24514 0.42675 0.28419 -0.69077 0.50847 -0.83429 -0.81527 0.58322 0.37073 1.2497 1.4961 0.39824 0.8446 0.77072 -0.64562 0.060591 -1.3478 -1.7869 -0.66113 -0.26611 -0.47505 -1.1504 0.89181 0.38073 -0.03018
0.6254 -1.5017 -1.1577 -0.29324 1.2186 0.97864 -0.97653 -0.77746 1.2662 0.9832 0.50225 0.48994 1.275 0.060392 -0.087697 0.050635 0.31682 -1.08 -0.17109 -1.135 -0.93727 0.06237 -0.37482 1.3779 1.3499 0.41941 0.18513 0.42877 -0.30386 -0.065877 -0.19462 -1.1249 -0.14647 0.5988 -0.2886 -1.3988 0.46454 -0.031565 0.046544
0.64756 -1.3151 -0.99579 0.020507 1.0294 0.72493 -1.0117 -0.62142 0.61329 1.1678 -0.41116 1.4387 1.4223 0.13567 0.12181 0.29638 0.36861 -0.70626 -0.52381 -0.87499 -0.46165 0.26017 -0.88988 1.7688 1.5097 0.45925 -0.22976 0.17141 -0.16031 -0.075688 0.46291 -0.41983 0.24505 1.0305 -0.15225 -1.0697 0.023113 -0.35747 -0.087345
0.61308 -1.3576 -0.80099 0.015918 0.9737 0.75268 -1.383 -0.70716 1.1504 0.24435 0.46146 1.3143 1.5146 -0.16263 0.050855 0.2583 0.16343 -0.31346 -0.42579 -0.83246 0.50171 0.26919 -1.1544 1.6435 1.4253 0.38194 -0.29118 -0.059015 -0.15746 -0.10844 0.62182 0.15125 0.71831 0.98323 0.089338 -0.53587 -0.175 -0.83975 -0.20308
0.39878 -1.4439 -1.017 -0.075424 0.66722 0.84433 -2.0149 -0.38495 0.82969 0.049444 0.56228 1.3458 1.5163 -0.24724 -0.026584 0.038719 0.21437 -0.25944 -0.20347 -0.48952 0.6139 0.21203 -1.4216 1.1548 0.75514 0.27271 -0.11248 -0.18124 -0.34762 -0.087066 0.26978 0.27282 1.0024 0.57231 -0.28551 0.17198 -0.61105 -1.2581 -0.27588
0.30665 -1.3428 -0.88106 0.050074 1.1472 0.83664 -1.6031 0.042924 1.3067 -0.18956 1.5911 1.7743 1.5984 -0.23422 -0.11349 -0.099648 0.18697 -0.20993 -0.058839 0.10437 0.57613 0.29827 -1.2026 1.2977 0.094221 0.17373 0.27773 -0.09173 -0.20112 0.028786 -0.13696 0.10358 1.3505 0.031474 -0.56924 0.65695 -0.96555 -1.2811 -0.21326
0.29964 -1.4245 -0.91101 -0.22278 1.0832 0.51441 -2.0275 0.1766 1.2116 -0.48766 1.5871 1.9578 1.5858 -0.0049293 -0.10172 -0.14367 0.18932 -0.28237 -0.19821 0.6506 0.70514 -0.28672 -0.5161 0.61886 -0.26429 0.10194 0.42979 0.041178 -0.016888 0.019464 -0.44028 -0.082765 1.4937 -0.13454 -0.88278 0.94037 -1.3214 -1.1458 -0.12127
0.54449 -1.4771 -1.1109 0.27538 0.62022 0.67809 -1.2274 -0.34766 1.1416 -0.59744 1.0879 1.449 1.5615 0.21603 -0.066627 -0.0076586 0.22227 -0.54018 -0.2488 1.28 0.54506 -0.57706 -0.2686 -0.17199 -0.54873 0.11125 0.28843 0.1679 0.23046 -0.04041 -0.54806 -0.10152 1.6057 -0.14021 -0.75047 0.92557 -1.4048 -0.96056 -0.047409
0.33259 -1.4197 -0.98057 0.2608 0.72225 0.77953 -0.89782 0.089487 0.95963 -0.48284 1.4135 1.2912 1.6361 0.29096 0.018625 -0.035117 0.22584 -0.86483 -0.29162 1.8885 0.37614 -1.0684 0.027803 -0.95738 -1.1464 0.10261 -0.021446 0.19114 0.59334 -0.28238 -0.40688 -0.025602 1.4281 0.034573 -0.051407 0.63811 -1.0939 -0.74639 -0.056798
0.55841 -1.4886 -0.97874 0.085412 0.56147 0.447 -0.92218 0.49753 0.6279 -0.28208 1.27 0.89366 1.6027 0.1362 0.10826 0.26036 0.087316 -0.87838 -0.23178 2.6727 0.47563 -0.76631 0.41166 -0.94013 -1.3306 0.096314 -0.25947 0.1842 0.86391 -0.41932 -0.22094 0.14049 0.94142 0.20342 0.73654 0.095106 -0.72119 -1.022 -0.15176
0.56108 -1.4537 -0.93003 0.17312 0.10346 0.50633 -0.22714 0.41785 0.39946 -0.41255 0.43982 1.0249 1.6669 0.016348 0.13186 0.78524 -0.27123 -0.82518 -0.27858 2.7902 0.83521 -0.25967 0.44387 -1.3559 -1.3264 0.016533 -0.42816 0.22245 1.1554 -0.42704 -0.15763 0.50638 0.023794 0.32058 1.2956 -0.47295 -0.42149 -1.2867 -0.20433
0.59113 -1.2931 -0.95992 0.28974 0.086337 0.31854 0.95797 0.34591 0.24742 -0.2738 0.30924 0.26447 1.6872 -0.077779 0.18611 1.1287 -0.30999 -0.94556 -0.0038509 2.7025 0.75899 0.51529 -0.28374 -1.5319 -2.443 -0.098337 -0.48008 0.2869 1.1373 -0.6417 -0.29632 0.69294 -1.1494 0.32437 1.2501 -0.46849 -0.027081 -1.2415 -0.25846
0.40321 -1.3707 -0.57908 -0.034206 -0.11572 0.37202 1.7593 0.54543 0.71751 0.11209 0.47977 0.15358 1.6385 -0.3255 0.35343 1.5982 -0.37057 -1.1057 0.55815 1.932 0.91947 0.89733 -0.58989 -1.5776 -3.0848 -0.14112 -0.27901 0.40892 0.81029 -0.90091 -0.47606 0.65136 -2.1997 -0.095733 0.75184 -0.046424 0.72802 -0.30567 -0.23393
0.50172 -1.3733 -0.052691 -0.12951 -0.31585 0.41982 2.082 1.0448 0.98317 -0.093432 -0.76288 -0.25711 1.5534 -0.5063 0.47967 1.8891 -1.0543 -1.256 0.67676 0.83978 1.1263 1.1715 -0.02776 -0.8991 -2.8589 -0.25698 0.047914 0.48548 0.019256 -0.97412 -0.50906 0.19213 -2.946 -0.84371 0.34864 0.62899 1.495 1.4516 -0.22135
0.28459 -1.2387 0.19483 -0.13618 -0.51729 0.85435 1.9654 1.1785 1.4402 -1.3358 -0.39488 -2.5424 1.52 -0.23437 0.67264 1.8558 -1.5688 -1.5033 0.62707 -0.61785 0.47826 0.93928 0.22018 -0.12189 -1.7219 -0.29499 0.32308 0.43359 -0.97216 -0.54993 -0.33964 -0.85877 -2.8014 -1.8515 0.18395 0.8877 2.3264 3.071 -0.26156
0.22982 -1.0608 0.66825 -0.29668 -1.1132 1.3893 1.1935 1.5686 1.1384 -0.89155 -1.059 -2.7196 1.5196 -0.021786 0.84292 1.0367 -1.5157 -1.638 0.31369 -1.8381 -0.73577 1.2209 0.59273 0.93628 -0.34026 -0.39108 0.47292 0.38654 -1.6785 0.31424 0.20298 -1.8137 -2.1608 -2.2816 -0.18546 0.78707 2.2117 4.0434 -0.33497
0.0036822 -0.91293 0.91502 -1.4694 -1.4907 1.0922 1.265 1.6085 1.4635 0.44172 -0.22432 -1.8038 1.4108 0.010647 0.9009 0.28905 -1.1617 -1.5086 -0.95405 -2.2585 -1.9426 1.2723 0.90889 2.4846 1.5618 -0.5114 0.55613 0.49592 -1.6812 0.92958 1.2572 -2.0161 -1.0132 -1.8038 -0.64349 0.11836 1.226 3.5359 -0.60032
0.55413 -0.66436 0.93611 -1.7731 -1.7609 0.86998 0.31979 0.40841 1.2166 0.22835 0.58448 -1.0692 1.3833 0.20926 1.0154 -0.32551 -0.68462 -0.89491 -2.0854 -2.6024 -2.3431 0.6713 1.2317 2.5314 3.2797 -0.70959 0.16859 0.84658 -0.65518 1.1604 2.3034 -1.2128 -0.069076 -0.42885 -1.9069 -1.0227 -0.55245 1.7629 -1.0214
0.41488 -0.65051 0.27667 -1.4654 -2.131 0.68039 -0.59252 -0.60879 2.5339 0.50626 1.3762 -0.26755 1.1706 0.63238 1.4204 -0.46582 -0.27533 0.33385 -2.1201 -2.2284 -2.4127 -0.028934 0.14099 1.6995 3.2703 -1.1429 -0.60838 1.3147 0.38063 1.5839 2.6848 0.46957 0.91528 1.1551 -2.6451 -1.2684 -2.3318 -0.562 -1.6128
0.31267 -0.50644 0.30112 -1.0291 -2.0645 -1.3015 -0.54151 -1.179 2.2919 0.13898 2.4978 0.73623 1.0254 -0.021973 2.0074 0.24539 0.17611 1.4856 -1.4863 -1.9785 -1.3608 -1.8798 -1.1097 0.13176 2.1896 -1.7909 -1.3628 1.2499 0.97356 1.9211 2.1954 1.8808 1.695 2.2953 -2.682 -0.81631 -3.0721 -2.4845 -1.816
0.42237 -0.12742 0.11651 -0.99247 -1.4643 -1.6327 -1.5823 -0.83813 1.3934 0.43531 1.7845 1.1123 0.81239 -0.9095 2.617 0.68631 1.3246 2.0154 -0.36153 -0.74883 -0.028309 -2.6689 -0.50776 -1.3307 1.0092 -2.6812 -1.9624 0.71408 0.72956 2.0263 1.3826 2.4598 2.1187 2.0965 -1.351 0.23958 -2.6884 -3.0634 -1.3294
1.0518 0.55748 0.64044 -1.4041 -0.32984 -0.56228 -1.1797 -0.99527 0.75816 -0.56007 0.36209 1.1866 0.2412 -1.363 2.5202 0.84098 2.0545 2.1196 0.67457 0.021671 1.2209 -3.2986 -0.10942 -2.557 -0.39339 -2.9926 -1.8938 -0.49116 0.32563 1.7146 0.092665 1.6816 2.072 1.1171 0.95123 0.52404 -1.1863 -2.4338 -0.10418
-0.37794 1.2007 1.5897 -1.5302 0.37081 -0.32499 -1.4526 -0.0402 -0.9524 -1.2139 0.0089996 0.53886 -0.52113 -2.0794 2.3651 0.5428 2.5188 2.4455 1.566 0.97343 0.64287 -1.9671 0.12833 -2.7363 -1.3577 -2.7756 -1.1372 -2.1182 -0.5274 0.53901 -1.0028 -0.024066 1.168 -0.17106 2.6946 -0.17808 0.88743 -1.3581 1.7399
-0.6596 1.7923 1.1133 0.98778 0.10621 0.5445 -0.42593 -0.079574 -0.34289 0.60757 -0.53461 0.20604 -1.4365 -2.7004 1.306 0.90155 2.7371 1.4353 0.80154 1.2701 0.6307 -0.30777 -0.36023 -1.7226 -1.3329 -1.9163 0.45721 -2.8721 -1.2116 -0.70931 -1.6439 -1.4728 0.18878 -1.1669 3.4778 -0.89464 2.458 -0.16645 3.0708
-0.90619 1.27 0.66995 1.3918 0.13497 0.46962 -0.66852 0.79453 -0.35465 0.54001 -1.238 -0.54479 -1.441 -2.193 -0.34155 -0.28434 1.9714 0.5998 -0.49388 0.94859 -0.061812 1.2196 -0.74651 0.14455 -1.1533 -0.28982 1.56 -2.6858 -1.1046 -2.101 -1.6047 -1.7924 -0.54861 -1.188 2.3598 -1.731 2.5013 0.51002 3.2824
-1.6364 1.8062 0.6989 1.5162 1.7104 0.28098 0.58924 -1.304 0.57951 -0.047958 -0.77935 -0.56866 -1.2702 -0.49531 -0.96104 -0.90883 1.0121 0.15956 -1.1846 0.41882 -0.80849 2.0468 -1.4972 1.2649 -0.83068 0.93293 1.9584 -1.4118 -0.70026 -2.5309 -0.71543 -0.88433 -0.61646 -1.0132 1.0982 -1.5106 1.604 0.52748 2.3104
-2.0282 1.0346 1.9118 1.4463 0.18999 -0.73375 -0.42499 0.33427 0.78777 -1.1961 -0.5756 -0.043383 -0.88281 -0.46003 -1.0223 -0.52411 -0.5036 0.2692 -0.95216 0.3253 -1.0627 1.5749 -2.8338 1.1251 -0.63984 1.3242 1.7639 -0.53759 -0.44081 -2.3762 -0.44604 0.47465 -0.32042 -0.37293 -0.093252 -0.45674 0.063128 0.67926 0.89624
-1.1131 0.13294 0.097241 0.29526 0.4956 -1.2329 -0.26277 -0.95014 1.2683 -1.8316 1.0805 -0.49756 -0.031913 -0.15455 -0.73036 -0.22792 -0.70381 0.34723 -0.71282 0.37376 -0.93372 1.7294 -2.3978 1.2171 -0.58692 1.166 1.1425 0.05898 -0.5231 -1.6211 -0.31515 1.2528 0.57227 -0.49315 -0.95457 1.0424 -1.1103 0.66195 -0.17063
-0.52147 0.8966 0.33636 0.89387 0.4388 -1.2399 -0.78583 -0.88419 0.92598 -1.9893 1.229 -0.84923 -0.18483 0.71179 -1.3623 -1.4104 -1.5634 -0.27467 0.17222 0.34871 -0.74397 1.2277 -1.2286 0.29218 0.020076 1.104 0.681 0.54818 -0.042535 -0.41833 -0.25385 1.2646 0.79715 -0.31638 -1.0424 2.5649 -1.4691 0.50119 -0.795
-1.8528 1.0154 0.66645 0.73802 0.87708 0.18244 0.60168 -1.1547 1.1337 -2.7659 -0.5649 -0.92583 -0.6144 0.91723 -0.69244 -1.3984 -1.457 -0.11942 0.67001 1.5504 -1.9605 0.35979 -0.17533 -0.71261 0.10125 0.75866 -0.1758 0.65646 0.44988 0.046095 -0.32829 0.52028 0.5464 0.014192 -1.35 2.9463 -1.1988 0.013683 -0.91386
-1.5279 0.71123 0.845 0.71382 1.3345 -0.79294 0.208 -0.72226 2.0429 -2.1656 0.43816 -1.2441 -0.28667 0.20273 -0.11935 -0.012566 -0.90595 0.059192 0.7962 1.325 -1.1775 0.22477 1.284 -1.074 -0.031957 0.19314 -0.68763 1.0589 1.3035 0.6463 -0.33997 -0.56738 -0.23448 0.65033 -0.91481 2.4538 -0.36094 -0.1826 -0.8761
-0.57313 -0.38182 -1.1399 -1.2079 0.28467 0.23533 0.59238 -1.9827 1.7786 -1.533 -0.36048 0.37365 0.25362 -0.18615 -0.24766 -0.12033 -0.95429 -0.39367 -0.034024 0.97766 -0.66362 -0.41484 2.3525 -0.68368 -0.54872 0.086756 -0.77949 0.98159 1.294 0.96082 -0.47973 -0.72636 -1.1509 1.2972 -0.64065 1.3141 -0.10292 0.23693 -0.90537
-0.56718 0.36627 0.22698 -0.3479 -0.18835 -0.41545 1.845 -2.8684 0.64384 -1.6719 -0.84131 -0.33233 0.14627 0.090388 0.19671 0.28283 -0.62868 -0.73203 -0.60226 0.18263 -0.027574 -0.16664 2.5098 -0.50848 -0.021138 -0.031152 -0.61921 1.0376 0.896 1.453 0.075694 -0.38687 -1.2413 1.0752 -0.61853 -0.1419 0.42739 0.61928 -0.98733
-1.1898 0.76532 0.76271 -0.0050858 1.2533 -0.08548 0.69689 -1.6528 1.5887 0.12997 0.1702 -1.3796 -0.24337 -0.35887 0.80093 0.7692 0.17102 -0.56356 -0.066749 -0.14349 0.16304 -0.68188 1.8902 -1.2279 0.53839 -0.64956 -0.59909 0.56327 0.53184 1.4896 1.0678 0.69345 -0.86497 1.1024 -0.15216 -1.2015 0.67138 1.1401 -0.94919
-1.599 0.79296 0.28739 -0.12834 -0.081566 -1.2394 0.6049 -1.1304 0.38804 0.63763 -0.26595 -1.9809 -0.44472 -0.76543 1.1021 1.1466 1.2065 0.27918 0.037456 -0.55831 0.64991 -0.83518 1.2247 0.10344 0.60412 -1.0969 -0.43753 -0.27308 -0.33096 1.0715 1.1797 1.2203 -0.092873 0.94941 -0.061996 -1.7304 0.83583 0.91014 -0.58732
-1.4638 0.8805 0.89117 -0.33516 0.03422 -0.67467 0.6758 -1.0388 2.006 -0.15222 -1.3487 0.066983 -0.3965 -0.77789 0.247 0.40078 0.87087 0.97689 0.97401 -0.35135 1.2945 -0.34818 0.54405 0.4392 1.3223 -0.97442 0.44338 -0.59757 -0.6074 0.73201 0.91985 0.9531 0.18115 0.84012 0.095518 -1.6011 1.076 0.30402 -0.089881
-1.1874 0.96396 0.77592 0.39168 0.34383 -0.033569 0.27219 -1.6033 0.83796 -0.058862 -1.6291 0.53795 -0.6792 -0.43979 0.013405 -0.12219 0.99236 0.57041 1.2308 0.11421 1.3881 -0.4221 -0.34654 0.43965 1.3272 -0.85404 1.0049 -0.28894 -0.56892 0.35963 -0.25595 0.42885 0.24477 0.70448 -0.40565 -1.2251 0.41052 -0.47148 0.041453
-1.3291 0.88362 0.39105 0.77037 0.92501 0.27698 0.50584 -1.7484 0.12023 -0.04856 0.83477 0.46989 -0.86957 0.26518 0.33886 0.32023 1.6224 0.90739 1.1699 -0.11011 1.5501 -0.66432 -0.58981 0.90095 0.74871 -0.91953 0.97691 0.35263 0.13912 0.18623 -1.1109 -0.32616 -0.19316 0.38963 -0.57861 -0.49355 -0.17073 -1.0467 0.023088
-1.8926 0.61013 0.99746 0.66564 1.8939 1.0341 1.3645 -0.10037 0.88115 -0.21692 0.014231 0.17954 -0.89052 0.47292 0.56919 0.17227 1.4877 -0.13309 0.7523 -0.18345 1.9986 -1.448 -0.70731 0.74169 -0.032174 -1.052 0.86789 0.40254 0.18061 -0.35151 -1.3347 -0.51729 -0.48681 -0.079041 -0.43466 0.50736 -1.1276 -0.65408 0.10338
-1.7682 0.90458 0.26211 1.0389 0.81943 0.72127 0.48073 0.62729 1.1757 -0.012887 0.10071 -0.35986 -1.1321 0.4772 0.56194 0.50457 0.96013 -0.6189 0.55631 -0.57321 1.8166 -0.94947 -0.28298 -0.089861 -0.02991 -0.83394 0.63377 0.17418 -0.44352 -1.0794 -1.3675 -0.68432 -0.49816 -0.95503 -0.27928 1.077 -1.4973 0.064654 0.32321
-0.73968 1.4167 1.183 2.0404 0.74232 -0.015783 0.14556 0.30574 -0.18263 -0.56729 -3.8713e-05 -0.13117 -1.3302 0.97673 0.5787 0.11083 0.66788 -1.0067 0.50859 -0.60574 1.116 -1.108 0.53353 -1.4961 0.44147 -0.72027 0.22299 -0.11865 -0.29062 -1.0639 0.096759 -0.48872 -0.29179 -1.8125 0.10721 1.3772 -1.0101 0.31695 0.58259
-0.85546 1.4498 0.96403 1.3884 -0.44441 0.78661 0.39329 0.82422 -0.059492 -1.225 -0.73282 0.68497 -1.529 1.1301 0.6266 -0.43947 0.033214 -1.0537 -0.062351 -0.87293 0.046515 -1.3543 0.98478 -1.2045 0.62233 -0.53902 -0.63944 -0.56292 -0.57962 -0.87428 1.0114 -0.26516 0.68168 -1.7948 0.44941 1.0129 0.011062 -0.12878 0.75931
-1.12 1.1845 1.1922 1.4001 0.40627 1.1808 -0.41904 0.117 -0.26475 0.29136 -0.80724 0.39796 -1.4051 0.55144 0.3365 0.12717 -0.019443 0.25631 0.088242 -0.59938 -0.82904 -0.99825 1.4659 -0.87996 0.23852 -0.21673 -0.58729 -1.6291 -0.95169 -1.0317 0.75286 -0.53366 1.3732 -1.1928 0.91598 0.42416 0.89431 -0.92027 1.487
-0.5657 1.2117 0.2252 1.4705 0.31643 1.26 0.48489 0.23758 -0.54097 1.0994 -1.4175 0.8117 -1.528 -0.39973 -0.26505 -0.53731 -0.31678 0.52685 0.22829 0.78325 -0.88704 -0.077661 1.3152 -0.38594 -0.19088 0.19428 0.22739 -2.4175 -1.3142 -1.4702 -0.5076 -0.61152 1.909 -0.035327 1.3448 0.013893 0.991 -1.0799 2.331
-0.73451 1.4496 0.2915 0.65432 0.22421 0.16352 -0.23576 0.32143 -0.18756 0.74096 -1.1914 0.41691 -1.4512 0.74244 -1.7181 -1.539 -1.0683 -0.47347 -0.69761 1.2935 -0.85232 0.10666 1.2321 0.0017457 -0.94016 1.4173 1.1561 -2.4161 -1.2652 -2.1868 -1.5937 -0.55301 1.5677 0.69187 1.5932 -0.36643 0.56145 -1.0793 2.7812
-0.97968 1.4801 1.3281 1.8954 1.4536 0.65188 -0.52172 -0.8057 -0.31756 1.2883 -0.70592 -0.33473 -1.3959 1.4472 -2.4155 -1.9532 -2.1629 -1.5775 -0.88186 1.9678 0.0094017 0.79757 1.1289 0.46926 -0.88428 2.568 1.5051 -1.5611 -0.51581 -2.2655 -1.4694 0.24873 0.70781 0.7378 1.3729 -0.46309 -0.1491 -0.80595 2.3976
-1.4492 0.89579 0.34845 1.3283 0.62923 0.91911 2.2966 -0.40762 -0.18467 0.25408 -0.71789 0.12255 -1.1032 1.65 -2.6553 -1.4241 -3.1396 -1.4863 -0.45522 1.9205 0.17323 1.7616 0.81083 -0.1146 -1.5096 3.2777 0.48391 0.0086017 0.11006 -1.7257 -0.52065 1.0799 -0.29538 0.48636 1.1245 -0.81029 -0.69729 0.11407 1.0545
0.70229 -1.1069 -1.4178 -0.80021 -1.9112 -0.30085 1.5642 -0.14203 -0.03363 1.2174 -1.0719 -0.65666 0.444 1.7732 -2.4245 -1.5144 -3.4696 -1.5434 0.56928 1.8811 0.14535 1.855 0.5806 -0.65941 -1.474 3.3 -0.4809 1.3906 0.87157 -0.2478 0.94069 1.2454 -1.7005 -0.41141 0.2344 -1.3483 -0.66968 1.0836 -0.55399
0.62338 -0.82361 -1.0047 -1.5499 -1.4239 0.1127 2.0426 0.63937 0.68208 2.649 -0.29038 -0.32146 1.1871 1.4365 -1.6997 -1.5593 -3.6071 -1.4021 0.65691 0.76396 0.10647 1.8449 -0.14693 -0.94181 -0.43957 2.8278 -1.6884 2.3787 1.5349 1.5938 2.0114 1.0965 -2.052 -0.99411 -0.59567 -1.9664 0.01555 2.3914 -2.0657
0.64997 -0.51977 -0.37872 -2.3139 -0.45841 0.66271 2.1992 0.15198 1.6506 1.4886 -2.1743 -1.6266 1.2358 0.73908 -0.55346 -0.32534 -2.3934 0.033578 0.96435 -0.80605 -0.78133 1.2558 -1.1425 -0.56578 0.65552 1.8637 -2.1008 2.0822 1.8691 2.7761 2.0699 0.40373 -1.9833 -1.2328 -1.1505 -2.1577 0.57512 2.8962 -2.6534
0.37086 -0.3964 -0.65484 -2.379 -0.92783 1.6568 1.8829 -0.37309 1.2304 0.98612 -1.7371 -1.5412 1.2018 -0.7403 0.412 0.72735 -0.74271 1.2575 1.4598 -0.78329 -1.3889 0.91313 -2.3382 -0.13977 2.0216 0.52354 -1.7097 1.0722 1.5331 3.1434 1.3241 -0.31609 -1.1001 -0.82013 -1.4282 -1.2455 1.129 2.6713 -2.2646
0.15747 -0.48545 -0.96013 -2.1966 -0.81692 1.2571 1.1052 -0.71005 1.1801 0.4313 -1.6134 0.18422 1.2339 -0.76038 0.023431 0.68549 0.21562 0.76185 0.93174 -1.2566 -1.6244 0.071215 -2.7245 0.16188 2.8644 -0.0087593 -0.79794 0.049136 0.58415 2.3037 0.22956 -1.3204 -0.17788 0.065105 -1.0823 -0.015945 1.1932 1.564 -1.316
0.19295 -0.51924 -0.60882 -2.1551 -0.17549 1.4383 1.007 -1.216 0.86034 -0.93806 -1.067 1.2292 1.2837 -0.75811 -0.18437 0.67804 0.88374 0.55988 0.035882 -1.1753 -1.1387 -0.3637 -1.8966 1.105 3.5913 -0.042804 0.13203 -0.29583 0.035608 1.1624 -0.18039 -1.8483 0.10062 0.80108 -0.74707 1.0761 1.1933 -0.11307 -0.39298
-0.066317 -0.68628 -0.25311 -1.8929 -0.049199 1.7443 1.0169 -1.3338 1.4798 -0.70155 -1.0702 1.6787 1.197 -0.61627 -0.17323 0.7458 1.0388 0.78747 -0.91602 -0.95054 -0.74811 -0.22003 -1.3969 1.3602 2.8714 -0.064242 0.16471 0.11693 -0.063072 0.25934 0.16836 -1.7262 0.28357 1.1768 -0.40413 1.3985 1.0404 -1.416 -0.11277
-0.092298 -0.63773 0.060606 -1.485 -0.3789 1.4676 0.55214 -1.2672 1.0149 -0.68512 -0.96761 2.1977 1.1677 -0.56504 0.011782 0.76318 0.98449 0.93031 -1.2363 -0.72598 -0.15141 -0.38991 -0.80892 1.8099 1.7859 -0.10713 0.21461 0.29958 -0.25296 -0.54936 0.19772 -1.3175 0.1098 1.2131 -0.54014 1.0645 0.74859 -2.1157 -0.11554
-0.21546 -0.57943 0.060465 -1.2821 0.078315 0.72295 0.71155 -1.2695 1.0772 -0.79886 -0.67484 2.4721 1.1994 -0.55297 0.12149 0.53253 0.63713 0.8743 -1.8145 -0.90905 0.33217 -0.68351 -0.41771 2.0302 1.0232 -0.16363 0.27097 0.28996 -0.46829 -1.0108 0.058177 -0.71691 -0.1034 1.2207 -0.95909 0.87067 0.54547 -2.1068 -0.158
-0.30274 -0.56451 -0.2926 -1.1793 0.16375 0.073726 0.35249 -1.4424 0.86577 -1.0575 0.31467 2.2708 1.1585 -0.39933 0.17181 0.33487 0.063739 0.86566 -2.1016 -0.9675 0.84619 -1.1698 -0.21671 2.3646 0.42273 -0.1848 0.39844 0.12638 -0.56536 -1.1926 -0.3037 -0.13008 -0.31061 1.2065 -1.2076 0.73054 0.25236 -1.8437 -0.27934
-0.39604 -0.47498 0.019531 -1.1244 0.82498 -0.10383 0.15829 -0.86964 0.65057 -1.0597 0.95553 2.7303 1.1443 -0.21102 0.2341 0.12525 -0.37346 0.92408 -1.901 -1.0229 1.2938 -1.6997 0.081343 2.2415 -0.52251 -0.28854 0.48328 0.027356 -0.44846 -1.0037 -0.75806 0.71063 -0.40197 1.2027 -1.2466 0.73142 -0.21416 -1.6038 -0.45201
-0.43107 -0.49891 0.23426 -1.5234 0.85771 -0.70673 -0.21356 -0.80771 0.32162 -1.3955 1.2234 2.4945 1.061 -0.027021 0.16752 -0.041398 -0.71832 0.3746 -1.4683 -1.272 1.8792 -2.2448 0.43013 2.2339 -1.0096 -0.51192 0.50863 0.10901 -0.42371 -0.43471 -1.3279 1.3259 -0.62704 0.86781 -0.91927 0.54019 -0.83053 -1.2203 -0.70506
-0.44351 -0.55021 0.21947 -1.7972 0.65684 -0.98315 -0.26731 -0.10601 0.14596 -0.55924 1.6717 2.1933 0.99236 0.1169 0.16901 -0.078592 -0.83123 -0.20841 -0.76982 -1.5405 2.3192 -2.5863 0.74923 1.6242 -1.3665 -0.75777 0.35682 0.37529 -0.18684 0.37346 -1.4437 1.3987 -0.38306 -0.055285 -0.24653 0.47163 -1.7305 -0.25851 -0.84045
-0.25337 -0.31929 0.0011627 -1.7606 0.90203 -1.1605 -0.69916 0.29096 -0.98944 -0.55412 1.6618 1.2308 0.88144 0.33665 0.38716 -0.31824 -0.51657 -0.89637 -0.10809 -1.9376 2.1467 -2.517 0.54978 0.87944 -1.5219 -1.1336 0.21985 0.64664 0.084609 1.115 -0.87431 1.0377 0.29312 -1.171 0.5608 0.4343 -2.4501 0.57211 -0.71155
-0.28812 -0.46103 -0.26009 -2.0795 0.42464 -1.266 -1.0476 1.0137 -1.2179 -0.42538 2.6696 1.2992 0.62768 0.24401 0.75525 -0.067968 0.2082 -0.97204 0.11963 -1.4365 1.0702 -2.0185 0.98215 -0.80594 -0.77889 -1.3889 0.1004 0.59488 0.29426 1.3647 -0.1281 0.32847 1.1506 -1.8177 1.456 0.5569 -2.5252 1.3254 -0.35825
-0.25459 -0.37458 -0.1491 -2.0938 0.014803 -0.61849 -1.833 1.4921 -1.7112 -0.24652 2.2715 0.89229 0.37012 0.30894 0.96206 0.10687 0.81331 -0.77586 0.08498 -0.73294 0.1136 -1.3809 1.1982 -1.8199 -0.2147 -1.3907 0.029951 0.34564 0.4659 1.1087 0.62826 -0.38388 1.7955 -1.9561 1.8863 0.54523 -1.985 1.2554 0.18228
-0.027497 0.0089291 -0.088666 -1.664 -0.33332 -0.27828 -2.4656 1.4419 -1.6857 -0.75506 1.6605 1.0342 -0.055507 0.32326 0.88211 0.23718 1.0161 -0.49131 -0.24895 0.14431 -0.38773 -0.22925 1.5595 -2.456 0.52081 -1.2292 0.11349 -0.0026968 0.31308 0.53407 0.98288 -0.72535 1.7506 -1.4189 1.9107 0.10787 -0.62119 0.59611 0.60221
-0.32121 0.31261 0.38703 -1.0953 -0.13768 -1.0826 -1.3085 -0.13333 -1.5458 0.61282 -0.65149 1.7929 -0.25233 0.36745 0.9048 0.36432 1.1192 -0.031925 -0.69309 0.83467 -1.133 0.36756 1.3718 -2.5664 0.2342 -0.9041 0.053013 -0.29379 0.057134 -0.10844 0.77435 -0.55273 1.1298 -0.7074 1.3684 -0.4862 0.58913 -0.078394 0.75257
0.0076062 0.3576 0.096367 -0.78808 0.049651 -1.1634 -0.8877 0.26477 -1.6114 1.1853 -0.18369 1.4399 -0.20929 0.42994 0.77868 0.36528 1.0342 0.38317 -0.92536 1.2536 -1.2078 0.9349 1.1143 -1.7773 0.13162 -0.61644 0.062813 -0.23557 -0.082743 -0.25402 0.10365 0.28141 8.373e-05 0.043847 0.45887 -1.3688 1.7309 -0.77724 0.5396
0.087826 0.26796 -0.0047716 -0.96613 0.2275 -1.584 -0.68539 0.5795 -1.179 1.2212 -0.48466 1.8301 -0.28507 0.36599 0.51865 0.14729 0.59725 0.14811 -0.6748 0.9584 -0.91071 0.78814 0.42842 -0.90692 -0.18541 -0.42842 -0.1373 0.044187 0.048654 0.0079361 -0.67394 0.98635 -0.85651 0.19946 -0.24218 -1.759 1.8014 -0.54345 0.022779
0.06017 0.39156 0.20624 -0.93297 0.11239 -1.7823 -0.63124 -0.19976 -1.0161 0.70929 -0.12486 0.96295 -0.3064 0.45137 0.67804 0.20013 0.80136 -0.39722 0.2677 0.09396 -0.38443 0.50591 -0.76081 0.41644 -0.78189 -0.55664 -0.37876 0.43512 0.15949 0.59455 -0.69917 1.3249 -1.1938 0.17538 -0.64671 -1.5891 1.0573 -0.26909 -0.41909
0.24088 0.5873 0.41074 -0.60035 0.3958 -1.398 -0.69928 -0.011959 -0.76875 0.81914 -0.24145 1.1479 -0.42272 0.13734 1.0288 0.5362 1.2435 -0.82233 0.60845 -0.26824 -1.1094 0.13574 -1.2784 0.19024 -0.37088 -0.893 -0.58466 0.57256 0.34395 1.1027 0.10189 1.1736 -0.93155 0.21319 -0.38425 -0.89411 0.12757 0.24714 -0.61347
0.16613 0.61438 0.11815 -0.7778 -0.3872 -1.2778 -0.99682 -0.26242 -1.1316 0.13854 -0.51624 1.2142 -0.5857 -0.093573 1.2552 0.45825 1.8017 -0.35649 0.99004 -0.48296 -0.72279 0.011675 -1.2736 -0.06908 -0.30857 -1.0865 -0.22546 -0.2443 -0.31172 0.81813 0.95205 0.47765 0.036411 0.76212 0.21468 0.18273 -0.51095 0.24588 -0.055992
0.24731 1.0814 0.58213 0.34357 -0.6869 -0.47846 -1.039 -0.33081 -1.1944 -0.062157 0.28721 0.57751 -0.83275 -0.35619 1.193 0.63537 2.1256 0.30876 1.2267 -0.5843 -0.27792 0.30689 -1.1393 -0.40217 0.04016 -1.1928 0.72203 -1.7634 -1.3202 -0.19659 1.3187 -0.22127 1.0508 1.839 0.9266 0.9613 -0.27971 -0.32036 1.2745
0.07865 1.33 0.64776 0.72087 -0.82155 -0.75349 -1.0788 -1.2754 -1.3612 -0.31131 -0.22814 1.414 -1.1558 0.32596 0.18411 -0.4043 1.8636 0.71031 0.86638 0.33535 0.79513 0.881 -0.45879 -0.39543 -0.5276 -0.49826 1.2232 -3.2361 -2.1131 -1.5276 0.75079 -0.7119 1.665 2.0279 1.028 0.89986 0.013608 -0.68994 2.5806
-0.090828 1.4168 0.42595 1.144 0.50937 -0.44913 -1.2617 -0.0067871 -0.80899 -0.33751 -0.77787 1.0661 -1.2903 1.1973 -1.4041 -1.3901 0.84287 0.96078 0.21753 1.4122 1.947 1.5751 0.27326 -0.25848 -0.89311 0.95954 1.0486 -3.7839 -2.0632 -2.2576 0.051122 -0.47709 1.7318 1.7451 0.35406 0.40857 0.4906 -1.0161 3.241
-0.28235 1.443 1.0996 1.5663 0.83027 0.041244 -1.4242 -0.40275 -0.43088 -0.63382 -0.72412 0.98987 -1.4129 1.2679 -2.8934 -2.3037 -0.38332 0.63737 0.086787 1.8234 2.3697 1.4529 -0.14612 -0.12345 -1.1861 2.1812 0.13055 -2.8359 -0.7992 -2.1355 -0.63175 0.095323 1.0462 0.61259 -0.97276 -0.10435 0.90117 -0.37038 2.677
1.1731 0.20556 -0.85988 1.2187 0.64935 -0.42307 0.34585 1.5409 0.058383 0.52325 -0.59502 0.04636 -0.5044 1.0085 -3.6373 -2.1005 -0.92484 0.43714 0.66574 2.1084 2.5566 0.75832 -0.46361 0.50278 -1.6036 2.9222 -0.8454 -0.97301 0.6219 -1.2482 -0.67013 0.50956 0.14798 -0.67203 -2.0501 -0.39222 0.91094 0.48377 1.1611
1.612 -1.0134 -1.3973 0.0059745 0.14379 -1.0965 1.0839 2.0252 0.28334 0.41783 -0.33242 -0.10425 0.78163 0.66512 -3.4729 -1.4753 -1.2011 -0.13442 0.80583 2.068 1.7774 -0.60733 -0.30417 1.1458 -0.90055 3.0263 -1.5569 1.1359 2.0856 -0.080428 -0.17015 0.48869 -0.70936 -1.8427 -2.0876 -0.29894 0.70484 1.4068 -0.63805
0.86173 -1.4302 -1.4885 0.04225 -0.061232 -0.053643 0.71313 1.6082 -0.21993 -1.1122 -0.00023999 -0.46618 1.03 0.05225 -2.7526 -0.69032 -1.0589 0.17277 0.82793 1.594 0.88174 -1.4303 -0.4485 1.0497 -0.11753 2.4929 -1.507 2.537 2.2911 0.83492 0.3631 0.076725 -1.1983 -2.1774 -1.3689 -0.013613 0.14837 1.7304 -2.0095
0.44673 -1.5814 -0.76443 0.16168 0.69711 0.79911 1.0814 1.8605 -0.77033 -1.0576 0.095921 -0.42437 1.1443 -0.93347 -1.4246 0.72158 -0.47153 0.47313 0.93498 0.68888 -0.56784 -1.5627 -0.76427 1.1037 0.76866 1.3252 -0.6999 2.7381 1.5094 1.1592 0.61843 -0.49096 -0.99519 -1.6331 -0.031676 0.31082 -0.28479 1.0773 -2.316
0.601 -1.3957 -0.59128 0.11757 0.58414 0.65765 1.1757 1.9556 -1.5063 -0.10305 0.75335 0.35098 1.2352 -0.78519 -0.39214 0.89864 0.24467 0.77281 0.7285 0.43908 -0.73574 -1.4471 -0.26235 0.83048 0.8833 0.39509 0.36457 2.1026 0.26822 0.86128 -0.00091609 -0.86662 -0.64217 -0.85679 0.72339 0.6192 -0.53016 0.20626 -1.756
0.56129 -1.5601 -0.43975 0.17195 1.062 0.4711 1.284 1.1128 -1.4017 -0.60645 0.31563 0.61936 1.2117 -0.11051 -0.045528 0.43054 0.27992 0.65311 -0.1222 0.68839 -0.7567 -0.62735 0.23551 0.63266 0.66157 0.18183 1.0702 1.1211 -0.78218 0.23437 -0.6001 -0.7264 -0.29743 -0.16516 1.0792 0.536 -0.72688 -0.65185 -0.81046
0.4255 -1.6473 -0.57228 0.15713 0.80455 0.30482 1.4674 0.92753 -0.97153 -0.64402 0.91258 0.77686 1.2144 0.29108 0.095882 -0.063019 0.14829 0.083362 -0.35251 0.33541 -0.76615 -0.42741 0.31316 0.13598 0.31945 0.11331 0.84027 0.62435 -0.9055 -0.36009 -1.0929 -0.087263 -0.2392 0.20242 1.0098 0.29923 -0.61714 -1.0813 -0.19795
0.57164 -1.4846 -0.59354 0.40313 1.0358 0.34447 1.4117 1.2931 -1.3978 -0.55423 0.62291 0.43204 1.2516 0.40151 0.21758 -0.19337 0.0024639 -0.23315 0.039415 0.16377 -0.86906 0.10447 0.039884 -0.12042 -0.22021 0.10535 0.34309 0.47017 -0.62006 -0.62305 -1.1962 0.67738 -0.25629 0.73948 0.79453 0.21585 -0.52206 -1.2342 -0.11938
0.64513 -1.4835 -0.87317 0.41432 0.98734 0.1271 1.8038 0.85291 -1.0291 -0.78094 0.83159 0.093591 1.2463 0.43346 0.52646 -0.40561 -0.28807 -0.69995 0.45581 0.23962 -0.23816 0.22625 0.44457 -0.1289 -0.77451 0.10301 -0.01958 0.29136 -0.36818 -0.84583 -1.1898 0.6439 -0.026247 1.133 0.94694 0.37874 -0.084484 -0.94999 -0.20057
0.87747 -1.402 -0.61966 0.17515 0.62831 0.46491 1.3061 1.0407 -1.8113 0.018763 0.17105 0.4031 1.297 0.43138 0.52983 -0.50416 -0.65875 -1.0524 0.77024 0.24072 0.52793 0.65765 0.6089 -0.36679 -1.1849 -0.011173 -0.14587 0.14693 -0.2008 -0.7429 -1.3704 0.012728 -0.22369 1.2067 0.67787 0.50829 0.41113 -0.55664 -0.31939
0.96084 -1.2215 -0.68467 0.032412 0.36109 0.82503 1.3838 0.33195 -1.0639 -0.37909 0.58684 0.2449 1.3286 0.26074 0.42948 -0.56339 -1.0892 -1.5929 0.51351 0.25637 0.89531 1.2104 0.79988 0.066172 -1.0437 -0.16316 -0.069721 0.050046 0.10198 -0.31831 -1.2776 -0.92247 -0.48864 0.53012 0.36729 0.16081 0.84446 -0.25801 -0.40992
0.79844 -1.0596 -1.0267 -0.23536 0.094627 1.0744 1.8651 1.1348 -0.85255 -0.06929 0.37635 -0.59486 1.2777 0.25361 0.51271 -0.47106 -0.97506 -2.1896 0.013329 -0.27568 1.0762 0.99261 0.89763 0.65248 -1.1729 -0.29618 0.18606 0.11066 0.54025 0.21561 -0.88186 -1.6687 -0.79388 -0.34522 -0.34181 0.0092371 0.84538 0.072905 -0.39146
0.86165 -1.2008 -1.1827 -0.58248 -0.47364 1.245 1.7976 2.25 -0.26671 0.13231 0.36938 -0.98228 1.1478 0.42005 0.61859 -0.23752 -0.72426 -2.3714 -0.98348 -0.4573 0.60471 0.82241 0.62707 1.1617 -1.2921 -0.4414 0.41625 0.12517 0.93691 0.59367 -0.050443 -1.7969 -1.0049 -1.2278 -0.81755 -0.29771 0.31041 0.39273 -0.28128
0.86772 -1.1253 -1.1874 -0.93123 -1.0239 0.50906 1.7539 2.0941 -0.26303 0.48196 0.95087 -0.63107 1.0636 0.69268 0.62086 0.30093 -0.45003 -2.2087 -1.7517 -0.9613 -0.014411 0.20753 0.71311 0.88764 -0.93436 -0.52791 0.27872 -0.033227 0.8841 0.53922 0.87518 -1.1984 -0.74884 -1.57 -0.91633 -0.43559 -0.28218 0.78399 -0.10076
1.0871 -0.88419 -1.1093 -0.55534 -2.0558 0.0061656 0.8034 1.6298 -0.72135 0.55104 1.6606 -1.1773 0.99346 0.78107 0.5854 0.72766 -0.26268 -1.6697 -2.124 -1.377 -1.0665 0.014366 0.28406 0.60291 -0.42008 -0.51781 -0.25764 -0.38135 0.28875 0.23552 1.3196 0.037388 -0.28414 -1.1398 -0.65338 -0.69212 -0.6441 0.84748 0.11611
1.4443 -0.65045 -0.67089 -0.62197 -2.1795 -0.87376 0.7946 1.0495 -0.90945 0.48485 1.572 -1.2428 0.89531 0.57463 0.47271 0.629 -0.21736 -1.0023 -1.7713 -1.2856 -1.3009 -0.38804 0.17991 0.31467 -0.11173 -0.42481 -0.77633 -0.69663 -0.47628 -0.13738 1.7949 1.1609 0.64437 -0.19571 -0.17222 -0.69133 -0.72714 0.55756 0.32927
1.5742 -0.64179 -0.42869 -0.6026 -2.057 -1.1713 0.46233 0.57508 -0.55539 0.55397 1.1123 -1.154 0.80278 0.05112 0.050168 0.11692 -0.41268 -0.65639 -0.92289 -0.8458 -1.0779 -0.14247 -0.51863 0.054426 -0.083882 -0.29496 -0.98852 -0.83661 -1.0936 -0.16799 1.8922 1.9791 1.1856 0.9002 0.05179 -0.35525 -0.69057 0.28891 0.48895
1.3946 -0.6874 -0.46623 -0.84174 -1.8321 -1.3542 0.2581 0.51567 -0.44216 0.23229 0.85 -1.1513 0.74742 -0.26915 -0.28465 -0.2427 -0.63541 0.43694 -0.11445 0.058919 -0.38817 -0.021492 -0.29624 -0.41006 -0.041814 -0.082769 -0.94256 -0.77483 -1.2305 0.034939 1.7779 2.0989 1.2658 1.3485 0.28898 -0.33261 -0.57152 0.21887 0.54826
1.2745 -0.84468 -0.82098 -1.0543 -1.9471 -0.87016 0.27862 1.1104 -0.85964 0.67305 1.2112 -0.90585 0.75159 -0.49156 -0.44464 -0.78891 -0.37055 0.93371 0.87813 0.30707 0.35707 -0.031622 -0.20327 -0.5282 0.087716 0.13637 -0.63599 -0.52494 -0.97532 0.53558 1.5964 1.5917 1.0031 1.196 0.31599 -0.46379 -0.20405 0.20538 0.48795
0.83138 -1.064 -1.2397 -1.3359 -2.5227 -0.69063 0.5524 0.51226 -0.58116 -0.53749 1.5556 -1.0499 0.80725 -0.7689 -0.58462 -1.1152 -0.18075 1.3252 1.392 0.65289 0.78591 0.16471 -0.657 -0.63205 0.21022 0.2845 -0.08106 -0.087669 -0.43016 1.0078 1.182 0.86185 0.55665 0.62836 0.20493 -0.88124 0.090877 0.02392 0.13305
1.1449 -0.98345 -0.99591 -1.1757 -0.9547 -0.43975 1.1466 1.0561 -0.8951 0.61554 0.76174 -1.5124 0.93515 -0.7826 -0.68401 -1.1878 0.34176 1.7035 1.4003 0.85264 0.82484 0.42624 -1.285 -0.28412 0.17183 0.34492 0.36336 0.079145 0.30728 1.2205 0.96915 -0.10157 0.093414 -0.15634 -0.19326 -0.52535 0.11552 0.36232 -0.22317
1.1045 -0.98719 -1.3501 -0.80321 -0.76675 0.30642 0.86844 1.4381 -0.70955 0.30904 0.45428 -0.90432 0.99671 -0.24557 -0.31318 -0.80979 0.86183 2.1286 1.2802 0.89848 0.6975 0.1909 -1.5533 -0.34883 -0.051947 0.039454 0.71205 0.27458 0.82935 1.1059 0.24297 -0.7924 -0.50773 -0.85955 -0.97242 -0.25109 0.061405 0.66296 -0.36442
0.54438 -1.3022 -1.6451 -0.94402 -0.38581 0.56092 1.1016 1.5274 -0.11645 -0.77716 0.1992 -0.73986 1.0173 -0.10501 -0.44782 -0.39003 1.3542 2.2351 0.71432 0.38038 0.10303 -0.39392 -0.82735 -0.43365 0.90307 -0.11386 0.65585 0.70091 1.5369 0.9422 -0.15619 -0.86694 -0.84959 -1.0703 -1.4536 0.45638 -0.3305 0.5514 -0.69992
0.50149 -1.4682 -1.8661 -0.42546 0.021825 0.35979 1.3482 1.5546 -0.21736 -1.6386 1.2702 -1.0101 1.0438 0.14476 -0.24125 -0.029342 1.3475 1.488 0.17046 -0.10386 -0.60121 -1.3212 -1.3988 -0.43725 1.1084 -0.096475 0.21821 0.86073 1.7244 0.75886 -0.54504 -0.59214 -1.187 -0.77448 -1.2913 1.2016 -0.14601 0.23969 -0.81695
1.2823 -0.95562 -1.5373 -0.052327 0.51008 0.84071 1.601 1.6342 -1.0699 -1.2211 0.83626 -1.3338 0.62413 0.17731 0.45904 1.1715 1.8312 1.7518 0.24552 -0.31523 -0.7084 -1.6689 -0.43267 -0.96078 0.64042 -0.76187 -0.27858 0.6226 1.2368 0.26312 -0.90084 -0.13247 -1.0895 -0.5499 -0.52384 1.1019 0.017159 -0.069209 -0.5502
0.75792 -1.6171 -1.3511 0.43996 0.79724 -0.021632 0.86763 0.29798 -1.2953 -0.30385 0.30927 0.61846 0.81608 0.0099411 0.68137 1.4942 2.0172 1.4159 0.33986 -1.0901 -0.46943 -1.7006 0.69849 -0.41028 0.52725 -1.0081 -0.68474 0.053612 0.27175 -0.41143 -1.0775 0.038046 -0.73403 -0.19037 0.12057 0.43041 0.4466 -0.022153 -0.026666
1.3547 -1.0545 -1.0689 0.33591 0.74673 0.068608 0.76819 0.60937 -2.3731 -1.6112 -0.28589 -0.1698 1.0311 -0.50183 0.13808 1.0613 1.4982 0.69236 0.34973 -1.2701 -1.0725 -1.2097 0.36988 -0.42205 1.0461 -0.5809 -0.89189 0.28499 -0.63854 -1.1387 -1.4525 0.22108 0.21609 0.25145 0.65304 -0.38148 0.85039 -0.028145 -0.039998
0.75666 -0.39504 0.07582 1.6402 1.798 1.3044 0.60605 1.0875 -1.602 -0.43018 -0.89491 -0.59653 -0.13565 -0.68375 0.008794 0.51385 0.7478 0.12884 0.1704 -1.0669 -0.78758 -1.277 -0.9235 0.23991 0.84871 -0.22915 -0.53139 0.52119 -1.0055 -1.0368 -1.1526 0.0031525 1.1979 0.29893 1.4446 -0.045373 0.47423 -0.068043 -0.31416
0.35487 -0.93317 -0.57143 1.499 1.2474 0.93199 -0.35601 1.2676 -1.5671 -0.039909 1.1393 -0.3976 0.082627 -1.0029 1.2743 0.52263 0.35736 -0.15173 0.73859 0.11191 -0.0068543 -0.5498 -0.40057 0.52707 0.41124 -1.216 0.15543 0.24667 -1.0671 -0.78248 -0.70535 -0.49142 1.3118 0.171 1.7674 0.3402 0.19768 0.056709 0.12202
0.28968 -1.6793 -1.1893 1.0731 0.62418 0.62138 0.14201 -0.55971 -1.7874 -1.6286 0.56837 0.80676 0.80675 -0.64185 0.98978 -0.031373 0.667 -0.1827 0.12956 0.59947 -0.36187 0.87175 0.99017 0.12098 0.69929 -1.2164 0.57209 -0.44839 -0.58042 -0.37803 0.000361 -0.75642 0.71224 -0.20538 1.879 0.60788 -0.43269 0.17748 0.80904
0.80031 -0.94332 -0.93532 0.6007 0.74212 0.50702 0.2769 0.44983 -3.1245 -2.694 0.62878 0.26081 0.58285 -0.2349 0.062082 -0.57111 0.087495 -0.3876 -0.60848 0.50273 -0.90872 1.2591 0.1057 0.049855 1.2159 0.12066 0.69555 -1.3151 -0.23873 -0.28461 0.55279 -1.0755 -0.32349 -0.25544 1.4869 0.23056 -0.21313 0.1955 1.7262
-0.36513 0.70555 -0.12804 1.1504 0.90559 1.5058 1.5787 0.94783 -1.6547 0.031381 0.23401 0.63931 -1.1105 -0.057837 -0.14042 0.02559 0.17814 0.2496 -0.65057 0.15774 -0.736 1.5834 0.06183 -0.46162 0.77433 0.46618 0.38691 -1.3809 0.10259 -0.48591 0.6962 -0.72286 -0.66813 -0.097094 0.80501 -0.31446 0.41329 -0.035063 1.8953
0.89508 -0.25622 -0.85293 2.2663 1.1613 0.37185 1.135 0.27324 -0.41122 0.96217 -0.669 0.13441 -0.39772 -0.071048 -0.37459 0.069769 0.069633 0.60448 -0.98701 -0.2957 -0.32234 2.0807 0.53269 0.34934 0.73641 0.84915 0.20857 -1.197 0.17595 -0.64088 0.43681 -0.5156 -0.40343 0.022845 -0.10064 -0.55443 0.98412 -0.40353 1.5239
0.21995 -1.5476 -1.0392 1.2721 0.99687 0.10814 0.16146 -0.52645 -0.37438 -1.4247 0.47729 1.4778 1.0086 -0.034756 -1.1167 -0.1661 -0.22777 0.54531 -1.1103 -0.31146 -0.83116 2.0936 0.13444 0.8463 0.85725 1.6103 -0.18269 -0.42391 0.27552 -0.91564 -0.34119 -0.18492 0.43971 0.021185 -1.1433 -0.80252 1.1798 -0.40663 0.74341
0.26391 -1.4695 -0.64439 1.1579 1.388 -0.045272 -0.33237 -0.13136 -0.8397 -1.2555 0.65134 0.69369 1.0017 0.13354 -1.465 -0.15843 -0.8993 0.23336 -1.4043 -0.049267 -0.78997 0.83865 -1.0621 1.4958 0.38235 2.1147 -0.13724 0.73688 0.65272 -0.35122 -0.82824 0.37125 1.268 -0.034368 -1.6853 -0.47623 0.31766 -0.75669 -0.55564
0.32483 -1.1592 -0.95066 0.79529 1.4123 -0.62504 0.41569 -0.30516 -0.34844 -1.0211 1.1343 1.6599 1.1485 -0.45819 -0.30936 0.63451 -1.0343 -0.16147 -0.8239 0.91557 -0.43443 -0.030948 -0.77815 1.4848 0.15329 1.0866 -0.072497 1.3624 0.82011 0.41629 -1.1455 1.0179 1.3028 -0.17323 -1.3997 -0.048601 -0.23763 -0.79695 -1.4756
0.48253 -1.0253 -0.7242 0.75858 1.4577 -0.27637 0.90424 -0.20221 -0.44255 -0.96882 1.2576 1.0552 1.1314 -0.078627 0.46127 0.83853 -0.1822 -0.49353 -0.42955 1.6101 -0.56748 -0.16832 0.016912 0.69995 -0.38451 0.17894 0.08363 0.94707 0.75544 0.86099 -1.2183 1.5862 0.2801 -0.35161 -0.80768 0.31922 -0.54247 -0.77315 -1.5463
0.081421 -1.1794 -0.49823 0.55069 1.0652 -0.78628 1.547 -0.35042 -0.28917 -0.92556 1.7159 0.6831 1.1356 -0.035781 0.21251 0.8037 0.17527 -1.0994 0.36167 1.447 -1.2755 -0.14719 -0.50522 0.72261 -0.30982 0.09858 0.47398 -0.11784 0.34094 0.50926 -1.0123 1.5299 -1.1109 -0.38839 -0.33621 -0.012621 -0.22265 -0.58408 -0.69841
0.15527 -1.1306 -0.10833 0.8521 0.78669 -0.68823 1.6719 -0.66466 -0.67221 -1.0077 1.2663 0.80729 1.1743 0.085783 -0.13259 1.1096 0.078335 -1.4337 1.0687 0.25039 -1.0703 -0.67222 -0.54875 0.70119 -0.89072 0.010191 0.361 -0.49499 0.15607 -0.35265 -0.52654 1.3236 -1.9784 -0.025761 -0.19472 -0.26135 0.079995 -0.15188 -0.14783
0.23372 -1.0557 -0.12562 1.1984 0.53356 -0.30356 1.7418 -1.2609 -0.80272 -1.5726 1.246 0.92351 1.1742 0.2995 -0.21142 1.1107 -0.23138 -1.4659 1.3832 -0.59046 -0.95969 -0.41199 -0.52209 0.99475 -0.73376 -0.0011917 0.23399 -0.2379 0.019387 -0.89402 0.10063 0.62324 -1.746 0.54389 0.19519 0.038377 0.067153 -0.03578 -0.078544
0.36387 -1.1771 -0.036571 1.1992 -0.012236 0.66756 1.4875 -1.8336 -0.72259 -1.8703 1.9925 0.61135 1.1206 0.39784 -0.16051 0.96634 -0.6366 -1.2322 1.6142 -1.273 -0.75441 -0.38802 -0.50858 0.7238 -0.47951 -0.01718 -0.014124 0.066334 -0.1697 -0.94001 0.44658 -0.079241 -0.87814 0.92142 0.55557 0.29726 -0.27786 0.24441 0.0038173
0.48172 -1.3066 0.34438 0.43696 -0.31887 0.87944 0.47408 -1.0052 -1.1133 -1.287 2.1762 0.066414 1.1546 0.2322 -0.17459 0.91235 -1.1243 -1.0213 1.2801 -1.2335 -0.28801 0.13269 -0.44808 0.84367 -0.59859 -0.017192 -0.2585 0.26167 -0.1977 -0.61341 0.64874 -0.62949 -0.020489 1.2558 0.41276 0.60793 -0.9674 0.37949 0.055759
0.6235 -1.2543 0.56958 0.26331 -0.30697 1.1252 0.47314 -1.2503 -0.5726 -1.4696 2.6788 0.034 1.1305 0.11349 -0.040027 0.90784 -1.2171 -0.87002 0.94397 -1.1536 0.51761 0.19286 0.019343 0.1688 -0.50134 0.027283 -0.37368 0.33244 -0.32721 -0.032269 0.69085 -0.85699 0.69899 1.1083 0.36276 0.74279 -1.2331 0.57108 0.051356
0.32447 -1.2638 0.52982 -0.052154 -0.40089 1.0661 0.16478 -1.5169 -0.90903 -1.7151 1.8852 0.4915 1.1401 0.012239 0.16808 0.78891 -1.0802 -0.50621 0.47089 -0.67931 1.0174 0.15149 0.4525 -0.81521 -0.005479 0.073045 -0.30494 0.3087 -0.53461 0.44608 0.69568 -0.71414 0.79244 0.65552 0.086242 0.7484 -1.1838 0.6147 0.013929
0.37574 -1.2384 0.79851 -0.2067 -0.54336 0.99074 0.53816 -1.2454 -0.45496 -1.9275 2.2753 0.058515 1.1625 -0.12122 0.22701 0.44553 -0.72502 -0.27508 0.32856 -0.15619 0.90182 0.35723 0.55467 -1.1043 0.31064 0.026763 -0.18276 0.15556 -0.70342 0.5942 0.64427 -0.46774 0.51499 0.037748 0.0011352 0.54833 -0.52835 0.39451 -0.073786
0.45198 -1.0933 0.79412 -0.087633 -0.82914 1.4479 0.11792 -0.45951 -0.75424 -1.3378 1.4507 0.11422 1.1897 -0.16036 0.21079 0.19024 -0.55374 -0.095644 0.17564 -0.1535 0.89542 0.25619 0.80925 -1.0715 0.16621 0.0091697 -0.14179 -0.034931 -0.87681 0.53807 0.46336 -0.22316 -0.13978 -0.53538 -0.082583 0.20128 0.24066 0.033135 -0.16688
0.47479 -1.0669 0.92557 -0.41254 -0.59885 1.3557 0.31367 -0.19594 -0.77398 -0.76315 0.91274 0.51963 1.1968 -0.098393 0.19976 -0.047825 -0.39036 0.057614 0.15905 -0.38658 0.68049 0.17724 0.95801 -0.84844 0.15915 -0.062235 -0.11242 -0.13296 -0.95691 0.33981 0.27379 -0.35142 -0.58559 -1.0285 -0.050235 -0.3093 0.79082 -0.3219 -0.22747
0.32904 -1.1396 0.77976 -0.52303 -0.51794 1.3179 0.27647 -0.28412 -0.46628 -0.7586 1.2146 0.44436 1.1315 -0.22636 0.12225 -0.52933 -0.26113 0.14286 0.099209 -0.82925 0.048354 0.11201 0.66022 -0.4385 0.11995 -0.16051 -0.12179 -0.067837 -0.90602 0.24835 0.079235 -0.51405 -0.62926 -1.2894 0.083494 -0.82473 1.0286 -0.41321 -0.25274
0.31424 -1.0706 0.6921 -0.44103 -0.38259 1.2296 0.15946 -0.65805 -0.36264 -0.86091 1.3628 0.20092 1.1349 -0.26451 0.046837 -0.90279 -0.2509 0.088372 -0.33934 -0.96521 -0.77091 0.36406 -0.0025292 0.26429 -0.30096 -0.26839 -0.17552 0.11967 -0.69192 0.00899 -0.0023429 -0.9363 -0.31018 -1.2023 0.050335 -1.0791 0.70835 -0.31937 -0.20614
0.23439 -1.0536 0.53668 -0.51763 -0.47283 1.3088 -0.42643 -0.62455 -0.79718 -0.68712 0.80705 0.5617 1.076 -0.26984 0.17242 -0.99942 -0.17187 0.030228 -0.59785 -1.0975 -1.0131 0.36301 -0.39317 0.56752 -0.41448 -0.31025 -0.23212 0.40288 -0.30434 -0.24963 0.068548 -1.3621 0.36959 -0.71464 0.080252 -0.84995 0.1508 0.20028 -0.15502
0.19341 -1.0769 0.16934 -0.42421 -0.54097 1.3568 -0.74387 -0.8787 -0.40096 -0.99242 1.62 0.063788 1.0029 -0.36229 0.37542 -1.0472 -0.42521 0.11201 -1.3371 -0.85463 -1.2435 0.18614 -0.7167 0.15673 -0.20349 -0.33146 -0.3466 0.63377 0.08357 -0.41304 0.40387 -1.5643 0.97441 -0.21734 -0.028644 -0.21583 -0.5477 0.87947 -0.14252
0.22793 -1.0452 -0.12737 -0.57528 -0.68135 0.74814 -0.91721 -1.3949 -0.31706 -1.1985 1.6048 -0.25932 0.91225 -0.5612 0.63535 -0.99876 -0.64155 0.25353 -2.0756 -0.14219 -1.1646 0.39476 -0.71681 -0.072864 0.44311 -0.38709 -0.25494 0.78742 0.54314 -0.33899 0.72025 -1.327 1.3009 0.222 -0.29827 0.65786 -1.2886 1.4008 -0.27625
0.1306 -0.86339 0.035403 -0.72212 -0.35373 0.44088 -0.83443 -1.361 -0.28686 -1.1973 1.6711 0.17075 0.89616 -0.70094 0.88137 -0.75139 -0.78526 0.68772 -2.6677 0.49578 -1.1192 0.32579 -0.28183 -0.60244 0.95143 -0.46705 0.079989 0.88819 1.0638 0.1243 0.71843 -0.24622 0.88945 1.1753 -0.70517 1.6392 -1.434 1.3787 -0.61855
-0.14915 -0.70214 -0.31067 -1.1515 -0.21827 -0.79497 -0.6456 -1.9896 -0.39287 -1.7824 1.0149 0.29335 0.82114 -0.52378 1.244 -0.17414 -0.62438 1.0086 -2.5377 0.8117 -0.59352 -0.26449 0.72977 -1.8295 1.6942 -0.7045 0.51457 0.7375 1.3658 0.59912 0.27538 0.97371 -0.17464 1.9202 -1.1991 1.9605 -1.2832 0.63695 -0.87912
-0.33654 -0.39564 -0.36643 -1.178 -0.07801 -1.4598 0.044872 -1.8635 -0.044336 -1.4812 1.0137 1.1831 0.72905 -0.22386 1.5653 0.44424 -0.21117 0.99752 -1.6073 0.43902 0.91815 -0.84972 1.9014 -2.0537 1.8146 -1.2106 0.6824 -0.0020702 1.1774 0.78416 -0.42484 2.0415 -0.97723 2.0129 -0.91986 1.2463 -0.37663 -0.45335 -0.56621
-0.44211 -0.26119 -0.29711 -1.3634 0.48227 -1.9565 -0.028673 -1.9568 -0.49682 -0.71515 0.14119 1.4794 0.55222 0.11051 1.534 0.84703 0.17046 0.58413 -0.73227 -0.44788 1.7995 -1.3635 2.1881 -2.1123 1.2252 -1.4915 0.43719 -1.0212 0.35191 0.36093 -0.77711 1.8585 -1.2506 1.0713 -0.67588 -0.44602 0.7726 -1.6267 0.25612
-0.070517 0.16643 0.13514 -0.97206 0.66094 -1.5875 0.031049 -1.4927 -0.81649 0.25538 -0.93855 1.89 0.18953 0.183 0.73226 0.84499 0.25792 0.15655 0.38169 -0.79596 1.8584 -0.91637 1.5292 -1.2809 0.2978 -1.0234 -0.0018097 -1.6926 -0.56799 -0.23428 -0.72762 0.78804 -0.78218 -0.31757 -0.30085 -1.9035 1.6386 -1.9788 1.2195
0.082837 0.54002 0.56025 -0.75382 0.4557 -0.9132 -0.80181 0.49054 -1.343 1.2968 -0.57185 1.7611 -0.42984 0.048943 -0.058887 0.25686 -0.19953 0.067439 0.063543 -1.0331 1.1691 -1.5385 0.0054144 -0.56987 -0.69748 -0.3646 -0.36833 -1.7188 -1.157 -0.65073 -0.27786 -0.28786 -0.081065 -1.1656 0.0079177 -2.2915 2.0558 -1.7164 1.7032
0.056161 0.49146 0.72361 -0.72411 0.15845 -0.97611 -1.6419 0.39909 -1.6518 0.56404 -0.94675 1.3484 -0.43334 -0.17768 -0.48761 -0.2736 -0.46543 -0.018951 -0.49321 -0.80411 0.60273 -1.325 -0.88955 0.67925 -1.0528 0.28013 -0.27426 -0.94503 -1.0019 -0.59544 0.16163 -0.89296 0.32046 -1.2467 -0.071292 -1.7451 1.5101 -1.1604 1.3502
-0.29873 -0.43032 0.10942 -1.1542 -0.027232 -0.63274 -0.89162 -0.66129 -0.56207 -0.74183 -0.082121 0.63975 0.31423 -0.32892 -0.74964 -0.65952 -0.6758 0.18641 -0.8772 -0.59279 0.048274 -1.109 -1.276 1.3069 -1.4225 0.72459 0.17174 0.22593 0.047173 0.14872 0.31808 -0.073561 0.61054 -0.55918 0.33573 -0.32788 0.56817 -0.33975 0.23949
-0.40594 -0.48462 -0.39009 -1.7932 0.58808 -2.3908 -0.93546 -1.0572 -2.2648 -1.5401 -0.03541 0.49789 0.51927 -0.084822 -0.51356 -0.48535 -0.60982 0.38293 -0.90823 -0.37091 -0.12746 -1.2382 -1.3896 1.0091 -1.5909 0.70596 0.64956 1.3048 1.0097 0.91129 0.099365 0.91975 0.35873 0.26757 0.45002 0.92992 -0.71592 0.14001 -1.0937
-0.39277 -0.26022 -0.24523 -1.5964 0.67537 -2.544 -0.99932 -0.67332 -1.9842 -0.60301 0.7065 0.6503 0.5194 0.31865 0.33368 0.4494 0.14037 0.42693 0.10584 -0.030735 0.40539 -0.88094 -0.41416 0.47256 -1.0976 -0.17197 0.80047 1.706 1.4535 1.4171 -0.36186 1.7125 0.191 0.68597 1.1267 1.6336 -1.3265 0.75396 -1.7604
-0.14772 -0.13651 -0.054199 -1.3799 0.77172 -1.8755 -1.2854 -0.12887 -2.0233 -0.3142 0.50807 0.04898 0.37122 0.64271 1.1661 0.97916 0.80174 0.037367 0.78369 -0.36426 0.99989 -0.51119 0.57466 -0.45144 -0.95955 -1.1087 0.34223 1.1987 0.92936 1.2123 -0.61919 1.5084 0.050503 0.37624 1.3656 1.4577 -1.3987 1.1216 -1.5198
0.1002 0.10533 0.39235 -1.3659 0.61202 -1.5894 -1.7623 0.60439 -2.6715 -0.92877 0.19459 -0.57553 0.068235 0.713 1.2812 1.2087 1.2273 -0.27369 1.5884 -0.207 0.92292 0.79873 1.0719 -0.82069 -0.29894 -1.3268 -0.31388 0.23027 -0.18318 0.50357 -0.54848 0.45707 -0.019206 -0.44362 1.0965 0.52918 -0.92636 0.9672 -0.5306
0.21275 0.53213 1.1903 -0.44786 0.55977 -0.26474 -1.0077 0.04876 -1.7908 -0.53327 -0.40059 0.088268 -0.49396 0.3296 1.0295 0.79856 1.0776 -0.35128 1.2648 -0.17154 0.41353 0.66759 0.83877 -1.3571 0.15766 -1.2705 -0.72175 -0.49216 -0.9384 -0.1454 -0.14106 -0.40146 0.1732 -0.88101 0.49155 -0.25073 -0.017278 0.80127 0.39809
0.162 0.57128 0.50149 -0.55946 0.11063 -0.68027 -1.3343 0.14434 -1.5078 -0.13941 -0.62873 -0.62445 -0.60296 -0.050193 0.78886 0.21462 0.92513 -0.33916 0.73302 -0.15374 -0.19194 0.74097 0.53177 -1.074 0.19414 -0.98099 -0.6262 -0.61459 -1.4803 -0.61846 0.023222 -0.97978 -0.22214 -0.79091 -0.57054 -0.71008 0.58086 0.065139 0.77087
0.25629 0.71758 0.74149 -0.39307 0.50164 -0.76954 -1.2282 0.15635 -1.372 0.38371 -0.55136 0.70032 -0.52917 -0.20792 0.58326 -0.1988 0.67765 -0.17527 0.40786 -0.03697 -0.23495 0.52802 0.33244 -0.37359 0.32435 -0.60932 -0.049037 -0.29248 -0.95454 -0.58686 0.1721 -0.61492 -0.17724 -0.50224 -0.70832 -0.80303 0.99702 -0.38299 0.64715
-0.15624 0.60514 0.54242 -0.41433 0.33146 -0.87234 -1.5311 0.10875 -1.7333 0.36207 -1.1089 0.50461 -0.65339 -0.084874 0.46931 -0.93619 0.27893 -0.31875 0.087554 -0.7023 -0.35935 -0.22969 -0.12386 -0.077851 -0.2709 -0.35799 0.24277 0.057354 -0.2221 -0.23577 0.16606 -0.17087 0.20404 -0.50406 -0.66176 -0.78533 0.72064 -0.41637 0.20991
-0.084665 0.6863 0.36786 -0.22245 0.31164 -0.60504 -1.6806 -0.2029 -1.5951 -0.40117 -0.79499 -0.53049 -0.67868 0.28049 0.69637 -0.32991 0.31067 -0.057252 0.36851 -0.23648 -0.51414 -0.21882 -0.47186 0.27236 -0.36232 -0.49071 0.22637 0.39998 0.52838 0.3107 0.11329 -0.065322 0.61361 -0.37518 -0.0035827 -0.51442 0.18093 -0.22245 -0.15913
0.053739 0.8911 0.60427 -0.2392 0.37004 -0.4103 -1.3238 0.33108 -1.8826 -0.50355 -0.18536 0.063793 -0.75166 0.14483 0.82817 -0.11448 0.66662 -0.10454 0.39805 0.36094 -1.0675 -0.16491 -0.66843 0.13757 -0.27938 -0.68451 -0.26633 0.32336 1.0167 0.77433 0.36292 0.10812 1.1417 0.20606 0.67148 0.052176 -0.35906 0.024928 -0.27608
0.24858 1.0529 -0.31646 -0.17396 -0.17489 -0.29308 -2.3005 -0.6529 -1.8641 -0.26137 -0.81857 -0.53895 -0.91069 0.088041 1.0764 0.33716 1.0505 -0.081368 0.10344 0.65642 -0.63032 0.52299 -0.44523 -0.10481 -0.11443 -0.71109 -0.3762 -0.49111 0.02454 0.52047 0.11568 -0.056649 0.49801 0.64654 1.243 0.91612 -0.68574 -0.14665 0.13836
0.54347 1.3272 0.64293 -0.15745 0.45459 -0.3475 -1.1723 -0.39077 -1.5097 -0.34955 -0.25235 -0.41149 -1.0897 -0.43166 0.82289 0.54994 1.3315 0.33243 0.40854 1.1208 0.14765 0.76695 -0.031817 -0.67142 -0.36098 -0.70956 0.27817 -1.5314 -0.95038 -0.32205 -0.1984 -0.18796 -0.2727 0.89897 1.4673 1.4197 -0.41038 -0.46654 0.89498
-0.096343 1.3927 0.72163 0.72326 0.39154 -0.35613 -0.52241 -1.4463 -1.7227 -0.5105 -0.88158 0.71839 -1.2387 -0.064675 -0.12821 -0.61591 0.93212 -0.07053 0.23097 0.37994 0.23531 1.8174 1.0768 -0.80624 -0.61841 -0.24276 1.1388 -2.4865 -2.0956 -1.33 -0.92504 -0.25047 -1.112 0.33449 1.0341 1.5336 -0.087227 -0.72651 1.5705
-0.17947 1.6514 0.87224 0.98368 0.10686 -0.81894 -1.011 -0.050034 -0.93646 -0.49184 -1.2871 -0.43754 -1.2868 0.72177 -1.1477 -1.3344 0.12455 -0.45597 -0.053626 -0.028835 0.37716 2.1354 1.4644 -0.40398 -0.94095 0.58954 2.0287 -2.4903 -2.2953 -2.0399 -1.2554 -0.48298 -1.3488 -0.090836 0.39073 1.1425 0.58173 -0.81738 1.8872
-0.53021 1.3367 0.77957 1.2694 0.99515 0.57803 -0.18913 0.61306 -1.0371 -0.37426 -1.446 -1.3729 -1.3296 1.5033 -2.1239 -2.4642 -0.80781 -1.3085 -0.17507 -0.95686 -0.031385 1.9263 1.9328 -0.43742 -1.2392 1.284 1.8663 -1.6721 -1.2026 -1.914 -0.67633 -0.30824 -0.50273 -0.43697 -0.64011 0.34602 0.86369 -0.31321 1.5208
0.69689 0.39325 -1.2271 0.24203 -0.41523 -0.32219 -2.008 -0.15712 0.33237 1.7889 -1.1019 -0.64017 -0.79166 2.3186 -2.3711 -2.6264 -1.5706 -1.2497 -0.35064 -0.86727 0.1178 1.5227 1.8688 0.38066 -1.6405 1.7044 0.84207 -0.40562 0.038007 -1.1191 -0.01962 -0.18844 0.32219 -0.57384 -1.1364 -0.42986 0.76527 0.26716 0.67688
1.4575 -0.083283 -1.3216 -0.38047 -0.69981 -0.71535 -1.9135 -0.74759 0.15791 1.2128 -0.92861 -1.5984 -0.15881 2.3896 -2.3314 -2.1172 -1.76 -0.85847 -0.24258 -0.18384 -0.5118 0.8874 1.5791 0.64291 -0.88662 1.7608 -0.767 0.86723 1.4032 0.045751 0.91595 0.1049 1.1715 -0.18332 -1.5798 -1.415 0.54516 0.34628 -0.33948
1.6575 -0.55697 -1.4278 -0.75899 -1.278 -0.62607 -1.8699 -0.8746 -0.050592 1.6237 -1.215 -1.3005 0.034632 1.7564 -1.7273 -1.4376 -1.4719 -0.7132 -0.40872 0.23327 -0.54163 0.43318 0.7637 0.68616 -0.6164 1.4924 -1.9381 1.5118 1.6839 1.0035 1.2323 0.47689 1.0963 0.26863 -1.3145 -1.4788 0.14012 0.47013 -1.0986
1.7891 -0.33159 -1.4499 -0.64387 -0.63509 -0.77972 -1.1491 -0.20418 -0.23729 1.3045 -0.37652 -1.929 0.15879 0.47375 -0.98693 -0.54808 -0.77951 0.033029 0.036156 0.82124 -0.055535 -0.6309 -0.4009 0.56785 -1.0979 0.82157 -2.0916 1.6335 1.3011 1.4085 1.1279 0.64887 0.59422 0.74886 -0.55423 -1.322 -0.039032 0.17002 -1.2729
1.8428 -0.52812 -1.1234 -0.85693 -0.23943 -0.30864 -0.7931 -0.26196 0.091206 1.6188 -0.70533 -1.6478 0.20263 -0.063519 -0.49966 -0.39869 -0.2154 0.46948 0.41631 0.81 0.46756 -0.29337 -0.15754 0.70713 -0.64277 0.32859 -1.4903 1.0161 0.59186 1.3279 0.56916 0.71403 -0.011848 0.78575 0.33179 -0.82818 -0.39631 0.29967 -0.98091
1.4504 -0.64028 -1.6529 -0.7957 -0.56942 -0.2593 -0.77673 -0.55258 -0.055775 1.2519 -0.54974 -1.8555 0.23791 -0.30647 -0.19661 -0.30854 0.2048 0.53194 0.58601 0.71445 0.55157 0.18485 -0.657 0.53695 -0.55987 0.2042 -0.57654 0.2871 -0.11904 0.97503 -0.14375 0.21255 -0.3431 0.69238 1.4259 -0.515 -0.61922 0.88298 -0.42984
1.4016 -0.77386 -2.0178 -0.97765 -0.75928 -0.63496 -1.4449 -0.59241 -0.62747 0.97769 -0.41944 -2.5734 0.17202 -0.41762 -0.41302 -0.49713 0.48011 0.038433 0.68431 0.27457 0.79885 0.71847 -0.79799 -0.16047 -0.3219 0.15369 -0.0039151 -0.035252 0.026747 0.66907 -0.3901 -0.18041 -0.11538 0.77839 1.6634 -0.77768 -0.79009 1.3663 -0.025285
1.6259 -0.61094 -1.5195 -0.60816 -0.092446 0.023257 -0.66407 0.10525 -0.019872 1.3611 -0.014095 -2.0912 0.23426 -0.32979 -0.54772 -0.70931 0.66565 -0.0015443 0.2939 0.42168 1.2303 1.7284 -1.1318 -0.33871 0.42968 0.1886 0.02505 -0.22409 0.3192 0.31094 -0.45339 -0.47065 0.34196 1.0288 1.2948 -0.60886 -0.68579 1.9218 0.13179
1.4018 -0.59523 -1.5906 -0.34349 -0.36459 0.21472 -0.51456 0.11886 0.32589 0.50046 -0.50963 -2.0362 0.31047 -0.040117 -0.3841 -0.14815 0.78235 0.053763 0.18916 0.73952 1.757 2.2717 -1.5069 -0.56204 1.4822 0.29652 -0.12298 -0.20056 0.52386 -0.14306 -0.60035 -0.68515 0.56748 0.75534 0.12343 -0.5254 -0.26709 1.7195 0.13489
1.3316 -0.93777 -2.0074 -0.11029 -0.6106 0.25374 -0.8107 0.89724 0.75068 0.43237 -1.0566 -2.2714 0.32486 -0.43328 -0.58889 0.089875 0.62081 -0.26924 -0.10463 1.1697 2.2177 2.0133 -1.5451 -0.74547 2.2287 0.35715 -0.16282 -0.1332 0.88248 -0.5118 -0.78221 -0.4538 0.53109 0.16019 -1.2668 -0.079448 0.44554 0.94848 0.013565
1.3722 -1.2388 -2.2108 -0.22341 -0.32465 -0.28826 -0.21799 0.95521 2.0473 0.075055 -1.0696 -0.73731 0.39001 -0.56047 -0.73064 0.042004 0.23165 -0.87918 -0.47218 1.0343 1.8865 0.85553 -1.6637 -0.5419 2.0791 0.299 -0.31114 -0.050439 0.83597 -0.68173 -1.0205 -0.038196 0.36315 -0.71102 -2.038 0.39441 1.4275 -0.099591 -0.1599
1.4911 -0.81778 -1.5992 0.065966 -0.55529 -0.14454 -0.033049 1.6054 1.6061 -0.83636 -0.95361 -0.11763 0.52313 -0.33325 -0.5993 0.77536 -0.010503 -0.90569 -0.28085 1.3361 1.5199 -0.044028 -1.2164 0.59547 1.9454 0.21285 -0.056843 0.30583 0.84384 -0.45206 -0.95708 0.67098 0.067839 -1.5821 -1.9378 0.88515 1.7609 -1.1287 -0.29536
0.78263 -1.3346 -1.5952 -0.25309 -0.98858 -0.55798 0.42824 2.4859 0.99318 -0.49142 -1.163 0.062055 0.50875 -0.61079 -0.46446 1.0057 -0.16715 -1.4169 0.1809 1.386 0.66411 -0.71119 -0.86802 1.8186 1.4176 0.10235 -0.023647 0.51613 0.54989 -0.17738 -0.52689 1.1742 -0.18607 -2.2827 -0.81133 1.5133 1.0392 -1.5712 -0.33768
1.0593 -1.2904 -1.5702 -0.27551 -1.4576 -0.31366 0.56396 1.9989 0.63113 -0.86801 -0.75687 -0.12087 0.50061 -0.4881 -0.20792 1.1187 -0.021024 -1.6779 0.85299 1.1394 -0.40871 -1.016 -0.13907 1.8408 0.36943 -0.038715 0.09112 0.71881 0.10189 -0.11933 -0.14899 1.2636 -0.94585 -2.6576 0.47091 1.5468 -0.37267 -1.5967 -0.30563
1.2245 -1.2574 -0.77171 -0.24615 -1.3952 0.10529 1.0866 1.8629 0.66372 -0.86222 0.48256 0.085367 0.48325 -0.5055 -0.058312 0.85559 -0.097315 -1.4156 1.2246 0.77598 -1.8313 -0.23474 0.88222 1.0536 -0.17587 -0.1406 0.18127 0.80392 0.12004 -0.33268 0.70963 0.66968 -1.462 -2.0565 1.2719 1.2499 -1.862 -0.91356 -0.1968
0.56567 -1.4885 -1.2736 -0.31087 -2.4505 0.45288 0.95563 1.4712 0.81144 -0.65357 1.4827 -0.045044 0.42643 -0.20947 0.40675 1.0349 -0.27249 -1.1657 1.6351 -0.2184 -2.6873 0.68709 1.0614 0.16665 -0.34998 -0.17713 -0.086844 0.73644 -0.015332 -0.7161 1.3056 -0.28389 -1.6561 -0.90336 1.3018 0.27483 -2.4719 -0.055584 -0.052872
1.0338 -1.1413 -0.80947 -0.017812 -2.3098 0.9279 1.2341 0.45861 1.0008 -0.18611 0.44214 -0.10082 0.39798 -0.41745 0.58058 1.2645 -0.66228 -0.42542 1.0715 -0.81556 -2.4123 0.99678 1.0794 -1.3512 0.0020262 -0.15683 -0.087791 0.70227 0.14958 -0.86038 1.7002 -1.0945 -1.5148 0.76431 0.22318 -0.59659 -2.0547 0.57701 0.019953
0.65171 -0.97313 -0.77148 -0.27186 -2.1952 1.2358 0.88644 -0.45089 1.1351 0.66903 -0.68095 -0.42428 0.39693 -0.66409 0.71143 0.88917 -1.0671 0.12065 0.35491 -1.3292 -1.9565 0.98727 0.32171 -2.2725 0.15914 -0.11688 -0.18479 0.46617 -0.015398 -0.74526 1.6804 -1.7373 -0.9797 2.0093 -0.96556 -0.70484 -0.57827 0.61275 -0.032056
0.76455 -0.95803 -0.36322 -0.86756 -2.5362 1.6349 -0.28272 -0.67537 1.6498 0.39738 -0.90827 -0.40926 0.32423 -0.41179 0.97065 1.1982 -1.2949 0.92732 -0.28798 -1.6535 -0.59685 0.092714 0.034548 -2.1473 0.66771 -0.1345 0.24388 0.69295 -0.036843 -0.031199 1.1318 -1.6628 -0.39711 2.1473 -1.5914 -0.34197 1.2045 0.10922 -0.30783
0.64443 -0.76614 0.12822 -1.1737 -1.6236 0.70618 -0.16843 -0.39144 1.4783 0.026273 -1.8925 0.29852 0.36624 -0.514 0.99565 1.0429 -1.3386 1.1094 -1.0892 -1.7258 0.57146 -0.7433 0.14556 -0.68779 0.48422 -0.23955 0.41181 1.2169 -0.055087 1.24 0.46067 -1.4426 0.37365 1.6605 -1.7355 0.38285 2.075 -0.46668 -0.87231
0.16643 -0.70204 -0.34811 -1.4802 -1.604 0.47625 -0.37737 -0.34664 1.5997 -0.85095 -1.4682 0.23429 0.3604 -0.051341 1.6041 1.1242 -0.59095 1.0688 -1.4653 -1.3913 0.77477 -1.2629 0.46913 0.42911 0.035843 -0.61065 -0.26632 1.3174 -0.3979 2.3821 -0.011233 -0.46651 1.2177 0.7322 -1.3482 0.85091 2.0624 -0.94853 -1.4341
0.4628 -0.35132 0.14547 -1.5741 -1.2071 0.33776 -1.0008 0.82555 0.42864 0.088361 -1.2374 0.77548 0.24652 -0.11216 2.4422 0.83004 0.86284 0.8606 -1.8866 -0.70986 0.80517 -1.746 0.88404 0.87977 -0.43875 -1.3435 -0.85671 1.1729 0.026378 2.9399 0.11889 0.671 1.6782 0.044002 -0.77993 0.46157 1.0556 -0.67588 -1.5845
0.50877 -0.10349 0.3396 -1.5698 -1.0052 -0.38524 -1.0065 0.62667 0.24926 0.92368 -0.43994 -0.19462 0.10624 -1.0557 2.4639 0.5957 1.9945 1.0342 -0.81942 0.25827 0.81992 -2.0479 1.3993 1.4825 -0.71352 -1.9923 -1.4987 0.20844 0.19983 2.3806 0.31871 1.49 1.7214 -0.15183 0.16064 -0.33904 -0.055672 -0.17349 -1.1567
0.78751 0.79764 0.65629 -0.83001 -1.1631 -0.39313 -1.1997 -0.19724 0.32799 1.2514 -0.38781 -0.696 -0.37977 -1.4779 2.5391 1.3566 2.7884 1.3375 -0.12797 0.78006 0.66367 -1.8647 0.62059 1.0387 -0.45821 -2.2115 -1.2647 -1.222 -0.10053 0.81931 0.67828 2.163 1.1722 -0.39601 0.99789 -1.1716 -1.2201 0.47916 -0.017947
0.36053 1.575 0.46295 0.62127 -1.2738 -1.3403 -0.8376 0.45768 -0.015603 0.77314 -0.51717 -0.51516 -1.205 -1.947 1.9058 1.2204 2.8336 1.3918 0.53379 1.2798 0.55657 -0.85012 -0.091497 0.21848 -0.30305 -2.1198 -0.213 -2.4778 -1.0936 -1.3576 0.537 1.6362 0.36038 -0.72218 1.9684 -1.41 -1.7647 0.95887 1.6235
-1.3277 1.1416 0.43058 1.0821 0.26309 0.43697 0.73298 1.0292 -0.78856 1.3709 0.14873 -0.16876 -1.5102 -1.8396 0.66394 0.34033 1.9488 1.8744 1.6253 1.1091 0.14449 -0.32932 -0.76046 -1.1178 0.26552 -1.3073 1.1184 -2.8213 -1.7734 -3.0089 -0.10607 0.85674 -0.41617 -1.092 2.2602 -0.90612 -1.5288 0.57661 2.5968
-1.0141 1.6682 1.7137 1.4789 0.24268 0.47621 0.0061253 0.8834 -0.57752 -0.39882 -0.30746 0.02011 -1.5039 -1.2255 -0.76941 -0.84854 -0.098311 1.7104 1.4671 0.81787 -0.3853 1.1267 -0.78618 -1.2374 0.75889 0.28927 2.0663 -1.7969 -1.0958 -2.9662 -0.9568 -0.28432 -1.0688 -0.97796 1.7669 -0.1969 -1.0267 -0.0017642 2.3782
-1.0061 1.2983 1.3686 1.3048 0.33315 0.64296 0.2978 1.345 -0.062281 0.76247 -1.1076 -0.18589 -1.6318 0.11787 -0.87241 -0.77654 -1.3062 0.99428 1.0511 0.19923 -1.0926 1.6685 -0.88073 -1.5254 0.10819 0.95503 1.6552 -0.5595 -0.19092 -1.638 -1.5734 -0.94735 -0.85108 -0.55386 0.47147 0.55392 -0.075217 -0.28889 1.1558
-0.85115 0.55627 0.031727 0.53652 1.3189 1.7978 -0.017283 -0.25217 0.13597 0.13414 -2.341 -0.22675 -1.0139 0.6735 -0.35102 -0.17754 -1.0208 0.15487 0.2454 -0.3679 -0.81701 1.6932 -0.43388 -1.7924 -0.24198 0.7524 0.58891 0.59144 0.97984 0.46402 -1.2318 -0.9047 -0.47047 -0.30633 -1.0697 0.81337 0.65569 -0.23333 -0.41817
-0.52348 0.23215 -0.78433 -1.0424 0.57929 0.58872 0.071485 -0.57709 1.8103 0.3226 -1.3066 0.58333 -0.017225 0.097808 -0.48759 -0.33409 -0.62018 -0.10702 0.36998 0.03003 -0.75745 0.35792 0.19184 -1.0134 0.19485 0.40815 -0.61294 0.90582 1.6495 1.9071 -0.56757 -0.4873 -0.11807 -0.067111 -1.8615 1.1804 1.5069 0.036789 -1.3067
-0.049045 1.2002 0.53919 -0.20917 0.1971 0.37528 0.018711 -0.22801 0.72737 -0.45243 -2.0063 -0.76026 -0.87016 -0.17636 0.032938 0.68401 0.40835 0.10145 0.024528 -0.016718 -1.1604 -0.30705 0.335 -0.098239 0.25157 -0.13807 -0.95138 0.66088 1.3966 2.065 0.13974 0.37261 0.13293 -0.1883 -2.0652 0.95117 1.7746 -0.029383 -1.4707
-1.0442 1.2637 1.6442 0.98815 0.54784 1.0647 0.047418 0.81632 0.47106 0.7005 -2.3305 -0.42614 -1.2952 -0.50086 0.45948 1.7434 1.4926 0.027067 0.19094 -0.19855 -1.0352 -0.99238 1.1407 0.84907 -0.081853 -0.79525 -0.50351 0.3614 0.52393 1.2832 0.10093 0.33857 0.10946 0.078284 -0.76664 0.56898 1.1947 -0.27171 -0.78116
-1.1079 0.72013 0.81051 0.7215 0.27826 1.4767 0.22245 -0.24987 -0.56471 0.23717 -1.7033 0.70417 -1.1405 -0.65733 0.28707 1.2825 1.7276 0.33528 1.0382 0.020658 -1.0422 -1.6973 1.0302 1.0724 -0.17446 -1.1172 0.14477 0.010984 -1.0327 -0.097186 -0.35987 0.23952 0.27226 0.85152 0.24397 -0.51816 0.54448 -0.29397 0.072109
-0.96068 0.89386 1.2017 1.3024 1.2654 0.77065 0.11177 -1.3889 0.32697 1.2534 -1.4364 -0.011355 -1.3423 -0.51573 -0.007061 0.30553 1.0819 -0.044606 0.50018 0.23919 -0.63103 -0.43448 1.0034 0.95306 -0.13012 -0.41371 0.50757 0.14864 -1.586 -0.91913 -0.41391 -0.21033 0.31818 1.5423 0.63676 -1.3918 0.00039217 -0.59754 0.57726
-1.0357 0.98352 1.5607 1.5848 0.91143 1.7359 -0.51824 -1.7262 -0.091884 1.5813 -0.68069 -0.52174 -1.2919 0.10048 0.28403 -0.44064 0.42746 -0.4921 0.31416 0.31425 0.41716 -0.067192 -0.65393 1.0063 -0.30518 -0.20487 0.52878 0.28108 -1.13 -0.99687 -0.56396 -0.63009 0.22296 1.9603 0.14776 -1.4785 -0.3073 -0.51098 0.65351
-0.97788 0.94157 0.85049 1.039 0.56654 2.0095 0.45022 -0.87946 -0.39813 0.85889 -0.36097 -0.10111 -1.4767 0.018345 0.71051 -0.22759 0.43927 -0.28347 0.12152 0.29533 1.4389 -0.50881 -0.85624 0.87122 -1.1826 -0.27767 0.32391 0.11232 -0.53715 -0.57338 -0.082708 -0.43908 0.04084 1.0792 -0.82372 -1.0102 -0.51419 -0.43565 0.20522
-0.97054 1.3139 1.3437 1.5865 -0.094955 0.74372 0.48633 0.16488 0.41609 1.0168 -1.7746 -0.86744 -1.3518 0.010505 0.4007 -0.46851 0.20208 -0.53287 -0.021009 0.44494 1.9883 -1.3323 -1.0557 0.44222 -0.64745 -0.083204 0.0815 -0.30285 0.09383 -0.24451 0.58182 -0.47142 -0.31283 -0.072382 -0.62944 0.28259 -0.70164 -0.24164 0.12323
-0.97752 1.289 0.67638 1.3345 0.052631 1.8292 0.40148 1.196 -0.072309 -0.98076 -0.64796 0.0048208 -1.4351 0.10911 0.12299 -0.63833 0.12946 -0.16719 -0.20898 0.26598 0.83233 -1.4028 -0.85662 0.12009 -0.81298 -0.12664 0.21363 -0.57566 0.25223 -0.36315 0.93312 -0.35373 -0.4886 -0.84598 0.12146 0.8421 -0.56948 0.17391 0.091845
-1.0999 1.4433 0.8619 1.5579 0.86877 1.3805 0.29854 0.22641 -1.3228 0.21699 -0.14457 -1.5801 -1.4984 0.21486 0.06742 -0.065208 0.12423 0.47305 -0.46029 -0.27847 0.5953 -0.83535 -0.078567 -0.13532 -0.96998 -0.07041 0.24163 -0.30664 0.6936 -0.29697 0.99732 -0.45985 -0.49591 -0.80033 1.1414 1.2897 -0.61059 -0.0063728 0.0050366
-0.91228 1.089 0.94927 1.6156 0.40539 1.0431 0.49363 0.52495 -1.1655 0.67921 -0.84779 -0.66737 -1.3533 0.30491 -0.092389 0.023954 -0.19892 0.85343 -0.36944 -0.29802 0.41539 -0.48168 0.37121 -0.07364 -0.70024 -0.12689 0.16121 -0.061159 0.70372 -0.31163 0.4255 -0.31795 -0.22471 0.17538 1.6511 0.80973 -0.58532 0.44542 0.039894
-0.86966 1.03 0.59349 1.4614 0.38024 1.7433 0.059471 -1.0427 -1.3207 0.26912 -0.70198 -1.5616 -1.5282 0.34986 -0.0083614 0.44247 -0.18869 0.70935 -0.85797 -0.24257 0.57085 0.50754 0.95899 -0.78276 -0.7303 -0.071937 0.071215 0.038832 0.33732 -0.25036 -0.11767 -0.15905 0.070031 0.49389 1.4602 0.15005 -0.49022 0.62339 0.027962
-0.72767 1.2994 1.1615 1.2699 1.1145 0.64569 0.13441 1.3247 -0.26599 0.66216 -1.3295 -1.3809 -1.5011 0.3395 0.057279 0.36804 -0.2961 0.46362 -0.65109 -0.18508 1.2302 1.2381 0.27464 -0.82381 -0.088362 -0.056098 0.0062827 0.10882 0.17037 -0.078056 -0.29336 -0.080245 0.065897 0.54345 1.0329 -0.21466 -0.35372 0.49127 0.045203
