39 269
-0.92787 1.0159 1.604 0.98863 0.32906 1.0565 0.35235 0.98039 -0.59004 -0.25019 -1.065 -0.52163 -1.1959 -0.15895 -0.16622 -1.5692 0.13834 0.0076432 -0.74909 0.23228 -0.97142 -0.92958 -0.072073 -0.20475 0.038575 -0.074086 0.16081 0.1621 0.58631 0.029939 -0.2473 0.21975 0.30982 -0.13559 0.2009 0.24022 0.12474 0.66666 -0.034716
-1.1095 0.80666 0.51631 1.4686 0.37608 1.1377 -0.51219 0.98322 -0.51458 -0.48411 -1.5961 -0.14268 -1.3322 -0.075685 -0.056539 -1.065 0.15763 -0.20859 -0.54172 0.39782 -1.1188 -0.91594 -0.19963 -0.27117 0.28552 -0.1313 0.33755 0.19781 0.40499 -0.044354 -0.026878 0.6546 0.44877 -0.10235 0.53869 0.6287 0.15639 0.41726 0.013727
-0.86735 0.84767 0.21999 1.2649 0.84396 0.23806 0.52536 0.6207 -1.6537 -0.52716 -1.1707 -0.85906 -1.2324 0.1118 0.075583 -0.76795 0.17922 -0.31269 -0.38081 0.72496 -1.1383 -0.54729 0.47433 0.11458 1.1587 -0.10234 0.51653 0.21951 0.72659 -0.030953 0.26045 0.78858 0.076934 0.087089 1.0288 0.47529 0.26722 0.016167 0.098899
-1.1907 0.90393 0.22949 0.92228 0.029604 0.25807 1.0514 -0.48566 -1.6834 -0.070349 -1.1216 -0.32663 -1.2475 0.34761 0.074072 -1.2286 0.033935 0.14345 0.40855 0.82436 -1.0689 -0.090946 0.86929 -0.013806 0.26067 -0.032079 0.37567 -0.056577 0.55101 0.050332 0.43347 0.60039 -0.63364 0.5733 1.2688 0.22978 0.67779 -0.27934 0.14706
-0.89711 1.0469 1.1766 1.2548 -0.051022 0.91504 0.72447 0.11576 -1.2577 -0.59178 -1.4112 -0.0012338 -1.3665 0.60508 0.16891 -0.19258 0.14048 0.334 0.38558 0.15369 -0.8375 0.6173 0.31899 0.24297 0.091043 0.053172 0.086145 -0.376 0.6504 0.17718 0.57491 0.1755 -1.204 1.184 0.71766 -0.58569 0.36237 -0.71309 0.14867
-0.68818 1.0969 0.68292 1.3478 0.064747 0.78489 1.2093 0.050539 -0.79826 0.74742 -0.74317 1.2919 -1.279 0.3907 -0.2019 -0.36012 0.26444 0.28762 0.30844 -0.5267 -0.23813 0.91626 0.34102 1.0776 0.31264 0.052056 -0.25324 -0.35625 0.82687 0.23277 0.17968 -0.59388 -1.1752 1.0515 0.15677 -0.35789 0.67497 -0.6086 0.10234
-0.51615 0.88739 -0.90838 1.1546 1.1881 1.8169 0.98649 -0.10443 -0.69919 0.57415 -1.5267 -1.2705 -1.2376 0.26342 -0.46262 -0.038549 0.38103 0.69408 0.052684 -0.88917 0.57284 0.31831 -0.33499 0.33916 -0.17654 0.11953 -0.59816 -0.21254 0.55158 0.044101 -0.1558 -0.88445 -0.41179 0.64308 -0.46463 0.029002 0.37776 -0.99971 -0.017441
-0.33763 1.0151 0.79103 1.6822 0.90014 0.61934 -0.52146 -0.18352 -0.25165 -0.86471 -1.0132 -0.21773 -1.2263 0.05879 -0.25063 0.1618 0.33137 0.31772 -0.58055 -0.8893 0.11487 0.36396 0.55203 1.3453 -0.72143 0.11763 -0.59265 0.21305 0.80572 -0.16542 -0.48869 -0.9949 0.48163 0.21483 -0.60343 -0.009521 -0.1239 -0.39743 -0.081947
-0.79828 0.46965 -0.069762 1.306 0.51545 0.26859 0.31827 0.066215 -1.0257 0.27989 0.7133 0.077832 -1.1995 -0.33177 -0.18739 0.53999 0.18318 0.058246 -0.90671 -0.45529 0.14227 0.020292 0.29817 0.91074 -1.2314 -0.0062526 -0.44816 0.42942 -0.26281 -0.56856 -0.64823 -0.4599 1.0411 -0.21753 -0.37824 0.31105 -0.19855 -0.0060649 -0.090802
-0.85131 0.4975 0.95903 1.5096 0.91728 0.85938 -0.07849 0.61283 -1.4003 -0.67351 -1.8096 -0.1644 -1.1734 -0.40423 0.049233 0.78162 0.060248 -0.26543 -1.1696 0.15699 0.36519 -0.071128 0.036539 0.57128 0.11491 -0.024527 -0.09775 0.51764 -0.76463 -0.70373 -0.47501 0.17981 0.86397 -0.52502 -0.12812 -0.4215 -0.35951 0.39845 -0.058205
-0.56226 1.1424 0.98725 1.7363 0.3348 0.36552 -0.17219 -0.12699 -0.039813 1.5023 0.93461 -0.74235 -1.2498 -0.32818 0.16737 -0.75684 -0.51631 -0.17779 -0.54036 0.54721 0.060081 -0.17345 0.53884 0.35357 -0.59579 0.035642 0.27005 0.38838 -1.0457 -0.64051 -0.05899 0.71593 0.37855 -0.93409 0.085195 -0.22995 0.062269 0.56471 0.053497
-1.0987 0.76802 0.27851 1.3795 0.79679 0.073909 0.82521 0.036889 -0.80751 0.6534 -0.48995 -1.2525 -1.2962 -0.11273 0.51141 -0.462 -0.59648 -0.41016 -0.37167 0.23368 -0.78325 0.22593 -0.33241 0.92332 -0.29192 -0.0012606 0.20232 -0.044854 -0.85301 -0.39359 0.41763 0.92809 -0.020297 -0.64015 -0.1581 -0.79806 -0.41707 0.31429 0.15628
-0.83807 0.91524 0.40588 1.3444 0.78619 0.080104 0.61034 0.43844 -0.78545 -0.73124 -0.90882 -0.074428 -1.2125 0.038564 0.28725 -0.59429 -0.65162 0.047377 0.1588 0.21188 -0.95657 0.041426 0.079451 0.89355 0.026925 0.079564 0.070378 -0.30994 0.2196 0.12252 0.37756 0.68369 -0.38976 0.24222 -0.18149 -1.2644 -0.62018 0.81586 0.15416
-0.83429 0.92433 -0.58203 0.75022 0.41832 0.062644 0.21199 -0.14622 -0.93421 0.39184 0.29158 -0.79146 -1.1142 -0.19781 -0.088209 -0.724 -0.58827 0.41251 0.36968 0.27532 -0.27225 -0.47034 -1.2073 -0.51652 0.39517 0.23076 -0.34812 -0.51739 0.84245 0.45346 0.31137 0.37666 -0.372 0.97073 0.015385 -0.61881 -1.4215 0.10015 0.099798
-0.91262 1.1662 0.36836 0.84284 -0.14634 0.25203 0.39315 -0.99308 -0.64546 -0.24058 1.5774 -0.22135 -1.2507 -0.14187 -0.089575 -0.20378 -0.30229 0.12794 0.48893 -0.22219 0.24173 -0.16146 -1.3759 -0.15818 0.58029 0.19316 -0.50652 -0.24677 1.68 0.45081 -0.0088844 -0.45357 -0.34887 1.2178 0.54415 -0.44405 -1.3954 -0.25365 -0.026052
-0.61238 0.93817 0.6512 1.1115 1.5096 1.2435 0.22974 -0.42776 -0.86629 0.76748 -0.89978 -0.58987 -1.0974 -0.6591 -0.23198 0.83698 0.046059 0.14528 0.24908 -0.26426 0.36165 0.36462 -0.7406 -1.4153 -0.37318 0.12038 -0.35042 -0.00048448 1.8577 0.32047 -0.17381 -1.0133 0.030884 0.77783 0.89025 0.77089 -0.45768 -0.74564 -0.083592
-1.2188 0.78944 -0.47585 0.99745 1.1054 0.20988 0.91953 0.17402 -0.94242 -0.87827 -0.4652 -0.40113 -0.98022 -0.66272 -0.083416 1.5613 -0.15637 0.18961 -0.65579 -0.18953 0.91383 0.66406 -0.96051 -1.4682 -0.048069 0.093052 -0.1084 0.037069 0.95792 -0.011766 -0.38651 -1.0335 0.63509 -0.20916 0.63485 0.70877 0.28311 -0.16806 -0.02678
-1.1694 0.68899 0.1099 0.94196 0.53984 0.48819 0.12469 0.71718 -1.0272 -1.8202 -0.61198 -0.03687 -1.1303 -0.57824 -0.088579 1.6354 -0.084775 0.087939 -1.0524 0.30651 0.78972 0.81345 0.067452 -0.7621 -0.6601 0.13846 0.44085 0.1409 -0.43092 -0.084568 -0.34378 -0.18503 0.61148 -0.91315 0.39404 0.64303 1.2691 0.43664 0.077285
-1.7492 0.78741 1.6447 1.2698 0.64505 0.27642 -0.089313 0.09305 0.084486 -0.33871 -2.027 -1.1574 -1.0875 -0.37188 -0.090673 1.09 -0.26185 -0.52705 -0.89531 0.68349 -0.3449 0.82628 -0.41446 0.12403 0.42295 0.14115 0.56647 -0.018072 -1.9037 0.1807 0.1671 0.64682 0.26213 -1.4605 0.17852 0.5767 0.92247 0.10901 0.16107
-1.3344 1.1126 1.3939 0.24728 0.66694 -0.85222 0.15311 0.32999 -0.082997 -0.3736 0.1055 -0.4103 -1.0534 0.030056 0.02996 0.37484 -0.057966 -0.1017 0.031099 0.44561 -0.64448 1.0389 0.22795 0.40633 0.20932 0.2354 0.61639 -0.18276 -2.5284 0.15285 0.67319 1.0732 -0.38306 -0.96387 0.082383 -0.58499 0.29755 0.33926 0.17678
-1.3369 0.89413 1.9385 1.1877 0.80198 -0.23186 1.4725 -0.1057 0.06123 0.51046 0.15808 -1.2419 -1.0095 0.10193 -0.17177 -1.0415 0.15367 0.61567 0.12866 0.22612 -0.98645 0.89797 0.075825 -0.14091 -0.27096 0.3302 0.34103 -0.38438 -1.9301 0.27288 0.85189 0.92208 -0.81142 -0.080356 0.11789 -0.30011 -0.3346 -0.17846 0.13386
-1.1676 0.56697 0.46128 0.7437 0.57279 0.40658 1.3853 -0.72482 -0.2543 -1.344 -1.2889 0.87872 -0.86419 0.34673 -0.37485 -1.6071 -0.019516 0.7756 0.61478 -0.20071 -0.61599 0.94193 -1.2498 0.0085557 0.32468 0.35703 -0.068829 -0.41421 -0.90517 -0.057254 0.44694 0.19749 -0.86887 0.38151 -0.37382 -0.43094 0.013553 0.16937 -0.032765
-1.2801 0.8885 -0.17261 1.0668 0.85414 0.51032 0.5611 0.066681 0.55443 -1.0176 0.012393 -0.58173 -0.78641 0.11821 -0.5796 -1.1975 0.20923 0.62093 0.68968 -0.53998 -0.50067 1.1064 -0.21097 -0.32689 0.045211 0.31835 -0.19335 -0.13849 0.53882 -0.28406 -0.11407 -0.25355 -0.38374 0.73988 -0.18379 0.61032 0.31922 -0.0050272 -0.14871
-1.3234 0.4997 -0.13301 1.2185 1.8061 0.16353 -0.20714 -0.64476 0.45013 -0.85877 -1.7003 -1.3074 -0.83801 -0.093882 -0.51139 -1.0613 -0.19306 0.73991 0.17801 -0.8267 -0.20034 0.23378 -0.41054 0.55888 0.37473 0.18788 -0.39116 0.027891 1.188 -0.4027 -0.57617 -0.60749 0.34383 0.91902 -0.38828 1.0744 0.032416 -0.16642 -0.20133
-1.0944 0.53466 0.64232 0.64453 1.5883 0.47106 0.014148 -0.39981 1.3827 -1.7238 -0.70912 -0.17144 -0.70441 -0.025745 -0.35029 -0.34286 -0.27746 0.4493 -0.12775 -0.19808 0.13566 0.91154 0.83612 0.26629 -0.29515 0.15852 -0.30518 0.27012 0.8428 -0.48737 -0.91654 -0.39916 0.94571 1.2116 -0.73713 0.1863 0.12691 0.017602 -0.15136
-1.1987 0.34906 0.42643 0.86188 1.1173 0.013179 0.45816 -0.38479 0.93529 0.61957 0.30504 -0.28696 -0.7293 -0.29812 -0.4355 0.054651 -0.50884 -0.16993 -0.15929 0.26816 0.71714 0.31105 0.28096 -0.19004 0.1971 0.088652 0.060481 0.0017711 -0.24619 -0.30555 -0.82327 -0.011329 1.0474 1.2933 -0.87178 -0.14234 -0.47512 -0.070554 0.19462
-1.537 0.2525 -0.10884 0.90603 1.8372 0.38251 0.43475 -0.53745 -0.55034 -1.2596 0.35495 0.095924 -0.80921 -0.33617 -0.12562 -0.26061 -0.51882 -0.57947 0.092274 0.69154 1.2168 -0.32217 -0.17568 0.3381 0.17673 0.10708 0.55264 -0.012849 -0.93534 -0.43566 -0.48624 0.092292 0.47411 0.54278 -0.97671 -1.4418 -0.43248 -0.0032792 0.46051
-1.067 0.42146 -0.34882 0.46786 1.1615 0.33475 0.81311 -0.18348 2.0801 -0.11181 -1.6737 -0.41356 -0.61685 0.18665 -0.61694 -1.4822 -0.62918 -0.23005 0.077723 0.69981 1.5818 -0.79473 -0.14279 -0.41313 0.018386 0.55791 1.5595 -0.041891 -0.45994 -0.55612 -0.45918 -0.61859 -0.47117 -0.98677 -0.49416 -0.30478 0.39523 -0.005192 0.88889
-1.8519 0.26419 0.31433 0.54428 0.87637 0.16221 0.34708 1.0441 0.71813 -1.1131 -0.63863 -0.88697 -0.74761 0.77488 -0.27921 -1.1405 -1.0096 -0.38713 -0.029261 0.47248 0.67966 -0.37995 -1.6385 -0.47138 -0.20173 0.73331 2.2713 -0.29675 0.26172 -0.71145 -0.66222 -1.3929 -1.489 -2.3334 -0.69771 0.71991 1.3735 0.6163 1.1965
-1.4832 0.43381 -0.097617 0.46221 1.0559 0.44812 1.0042 0.43571 -0.098919 -1.2927 -0.45122 -0.44484 -0.66451 2.0668 -0.43085 -0.25312 -1.2738 -1.083 -1.3035 -0.52498 -0.78185 -0.58922 0.46815 1.0519 0.38685 1.3343 2.2024 -0.17646 0.91304 -0.70822 -0.92339 -1.7401 -1.9068 -2.515 -0.48959 1.8293 2.0797 1.3961 1.1911
-0.42403 -0.61739 -1.6617 -0.1298 1.495 0.41442 1.2494 1.2726 0.13102 -0.70875 -0.53889 0.3217 0.16949 2.9715 -0.75157 -0.38059 -1.4881 -1.3421 -1.971 -1.5251 -1.7846 -1.7401 0.90527 2.436 1.1429 1.8158 1.1191 -0.1441 0.58125 -0.52159 -0.60133 -1.5951 -1.8466 -1.5095 -0.32017 2.6796 2.0642 1.5566 0.84893
-0.30477 0.43095 -0.5552 -0.32044 0.58644 -0.077103 0.91387 -0.62423 0.48594 -2.2765 -0.27261 -0.76037 -0.13434 3.2076 -0.69619 -0.24641 -1.6757 -1.4204 -2.3997 -1.9211 -1.6952 -1.0351 2.062 2.4024 1.9392 2.1041 -0.66099 0.37848 0.4776 -0.30851 0.047148 -0.68231 -0.95517 -0.053276 0.34184 1.7356 0.44875 0.72751 -0.016891
1.439 -0.22225 0.25843 -0.71391 -0.28446 -1.7343 -1.0977 -1.6942 -0.41535 0.94535 1.2609 0.64333 0.80199 2.3037 -0.40347 -0.099266 -1.7566 -1.2959 -2.6395 -2.3353 -1.569 -0.75615 2.6432 3.0912 1.9123 1.8372 -2.0777 0.48849 0.40285 -0.079295 0.92803 0.30475 0.45962 1.8625 1.1276 1.2244 -1.4413 -0.32606 -0.74451
2.0311 -0.58324 -0.80408 -1.2044 -0.76725 -1.7255 -1.591 -1.1274 -0.69373 0.53287 1.2718 0.74234 1.2187 1.1808 0.082944 0.4724 -1.7017 -0.99476 -2.3017 -1.9385 -0.9826 -0.42479 2.8993 1.6706 1.3583 1.2979 -3.0019 0.59814 0.089343 0.26113 1.5798 1.2974 1.9076 2.7711 1.2193 -0.53608 -2.7332 -1.6788 -1.4676
1.3191 -0.42142 -0.27234 -1.2737 -0.34356 -1.9379 -1.422 0.10826 -0.68335 0.9046 1.8259 1.7092 1.3146 0.1234 -0.25441 -0.0024885 -1.6223 0.17127 -1.378 -0.65738 1.2029 0.10146 2.8236 -0.10278 0.84021 0.92044 -2.7399 0.59463 0.12641 0.65102 1.7411 1.5786 2.6584 2.5031 1.1763 -1.5916 -3.6379 -2.3025 -1.6581
0.98772 -0.072622 -1.1091 -1.756 -0.026318 -2.1279 -1.5864 -1.3672 -0.60697 1.535 2.864 1.576 1.2024 -1.2872 0.31424 -0.096964 -1.2738 0.76708 -0.40292 0.83932 1.8927 0.85677 0.99183 -1.5375 -0.62076 -0.0007858 -1.7397 0.39864 -0.085863 0.9756 1.3645 1.1133 2.446 1.2459 1.052 -2.2035 -2.7464 -2.3171 -1.4315
1.0252 -0.068229 -0.31473 -2.1588 -0.18484 -2.2409 -1.2962 -0.55733 0.14133 2.0679 0.12692 0.86496 1.285 -1.5586 0.5595 0.44705 -0.7957 1.0399 -0.39883 1.2961 1.4864 0.84207 0.62827 -2.6849 -1.348 -0.40993 -0.57694 0.25849 0.16813 1.1759 0.51942 0.3789 1.3977 -0.16234 0.43715 -2.0882 -1.0895 -1.648 -0.99997
0.57411 -0.29197 -0.075593 -2.1969 0.68634 -2.0457 -0.41547 0.78376 0.28928 1.8079 -0.17477 0.34371 1.0942 -1.2096 0.40027 0.14386 -0.3526 1.0973 -0.53206 1.7031 1.1133 1.2083 -0.12448 -2.6022 -1.8246 -0.53708 0.45945 -0.25565 0.11664 1.1864 -0.08164 0.41048 0.076251 -0.32959 -0.38766 -1.1982 1.3229 0.087452 -0.34165
0.07436 0.022265 -0.37741 -2.1273 0.3952 -2.1186 -0.041726 0.54217 0.30883 1.5535 0.17835 0.10793 0.89633 -0.97866 0.17348 0.21056 0.042202 0.98331 -0.52316 1.545 1.304 0.76291 -0.52259 -1.7583 -1.5969 -0.55672 0.934 -0.51232 -0.053473 1.1888 -0.99865 1.2219 -1.0376 -0.19692 -0.9556 -0.65049 2.5758 1.0461 -0.089585
0.047427 0.1846 -0.32073 -1.9619 0.79425 -2.3239 -0.00012121 0.44664 -0.027767 1.1961 -1.2182 -0.16239 0.84952 -0.70796 0.048641 0.2661 0.45132 0.67062 0.51271 0.84822 1.3953 0.16919 -0.66021 0.72643 -0.3244 -0.52115 1.119 -0.43059 0.43122 1.2552 -1.4834 1.7213 -1.8607 0.11693 -1.5116 0.023778 2.1297 1.4946 -0.15335
-0.022977 0.085625 -0.53314 -1.7896 1.3316 -2.7775 0.91259 0.46229 1.2043 1.1242 0.072283 -0.11462 0.78221 -0.055347 -0.18733 0.33792 0.95076 -0.55263 1.5554 -0.25109 0.99481 -0.44273 -0.29941 0.93084 -0.15244 -0.57073 1.0541 -0.20709 0.60719 1.0574 -1.7218 1.6745 -1.7821 -0.064178 -1.1036 0.69065 1.1181 1.2114 -0.34955
0.016352 -0.026741 -0.52483 -1.9828 1.0959 -2.591 0.25994 0.32772 0.26415 1.4685 0.25247 -0.43018 0.68907 0.42779 -0.1942 0.86652 1.4616 -0.82932 1.9042 -0.93125 1.4803 -1.0478 -0.16123 0.42443 0.22868 -0.79445 0.67581 0.088755 0.59205 0.60412 -1.4291 1.0093 -1.2048 -0.50602 -0.43913 0.9906 -0.30918 0.67371 -0.42656
0.099848 -0.17982 0.48776 -1.5493 0.72301 -0.72092 -0.16309 2.1947 0.19308 1.2882 1.1867 0.90241 0.72261 0.4316 -0.075909 0.99961 1.4475 -1.3983 2.1631 -0.94899 1.149 -0.71359 0.55921 0.70274 0.37796 -1.0276 0.027416 0.41974 0.19809 -0.017454 -0.63312 0.13002 -0.12763 -0.96316 0.41537 0.61297 -0.20253 0.64838 -0.27326
0.48194 -0.41809 -0.011512 -0.77402 -0.78477 -0.089072 -0.97425 1.4449 -0.57294 1.3991 0.32619 -0.34187 0.3099 0.32124 0.15698 0.99844 1.2929 -1.5015 2.2601 -1.094 0.41304 -0.52017 0.80689 0.24247 0.66702 -1.035 -0.44671 0.53109 -0.45389 -0.78311 -0.11334 -0.77578 0.82435 -1.9792 0.79029 -0.073844 0.048833 -0.08214 0.13801
0.57925 0.16908 0.54496 -0.24015 -0.099554 -0.87146 -1.1053 1.8688 -0.99509 1.1191 -0.43672 0.32484 -0.052519 0.061588 0.39951 0.65699 0.99985 -1.3523 1.6699 -0.42221 -0.19676 0.08934 0.40145 0.64111 0.83814 -0.9246 -0.6618 0.35257 -0.58783 -1.1164 0.56801 -1.1914 1.3362 -1.5369 0.7917 -0.65766 0.50527 -0.35696 0.65411
0.33352 0.12533 0.48384 -0.66515 -0.60527 -0.54366 -0.35464 1.1286 0.35511 2.2843 0.36476 0.21841 -0.18682 -0.20761 0.53183 0.30054 0.26413 -1.0352 0.63137 0.35461 -1.3947 0.057707 -0.19144 0.58669 -0.14325 -0.60068 -0.40885 -0.54024 -1.0802 -1.0519 0.64569 -0.99643 1.2774 -1.2044 0.41652 -1.0285 0.54731 -0.9593 1.2971
0.23817 0.14604 0.46778 -0.66161 -0.46375 -0.033969 -0.79852 0.74584 0.5489 2.1474 1.0093 0.86557 -0.10699 -0.52545 0.37767 0.3807 -0.062819 -0.56519 0.62668 0.84475 -0.70153 0.5071 -0.15067 1.5921 0.1328 -0.096722 -0.039902 -1.4607 -1.5706 -0.72726 0.55349 -0.80175 0.44037 -1.1983 -0.10162 -0.94567 -0.38853 -0.56306 1.732
0.111 0.28223 0.43703 -0.71763 -1.0539 0.10653 -0.45801 1.0447 -0.10233 1.3764 1.5193 0.93364 -0.13884 -0.13506 -0.80521 -0.67883 -0.083713 -0.68641 0.82094 0.67933 -1.4926 0.069016 -0.82475 0.91409 -0.74505 0.82385 0.23281 -1.9134 -1.7603 -0.40256 0.65208 -0.64696 -0.14343 -0.94481 0.44209 -0.50406 -0.82775 0.82504 1.7174
0.085027 0.30252 0.72392 -0.93272 -1.1716 0.018363 0.18987 0.39294 -0.51601 0.66146 0.97645 -0.35693 0.036151 -0.036548 -1.5691 -1.513 -0.14643 -0.48711 0.0037559 0.23796 -2.2949 -0.10097 -1.0336 -0.28226 0.10741 1.3966 0.36931 -1.6528 -1.6951 -0.4048 0.91005 -0.87472 -0.49742 -1.3081 1.1822 -0.20283 -1.1021 1.7464 1.2335
-0.096134 0.10934 0.53013 -0.39418 -1.0997 0.24144 0.090465 1.2224 0.24281 1.7816 1.8083 0.13907 0.075481 -0.005418 -1.9504 -1.7388 -0.42648 0.14612 -0.3189 0.37562 -2.2903 1.2083 -0.66964 -0.13073 1.4061 1.6607 0.14004 -0.62952 -0.86018 -0.53094 1.1881 -0.88361 -0.47053 -0.66279 1.8459 0.16949 -0.36473 2.7127 0.35315
0.67924 -1.2973 -0.72186 -0.46897 -0.97527 0.07515 -0.20715 -0.68965 -0.42421 0.50229 0.24631 -0.51957 1.1082 0.1109 -2.0342 -1.9632 -0.6279 0.71179 -0.52073 0.044267 -2.6467 2.1878 -0.58033 -0.099048 2.2986 1.6464 -0.031301 0.35053 -0.053623 -0.45928 0.83418 -0.41017 -0.29919 -0.0090496 1.3788 0.051037 0.14748 1.9742 -0.38804
0.058819 -1.6317 -1.3185 -1.1575 -1.2593 -0.63362 -0.39279 -1.986 0.70329 1.4201 0.33873 1.6261 1.2746 0.064882 -1.7072 -1.8904 -0.80778 0.91713 -0.65192 -0.12527 -2.5031 2.4336 -0.702 0.1113 3.1885 1.3206 -0.19502 1.3139 0.70976 0.14065 0.026805 0.16374 -0.24252 0.95314 0.059131 0.050973 0.023071 0.72339 -1.015
0.084531 -1.4964 -0.82717 -1.3042 -0.033342 -0.10806 0.13661 -0.87713 2.3109 1.0052 1.8639 2.9996 1.3789 -0.11752 -1.0534 -1.4854 -0.79087 0.68154 -0.61782 -0.088764 -2.2021 1.9095 -0.89119 -0.070833 2.879 0.89178 0.044432 1.633 1.3897 0.87726 -0.57788 0.73916 0.098218 1.6547 -1.086 -0.012364 -0.46346 -1.0694 -1.1546
0.29107 -1.5383 -1.2404 -1.3745 -0.17746 -0.42661 -0.15496 -1.6648 2.0709 0.26352 1.2966 2.3377 1.3278 -0.24231 -0.061753 -0.71188 -0.094061 0.2353 0.089566 -0.027793 -0.80007 1.4677 -0.38813 -0.065882 2.4644 0.26641 0.33821 1.2572 1.3502 1.2779 -0.99676 0.86679 0.17907 1.3392 -1.6817 0.21867 -1.1762 -2.4431 -0.90544
0.16879 -1.554 -1.2649 -1.497 -0.074304 -0.61866 -0.033164 -1.9951 2.0372 0.28109 1.0219 2.7328 1.3265 0.35988 0.098961 -0.1162 0.59962 0.018236 0.61946 0.1705 -0.52716 0.6191 -0.73052 -0.92279 0.69222 0.15763 0.5131 0.60453 1.1226 1.1901 -0.78327 0.73905 0.19822 0.95195 -1.4495 0.6172 -1.0408 -2.3954 -0.48018
-0.037317 -1.6149 -1.6517 -1.1011 -0.54432 -0.44757 -0.29536 -1.865 1.8228 0.74682 0.8999 2.9088 1.4092 0.46936 -0.0069423 -0.20671 0.80655 -0.5536 0.49568 0.073095 -0.93545 -0.10272 -0.3403 -1.8272 -0.22816 0.10768 0.50753 -0.028952 0.79177 0.56102 -0.36517 0.26736 0.10642 0.33308 -1.0114 0.58434 -0.54241 -1.9684 -0.09781
0.27329 -1.3984 -1.5604 -0.60029 -0.88655 0.30236 -0.26993 -1.8038 1.7487 0.53675 0.089386 3.1482 1.4851 0.49594 0.015712 0.23844 0.90947 -0.33503 0.68984 0.22502 -0.42404 -0.046409 0.2778 -1.2789 -0.19657 0.13508 0.16119 -0.13604 0.47438 -0.15048 0.062717 -0.16972 0.027193 0.3333 -0.36048 0.51151 0.3462 -1.0351 -0.071127
0.7485 -1.4961 -0.88947 -0.57514 -0.48586 0.22732 0.31334 -2.2318 2.3586 0.29482 0.10581 2.6019 1.4436 0.64856 -0.068885 0.51779 0.76293 -0.23259 0.62157 0.13545 -0.25147 -0.10974 0.2387 -0.96104 -0.72298 0.11047 -0.0018279 -0.12191 0.33319 -0.55801 0.45517 -0.45113 0.044504 0.40027 -0.039702 0.098832 0.8816 -0.69898 -0.09225
0.65951 -1.5884 -1.3129 -0.60518 -0.7111 0.055445 0.074163 -2.2051 2.0264 0.33007 -0.14653 2.3045 1.4321 0.58339 -0.11242 0.38219 0.34535 -0.0023796 0.24942 0.17987 -0.2686 -0.053007 -0.026247 -0.61855 -0.96539 0.035684 -0.2496 -0.071381 -0.32495 -0.63301 0.14229 -0.51754 -0.13801 0.24199 -0.18686 -0.32532 0.68728 -0.50219 -0.1151
0.66742 -1.5268 -1.0582 -0.42053 -0.45392 0.15231 0.080615 -2.1531 1.8188 0.93305 0.17508 2.4015 1.4751 0.43477 -0.15969 0.33901 0.074803 0.13942 -0.15411 0.16898 -0.29247 -0.16664 0.02797 -0.32915 -1.1269 -0.00012033 -0.37397 0.083084 -0.38529 -0.43604 0.0020518 -0.28015 -0.07635 0.38643 -0.19172 -0.37902 0.60166 -0.23177 -0.10156
0.82662 -1.671 -0.86534 -0.50004 -0.65305 0.19505 -0.088464 -2.1189 1.7449 0.70647 -0.030701 2.0869 1.4881 0.14997 -0.064351 -0.18751 0.10396 -0.23529 0.074827 -0.063877 0.033202 -0.36428 -0.19972 -0.16256 -0.91365 -0.0070959 -0.21504 0.22127 -0.14421 -0.17758 -0.26655 -0.043748 -0.17426 0.89643 -0.42969 -0.49396 0.5197 -0.38589 -0.21837
0.75297 -1.6216 -1.411 -0.5534 -0.67283 0.11555 0.070458 -2.1607 1.9118 0.42124 -0.064183 1.9843 1.4592 0.1805 0.060872 0.18343 0.090615 -0.087469 0.18087 0.1019 0.29349 -0.30965 -0.35863 0.068794 -1.1675 -0.041926 -0.31179 0.83244 0.50834 -0.13859 -0.097467 -0.12426 -0.27099 1.2985 -1.1832 -0.35898 -0.12496 -0.55408 -0.71418
1.0634 -1.5696 -0.78725 -0.49112 -0.43683 0.076102 0.33111 -2.4011 1.8287 0.4256 -0.35553 1.6449 1.4585 0.3221 0.18091 0.25576 0.012299 -0.35267 0.026804 -0.12732 1.0492 -0.78838 -0.73356 0.27331 -1.6489 -0.32152 -0.65617 1.4236 1.4246 -0.077479 0.38586 -0.44777 -0.32124 1.659 -1.7687 0.25507 -0.47916 -0.6151 -1.3325
0.75659 -1.5907 -1.4401 -0.39351 -1.0616 0.38052 0.010441 -2.052 1.7681 0.087545 0.093903 1.5744 1.4222 -0.22012 1.2262 1.0365 -0.13393 0.04434 -0.34627 -0.3231 1.5315 -2.1906 -0.35142 -0.76974 -1.7743 -1.0883 -1.1712 1.8613 1.9183 0.34739 0.62413 -0.6429 -0.36651 1.666 -1.5909 0.23178 -0.7547 -0.17009 -1.8334
0.88521 -1.4716 -0.77337 -0.43782 -0.52427 0.28709 0.21622 -1.678 1.4459 0.38509 0.18572 0.94298 1.4098 -0.8607 1.9302 1.8823 0.0723 0.43108 -0.52489 -0.47028 2.3929 -2.7703 0.30728 -0.68762 -1.7382 -1.8108 -1.3219 1.7835 2.23 0.83231 0.69836 -0.47036 -0.12859 1.1469 -0.43383 0.37755 -0.82322 0.39328 -1.7657
1.2612 -1.3496 -0.67627 -0.47381 -1.1298 0.071556 -0.37914 -0.66538 0.55997 -0.023463 0.5023 0.37984 1.0037 -1.3994 2.5548 2.7164 0.68579 0.68973 -0.79689 -0.43121 2.613 -2.328 -0.41232 -0.95649 -1.4274 -2.5004 -0.82982 0.83472 1.3903 1.3505 0.52366 0.14509 0.27774 0.13786 0.74863 0.21392 -0.61391 0.7037 -1.0642
0.14757 0.28558 0.39709 -0.80356 -0.1804 -0.44343 -0.4642 -0.698 -1.4261 0.42723 -1.8718 0.24546 -0.012784 -1.5406 2.7445 3.2987 1.1054 0.6298 -0.65637 -0.32756 2.5686 -1.5344 0.038257 -1.2787 -1.0845 -2.7003 -0.32149 -0.3294 0.048374 1.3751 0.22653 0.8488 0.88229 -0.79 1.4663 0.053433 -0.33496 0.94307 -0.024087
-0.42551 0.4778 0.73543 -0.16433 0.15408 -0.35166 -0.31184 0.40227 -0.82923 1.0621 -0.33021 0.23483 -0.45196 -1.4149 2.3317 2.7656 1.7905 0.92988 0.042077 0.12028 1.6936 -1.3806 0.21618 -1.6931 -0.78899 -2.5012 0.44829 -1.5274 -1.8789 0.80137 -0.10344 1.2795 1.1413 -1.2921 1.5718 -0.18712 0.65517 0.60038 1.1132
-0.55046 0.98774 1.9767 0.78241 0.17251 -0.59469 -0.18236 0.18047 0.053626 -0.93776 -0.99352 0.24552 -1.0049 -1.4398 1.4498 1.985 2.0055 0.7512 0.78587 0.91289 1.438 -0.45493 0.12375 -0.96984 -0.30245 -1.8487 0.9353 -1.9281 -3.1689 -0.15255 -0.23557 1.0078 0.7201 -1.7198 1.0364 -0.55827 1.3428 0.13861 1.6966
-0.64105 1.0184 1.8473 0.78116 -0.54927 -0.041959 -0.46998 0.8201 0.22005 0.72483 -1.0072 0.17592 -1.0048 -0.60133 0.44438 0.18288 1.6827 0.4643 1.0738 1.0978 0.86304 0.1214 -0.77756 0.25594 -0.69753 -0.97509 1.0494 -1.7239 -3.3734 -1.225 -0.10014 0.71296 0.1029 -1.3948 0.63963 -0.19888 1.3562 -0.15606 1.781
-0.29141 0.84292 1.7055 1.5728 1.0247 0.50939 0.45901 -0.019655 -1.4646 0.78103 -1.9835 -0.30445 -1.1089 -0.19085 0.20598 -0.82088 0.87949 0.45565 0.87609 0.53565 -0.098734 -0.31165 -0.48665 0.5148 -0.86366 -0.49178 0.87744 -1.1462 -2.4588 -1.6516 0.19276 0.33387 -0.62155 -1.2868 0.38176 0.017529 0.59867 -0.031108 1.4076
-1.0993 0.66494 1.4455 1.4059 -0.031504 0.75792 1.104 1.239 -0.62966 0.12533 -0.82724 0.25268 -1.1762 -0.07008 -0.15943 -1.5944 0.13228 0.91899 1.4555 0.49274 -0.037619 -0.23103 0.17671 0.35978 -0.787 -0.060385 0.69064 -1.1197 -1.394 -2.3408 -0.42377 -0.67516 -1.4801 -0.7629 1.0127 0.78642 -0.060302 0.92231 1.5602
-0.61602 0.99587 0.32412 1.06 0.70619 0.38803 0.83678 0.3043 -0.8114 -0.88293 -0.71632 -0.80295 -1.1264 -0.05683 -0.31695 -1.315 -0.21274 0.90213 1.2953 0.028125 -0.41748 0.45341 -0.29032 0.22997 -0.30514 0.16003 1.3017 -1.4299 -0.70779 -2.4759 -1.3136 -1.7584 -1.8103 -0.6588 1.222 1.0789 -0.52324 1.2733 1.9418
-0.57293 0.95502 0.57972 1.11 0.65392 0.31255 -0.31233 -0.0033274 -0.55957 0.39103 0.36761 -0.60866 -1.1351 0.63198 -1.3149 -1.9257 -2.0122 -0.5109 -0.45389 -1.4606 -0.34355 1.6676 0.63599 0.30744 0.73979 1.4321 1.7325 -1.4539 -0.064193 -2.1705 -2.3475 -2.6365 -1.6386 -0.43292 0.50952 1.3818 -0.50037 1.3264 2.0004
-0.60129 0.69707 0.57975 1.0006 1.5067 1.8304 0.69439 0.54457 -0.079731 0.20768 -1.6584 -0.44507 -1.0106 1.8979 -1.7979 -1.8296 -2.5339 -1.2126 -1.6542 -1.9247 -1.125 1.0648 1.3466 -0.49317 0.73895 2.1626 1.6586 -0.90045 0.24013 -1.2582 -2.4951 -2.2654 -0.45658 -0.13128 -0.81566 1.1044 -0.057088 0.92535 1.3936
-0.69827 0.4582 0.65756 0.88078 0.89462 1.5606 -0.08438 0.11891 0.15297 0.54006 -1.1731 0.038565 -0.81312 2.1956 -2.044 -1.4036 -2.64 -2.3022 -2.3111 -1.643 -0.45787 0.4377 1.9918 -0.26619 1.1551 2.4414 0.83367 0.55216 0.77089 0.5852 -1.5289 -1.0866 0.80444 -0.22621 -1.7193 0.0092261 0.60677 0.093962 -0.23884
0.66114 -1.2466 -1.1184 -1.812 -0.92132 -1.2962 -1.9548 0.036714 0.9819 1.3419 -0.85558 1.0692 1.0129 2.2665 -1.5767 -1.1187 -2.1801 -2.7513 -2.2752 -0.75573 -0.59319 -0.47055 1.1426 0.43242 1.2094 2.097 -0.59945 1.9953 1.0978 1.9591 0.0787 0.4531 1.5577 0.17498 -1.2301 -0.81715 0.74342 -0.63738 -1.8638
1.7292 -0.85626 -0.71984 -1.336 -1.6058 -1.4691 -1.4007 -0.59604 -0.0085682 1.0815 -1.0246 0.13753 0.91668 2.0147 -0.4236 -0.9101 -1.1334 -2.5194 -2.2845 -0.53353 -1.0126 -0.81743 0.78542 1.1129 0.68855 1.051 -2.0621 3.0478 1.7348 3.5156 2.3338 2.2383 1.6416 0.1563 -0.91723 -2.03 0.38078 -1.4124 -3.2964
1.634 -0.76606 -0.62246 -1.3038 -1.9132 -1.4892 -1.2153 0.059174 -0.68329 1.9374 -0.46632 0.2877 0.92493 0.88312 1.0029 -0.14259 0.25547 -0.93481 -0.72877 0.45777 -0.53107 -0.63262 0.4402 0.36396 -0.19689 -0.39852 -3.2388 2.5913 1.7701 3.5442 3.8348 3.0472 1.3844 0.97444 -0.45131 -2.4402 -0.31524 -0.82309 -3.4278
1.4685 -0.42181 -0.055801 -0.68444 -2.139 -0.5076 -0.28014 -0.4869 -0.99888 1.1766 0.32324 1.0597 0.51444 -0.94517 2.18 1.1388 2.5025 1.0928 1.4254 0.84627 -0.20591 -1.2128 -1.4517 0.57582 -0.74479 -2.0731 -3.349 1.3302 1.389 2.504 3.9369 3.0205 1.229 1.4523 0.095452 -2.9219 -1.4783 -0.31363 -2.4018
1.4907 0.37412 -0.6526 -0.23209 -1.5452 -0.7862 -0.6052 -0.8358 -0.31868 1.0566 -0.80692 0.39321 -0.10248 -2.2802 1.8099 0.94804 2.4141 2.4976 1.9976 1.1635 0.75417 -1.1207 -2.3064 0.090605 0.41331 -2.3331 -2.3209 -0.16139 0.55562 0.77031 2.4341 1.7955 0.73542 1.7429 0.49391 -1.9606 -1.4147 -0.35006 -0.71025
0.53914 1.0082 -0.11599 0.10779 -0.49015 -0.38062 -0.32793 -0.27298 0.14325 1.5445 -0.97357 -0.14285 -0.60046 -2.6358 1.5813 0.97961 2.3164 3.0066 2.4266 1.4288 0.95273 -0.38426 -3.3164 -1.7305 -0.1867 -2.1791 -0.75265 -1.3288 -0.065446 -1.0421 0.068903 0.25888 0.57349 1.5978 0.9573 0.098766 -0.57075 -0.92153 0.94534
-0.27959 0.98899 0.41928 1.5793 0.61818 0.31096 -0.97623 -0.25061 -1.5624 -1.2571 0.27224 -0.083422 -1.1043 -2.5866 1.014 0.93747 1.7393 2.5956 2.3946 1.5475 2.0189 -0.10206 -2.2914 -1.3334 -1.1135 -1.584 0.70134 -1.5461 0.09399 -1.5088 -1.6694 -0.7265 0.11186 0.18199 1.1064 1.607 0.5628 -1.4954 1.5794
-1.0122 0.70066 0.21272 1.0231 1.6005 0.87777 1.0613 0.84276 -1.9478 -1.0447 -0.8771 1.5522 -1.2656 -2.1828 0.17925 1.0754 0.94987 1.195 1.7771 1.7288 2.0308 0.10154 -1.2431 0.15689 -1.6763 -0.79021 1.5228 -1.393 -0.22429 -1.8684 -2.4692 -1.6118 -0.56378 -1.1473 0.99545 2.571 1.2394 -0.54416 1.6281
-1.127 1.0797 0.50174 1.3161 1.4169 1.5771 1.2117 0.62744 -0.36585 -1.7748 -2.9735 -0.18821 -1.2031 -1.1864 -0.28072 1.106 0.36251 0.36783 0.90149 1.2143 0.54427 0.74286 -0.28519 0.32556 -1.5986 -0.26094 1.7022 -0.81423 -0.56344 -1.3013 -2.1229 -1.7786 -1.4802 -2.196 0.4759 1.4357 0.76364 0.40839 1.1185
-1.1803 1.0053 0.65415 1.2582 0.84482 1.7958 1.5082 1.6742 -0.45802 -0.17882 -0.52421 -1.0813 -1.1816 -0.48383 -0.28619 0.55331 -0.38107 -0.38118 -0.018551 0.51739 -0.36551 1.0893 0.55451 -0.0027285 -0.9408 0.011147 1.5385 -0.24912 -0.67373 -0.772 -1.0383 -1.4343 -1.8729 -1.4807 -0.21313 0.47212 0.13575 1.5004 0.49434
-1.2219 0.66333 0.62937 0.88827 -0.074377 0.53634 1.3089 1.1026 -0.11315 0.17226 0.2979 -1.9161 -1.0035 -0.2496 -0.22171 0.27265 0.04544 -0.48328 -0.23293 -0.65927 -0.71992 0.31471 -0.45518 0.33423 -0.71548 -0.024399 1.3017 0.1074 -0.52362 -0.38941 -0.34596 -0.91004 -1.846 -0.3958 -0.99373 -0.30872 -0.57752 1.886 0.22419
-1.0184 0.62716 1.4715 1.1883 1.0618 0.79447 0.71858 -0.51467 0.11607 -0.1662 -0.49358 -0.87423 -1.1302 0.23013 -0.29705 0.37633 -0.29278 -0.25791 -0.49222 -0.89001 0.0092258 -0.080527 -0.23857 0.46109 0.66836 -0.039895 1.2513 0.40093 -0.2643 -0.24755 0.064686 -0.4776 -1.385 0.3437 -1.5067 -0.39706 -0.53297 1.4354 0.23456
-1.1463 0.6705 0.47547 0.91564 0.69314 0.70132 0.38269 -0.15258 -0.92132 -1.4387 -1.028 0.45535 -1.2397 0.89628 -0.077541 0.33712 -0.39023 -0.30313 -0.64965 -1.5867 -0.3505 -0.54886 -0.44026 -1.0511 1.0963 0.16061 1.1316 0.41261 -0.25108 -0.72815 -0.45538 -0.76193 -0.60863 0.66857 -1.1199 1.1607 0.1419 0.45552 0.45698
-1.5092 0.70734 0.41997 1.417 1.0086 1.4003 0.41288 0.82598 -1.1558 -2.0504 -1.5546 -0.19778 -1.2965 1.289 0.37014 0.11013 -0.61503 -0.32776 -0.73315 -1.651 0.068983 -1.3284 -0.17101 -0.36404 0.81925 0.33281 0.70266 0.26668 -0.22628 -0.64018 -0.81827 -0.9356 -0.13299 0.25034 -0.48032 1.6829 1.1611 -0.75152 0.60407
-0.47424 0.75042 1.3471 0.67053 0.53711 0.9275 0.27117 1.6162 0.2225 -0.37479 -0.99506 -0.34525 -1.1119 1.3435 0.19423 0.01757 -1.1152 -1.2583 -1.6042 -1.4416 0.45221 -1.1774 1.728 1.0679 0.062002 0.59249 0.14188 -0.46258 -0.45488 -0.55232 -0.82886 -0.75558 0.66577 -0.29927 0.10754 1.81 2.0335 -0.86808 0.68281
0.2135 0.78355 1.0976 0.61381 -0.15764 0.19364 -1.2332 0.26265 -1.3038 0.06368 -1.0791 -0.36631 -0.782 1.3293 0.052771 0.19062 -1.0928 -1.2555 -1.8541 -1.2252 0.059593 -0.66917 1.8781 1.7993 -0.1948 0.8047 -0.31958 -1.6342 -1.0739 -0.2793 -0.48244 0.1619 1.2223 -0.95661 0.30288 0.81489 0.93716 -0.28247 0.95749
0.21023 1.1878 0.77479 0.21813 0.12479 -0.42705 -1.0314 0.10382 -2.0914 -0.59775 0.097172 -0.4956 -0.71777 1.1532 -0.75156 -0.44213 -1.1548 -1.3338 -1.5682 -0.55053 -0.88004 -0.66645 1.9754 2.0423 0.0073783 1.1229 -0.43349 -2.2252 -1.4462 0.075333 0.3 1.4535 1.6724 -1.2628 0.60125 -0.9512 -0.96842 0.47048 1.1696
0.084303 0.60091 1.0759 -0.15174 -0.84844 -0.89547 -1.001 0.2793 -1.308 1.7491 0.49866 -0.04584 -0.65408 0.80079 -2.1079 -1.4646 -1.1045 -1.1495 -0.39489 0.2058 -0.97835 -1.0013 1.2707 1.0901 0.33407 1.7463 -0.36204 -2.1856 -1.5048 0.1923 0.56426 2.1795 1.5578 -1.2008 0.8758 -1.5215 -2.4014 0.78781 1.2054
0.11734 0.68931 0.55212 0.081514 -0.60328 -0.60741 -0.96846 0.8086 -1.3257 -0.44468 0.40728 0.083254 -0.44822 0.81198 -2.7447 -1.6002 -0.9767 -0.7364 0.60601 0.99718 -1.2916 0.13712 0.26962 -0.51876 0.67817 2.1714 -0.12055 -1.0692 -0.86872 0.23626 1.0138 2.1051 1.0195 -0.89403 1.1583 -1.879 -2.6437 0.92889 0.82064
0.358 -0.52098 0.20783 -0.082149 -0.84211 0.0064859 -0.059669 -0.18679 -1.3942 1.0635 0.5739 -0.54969 0.10284 0.83737 -2.8984 -1.7766 -0.83745 -0.49489 1.4509 0.93835 -1.8862 0.59819 -0.10557 -1.781 0.93754 2.3929 -0.023946 0.42032 0.044237 0.032592 1.1185 1.1216 0.34939 -0.73905 1.1865 -1.1772 -1.8219 0.86552 -0.0029079
1.007 -1.9442 -0.46788 -0.87262 -1.2065 0.42806 -0.06508 -0.036141 -1.8877 1.2591 -0.26099 0.20877 1.1374 0.92271 -2.2857 -1.7375 -0.86434 0.22226 1.7521 1.0018 -2.0273 0.73874 -0.84656 -1.8766 1.4344 2.239 -0.32693 1.6762 0.49331 0.056674 1.0055 0.090688 -0.18767 0.24903 0.80001 -0.85448 -0.35283 0.5517 -0.86583
1.159 -1.6121 -0.49694 -0.49524 -0.82159 0.42646 0.04281 -1.7518 -1.139 -0.40901 -1.7135 0.57204 1.3702 0.71332 -1.5739 -1.2758 -1.1053 0.44655 1.308 0.8538 -1.9337 0.95621 -0.3591 -1.9112 1.5675 1.7113 -0.69361 2.2738 0.88299 0.35706 0.78951 -0.72884 -0.12853 1.3905 0.63188 -0.41646 0.85606 -0.061782 -1.54
0.81352 -1.5885 -0.84803 -0.78674 -0.7192 0.95926 0.074276 -1.5604 -0.85909 0.12958 -1.2404 0.7544 1.4166 0.27695 -0.373 -0.95746 -0.74383 0.66119 0.89126 0.67335 -0.81848 1.4835 -1.1835 -1.1406 1.3941 1.0015 -0.77661 1.7867 0.94391 0.61009 0.16329 -0.97973 -0.085319 2.3347 0.19402 0.42703 1.4258 -0.77288 -1.5661
1.1322 -1.5619 -0.70079 -1.0375 -0.25445 1.0708 0.51416 -1.1655 -0.27645 0.37028 -0.84129 1.725 1.4348 -0.12054 0.25971 -0.60262 -0.255 0.75791 0.45581 0.84841 0.0064392 1.4323 -0.69171 -0.37283 0.85352 0.32167 -0.47828 0.9783 0.67796 0.86207 -0.26025 -0.92464 0.073674 2.1315 -0.20616 0.42533 1.4343 -1.3047 -1.1036
1.0455 -1.5206 -0.87779 -1.3645 -0.14895 0.86344 0.51647 -1.4134 -0.56827 -0.20912 -1.5835 1.215 1.441 -0.095909 0.031314 -0.40516 -0.18876 0.39084 0.25083 0.83214 1.1935 0.87674 0.15434 0.29111 0.37152 0.19832 -0.09931 0.13505 0.32107 0.83334 -0.66297 -0.73833 0.1446 1.0659 -0.45848 0.81961 0.88232 -1.5559 -0.52401
0.8892 -1.48 -1.0738 -0.94985 -0.26354 1.1145 0.90655 -0.90232 0.29712 -0.31508 -0.76074 0.91522 1.5598 0.020474 -0.0038167 -0.34081 0.174 0.12954 -0.18896 0.90292 0.88679 0.87666 -0.19661 0.32736 -0.32514 0.18634 0.14711 -0.15844 -0.043833 0.65269 -0.89776 -0.52394 -0.11072 0.22213 -0.31698 0.65664 0.35453 -1.3183 -0.16205
0.89972 -1.595 -1.0948 -0.83671 -0.086818 0.83654 1.1136 -0.6515 -0.18196 0.10327 -1.3771 1.38 1.5446 0.033811 0.0064994 -0.49163 0.54654 -0.2151 -0.23085 0.90885 0.65621 0.89984 0.14322 0.33897 -0.88525 0.15643 0.21964 0.040163 -0.063164 0.41067 -0.92421 -0.42385 -0.41456 -0.29805 -0.2263 0.50577 -0.17711 -0.81285 -0.18322
1.0197 -1.5795 -0.8948 -0.82667 -0.35208 0.96281 1.0847 -0.37587 -0.088798 0.16468 -1.0942 1.1166 1.5783 0.10144 -0.010737 -0.5908 0.5552 -0.56002 -0.319 0.58959 0.67621 0.82765 0.58106 0.35754 -0.94714 0.063015 0.29073 0.10608 0.20152 0.021595 -0.98739 -0.40881 -0.69651 -0.056241 -0.19904 0.67307 -0.51706 -0.18966 -0.25501
0.99613 -1.5586 -1.224 -0.75852 -0.35176 0.72376 1.5185 -0.80598 0.57966 -0.14602 -0.52273 0.55103 1.6015 0.2857 0.11097 -0.34487 0.36038 -0.93377 -0.49961 0.19328 0.76676 0.48011 0.74846 -0.052884 -0.81128 -0.056644 0.41417 0.12726 0.51881 -0.22171 -0.82029 -0.83199 -0.81152 -0.048637 -0.14503 0.31855 -0.97749 0.33159 -0.28691
1.2061 -1.4917 -1.3629 -0.43925 -0.51189 0.82321 1.8236 -0.61314 0.82405 0.47582 -0.79935 0.54503 1.5866 0.44917 0.13931 -0.023272 0.3025 -1.2963 -0.83995 -0.068447 0.73325 0.7171 0.79893 -0.49827 -0.7029 -0.14932 0.42683 0.12811 0.58932 -0.24207 -0.60653 -1.1622 -0.96262 -0.15413 -0.2958 -0.045475 -1.0552 0.41815 -0.25817
1.0155 -1.5437 -1.6433 -0.6714 -1.0631 0.54645 1.0942 -0.38702 0.42503 0.448 -1.1724 0.072015 1.5125 0.64477 0.16514 0.16173 0.26787 -1.3258 -1.6022 -0.30895 0.54306 0.68812 0.66451 -1.1928 -0.38373 -0.23541 0.28392 0.1634 0.32615 -0.132 -0.1695 -1.1919 -0.99569 -0.39586 -0.30811 -0.1731 -0.33636 0.34818 -0.18372
1.3145 -1.3468 -1.1366 -0.495 -1.5356 0.48306 1.1124 0.32598 0.51897 0.75616 -1.0364 0.55448 1.4863 0.73033 0.19737 0.21441 0.15958 -1.451 -2.06 -0.99208 0.51419 0.1707 0.5674 -1.1905 -0.37713 -0.29533 -0.058246 0.43576 0.16514 -0.0099663 0.33085 -1.0326 -0.90231 -0.90276 -0.53654 -0.0042475 0.73496 0.29721 -0.21963
1.573 -1.5083 -0.83323 -0.50119 -1.8209 -0.26385 1.0914 0.0080602 0.85049 1.0072 -2.0117 0.68494 1.3881 0.68707 0.38093 0.14177 0.18922 -1.1423 -2.2414 -1.2403 0.16878 0.17703 0.56814 -0.36013 -0.31984 -0.30113 -0.61467 0.85263 0.19557 0.078017 0.88573 -0.46836 -0.61468 -1.4961 -0.48279 -0.33181 1.8688 0.026261 -0.4288
1.8481 -1.3688 -0.95659 -0.4589 -1.8554 -1.1064 0.92432 -0.29607 1.1628 0.55498 -2.0385 0.36542 1.3623 0.33195 0.82281 0.31501 0.32011 -0.75667 -2.5536 -1.3214 -0.69646 -0.036883 0.86916 0.6148 -0.1748 -0.49676 -1.4702 1.4003 0.64813 0.28082 1.6538 0.29472 0.072004 -1.592 -0.14119 -1.2626 2.4391 -0.17155 -0.69743
1.7945 -1.3027 -1.4015 -0.48448 -2.2981 -1.3785 -0.088498 -0.26387 0.54842 0.69133 -1.429 -0.18048 1.3004 -0.28964 1.3975 0.49211 0.32516 -0.024312 -2.26 -1.3186 -1.5329 -0.11569 -0.081485 1.7441 -0.42617 -0.8809 -2.2024 1.6155 1.0162 0.39736 2.1724 1.2374 0.79278 -1.3974 -0.16701 -2.227 1.8531 -0.72739 -0.80542
1.8387 -0.97056 -1.3438 -0.20264 -2.009 -1.3464 -0.086849 -0.20491 0.87574 1.4585 -0.86758 0.23187 1.2675 -1.5102 2.2243 1.199 0.59629 1.0467 -1.4289 -0.82759 -1.4884 0.057352 -1.4566 2.759 -0.63122 -1.2215 -2.3342 1.2492 0.81611 0.24765 2.1616 2.0257 1.4517 -1.0345 -0.10098 -2.8042 1.0473 -0.86912 -0.56037
1.2451 -0.40646 -0.78175 -0.25318 -2.1816 -2.4027 -0.65582 -1.168 0.22548 1.7086 -0.36333 0.29039 0.85795 -2.486 2.6045 1.4931 0.76678 1.9635 -0.29617 0.0023052 -1.9394 -0.17876 -2.4349 2.3753 -1.4273 -1.3437 -1.6218 0.38084 -0.32017 -0.39782 1.6587 2.2486 1.6154 -0.66759 -0.24866 -2.0215 -0.11622 -1.174 0.11028
1.0041 0.25961 -0.2076 -0.1176 -1.2535 -2.0269 -0.32211 -1.6042 0.81753 -0.11247 0.54679 0.1274 0.39795 -2.9096 2.4813 1.2634 0.54393 2.2371 0.54891 0.7547 -2.3464 -0.18878 -3.2075 2.465 -1.2721 -1.2417 -0.1883 -0.77695 -1.7838 -0.91031 0.8385 1.9958 1.4148 0.25644 -0.598 -0.32689 -1.3575 -1.2806 0.86611
-0.54029 1.0444 0.49322 0.33074 0.045387 -1.84 0.2713 -1.4246 1.3069 -1.4797 0.74054 -0.41461 0.13436 -2.6015 1.9611 -0.047224 -0.37249 2.4461 1.2814 0.93665 -2.2989 -0.45616 -2.9846 1.6862 -2.2677 -0.67404 1.0684 -1.6636 -2.8228 -1.2565 -0.29612 0.76328 1.001 1.7171 -0.62175 1.1996 -2.5152 -0.91579 1.3825
-1.0365 1.2664 -0.067615 0.42554 0.61926 -1.0798 0.77565 -2.4483 0.34153 -1.8403 0.20993 -1.9684 0.18058 -1.7911 1.145 -1.0576 -0.48564 2.3675 1.8069 1.3721 -0.84596 -0.93004 -1.7676 0.36962 -2.5702 -0.037497 1.9898 -2.1511 -2.442 -0.99069 -1.0076 -0.40903 0.2745 2.528 -0.42594 2.3611 -2.4492 -0.35404 1.4342
-1.2205 1.1143 -0.53566 -0.059526 0.087769 -0.74221 0.72014 -2.7848 0.18987 -1.8137 1.8063 -0.72593 0.18835 -1.0406 0.26869 -2.1616 -0.99678 1.3804 0.634 1.5772 0.39331 -0.97927 -0.86454 -1.6697 -2.4625 0.47636 1.8593 -2.0957 -0.58463 -0.37032 -1.2459 -1.2273 -0.19464 2.7923 0.48211 2.4643 -1.8807 0.85858 0.96878
-0.7769 1.1511 -1.6345 -1.1928 1.1861 -0.45914 0.72883 -2.8649 0.19026 -0.98021 0.77046 -2.4193 0.6597 0.032649 -0.55786 -1.8391 -0.94099 0.94781 0.086792 0.94303 0.84525 -0.72699 0.21101 -0.81527 -1.8196 0.69579 1.0347 -1.4629 1.3048 0.13023 -0.93936 -1.0526 -0.59083 1.9598 1.308 1.888 -0.93451 1.2423 0.34702
-0.73538 1.0026 -1.2801 -0.29849 1.3401 -0.56506 1.565 -1.3603 -0.76226 -0.75814 -0.17663 -2.4762 0.60539 -0.03393 -0.97268 -0.61882 -0.81885 0.89677 -0.28111 0.77186 1.8673 0.36477 0.69904 -1.5214 -1.0443 0.6578 0.57713 -0.62816 2.8462 0.65804 -0.91211 -0.36571 -1.4095 1.0566 1.2831 1.1912 0.54228 1.9231 -0.21749
-0.91613 0.8017 -2.167 -1.0093 0.72227 -1.9302 2.3601 -0.8338 0.37456 -2.3996 -1.8709 -2.7236 0.72521 -0.35252 -0.87557 0.46109 -0.34252 0.91213 0.19132 0.6456 1.9353 0.88672 1.0378 -1.5766 -0.9707 0.48266 0.74017 -0.096621 2.9268 0.50902 -1.476 0.029484 -1.9901 0.039647 0.52927 0.60058 0.99582 2.1973 -0.35028
-0.70003 0.40431 -0.9763 -0.37909 1.6517 -1.1561 1.0465 -1.5135 0.2141 -1.0282 1.4269 -2.5539 0.80094 0.24068 -0.70452 1.6317 -0.10846 -0.24896 -0.11742 -0.95273 1.7463 0.65548 0.99652 -0.15217 0.68125 0.20636 1.4677 -0.0098647 2.0851 0.41349 -2.1388 0.15984 -2.2723 -1.0308 -0.55537 0.40205 1.9031 2.1481 -0.2886
-1.3818 0.13493 -0.64522 -0.93962 1.7133 -0.79465 1.7453 -0.72859 0.97316 -0.57559 -1.242 -2.4882 0.85537 1.288 -0.86304 2.1179 -0.37841 -1.1603 0.096306 -1.9721 0.97952 0.13957 1.2239 0.56104 1.3932 0.31267 1.8037 -0.13413 0.61196 0.23328 -2.4972 -0.29621 -1.6735 -1.0378 -0.826 -0.048329 1.3755 1.751 -0.14769
-1.4811 0.44177 -0.51486 -0.8253 1.6477 0.041244 1.6644 -0.79505 1.0544 -0.064082 -0.067619 -2.3624 0.80426 1.895 -0.99319 2.1861 -0.056058 -1.963 0.1185 -2.2309 0.49867 -0.30689 1.3936 1.3193 1.7583 0.24184 1.225 -0.26023 -0.7523 0.34815 -1.8926 -0.49277 -0.59456 -0.95632 -0.36391 -0.39012 1.1409 0.52549 -0.035891
0.3543 0.50061 0.11386 -1.0498 0.15528 -1.4306 -1.2521 -0.24346 0.047311 -0.19645 0.27514 -1.3282 0.83228 2.196 -0.97013 1.2814 0.049903 -2.7839 -0.48677 -1.8935 0.69999 -0.19063 0.77826 0.52205 1.7406 0.21044 0.14685 -0.25073 -1.246 0.43757 -0.87108 -0.53844 0.17965 -0.5364 0.47518 -0.58377 0.64366 -0.15898 -0.081913
1.1535 -0.3364 0.63535 -0.81391 -0.74654 -1.1042 -0.62838 -0.29687 -0.54762 -0.28169 -0.086441 -0.95182 1.0596 2.0833 -1.1179 0.79897 0.30395 -2.8818 -0.77919 -2.1282 0.17312 0.13845 0.51433 2.2238 1.49 0.19856 -1.1337 -0.070651 -1.4259 0.16526 0.44041 -0.046134 0.71642 -0.5683 1.0805 -0.47024 0.15415 -0.80671 -0.10683
0.90204 -0.58399 0.21103 -0.76941 -1.3613 -1.5201 -0.49751 -0.94844 0.60987 -0.44942 0.96879 -1.007 0.96847 1.4802 -1.2504 0.71061 0.23002 -2.2728 -0.49951 -1.6944 0.18267 0.82621 0.59364 1.4522 1.2434 0.19489 -1.8141 0.40107 -0.98044 -0.031485 1.4796 0.49053 0.65454 -0.61845 1.0405 -0.041265 0.091109 -1.0541 -0.19306
1.1057 -0.5738 0.24147 -0.38435 -1.4773 -1.139 -0.91416 -0.32383 0.63255 0.41902 0.91449 -0.87188 0.99582 0.15146 -0.97719 0.061008 0.14937 -1.3863 0.064973 -0.98549 -0.25954 1.2421 0.62994 1.2003 0.52444 0.066607 -1.6477 0.80293 -0.60115 -0.29242 1.7958 0.60672 0.68458 -0.23858 0.2202 -0.087846 -0.83994 -1.1023 -0.20558
0.70272 -0.80472 0.17248 -0.73865 -1.8864 -1.3487 -1.5313 -0.51719 1.3413 0.16698 1.7758 -0.89744 1.0177 -0.20801 -0.31179 0.0066507 0.066526 -0.79431 0.10474 -1.237 -0.1905 1.239 0.67275 1.2514 0.28317 -0.057418 -0.93766 0.91098 -0.32224 -0.40851 1.573 0.29228 0.68542 -0.074996 -0.72476 -0.43296 -0.74503 -0.93275 -0.16435
1.1444 -0.82173 0.7819 -0.72615 -1.6193 -0.8729 -1.8296 -0.29637 1.3941 0.58416 1.1651 -0.42567 1.0312 -0.13227 -0.13198 0.16014 -0.14732 -0.3041 0.16469 -1.0721 -0.065658 0.35779 0.3393 0.64478 -0.059264 -0.031025 -0.097605 0.70102 0.048858 -0.3708 1.295 -0.088519 0.93363 0.27475 -1.4255 -0.36414 -1.3213 -0.46031 -0.058682
0.73554 -0.83154 0.13247 -0.82001 -2.0425 -1.5048 -2.2993 -0.85132 0.90377 0.21075 1.3021 -0.75038 0.94914 -0.11378 -0.022483 0.15037 -0.36482 0.094709 0.067671 -0.36472 -0.046175 -0.09813 -0.046735 0.24391 -0.18044 -0.039902 -0.090289 0.52054 -0.14598 -0.22709 1.0161 -0.25538 1.5246 0.090008 -1.3667 0.070422 -1.715 0.080662 -0.11796
0.87503 -0.6403 0.5189 -0.52305 -1.9197 -0.995 -1.8763 -0.71419 1.3913 0.49068 1.8267 -0.73796 0.96723 -0.065117 0.1491 0.11729 -0.30988 0.5681 -0.061172 0.33443 0.16382 -0.78487 0.33366 -0.95618 -0.085284 -0.040929 -0.40706 0.95588 -0.16301 0.054894 0.9307 -0.37921 1.8448 -0.074449 -0.9158 0.47016 -1.869 0.61464 -0.4708
0.8127 -0.76406 0.31091 -0.90763 -1.629 -1.2489 -1.9862 -0.70258 0.94572 0.15122 1.6864 -1.2239 0.96118 -0.3974 0.49233 -0.17918 -0.26696 0.65734 -0.26078 0.93421 -0.14114 -0.77368 0.8383 -1.4104 0.45555 -0.25494 -0.97193 1.3503 -0.34913 0.29056 0.73032 -0.40154 1.7357 -0.35363 -0.64718 0.19464 -1.4224 0.56082 -0.95954
0.92523 -0.70092 0.49178 -1.0051 -1.301 -1.023 -1.402 -0.15275 0.71716 0.42385 1.2268 -0.84537 0.99076 -0.73692 1.3423 0.088339 -0.10055 1.1457 -0.39723 1.759 -0.1491 -1.0333 0.81265 -2.3041 0.77008 -0.74317 -1.4201 1.4719 -0.37526 0.68277 0.61282 0.014566 1.1561 -0.33006 0.48323 -0.66271 0.023578 -0.10297 -1.2829
0.71892 -0.64361 0.50528 -1.0861 -0.96504 -1.4222 -1.1664 -0.38819 0.27924 0.94647 0.00048121 -0.5849 0.97488 -1.5776 1.8257 -0.39212 0.052824 1.1697 -0.53511 2.1972 -0.52148 -1.1933 0.11052 -1.9482 0.43963 -1.3634 -0.92019 0.84113 -0.49984 0.80925 0.048413 0.46912 -0.023882 -0.073443 0.98517 -1.2181 1.1916 -1.0893 -1.0827
0.40108 -0.055161 0.23874 -0.87023 -1.0795 -1.3634 -0.64955 -1.0496 0.55723 1.6836 -0.16026 0.34174 0.58178 -2.1104 2.1471 -0.37818 0.76255 1.4603 0.13751 1.8801 -0.23548 0.34951 -0.521 -0.60731 -0.25771 -1.7269 0.2805 -0.58956 -0.55819 0.46866 -0.64577 0.97706 -1.2002 0.43115 1.1445 -0.91262 1.786 -1.1715 -0.15911
-0.30212 1.1143 0.40424 -0.69918 -0.30364 -1.8899 0.54448 -1.0037 -0.29466 0.67154 -0.75287 -0.27887 -0.040984 -1.4139 1.6142 -0.76232 0.76275 0.6137 0.44261 0.81752 -0.22707 0.41149 -0.75986 0.20099 -1.0359 -1.6532 1.7183 -2.0535 -0.11774 -0.20976 -0.90214 1.0967 -1.8573 1.0617 0.7079 -0.24865 1.1586 -0.25265 1.1162
-1.1946 1.1237 -0.12357 -0.58948 -0.30489 -1.389 1.099 -1.1349 -0.012525 -0.027867 0.59042 -0.95024 -0.51012 -0.28319 0.38577 -0.6434 0.38921 0.26473 1.1007 0.16635 0.47978 0.34309 -0.44158 0.29208 -0.64951 -0.87272 2.5236 -2.9072 -0.048467 -0.98688 -1.2189 0.63477 -1.9664 0.87413 -0.30291 0.41341 0.11803 1.1752 1.9915
-1.437 1.2339 0.11385 0.13466 0.68706 -0.58231 -0.018437 -0.26445 2.3034 -0.35263 1.3602 -1.6894 -0.59057 0.72529 -1.0027 -0.41816 -0.1439 0.13853 1.2095 -0.47195 1.0281 0.1606 -0.36763 -0.0052397 0.1782 0.16597 2.1971 -2.4637 0.31059 -1.2605 -0.64647 -0.086775 -1.337 0.56513 -0.875 0.52728 -0.65883 2.3095 2.1484
0.21885 0.51173 -0.4186 -0.46379 -1.2907 -0.76271 -0.91723 -0.61398 0.35663 0.53074 0.46902 -1.5032 -0.36902 1.5382 -1.7968 -0.58966 -0.57429 -0.51175 1.0562 -1.2077 0.70769 -0.091473 0.091832 -0.23176 1.3196 0.85105 0.90478 -1.164 0.34326 -1.1203 -0.18767 -0.60417 -0.51025 0.012658 -1.4913 -0.046637 -0.54969 2.2043 1.3449
0.6988 -0.37838 -0.050231 -0.88678 -0.53911 -0.27131 -0.42129 -0.099846 0.21453 1.3038 -0.56666 -0.018715 0.33233 1.7846 -1.7449 -0.21051 -1.0411 -0.15829 0.32368 -1.0367 0.67541 -1.0227 -0.0030839 -0.84751 2.2627 1.2469 -0.71628 0.47212 0.54637 -0.44405 0.76507 -0.52834 0.20473 0.16574 -1.671 -1.0215 0.02427 0.81054 0.13018
0.6653 -0.63042 -0.068683 -1.0385 -0.25145 -0.46979 -0.37974 -0.044629 0.41169 0.45731 -0.20235 0.69864 0.56674 0.88678 -1.3439 -0.1123 -1.1939 0.094004 0.36748 -0.5279 0.68148 -1.8856 -0.68168 -0.37482 2.3967 0.94327 -1.7881 1.6454 0.70406 0.36579 1.3004 -0.090296 0.33894 0.69805 -1.5277 -1.8689 0.53136 -1.2666 -0.99711
0.69837 -0.35879 -0.57709 -1.1178 -0.99415 -0.69864 -1.0242 -0.56292 -0.048464 0.010322 0.067036 0.45191 0.3623 -0.27206 -0.37202 0.32773 -0.64162 1.2631 0.52937 -0.43528 1.3412 -2.1035 -1.8755 0.14769 1.1495 0.35144 -1.8414 2.0726 0.53215 1.1101 0.86966 0.48239 -0.063975 0.90821 -1.0227 -1.457 0.61551 -2.6986 -1.7112
0.65511 -0.52187 -0.13635 -1.4967 0.1702 -0.80984 -0.71677 0.040535 -0.41921 -0.20306 0.25855 0.96143 0.63485 -0.75505 0.49498 0.39725 -0.11552 1.1864 0.80514 -0.87784 1.6297 -2.4405 -2.4632 0.38523 -0.45699 -0.44153 -0.86771 1.8279 0.41389 1.526 0.25969 0.50839 -0.1517 0.60251 -0.078148 -0.41895 -0.05017 -2.5215 -1.6563
-0.017163 -0.46179 -0.089005 -1.32 0.11106 0.26901 -1.1221 0.63043 -0.70566 -0.62022 0.69049 0.82334 0.31354 -0.81547 1.0862 0.4948 0.42571 0.91472 1.1022 -0.99376 1.8332 -2.6768 -1.8275 0.058506 -1.2933 -1.0501 0.12251 1.128 -0.008859 1.2861 -0.87584 0.019435 0.1418 -0.69678 1.0797 0.90859 -0.72224 -1.3954 -1.2435
0.20088 -0.12702 0.18536 -1.207 0.90958 -0.04294 -1.3019 1.1978 -2.7855 -1.3186 -0.21616 -0.069471 0.21246 -0.44693 1.2353 0.56068 1.0312 0.76918 1.1304 -0.5467 1.519 -1.7391 -1.465 -0.4005 -1.0371 -1.2493 0.58039 0.37888 -0.23627 0.92014 -1.1744 -0.79975 0.77532 -1.9263 2.0818 1.6445 -0.9919 0.24594 -0.50456
-0.17252 0.19668 0.29111 -0.90524 0.92681 0.58081 -1.7262 1.5041 -2.1151 -1.7197 -0.047151 -0.42018 -0.15233 -0.18514 1.3006 0.27479 1.1095 -0.10898 0.438 -0.3434 0.1492 -0.39839 -0.63265 -0.89904 -1.1321 -1.4159 0.69271 -0.19807 -0.48641 0.58207 -1.344 -1.2072 1.1643 -2.5686 2.6592 1.9436 -0.39197 1.4372 0.093662
-0.13732 0.79041 0.08402 -0.46005 0.24233 0.41142 -1.9278 1.3764 -2.5558 -1.2826 0.18404 -0.66133 -0.70623 0.024547 1.0763 0.14457 1.2046 -0.42986 -0.43014 0.25345 -0.98141 0.37666 0.067846 -1.125 -0.072411 -1.1374 0.61819 -0.58905 -0.5908 0.15452 -1.1573 -1.1844 1.1108 -2.1986 1.7977 2.0905 -0.024057 1.7634 0.53763
0.44639 0.73348 0.099703 0.0049516 0.39202 0.42348 -1.2284 0.89225 -1.4868 -1.5115 -0.28066 0.12125 -0.67904 0.25298 0.81121 -0.090432 1.389 -0.9248 -0.4999 0.7989 -1.5218 1.317 1.0981 -0.3459 0.89355 -0.93838 0.30067 -0.70806 -0.20262 0.093351 -0.033246 -0.52742 0.7811 -1.3055 0.40628 1.3335 0.45253 1.9528 0.79857
0.12584 0.67773 0.23746 -0.53005 0.012604 -0.26084 -1.1963 0.055294 -0.73195 -0.71994 -0.73446 -0.37005 -0.76696 0.49926 0.41866 -0.22969 1.1675 -0.9196 -0.73734 0.97355 -1.587 0.8209 1.6384 -0.69413 1.2228 -0.54377 -0.31828 -0.56022 0.38833 0.085097 0.77759 0.15082 0.12061 -0.21202 -0.40436 0.15088 0.32593 0.88046 0.60682
-0.10667 0.72803 0.18516 0.20262 0.00075557 -0.28058 -0.78491 -0.12628 -1.5521 -0.91786 -0.78474 0.74116 -0.76101 0.15069 0.35297 0.15717 1.2934 0.099853 -0.43102 0.76395 -1.8874 0.15813 1.1244 -0.16053 1.8435 -0.31193 -0.83535 -0.38807 0.64044 0.23511 1.271 0.79869 0.18224 1.2289 -0.56848 -0.95778 0.32552 -0.04282 0.34979
0.57151 0.99232 0.051608 0.70088 -0.35325 -0.11649 -0.38191 0.060667 -1.2302 -0.0021498 0.033069 0.6843 -0.93115 -0.50523 0.29621 0.73328 1.4028 0.50823 -0.13051 0.48827 -1.1763 0.19727 0.36897 -0.52169 1.0918 -0.38525 -1.0012 -0.37318 0.54019 0.07215 1.0893 1.4444 0.19938 1.9072 0.23813 -0.96461 0.51614 -1.5405 0.042481
0.51104 0.80515 -0.10505 0.46256 -0.49125 -0.1286 -0.7234 -0.057326 -1.3915 0.24699 -0.93049 0.68996 -0.88346 -0.78984 0.17444 0.57458 1.6933 0.71622 0.8267 1.3755 0.48016 0.55872 -0.041704 0.26307 0.88999 -0.40191 -1.1693 -0.62166 -0.0068979 -0.83948 0.48695 0.79104 0.21978 2.0303 1.2769 -0.53291 0.34808 -2.1451 0.24534
-0.021718 1.2628 0.54893 1.2683 1.212 -0.017505 -0.82269 -1.2942 -2.141 -0.60781 0.13394 1.9317 -1.0351 -0.88483 -0.16315 0.53553 1.0945 0.79405 1.5555 1.0342 0.65317 1.0803 0.43413 0.17765 -1.1406 -0.4206 -0.81122 -0.4959 -0.28894 -1.7297 0.0084738 -0.8782 -0.10474 0.96853 2.0614 -0.29502 0.63353 -1.78 0.87104
-0.60434 0.84228 1.2318 1.3684 0.89834 -0.0014806 -0.40024 -0.29317 -0.2135 -1.2577 -1.6642 0.58331 -1.1022 -1.8272 -0.53767 0.28821 -0.075793 0.87455 0.3407 0.89602 0.84262 2.1466 0.11786 0.23096 -0.99914 0.13878 -0.083591 -0.18585 -0.68826 -2.2475 -0.54417 -2.0012 -0.46152 -0.46776 1.9436 -0.66381 0.1074 -1.3956 1.2591
-0.83041 0.82042 0.34793 1.6973 0.48413 1.0179 1.7729 1.4441 -0.23891 -0.3192 0.32471 0.93811 -1.1755 -1.4866 -0.24067 0.42312 -0.84742 0.46951 -1.6118 0.51887 0.38259 3.3211 -0.23661 0.81712 -1.2469 0.87193 0.59635 0.2831 -1.2976 -1.6461 -0.63839 -2.1279 -0.25667 -1.6097 0.99413 -1.302 0.45648 0.099138 1.2348
-0.46712 0.54176 0.44979 1.3071 0.73927 1.7203 -0.012503 0.15758 -0.5217 0.62999 -0.37612 -1.4045 -1.2272 -0.63227 -0.1192 -0.50996 -1.4079 -0.094188 -1.5603 0.74879 -0.22104 3.1327 -0.92697 0.19411 -1.6288 1.1581 0.9851 0.39553 -1.4811 -0.67832 -0.2011 -1.0419 -0.37344 -2.4511 0.018695 -1.2427 0.48956 0.24611 0.60686
-1.9703 0.36399 0.23728 -0.12885 1.003 -1.0646 0.28714 0.46242 1.6882 -0.092133 0.050729 0.65268 -0.4199 -0.3578 0.14301 -1.255 -1.2231 0.133 -1.7181 0.6111 -1.7 2.4808 -1.4665 1.1581 -0.63216 1.2335 0.69928 0.084156 -1.4244 0.22619 0.21258 0.56244 -0.046475 -1.7422 -1.483 -0.68637 0.69884 0.45253 -0.080769
-1.0498 1.0788 1.0806 -0.15622 0.75926 -2.8625 -0.42641 -0.72294 2.5472 -1.1071 0.16203 0.0032004 0.21185 -0.54226 -0.010848 -1.3783 -1.1196 0.69905 -1.658 0.1322 -2.5105 2.6102 -1.5784 1.0899 -0.84101 1.0234 0.59869 -0.17229 -0.52203 0.88719 0.34933 2.0165 0.11882 -0.3146 -2.6157 0.59887 0.47678 -0.3185 -0.72674
-0.53019 1.0465 -0.17777 0.27174 0.97103 -0.18209 1.3695 -1.0772 1.4029 -2.4165 -0.60527 -0.47139 -0.21967 -0.21519 -0.13912 -1.5506 -0.58579 0.4875 -0.40553 0.72829 -1.5955 0.77782 -1.174 1.8251 -0.79337 0.80189 0.35524 -0.54515 -0.17178 0.6945 -0.16223 2.6231 0.24824 1.5042 -2.9478 1.1706 -0.68994 -0.76439 -0.98073
-1.2724 0.76592 -0.75529 0.53154 0.89762 -0.7218 1.3787 -1.294 2.4434 -1.8913 0.83355 -0.049192 -0.14941 0.42529 -0.28603 -1.2168 -0.12419 0.39388 1.8493 0.90416 -0.83506 -0.96878 0.085142 0.86402 -2.1273 0.10658 0.18279 -0.40082 0.19237 0.29814 -0.59537 1.5758 -0.0074588 2.4145 -2.1877 1.2426 -1.1004 0.15291 -0.73109
-1.7874 0.42453 -1.0466 -0.00014144 1.9438 -0.58879 0.78746 -1.4633 2.9025 -0.67719 1.676 -1.0671 -0.24315 -0.16664 -0.70139 -1.5875 -0.4672 0.013094 1.8076 0.68402 0.16328 -1.3125 -0.062753 -0.10276 -1.3931 -0.019715 0.0014125 -0.13337 0.68082 -0.23036 -0.56651 -0.36175 -0.56515 1.8188 -0.35232 0.72893 -0.92886 1.0847 -0.32425
-0.9051 0.35972 -0.71053 -0.087937 1.1631 -0.013783 0.68593 -1.1612 0.20609 -0.79906 1.5293 -1.6317 0.12185 -0.21315 -0.45076 -0.98472 -0.64284 -0.13029 0.41994 0.1293 0.94419 -0.48583 0.23719 -0.15621 -0.2481 0.15922 -0.12208 0.14832 0.65433 -0.18015 -0.54776 -1.9 -0.51455 0.84664 1.0331 -0.39193 0.20803 2.5657 0.11984
-0.81691 0.54472 -0.34144 -0.29818 1.3042 0.49627 1.766 -0.5839 0.89636 -0.67503 -0.073538 -1.8352 -0.17072 0.11921 -0.29429 -0.45061 -0.74714 -0.26406 -0.38205 0.035183 0.78031 -0.1238 0.15337 0.47459 0.28405 0.21224 0.0033495 0.56016 0.62098 0.25216 -0.15738 -1.8608 -0.26477 -0.40508 1.0726 -0.28771 0.99406 2.3852 -0.056278
-1.2788 0.30759 -1.5159 -0.42741 0.51991 -0.30082 1.0751 -0.8227 1.1178 -2.698 -0.55177 -1.0236 0.058524 0.067276 -0.21785 -0.61482 -0.314 -0.44682 -0.82403 0.24381 0.37787 0.40428 -0.73131 1.0312 1.7912 0.20411 -0.13827 0.68845 0.82497 0.60298 0.083587 -1.1794 -0.13197 -0.99961 -0.11374 0.17267 0.92259 1.2643 -0.4156
-1.2358 0.51446 -1.5748 -0.1766 1.1972 -0.053252 1.5421 -0.04967 2.0305 -1.4015 0.68146 0.018071 -0.11288 -0.28807 0.19844 -0.65943 -0.17882 -0.092252 -1.2602 0.11473 -0.27762 0.28492 -0.090524 1.3609 2.0105 -0.13673 0.23439 0.71988 1.5792 0.38661 0.18889 -0.37491 -0.56073 -0.75998 -1.1551 1.2378 0.068974 0.19574 -0.48036
-1.2683 0.20274 -0.89843 -0.62023 1.0817 -1.6445 0.83213 -1.0001 2.4914 -0.44946 3.0632 -0.44003 0.14326 -0.2548 0.5511 0.58384 0.16086 -0.038048 -1.4678 -0.17117 -0.31746 -0.89783 0.7145 1.3124 1.2381 -0.38941 1.0998 0.40616 2.1478 -0.31548 -0.15085 0.2678 -1.3026 -0.54872 -2.3298 1.4519 -1.0796 -0.87958 -0.005309
-1.2574 0.15395 -1.5523 -0.25617 1.1105 -0.76933 1.3166 -1.1012 1.786 -1.946 2.239 0.75077 0.068072 0.72983 0.62628 1.7126 -0.28838 -0.097242 -0.77773 -0.82949 -0.23275 -1.6555 1.7927 0.50647 0.93289 -0.32739 1.6966 -0.15496 2.1193 -0.63697 -0.7695 1.0065 -1.583 -0.081686 -2.5105 0.58089 -1.9461 -0.59554 0.70679
-1.1441 1.0067 -1.2268 -0.36854 0.94846 -0.95208 1.3303 -1.2525 -0.28908 -0.81749 1.1912 0.071943 -0.29194 1.6217 0.3061 1.9404 -0.83399 -0.69596 -0.49719 -1.7603 -0.6263 -3.0361 1.0926 -0.70941 0.71269 0.29403 1.5372 -0.78968 1.2451 -0.998 -1.0453 0.97048 -1.6463 -0.013265 -1.172 0.0092513 -1.4293 -0.0028773 1.2354
-1.3652 1.1745 0.44797 0.0091656 1.0081 -1.4317 1.2964 -0.51164 0.19937 -0.40402 0.56976 -0.56874 -0.64714 1.9499 0.044368 2.3545 -0.83814 -1.1491 0.3002 -2.0976 -0.26711 -3.3994 0.84493 -1.5613 1.1814 0.76177 0.64174 -1.2128 0.51879 -0.73755 -0.93161 0.68374 -1.1304 0.19379 0.72683 -0.59116 -0.02974 0.42074 1.3287
0.17746 0.70832 0.14792 -1.1575 0.52307 -0.98088 -0.7716 -0.84769 0.093365 0.057442 1.0749 0.89236 0.013924 2.0141 -0.58201 2.4503 -1.3746 -1.4035 -0.033101 -2.6639 -0.32145 -2.2407 1.2358 -0.53403 1.1186 1.2309 -0.28753 -1.1384 -0.16727 -0.26622 -0.44527 0.54268 -0.37223 0.34064 2.1043 -0.76598 1.0807 0.18755 0.83288
0.94778 0.37926 0.34992 -1.4523 0.14182 -1.142 -1.3046 -1.451 -1.6663 -0.22481 1.3849 0.87136 0.70719 1.7428 -1.1187 2.3947 -1.3569 -1.4264 0.39031 -2.5281 -0.034896 -0.66664 0.63728 0.39013 1.5185 1.5322 -1.1238 -0.62674 -0.73505 0.47575 -0.027982 0.26375 0.57831 0.32091 2.5239 -0.98461 1.2137 -0.64906 -0.092193
0.55823 0.23077 1.3661 -1.113 -0.57244 -0.82923 -1.3954 -1.3788 -1.8567 -0.3089 1.0168 1.346 0.89444 1.2016 -1.1668 1.6764 -1.0602 -1.3486 0.57567 -2.2604 -0.12869 -0.4034 -0.21673 0.54875 0.90128 1.3696 -1.4805 0.095926 -1.4161 1.2439 0.16119 0.2592 1.3119 0.52251 2.1748 -0.87643 0.39725 -1.1655 -1.0718
0.6963 -0.093547 0.90519 -1.8317 -0.57871 -0.98587 -1.9393 -1.2756 -0.84326 -0.056461 1.2089 1.4489 0.89096 0.27312 -0.79272 1.5202 -0.13776 -1.2029 0.55577 -1.2157 0.21484 0.47691 -0.25383 0.40217 0.099356 0.53501 -1.0718 0.75702 -1.7868 1.5857 0.18547 -0.031584 1.736 0.68019 1.0393 -0.081004 -0.12894 -1.8441 -1.6477
0.69698 0.031498 2.1214 -1.6821 -0.66992 -0.58158 -1.9415 -0.63826 -0.21621 0.27613 1.5111 1.3182 0.95935 0.00083455 -0.56798 0.49389 0.26403 -1.1949 0.43503 -0.84816 0.49367 1.3204 0.06017 0.3013 -0.31811 -0.14155 -0.55104 1.1344 -1.6977 1.6087 0.22778 -0.19521 1.8846 0.76992 -0.006299 0.65338 -0.46549 -1.9871 -1.7319
0.68293 -0.28157 1.7887 -1.4842 -0.82966 -0.70055 -2.7513 -0.9454 -0.63509 -0.95096 1.3391 0.59375 0.95903 0.35717 -0.045905 -0.045911 0.8478 -1.1384 0.42983 0.040388 0.87677 0.45065 0.37625 0.2831 -1.2736 -0.59051 -0.16078 1.323 -1.8181 1.3531 0.52115 -0.0977 1.6316 0.4965 -0.8976 1.0135 -1.073 -1.7807 -1.5038
0.84843 -0.18749 1.5137 -1.1864 -1.3548 -0.34391 -2.3318 -1.0683 -0.21626 -0.065753 1.6882 1.2917 0.72365 0.14464 0.51428 -0.41899 1.3555 -0.93842 0.28054 0.6674 0.92416 -0.39414 0.72929 -0.3082 -2.0786 -1.0933 -0.3844 1.2208 -1.2676 1.2164 1.1383 -0.13897 1.7293 0.43659 -0.74008 0.89345 -1.1493 -1.1694 -1.2648
0.78033 -0.28424 0.79422 -1.0057 -1.7937 -0.76251 -2.2958 -0.91864 -0.28416 0.068224 1.4667 0.65116 0.56393 -0.08604 1.0616 -1.1091 1.7622 -0.3508 0.46998 1.1036 0.89292 -0.36016 1.3512 -1.4473 -2.3049 -1.6157 -0.92681 0.66856 -0.60211 0.71084 1.6417 -0.37414 1.2305 0.77551 0.21596 -0.035798 -0.88321 0.0076893 -0.8998
1.1526 0.3499 1.5649 -0.22075 -1.9527 -0.26852 -0.92984 0.043947 -1.3552 0.45193 1.3271 -0.3632 0.20431 -0.48179 1.0889 -1.1126 2.0052 0.52307 0.16936 1.8822 1.2714 0.33025 1.2861 -1.1433 -1.9559 -1.8375 -0.99726 0.11164 0.25975 0.17067 1.6367 -0.31614 0.54077 0.68234 0.78701 -0.40892 -0.12992 1.5097 -0.29784
0.65579 0.60556 0.89758 -0.40525 -1.3884 -0.65176 -1.2679 -0.13932 -0.94964 0.85663 0.8057 -1.1384 -0.30318 -1.0452 0.87906 -0.69157 1.8061 1.1655 -0.23058 1.7509 2.097 0.50613 0.060461 -1.0669 -1.3105 -1.7885 -0.62394 -0.84884 0.62025 -0.67471 0.71242 -0.077959 -0.47888 0.0079052 0.84258 -0.54406 0.50552 1.8896 0.65442
0.46963 1.1402 0.81854 0.59957 -0.81374 0.22132 -0.92622 -0.00092327 -0.31032 1.396 -0.47004 -1.0693 -0.73068 -1.2227 0.81099 -0.1366 1.6388 1.3289 0.030825 1.3563 1.5488 0.67345 0.63427 -0.73115 0.22768 -1.524 0.21775 -1.5822 0.69291 -1.5602 -0.51583 0.30415 -1.3079 -0.78579 0.37173 -0.22825 0.41277 1.5249 1.7469
0.078477 0.4642 0.33188 0.90338 -0.1515 -0.79072 0.17916 0.28863 0.29234 0.19112 1.068 -0.70556 -0.85858 -0.86643 -0.33043 -0.48537 0.7203 0.57724 0.41569 0.44928 0.77104 1.0744 0.68209 -0.59148 0.10952 -0.62384 1.0319 -2.0668 0.3172 -2.4278 -1.4113 0.26312 -1.5516 -1.4207 0.023985 0.022179 0.51766 0.78034 2.6272
-0.42867 0.60624 0.8985 0.67258 -0.26621 -0.87921 -0.066072 1.7865 0.031893 -0.30488 0.75507 0.11564 -1.0105 -0.15262 -1.1632 0.02115 -0.27989 -0.10354 0.48701 0.046693 0.52738 0.75924 0.57524 -0.50805 0.16548 0.63974 1.488 -1.9133 0.052581 -2.8669 -1.5381 0.061952 -1.608 -1.1429 -0.43578 -0.50005 0.41143 -0.23007 2.8455
-0.28411 1.0276 1.1956 1.054 -0.41393 -0.23295 -0.31814 0.46606 -0.32066 1.9924 0.54448 0.62214 -0.99202 0.35638 -1.8668 -0.18038 -1.6332 -0.68062 0.10003 -0.54179 0.061789 0.5168 0.1618 -0.091822 0.17448 1.729 1.5164 -1.063 0.11614 -2.2961 -0.77055 -0.18438 -1.1501 -0.58928 -0.74662 -0.84803 0.65979 -0.47505 2.2208
0.44685 -0.33805 0.51692 0.15115 -1.4937 0.58269 -0.83895 0.37755 0.18383 1.5462 0.11875 -1.7087 -0.28578 0.95288 -1.8763 -0.15454 -2.3778 -0.83704 0.34496 -1.2025 -0.14412 0.13381 -0.017681 -0.11075 -0.22033 2.2809 0.90155 -0.09873 -0.12643 -1.2533 0.073559 -0.5025 -0.71003 0.17137 -0.56224 -1.4451 1.0497 -0.54958 1.0025
0.52086 -0.65524 0.84667 -0.66292 -1.0285 -0.18763 -1.0484 0.45742 0.3923 1.2468 -0.24192 -0.83147 0.51945 1.4209 -1.8921 -0.15357 -2.3909 -0.4437 0.15029 -1.1137 0.052293 -0.020906 -0.58917 0.58614 -0.56638 2.4441 0.10609 1.1874 0.56767 0.1953 0.72755 -0.52189 -0.23949 0.59454 -0.40944 -0.93738 1.2494 -0.19751 -0.48927
0.58224 -1.1025 0.29684 -1.2264 -1.2487 -0.46831 -1.0523 0.45265 0.57367 0.4164 0.5069 -0.037902 1.0091 1.0087 -1.3255 -0.16585 -2.1734 -0.062236 -0.51089 -1.0221 0.8422 -0.030185 -1.7419 1.3237 -0.4708 2.0396 -0.626 2.0905 0.9279 1.2462 0.76203 -0.33714 -0.19347 0.23725 -0.35579 0.080973 1.1043 -0.25493 -1.8547
0.97275 -1.1563 0.58738 -1.6987 -1.0587 -0.44252 -1.5972 0.9182 -0.040983 -0.02539 1.3543 -0.48524 1.116 0.53883 0.0080799 0.8465 -1.3855 0.29066 -0.48361 -1.0962 0.63783 -0.16968 -0.71217 1.7685 -0.055584 0.99771 -1.1223 2.8365 0.9751 2.1079 0.49078 -0.07915 0.25511 -0.16922 -0.43913 1.0521 -0.20414 0.066508 -2.9098
1.4172 -1.0315 1.117 -1.498 -0.83455 -0.09967 -1.6212 1.5399 -0.31621 0.39666 1.152 -0.68836 1.2508 0.23922 0.9566 0.98675 -0.62828 0.21766 0.019901 -1.5883 -0.0086383 -0.45853 0.22642 1.5801 -0.93726 -0.23641 -1.3689 2.5678 0.34354 2.9236 0.42144 0.51339 1.1473 -0.57848 -0.35955 1.2615 -1.4347 0.64823 -3.2486
0.86133 -0.68877 0.60082 -1.5583 -0.93495 -0.58462 -1.8881 0.9946 0.1076 0.072828 1.6676 -0.98791 1.2053 -0.27441 2.0986 0.99272 0.64873 0.34097 -0.24105 -0.35868 0.17677 -0.63153 0.43896 0.073952 -0.19996 -1.5039 -1.5915 1.3448 -0.75452 3.0912 0.55631 0.53332 1.8227 -0.30451 0.15173 0.52893 -2.1006 1.1705 -2.7373
0.98876 -0.32482 1.8423 -1.7409 -1.0227 -0.11833 -2.5293 0.75774 0.35275 1.0923 1.7456 -1.4596 0.85103 -1.1246 2.2751 0.39644 2.0982 0.71012 0.42715 0.76962 0.037596 -0.47311 0.089333 -0.72037 0.81086 -2.3883 -1.5347 0.13744 -1.164 2.6941 0.98689 0.32981 2.3423 0.1619 0.37817 -0.10906 -2.0613 1.6322 -1.5344
0.76301 0.36379 1.4845 -1.5264 -0.7068 -0.31699 -3.5054 0.20221 -0.38237 1.2219 1.6162 -1.3646 0.2017 -1.7342 1.7836 -0.11315 2.8435 1.0892 0.41197 1.1635 0.071065 0.13347 0.38296 -1.3293 1.2461 -2.7107 -0.96447 -1.0013 -1.5964 1.5096 0.98669 0.1932 1.7749 0.13456 0.20443 -0.1759 -0.97384 0.93567 -0.091762
0.36171 1.3631 1.1397 -0.025389 -0.6403 -0.95531 -0.27061 1.4876 -0.6265 0.1967 0.31326 0.47527 -0.76543 -1.8799 1.3662 -0.41994 3.1476 1.6776 0.38551 2.0728 0.33728 -0.1157 0.078972 -1.8862 1.3697 -2.3132 -0.048139 -1.5755 -1.1371 -0.095298 0.43594 -0.1966 1.0453 0.14844 -0.07822 -0.28407 -0.18294 -0.1642 1.1408
-0.41477 0.92348 0.94972 1.2618 0.31423 0.82276 -0.23251 1.2715 -0.57124 -0.065263 0.73317 0.34182 -1.2045 -1.6826 0.74642 -1.3032 2.8531 1.6909 0.19863 2.3381 0.27095 -0.41443 0.14277 -1.2953 1.2619 -1.6981 0.84775 -1.5793 -0.12246 -1.5723 -0.46498 -0.064574 -0.13556 -0.31346 -0.33681 -0.28308 0.55215 -0.98244 1.8602
-0.80923 0.4881 0.9269 1.4004 0.60336 -0.0020023 -0.87235 1.2247 0.72763 1.5294 -2.431e-05 0.035613 -1.1433 -1.2276 -0.050958 -0.92192 1.9172 1.2333 0.17296 2.1498 0.20658 -0.33944 -0.29575 -1.0781 0.50928 -0.89509 1.3343 -0.99445 0.4416 -2.4671 -1.3312 -0.11248 -0.71549 -0.91221 0.036407 -0.50413 0.84845 -1.3047 1.7957
-1.1113 1.001 0.67758 1.3388 1.3113 -0.33243 0.55184 0.90364 -0.29318 0.4015 -0.091802 -0.077041 -0.86987 -0.4671 -0.35945 -0.028924 0.60886 0.48385 0.42146 0.85755 -0.42328 -0.38539 0.067016 -0.57636 -0.13128 -0.162 1.2805 0.002245 0.78704 -2.3718 -1.3262 0.039057 -0.64725 -1.0723 0.42384 -1.4332 0.89502 -0.81316 1.252
-0.55907 0.86341 0.24228 1.2422 0.91672 -0.049962 0.19434 0.83888 -0.94581 1.5017 0.79501 0.11234 -1.1513 0.01276 0.12484 -0.25287 -0.19991 -0.13426 0.081487 1.448 -0.94943 -0.05309 -0.80293 -0.48508 -0.33748 0.063647 0.67989 0.67031 0.37477 -1.6163 -0.82716 -0.1288 -0.41032 -0.91747 1.169 -1.3706 0.75375 -0.11809 0.56395
-0.71132 0.58115 0.61089 1.2163 0.63266 -0.2055 0.73071 1.1062 -0.90583 -0.29195 -0.24729 -0.045038 -1.1497 0.097412 0.66616 -0.23888 -0.3855 -0.031542 0.35487 1.4531 -1.072 0.25434 -2.2738 0.26368 0.19093 0.016483 -0.34154 0.78595 -0.1685 -0.79235 0.17012 -0.5499 -0.0058203 -0.46783 1.8018 -0.97784 0.3346 0.3477 0.18532
-0.39447 0.83027 1.5448 1.2178 0.13216 0.52006 0.65397 0.97714 -0.57756 0.52645 -0.24607 0.50024 -1.068 -0.22959 0.65167 -0.12777 -0.51524 -0.00044717 -0.019007 1.0645 -1.1123 1.5659 -1.6776 0.06956 0.13982 0.0060259 -0.55974 0.28173 -0.46891 -0.49931 0.59298 -0.64837 -0.84138 0.0013927 1.6277 0.85305 0.53708 0.22838 0.13236
-0.78031 1.0565 0.13141 1.0679 0.6072 0.59901 1.9309 -0.29759 0.40957 -0.57323 0.15922 -0.55465 -1.052 -0.97022 0.80163 -0.33751 -0.6715 0.75373 -0.59587 1.0273 -1.1785 2.2305 -1.3079 -0.13999 0.2835 0.19486 0.10463 -0.77285 -0.7969 -0.97321 0.11906 -1.0226 -1.601 0.28445 0.55992 2.0193 0.42675 0.12231 0.63527
-0.87909 1.6414 0.45197 0.8847 1.309 -0.15802 1.307 0.099077 0.63346 -1.57 0.68716 0.5935 -1.0193 -0.48458 0.57004 -0.9667 -0.96446 0.58508 -0.7077 0.057501 -0.89108 2.0541 0.35141 0.843 0.048914 0.20986 1.3711 -1.7394 -0.65351 -1.2684 -0.8034 -0.82784 -2.243 0.80217 -1.3446 2.1966 0.027871 -0.09259 1.3067
-1.2927 1.4775 0.4811 0.67888 1.1002 -0.54146 1.7945 -0.08576 1.2323 -0.45039 0.015772 0.049454 -0.97761 0.43254 -0.68666 -1.1472 -1.9263 -0.081135 -1.3138 -1.0844 -0.66973 1.0803 0.5462 0.7784 0.47282 1.0297 2.34 -2.6301 -0.51614 -1.2465 -1.985 -0.16927 -2.4052 1.1492 -2.5438 1.5449 -0.47111 -0.94971 1.7555
-1.8396 1.4145 0.12108 0.47083 1.8855 -0.64329 1.5688 -0.13971 1.5187 -0.01717 0.11666 0.55256 -0.95298 1.6382 -1.7453 -0.80386 -2.1877 -1.0309 -1.2836 -2.1356 0.074996 -0.40115 1.564 -0.3009 -0.11601 1.8781 2.236 -2.5334 0.059514 -0.73612 -1.9574 0.58652 -1.5488 1.7114 -2.6729 -0.2285 -0.68642 -0.99861 1.7942
-0.48095 1.0605 -0.19502 0.053931 0.60751 -0.29287 0.30227 0.2153 1.3771 0.71448 1.07 -0.16644 -0.89675 2.3442 -2.7921 -1.2634 -2.32 -2.0522 -0.61414 -2.4391 0.40267 -1.3585 1.0266 -0.49597 -1.381 2.4354 1.2447 -1.5203 0.38976 0.27367 -1.2429 1.4219 -0.15262 1.8178 -1.5458 -1.2794 -0.41329 -0.71286 1.0352
0.57068 -0.31182 -0.071659 -1.5619 -0.1927 -1.0494 -0.76102 -0.46413 0.56614 0.18848 0.73628 1.1279 0.53457 2.7414 -2.9538 -0.76211 -2.1038 -1.9929 0.14805 -2.2073 1.6455 -1.788 -0.28924 0.11355 -0.86164 2.6494 -0.42975 -0.22283 0.51287 1.2128 0.073257 1.959 1.3343 1.153 0.10632 -1.8849 -0.0091579 0.087046 -0.021162
1.1256 -0.5911 -0.65663 -1.1764 -0.4137 -1.1614 -0.95363 0.097 -0.35602 0.74941 -0.6956 -1.019 1.035 2.2145 -2.8273 -0.45307 -1.4765 -1.8537 0.84689 -1.3483 1.8087 -1.15 -0.90769 -0.23896 -0.46316 2.4587 -1.6415 1.0944 0.75803 2.1018 1.1699 2.3289 2.2288 0.46014 1.002 -0.91186 0.121 0.34476 -1.1884
1.1942 -1.3455 -0.86673 -1.5328 -1.3837 -0.68537 -1.5225 0.77614 -0.59148 -0.52945 0.14621 -1.3279 1.2268 0.91429 -2.127 -0.28212 -0.41757 -0.97098 1.9368 -0.16661 1.4431 -0.29567 -0.99015 -0.41612 -0.40377 1.8333 -2.0108 1.5951 0.23323 2.2573 1.5005 2.1274 2.376 -0.6314 1.2001 -0.045819 0.52119 0.22456 -1.7878
1.3955 -1.3596 0.0017633 -1.5018 -0.64627 0.061599 -0.64673 2.2006 -0.2097 -0.597 0.832 0.074042 1.3675 0.20942 -1.2233 -0.15448 0.63799 -0.39362 3.1823 0.74794 1.332 -0.19605 -0.31096 0.047356 -0.96197 0.76854 -1.3113 1.6448 -0.53452 1.869 1.7714 1.0383 1.6225 -0.94686 0.52554 0.25065 0.98805 0.15935 -1.7358
0.94321 -1.6313 -0.513 -1.2519 -0.8471 0.53288 -0.54735 1.2654 0.76164 -0.5012 0.10863 0.4101 1.4294 0.00703 -0.8685 -0.46589 0.92149 0.052792 3.2681 1.2305 0.75375 0.019262 -0.64389 1.0643 -0.18662 0.37108 -0.29251 1.0917 -1.3154 1.131 1.5558 -0.71378 0.35435 -1.0308 -0.3033 -0.29843 0.97123 0.15269 -1.2083
0.94371 -1.5679 -0.59841 -0.80884 -0.93532 1.7254 -0.30685 0.86568 0.63843 -0.12409 0.30888 -0.74683 1.4707 0.2356 -0.47925 -1.2373 1.2337 0.90676 2.2906 1.013 0.45736 -0.3026 -0.57853 1.0659 -0.26677 0.1573 0.18285 0.50768 -1.3974 0.46125 1.4731 -2.2119 -0.45328 -0.87611 -0.46171 -1.0985 0.53681 0.81201 -0.55439
1.1948 -1.7302 -0.49017 -0.68584 -0.832 2.3254 0.16032 1.1713 -0.91604 0.24554 0.21186 -1.3256 1.4672 0.36832 -0.52166 -1.961 1.3283 1.2559 0.98727 0.36057 0.033866 -0.80956 -1.3886 1.0854 -0.45873 0.02928 0.12902 0.24741 -0.72189 0.090428 1.2434 -2.7464 -0.76996 -0.63359 -0.16842 -1.1631 -0.25945 1.3852 -0.29585
1.3092 -1.8021 -1.4972 -0.2257 -0.52802 2.1356 0.5663 1.5814 -0.3769 -1.0443 1.3296 -1.0533 1.465 0.38226 -0.47532 -1.7683 1.2659 1.7303 -0.069417 0.31412 0.12287 -0.64924 -1.9782 1.1625 0.68658 -0.026443 -0.21093 0.1604 0.29126 -0.28098 0.62795 -2.2279 -0.63398 -0.69527 0.52887 -0.80603 -0.92216 1.9307 -0.15026
1.637 -1.8655 -1.9722 -0.24051 0.53614 1.4472 -0.2976 2.0064 -0.49366 -1.4811 1.6775 -0.44747 1.4156 0.18682 -0.41958 -1.399 1.0654 1.9454 -1.0131 0.11184 -0.21299 -0.11877 -2.1053 0.51931 1.9096 -0.050677 -0.3553 0.2058 1.2867 -0.52738 -0.2023 -0.98655 -0.43151 -0.58804 0.64161 0.3773 -1.5028 1.4008 -0.096049
1.5333 -2.0484 -2.0496 0.13871 1.0545 1.0999 -0.2916 1.5158 -0.58118 -2.1065 1.3771 -0.044947 1.4304 -0.054404 -0.23672 -0.97285 0.85278 1.7381 -1.1333 -0.073394 -0.66385 0.36316 -1.7088 -0.49797 2.1313 -0.061681 -0.3842 0.17676 1.1963 -0.59518 -1.4046 0.2011 -0.31799 -0.49663 0.29714 1.1845 -1.4988 -0.24347 -0.11803
1.1515 -2.1068 -2.0488 0.36011 1.1548 1.1397 0.3041 0.75657 0.19511 -2.1424 0.97274 0.90449 1.4319 -0.063301 -0.26531 -0.099626 0.57647 0.90605 -0.42178 -0.27328 -0.62506 -0.090786 -0.78241 -1.1143 1.4208 -0.11724 -0.050554 0.17069 0.81599 -0.72585 -2.0184 0.74871 -0.05524 0.11504 -0.013961 1.5593 -0.73999 -1.4279 -0.15619
1.274 -1.9771 -1.7465 0.3886 1.4623 1.0725 0.1406 0.7814 -0.25396 -1.9469 0.73625 0.87228 1.4236 -0.19653 -0.22931 -0.31464 0.42927 -0.29999 0.069567 -0.10608 -0.55938 -0.091598 -0.37798 -1.0425 0.49066 -0.19575 0.37541 0.22807 0.27364 -0.79473 -2.0449 0.5908 0.13864 0.72535 -0.010057 1.5431 0.15956 -1.6295 -0.16767
1.2964 -1.9518 -1.9474 0.32195 1.4363 1.1333 0.087317 0.95258 -0.52147 -1.9822 0.030253 0.77842 1.3887 0.17616 -0.11112 -0.27943 -0.040491 -0.7109 -0.084535 0.012713 -0.056228 0.090206 0.1971 -0.68417 0.098247 -0.25299 0.46709 0.32311 -0.22672 -0.72887 -1.6842 -0.012487 0.3175 0.65199 0.34029 1.1854 0.48954 -1.1963 -0.12241
1.522 -2.2376 -1.7836 0.41544 0.73811 1.6216 -0.4369 1.4277 -0.63339 -2.1339 0.76138 0.39159 1.2915 0.53842 0.1021 -0.36787 -0.28107 -1.1773 -0.087782 0.035077 0.3556 0.26166 0.73888 -0.35599 -0.21216 -0.28324 0.39407 0.36572 -0.0097956 -0.50059 -1.181 -0.34105 0.53819 0.11631 0.39611 1.0486 0.35675 -0.60915 -0.051607
1.2415 -2.1966 -2.7166 0.41111 0.047495 1.2468 -0.3577 1.0133 -0.38751 -2.1535 0.64648 0.20824 1.1974 0.45272 0.15672 -0.41925 -0.39147 -1.7179 -0.3357 0.24613 0.0897 0.38606 0.9227 -0.42823 -0.43099 -0.28374 0.03763 0.33269 0.2764 -0.23231 -0.79447 -0.34586 0.78983 -0.665 0.1247 0.9088 -0.059268 -0.29887 0.011261
1.7464 -2.0981 -2.0657 0.038273 0.53979 0.71549 0.37811 1.0199 0.11546 -1.6315 0.45143 0.7825 1.2096 0.41252 0.30154 -0.21756 -0.30511 -1.9367 -0.45466 0.78487 -0.42107 0.51982 1.265 -0.41169 -0.36164 -0.26677 -0.28456 0.20709 0.52458 -0.068628 -0.30144 -0.16 0.69167 -0.83826 -0.31234 0.74068 -0.19598 -0.20545 0.074598
1.9012 -1.7636 -2.2031 0.055335 -0.27008 1.2041 0.38004 1.186 0.41532 -0.90815 0.39107 0.80244 1.1664 0.32182 0.39421 0.16524 -0.45269 -1.7628 -0.56054 1.1217 -0.85824 0.20571 1.6763 -0.74513 -0.36985 -0.23765 -0.47319 -0.00030984 0.36774 -0.046571 0.069018 0.1827 0.061786 -0.6321 -0.6444 0.43042 -0.25468 -0.2571 0.05689
1.679 -1.8715 -2.1926 -0.023553 -1.0057 0.74875 0.23094 0.90682 -0.37799 -1.1098 -0.092279 -0.017284 1.1264 0.085815 0.36134 0.28694 -0.37837 -1.6826 -0.26303 0.89541 -0.67159 -0.23249 1.7876 -0.5649 -0.61271 -0.17192 -0.47211 -0.18801 0.17004 -0.036384 0.49881 0.38583 -0.57452 -0.26647 -0.34451 -0.094749 -0.076941 -0.28959 0.0039984
1.7782 -1.8063 -2.2147 0.17952 -1.4401 0.93837 1.1562 0.49687 0.047746 -0.73895 0.02185 0.2337 1.0649 -0.25371 0.12985 0.0055783 -0.44282 -1.6935 -0.033668 0.29687 -0.91636 -0.4519 1.5024 -0.83859 -0.77101 -0.22778 -0.27815 -0.14643 -0.031534 0.055476 0.81265 0.41969 -0.96857 -0.052218 0.4958 -0.64159 -0.052356 -0.031118 -0.10448
1.8202 -1.8754 -1.7958 -0.23998 -1.5237 0.83594 1.1151 0.30211 -0.35542 -0.16399 0.11867 0.0072929 1.0121 -0.16749 0.097403 0.19902 -0.37958 -1.032 0.086071 0.099033 -0.86741 0.20331 1.2035 -0.48978 -0.68671 -0.26084 -0.11683 0.069565 0.061573 0.026478 1.0439 0.088665 -1.1646 0.10997 1.1165 -0.95338 -0.30819 0.29616 -0.18919
1.417 -1.6911 -2.4063 -0.13584 -1.7821 0.80628 0.89912 0.53936 -0.38925 0.10033 0.063293 -0.15353 1.0776 -0.057643 0.26503 0.19896 -0.35533 -0.57336 0.1368 -0.32413 -0.85137 0.93623 0.78963 -0.85742 -0.38029 -0.37208 -0.10063 0.34776 0.45319 0.012715 1.0902 -0.23366 -1.0618 0.57272 1.1745 -1.1228 -0.37836 0.57624 -0.20151
1.5585 -1.9151 -2.053 -0.57405 -1.8984 0.91254 0.40781 0.043666 -0.21537 0.15246 -0.80266 0.060417 0.92801 -0.21753 0.4231 0.34028 -0.37785 -0.304 -0.13852 -1.0092 -0.50417 1.199 0.37777 -1.1515 -0.24998 -0.42684 -0.16515 0.49713 0.90179 -0.035281 0.87979 -0.62207 -0.76472 0.5323 0.53856 -1.0349 -0.26317 0.45581 -0.21207
1.8026 -1.6003 -1.8949 -0.16588 -1.7494 1.3137 0.57656 0.22373 0.8516 0.2003 0.052902 -0.32077 0.86011 -0.40378 0.5993 0.75912 -0.42434 -0.033907 -0.35638 -1.1695 -0.067922 1.2858 -0.17007 -1.2467 0.08691 -0.4934 -0.22892 0.71988 0.99829 -0.001515 0.7552 -1.1172 -0.33012 0.51399 -0.66471 -0.33964 0.3508 0.23587 -0.21905
1.66 -1.5263 -1.9827 -0.32978 -1.8714 0.73839 0.13705 -0.32055 0.84649 -0.36203 -1.2408 -0.31793 0.6702 -0.28982 0.8326 1.5153 -0.41262 0.33608 -0.87928 -0.93653 -0.30159 1.058 -0.23641 -0.79939 -0.066849 -0.56726 -0.22784 1.0766 0.99387 0.14627 0.59033 -1.1792 0.073834 0.20547 -1.9943 0.3162 0.63989 0.43576 -0.47331
1.3617 -1.3203 -1.6837 -0.44069 -1.8336 0.60788 -0.33002 0.1269 1.1448 0.092486 -1.0128 0.086683 0.65285 -0.4358 1.3653 1.3739 -0.34436 0.51596 -1.6952 -0.99619 -0.027964 -0.24589 0.48684 -0.28677 -0.025311 -0.68116 -0.52877 1.2612 0.94097 0.68833 0.57637 -0.47241 0.57121 0.4979 -2.3976 0.59396 1.2252 0.64914 -0.83864
1.0734 -1.1913 -1.0142 -0.89542 -1.5287 0.41072 -0.57877 0.56878 0.74664 -0.2477 -1.1273 0.15605 0.55721 -0.6138 1.9901 1.7878 -0.15674 0.5282 -1.7955 -0.96707 -0.15293 -1.8094 0.67509 -0.29572 0.6225 -1.157 -0.94394 0.96881 0.67343 1.4199 0.72835 0.63801 0.73359 0.56062 -1.9778 0.39104 1.2964 0.64933 -1.0688
1.3548 -0.79305 -0.60067 -0.58527 -1.2309 -0.17348 -0.22435 -0.31553 0.91271 0.022353 -0.69944 -0.44525 0.44613 -1.2152 2.3042 2.2867 0.6901 0.95156 -0.81087 -0.084051 0.75358 -1.8198 0.5233 1.0298 0.95341 -1.6616 -1.0019 0.27029 0.59355 1.9421 0.81795 1.7762 0.85079 0.54068 -0.61747 -0.06446 1.0382 0.39619 -0.89823
1.2418 -0.14813 -0.9098 -0.7332 -1.1997 -0.99381 -1.0362 0.046689 -0.68676 1.1635 -0.78513 -0.032466 0.10302 -1.6477 2.1183 2.2622 1.6368 1.4784 -0.012849 -0.015115 0.316 -1.8981 0.51217 1.2156 0.6553 -1.9427 -0.87761 -0.65748 0.063227 1.6818 0.72431 1.9893 0.69123 0.69884 0.57043 -0.33334 0.6585 0.0070162 -0.26916
0.93359 0.82778 0.059145 -0.12421 -1.213 -0.45717 -0.82805 -0.15153 -1.5164 0.47845 -0.81702 0.80667 -0.62888 -1.7745 1.7935 2.2025 2.2708 1.5653 0.99879 0.12713 0.71014 -1.3645 0.4769 1.1049 0.70144 -1.8557 -0.27312 -1.4359 -0.6297 0.4545 0.14745 1.3904 0.61462 0.19028 1.4855 -1.0533 -0.31572 -0.63905 0.54959
-0.4074 0.7724 0.69674 0.71764 -0.29426 0.48922 0.44153 1.3417 -0.38911 -0.093151 0.34957 0.99704 -1.1055 -1.958 1.0604 1.9828 2.0937 1.5741 1.3114 0.22466 1.1251 -0.94701 0.10029 1.0404 0.77159 -1.527 0.4842 -1.7181 -1.1942 -0.78095 -0.29759 0.50421 0.45952 -0.020839 1.9707 -0.98655 -0.92435 -0.98215 1.2343
-0.63184 0.57974 0.7903 1.418 0.57727 0.6482 -0.8351 0.096634 -0.92638 0.81382 0.19872 0.30782 -1.1329 -1.5567 0.24084 1.3865 1.2808 1.1989 1.3407 0.94837 0.69301 0.5301 -1.2252 0.50608 -0.27697 -0.90426 1.2188 -1.7489 -1.855 -1.632 -0.65985 -0.32759 0.23643 -0.71097 1.4745 -0.59606 -1.4794 -1.0871 1.6375
-0.41532 0.76126 1.2563 1.562 0.39156 1.1737 -0.37272 1.0892 -0.7395 0.55598 -0.13935 0.59244 -1.094 -0.84113 -0.20803 0.65855 0.71445 1.1409 0.85715 0.43303 0.28981 0.90031 -0.46547 -0.3364 -0.66252 -0.25548 1.6679 -1.3267 -2.214 -1.7886 -1.0256 -0.72088 0.23263 -0.79382 0.93828 -0.26512 -1.2121 -0.58638 1.6661
-0.73148 0.5604 1.0724 1.3149 0.55816 0.37651 -0.15511 0.85703 -1.0597 0.54526 0.38474 0.71147 -1.1437 -0.047822 -0.73062 -0.28456 0.0024667 0.59707 0.60299 0.45949 -0.14501 0.51647 -0.33321 -1.189 -0.58265 0.37675 1.166 -0.48777 -1.751 -1.2499 -0.77825 -0.99339 -0.16784 -0.76101 0.11766 0.50067 -0.52795 -0.25981 1.1005
-0.59334 0.46035 0.5784 0.44606 0.026331 0.63815 0.91165 0.65542 0.1524 -1.2708 -0.49582 -0.30198 -1.07 0.41011 -0.84877 -0.94893 -0.50871 0.019738 0.27062 0.89846 0.12267 0.84746 -0.81519 -0.54969 -0.15034 0.75076 0.20024 0.17329 -0.67394 -0.31334 -0.38854 -0.72679 -0.11286 -0.92059 -0.21588 0.7183 0.11071 -0.40368 0.34815
-0.49279 0.67432 1.1603 1.4494 1.0896 1.0863 -0.39366 0.54648 -0.09493 0.5571 -0.84762 0.3809 -1.0742 0.0043622 -0.31705 -0.7799 -0.37386 0.35775 -0.32072 0.38707 -0.58598 0.78777 -0.077028 -0.43101 -1.0036 0.52146 -0.71932 0.78599 0.67069 0.62041 0.14445 -0.40244 -0.47462 -0.92362 -0.88022 0.7771 0.56203 -0.39901 -0.3466
-0.51195 -0.48322 0.19375 1.0918 0.81992 1.4739 0.75265 0.92223 -0.24006 0.13074 -0.84341 0.23204 -0.51852 -0.48131 -0.097942 -0.20988 0.33171 0.57322 -0.10241 0.24472 -1.1386 0.3633 0.78983 -0.45786 -1.1888 0.28502 -1.1241 0.79734 1.1072 0.67428 -0.014404 0.0097236 -0.51197 -0.44187 -1.0276 0.10716 0.11205 -0.66508 -0.75197
0.15483 -0.13057 -0.13904 0.75117 0.20016 0.71598 0.50781 0.51403 0.055597 -0.33661 0.17714 0.41683 -0.27894 -0.93083 0.31853 0.54448 0.70168 0.61004 0.016891 -0.12283 -1.1687 -0.90281 0.35844 -0.057812 -0.79153 0.0072029 -0.95951 0.52895 1.1247 0.1188 -0.24658 0.69287 -0.41235 0.30714 -0.42674 -0.2988 0.13209 0.63735 -0.74574
-1.005 0.97555 0.87024 1.04 1.1822 0.11701 0.11019 0.19599 0.16966 0.58496 -0.5812 -1.1563 -0.97782 -1.2058 0.27853 0.33887 0.17046 -0.10791 0.15365 0.17353 -0.37605 -0.24814 -0.801 -0.47603 -1.4768 -0.30362 -0.45517 0.16466 0.75084 -0.62179 -0.34451 0.85867 -0.15466 0.72124 0.43623 -0.56616 0.3343 0.95435 -0.46978
-1.5705 0.31215 0.95526 1.7921 1.3665 0.68548 0.63272 -0.82217 -0.41495 1.0858 -0.64257 -0.82919 -0.98993 -1.41 0.45458 0.92582 -0.081843 0.27118 0.96959 -0.36868 -0.41362 0.2922 0.18545 -0.12084 0.32972 -0.48482 0.49053 -0.38602 -0.20036 -1.0451 -0.59691 0.39948 0.22923 0.84751 1.0168 -0.5426 0.80128 0.9914 0.090267
-1.4651 0.77957 1.4125 1.569 1.0831 1.4088 0.17493 -0.23889 -1.4968 -1.0769 -0.76943 -0.42039 -0.95828 -1.0779 0.13531 0.93599 -0.4058 0.13599 1.1712 0.064013 -0.21959 0.60123 -0.16032 0.28673 0.026448 -0.28685 1.3491 -0.24671 -0.54388 -0.90722 -0.64538 -0.65648 0.18937 0.57811 0.7191 -0.3163 1.1093 0.72568 0.4962
-1.561 0.17811 0.55743 1.1223 0.33505 1.4353 0.34493 1.0991 0.43148 -0.51615 -1.3978 -1.382 -1.05 -0.067557 -0.30416 -0.054947 -0.90568 -0.58128 0.33957 0.35484 0.27611 0.60899 -0.95415 1.2254 0.30126 0.16059 1.5149 -0.1898 -1.2877 -0.66508 -0.74289 -1.5211 0.40094 0.34148 0.49435 0.12172 1.1263 0.24762 0.51287
-1.8828 0.18115 1.118 0.53298 1.3924 2.3167 0.024139 -0.055248 0.63464 1.1885 0.1106 1.8029 -0.82059 0.65121 0.21546 -0.062963 -1.0636 -0.8399 -0.81212 0.15926 0.3188 0.9654 -0.79708 1.143 -0.10978 0.24552 1.0692 0.19144 -0.80955 0.040285 -0.4391 -1.2654 0.18538 -0.28697 -0.36922 0.63721 0.83551 0.81408 0.2104
-1.2981 0.68346 1.415 0.56995 0.74089 1.1128 0.81166 -0.35302 0.62696 -0.44776 0.51515 -1.297 -0.84162 0.56268 0.074962 -0.74736 -0.96058 -0.57786 -1.0491 0.33161 -0.067587 1.0558 0.76321 1.7777 0.86611 0.15 0.27785 0.29659 -0.22704 0.69003 0.025843 -0.38061 0.3676 0.10375 -1.154 0.085828 -0.045714 0.19793 -0.14428
-1.1562 0.3894 0.56887 0.52025 0.28222 0.15714 0.84106 0.29211 -0.057028 -0.82973 0.52738 -1.0194 -0.85074 0.61316 0.29545 -0.067336 -0.30909 -0.64577 -0.63329 0.41556 -0.55992 -0.31437 0.21159 1.7448 1.2604 0.090351 -0.34479 -0.12538 0.0036484 0.91182 0.49726 0.54009 0.58001 0.43976 -1.3888 -0.18766 -1.3133 0.21132 -0.21062
-0.60259 0.78542 1.1252 0.69948 -0.0080765 0.19784 0.39627 -0.14761 0.42316 -0.49899 -0.1138 -0.62704 -0.71693 0.48209 0.19563 -0.39957 -0.037473 -0.60606 -0.47879 0.9115 0.90423 -0.93173 -1.2667 0.86322 -0.0074749 -0.010333 -0.53398 -0.049388 0.72246 0.77073 0.70514 0.74581 0.48982 1.0005 -0.59118 -0.41764 -2.2368 -0.68041 -0.19535
-1.2535 0.43821 -0.049665 0.072348 0.47529 1.1008 0.61642 0.34732 0.77606 1.0159 1.3664 1.5931 -0.9162 0.061136 -0.067956 -0.18655 0.12181 0.11071 0.015476 0.95613 0.62443 -0.66688 -0.10563 -1.0436 0.72813 -0.038875 -0.67641 -0.22138 0.59284 0.43692 0.95326 0.25241 0.0044683 0.97162 0.359 0.25525 -2.1359 -0.98571 -0.21099
-1.0234 0.49591 1.3184 0.82505 -0.15732 1.4407 1.024 -0.22526 -0.19035 0.047482 1.0484 0.81551 -0.87371 -0.14443 0.17096 0.59994 0.2155 0.3615 0.1508 0.97745 1.1377 0.11888 0.165 -1.3536 -0.11653 -0.12323 -0.45184 -0.13696 0.91394 0.39248 0.73094 -0.0064841 -0.69018 -0.031302 0.89857 0.92807 -1.2989 -1.0482 -0.14813
-1.0945 0.63641 0.71134 0.46038 0.65928 0.94935 2.0002 1.4064 -0.8797 -2.0055 1.0217 -0.4623 -0.79193 -0.32229 -0.08886 0.49747 0.35168 0.64291 -0.41079 0.38012 1.069 -0.15072 0.0066732 -1.4668 -0.49872 -0.21839 -0.06136 -0.07228 0.29571 0.14961 -0.0053243 -0.40695 -1.4841 -0.32888 0.7982 1.1781 0.11394 -1.0995 -0.098243
-1.0625 0.49528 0.93943 0.81484 0.82161 0.21903 1.9721 0.0074071 0.10722 0.010298 -1.9594 -0.81997 -0.89095 -0.15617 -0.037946 0.87573 0.5544 0.49274 -0.24624 -0.11766 0.62841 0.52251 0.45573 -1.5398 -1.3233 -0.17582 0.30125 -0.069101 -0.32559 -0.079502 -0.70607 -0.51006 -1.9912 -1.0577 0.31981 1.3952 0.76332 0.053195 -0.021578
-1.158 0.81961 1.456 0.73653 0.49241 0.48391 1.5193 1.808 0.94237 0.18487 -0.42186 -0.38666 -0.97988 -0.034865 -0.090592 0.22863 0.21952 0.060239 -0.56765 -1.316 0.29171 0.65328 1.9987 -0.68642 -0.69253 -0.18056 0.54507 0.31861 -0.78553 -0.14627 -0.73609 -0.064622 -1.4317 -0.66624 -0.19769 0.48881 0.97986 0.54952 0.019584
-1.2477 0.37436 1.091 0.93798 1.0873 0.30358 0.33467 0.65354 -0.067994 0.1274 -0.40971 0.37364 -1.0319 0.28612 0.050484 0.21792 0.13399 -0.61664 -0.75866 -1.954 -0.36845 0.33152 1.8277 -0.15654 0.088924 -0.17602 0.56553 0.38622 -1.5665 -0.049537 -0.25881 -0.099078 -0.5208 -0.27118 -1.0469 -0.90321 0.4061 0.52368 -0.0098461
-1.3606 0.39129 1.3381 0.96303 0.80956 1.5952 0.98122 0.71191 1.0994 1.1066 0.20245 -0.47628 -1.0399 0.48546 0.44652 -0.48182 0.29342 -0.12691 -0.25145 -1.4223 0.37489 -0.42208 0.2717 -0.13001 -0.178 -0.18016 0.46153 0.45294 -1.2722 0.13447 0.11665 0.30834 0.47145 0.30407 -0.75437 -2.1753 0.14407 -0.079899 -0.027195
-0.83076 0.53956 1.2376 0.87897 -0.17288 -0.010995 -0.68149 0.51965 -0.18786 1.6051 -0.060623 -0.78393 -0.96118 0.65072 0.39532 -1.4216 0.4241 0.13677 -0.57014 -1.0611 0.10297 -0.91726 -0.35245 -0.95865 -0.60155 -0.18937 0.22749 0.15834 -1.0527 0.11123 0.47083 0.61429 1.1054 0.73848 -0.47151 -2.1493 -0.17285 -0.090289 -0.03799
-0.61596 0.83927 0.92129 0.61183 -0.073883 -0.60186 -0.40657 0.77658 -0.089979 -0.014612 -0.6728 -0.27007 -1.0173 0.65597 0.55943 -1.0975 0.31422 -0.077719 -0.012752 -0.88109 0.60412 -0.145 -0.97955 0.040134 -0.48499 -0.21759 -0.16656 -0.21135 -0.1723 -0.071818 0.27085 1.0002 1.4315 0.53464 0.21453 -0.97148 0.068272 0.54221 -0.060427
-0.61735 1.2177 0.4304 1.4863 1.3877 0.61962 0.42672 1.382 0.032986 0.19115 -2.0831 -0.80273 -1.1887 0.63761 0.28387 -1.2423 0.32127 0.24682 0.38314 -0.14339 0.84434 -0.69321 -1.5661 -0.56184 0.085497 -0.21989 -0.43748 -0.30207 0.93122 -0.19034 -0.084935 1.3955 1.5707 0.35724 0.31507 0.34245 0.58744 0.44706 -0.016165
-0.56589 0.80803 -0.37422 1.3017 0.92532 0.0082064 -0.441 1.4691 -0.48221 -0.074966 -0.62487 -0.71936 -1.1975 0.19398 0.12373 -0.82402 0.21115 0.33951 1.305 0.81717 0.96595 -0.11915 -0.92177 -0.15737 0.4918 -0.26673 -0.54718 -0.51925 1.2481 -0.44954 -0.52031 1.117 1.3888 -0.61839 -0.56808 1.2771 0.65951 0.2665 0.11157
-0.57811 0.8609 0.64135 1.1174 0.36485 1.1496 -1.0462 0.9033 0.64269 -0.34151 0.93618 -0.29783 -1.2129 0.07851 0.070653 0.088711 0.12741 -0.20264 1.5947 1.0516 0.56556 -0.32453 0.29392 0.36895 -0.25266 -0.1892 -0.47388 -0.29369 1.4419 -0.35479 -0.81287 0.411 0.77677 -1.1993 -0.52784 1.1718 0.27478 0.55571 0.18863
-0.31018 0.69015 0.061749 1.195 0.69467 1.3235 0.92331 1.6861 -0.64686 -0.36687 -1.4008 -0.47032 -1.1778 -0.072223 -0.26912 0.42953 -0.40629 -0.78193 1.6482 1.139 -0.36321 -1.3987 0.5267 0.95043 0.18729 -0.033904 -0.27984 -0.12 0.61009 0.1233 -0.45436 -0.92041 0.15061 -1.1977 -0.56962 0.36627 -0.52534 0.35765 0.18357
-0.65792 0.97713 0.34361 1.0275 0.43282 0.88091 0.75505 1.7457 -0.24029 0.39434 -0.80367 0.088018 -1.2903 -0.10036 -0.047069 0.65702 -0.015933 -0.65772 1.0661 1.1549 -0.63997 -1.0465 -0.052621 -0.52393 1.2761 -0.0024826 -0.30116 0.055031 0.12325 0.4535 0.11293 -1.5432 -0.73069 -0.89306 0.26724 -0.67947 -0.55029 0.31756 0.083018
-0.50451 1.1642 0.98424 1.2106 0.2444 1.6551 1.2753 1.4365 -0.46793 0.52797 -0.57716 -1.3713 -1.2704 -0.22585 -0.030771 -0.013922 0.50236 -0.24098 -0.23938 1.0396 -0.5773 -0.83045 -0.028376 -0.74935 0.3993 -0.03512 -0.099285 0.18408 -0.12502 0.69502 0.76385 -1.4118 -1.1972 0.095298 1.4549 -0.49875 -0.28229 -0.082443 0.064733
-0.74938 0.46538 0.35211 0.83359 0.17118 2.5764 1.2328 0.47836 -2.3608 0.54666 0.16248 -0.13445 -1.1683 -0.39368 0.054552 0.56663 0.49036 -0.24119 -0.51603 -0.29259 -0.92686 -0.093714 -0.67869 0.12959 0.23902 -0.039507 0.15198 0.098862 -0.015862 0.31916 1.1649 -0.76874 -1.322 0.44803 1.5126 0.38264 0.73832 -0.19837 0.09358
-0.55828 0.83064 0.62481 1.4743 -0.17475 0.8719 0.5086 0.70853 -0.54148 -1.0129 -1.2408 1.7811 -1.1977 -0.098149 0.01644 0.30355 0.59504 0.43502 -0.35236 -0.41397 -0.046174 0.89245 -0.069912 0.080458 0.5634 0.10171 0.46926 0.22494 0.56156 -0.023467 1.3459 0.14059 -0.89346 0.49222 1.2293 1.1383 0.97035 -0.067795 0.10148
-0.7928 0.88363 0.23959 1.9563 0.55354 0.47904 1.3998 0.95967 -0.30766 0.034826 -0.74028 -0.98325 -1.2964 0.13172 0.11164 0.51501 0.51181 1.1647 -0.38275 -0.63123 -0.099165 0.96904 0.71911 0.59743 0.83712 0.096666 0.58008 0.11684 0.40664 -0.29338 1.3096 0.86814 0.003432 0.15269 -0.078234 1.8377 1.038 -0.42861 0.079702
-0.93287 0.9605 1.2114 1.4259 0.27532 0.9518 0.10336 0.82554 -0.749 -0.79609 -0.94672 -0.35215 -1.2614 0.39899 0.35093 1.0226 0.44549 1.5483 0.0076017 -0.49296 -0.10551 0.97774 1.4474 1.0258 -0.015047 0.078174 0.42813 0.0057909 0.44063 -0.50211 0.54292 1.0364 0.14446 -0.63335 -1.0912 1.1106 0.94033 -0.1429 0.016231
-0.52501 1.0029 0.74426 1.644 1.2684 1.4405 0.56396 1.9008 0.98568 1.3688 -0.066309 0.72631 -1.0804 0.45192 0.10213 0.95113 0.030386 1.6278 1.0729 -0.25752 -0.62065 -0.27666 2.055 1.8039 -0.25464 0.11555 0.26018 -0.13154 0.15203 -0.46743 -0.06997 0.94205 0.20137 -0.68519 -1.2049 0.32059 0.48853 0.23932 0.02697
-0.25813 0.96045 1.4003 1.6646 1.9244 1.7231 0.45446 0.26506 -0.75965 1.2592 0.56313 0.29014 -1.143 0.5526 0.035251 0.88804 -0.076855 1.2237 1.0252 -0.33835 -0.91899 -0.5462 1.3846 1.4251 0.85501 0.12453 0.10265 -0.19509 -0.12207 -0.31614 -0.30089 0.48061 0.066114 -0.53808 -0.87882 -0.2272 0.087357 0.76465 0.026858
