39 259
-1.2013 1.5111 0.36404 0.94965 0.39794 1.3758 0.67907 0.76506 -0.55116 -0.069957 -1.7873 -0.91023 -1.7831 0.52734 0.12615 -0.2105 0.58408 0.3115 -1.0482 -0.29239 0.50984 0.24543 0.13156 1.7975 1.1086 0.070657 0.15671 0.17341 0.2258 -0.066616 -0.055017 0.27304 -0.30157 -0.48725 0.0075692 0.25452 0.23562 0.35812 -0.0035951
-1.0307 1.3471 0.63635 1.6064 1.1465 1.4508 0.23092 0.30928 -0.33334 -0.89667 -1.3734 -0.16852 -1.7825 0.787 0.39495 -0.21506 0.55837 0.44367 -0.89534 -0.48083 0.074859 0.36586 0.40648 1.9953 1.6282 0.077643 0.0033232 0.0406 0.60913 -0.18296 -0.25764 0.59082 -0.18572 -0.62651 -0.19308 0.20201 -0.23095 0.15935 0.016531
-0.59592 1.5078 0.35959 1.6288 0.61438 0.33207 0.74035 1.6008 0.19273 0.63309 0.44482 -0.31976 -1.7606 0.68996 0.28671 0.19616 0.46562 0.11315 -0.56488 -0.79771 -0.29751 0.20282 0.5271 2.1542 1.5306 0.060658 -0.26767 -0.12779 0.80132 -0.28169 -0.42054 1.0293 0.15409 -0.51147 -0.18828 0.070268 -1.3224 -0.36759 -0.010907
-0.67416 1.7802 -0.06604 1.4385 0.64217 -0.26812 0.12809 1.4445 -0.55453 0.04732 0.27968 0.60493 -1.6724 0.45326 0.11075 0.66154 0.30192 -0.10439 -0.08695 -0.40821 -0.39975 -0.1321 0.35633 1.0797 1.1672 0.10447 -0.69836 -0.35316 0.70911 -0.27513 -0.17423 1.263 0.42248 -0.36209 -0.30343 -0.5244 -2.3315 -1.1095 -0.082083
-0.28927 1.9892 0.30233 1.5074 1.0683 0.83985 -0.04026 0.16923 0.039294 0.56431 0.18522 1.0458 -1.7263 0.19751 0.041421 0.763 0.19263 -0.23729 0.63786 -0.019453 -0.32784 0.10555 0.30202 -0.61174 0.51592 0.037904 -0.59637 -0.31742 0.18411 -0.32158 0.082817 1.143 0.7324 -0.027114 -0.0016759 -0.65799 -2.2968 -1.5281 -0.10934
-0.64139 1.5255 0.97883 1.5618 0.35607 1.0503 -0.55726 0.10721 -0.40177 0.41857 0.76397 0.50169 -1.7493 -0.26437 -0.099659 0.75191 0.18703 0.26141 1.0667 -0.025399 -0.67557 -0.21335 -0.58661 -1.6409 -0.22621 -0.055231 -0.43323 -0.27403 -0.55121 -0.31975 0.10149 0.37395 0.5581 0.51164 0.38389 -0.39184 -1.2727 -1.4436 -0.10493
-0.71166 1.4184 1.2746 1.6266 0.57058 1.2648 0.55524 0.47723 -0.7388 -0.093157 -0.88998 0.45731 -1.6316 -0.059167 -0.16341 0.48238 -0.068638 0.058379 1.1787 0.47355 -0.23142 0.24187 -0.38809 -1.4307 -1.0026 -0.051582 -0.043017 -0.083816 -1.0575 -0.26105 0.048912 -0.49414 0.27574 0.62269 0.251 -0.047043 0.18459 -0.54949 0.00011316
-0.58346 1.5637 0.96795 1.959 0.7993 1.7687 0.51237 0.76122 0.48715 0.16874 -1.8435 0.35526 -1.7743 -0.22297 -0.267 -0.15389 -0.15586 -0.088828 0.40663 0.46033 0.59606 0.59838 -0.12537 -1.272 -1.1282 -0.035131 0.057744 -0.17089 -0.93056 -0.20507 -0.027313 -1.2899 -0.30781 0.43234 0.49698 0.39943 1.576 0.66855 0.24617
-0.98427 1.6813 0.61747 1.6233 1.2123 1.1512 0.20242 0.45216 -0.70959 -0.58078 -1.0694 -0.38795 -1.8187 0.097861 -0.025557 -0.6261 -0.11835 0.0018996 -0.025055 0.28957 0.31038 0.22253 -0.03 -0.44941 -0.23353 0.027855 -0.29366 -0.66034 -0.62041 -0.40339 0.10613 -1.9349 -0.78632 -0.35838 0.38626 0.035696 2.1266 1.7714 0.83318
-0.32135 1.7063 0.54689 1.1082 0.52462 1.849 0.60342 0.50538 0.20559 0.0014602 -0.87596 -0.3259 -1.6905 -0.23446 -0.47008 -0.31363 -0.16945 0.20972 -0.93492 -0.54539 -0.066685 0.82967 0.072189 1.1826 0.71469 0.33687 0.19452 -1.1049 -0.15132 -0.7835 -0.27378 -1.6825 -0.75868 -0.94083 0.39302 0.19241 1.6806 1.8908 1.3374
-0.80429 1.3434 0.56197 1.5191 0.57052 1.2179 0.26869 1.1849 0.98408 0.72056 -1.2007 -0.29954 -1.7624 -0.59845 -1.2113 -0.51462 -0.80128 0.081275 -2.0595 -0.58994 -0.65796 0.92979 -0.41421 1.8305 1.6884 1.2244 0.77513 -1.5165 -0.15316 -1.341 -0.83444 -1.4108 -0.5312 -0.79294 0.091368 0.55859 0.4223 0.57029 1.6042
-0.46936 1.4893 0.5552 1.6989 0.45964 0.9817 0.2 0.37023 -0.94285 -0.13174 -0.22029 0.78833 -1.6391 0.48794 -1.5936 -0.46538 -1.2402 -0.67407 -1.9741 -0.61114 -0.88403 1.0623 0.46907 1.1254 1.771 1.7135 1.5775 -1.2875 -0.5734 -1.4557 -1.3728 -0.60734 0.11416 -0.2259 -0.92617 0.56505 -0.58816 -1.0169 1.4249
-1.2614 0.80742 1.0531 1.5163 1.4432 -0.29924 -0.46416 0.32056 1.5299 -0.15365 0.51634 1.5317 -1.1487 1.1791 -2.0963 -0.80919 -2.0155 -1.161 -2.3535 -0.73509 -0.9389 0.29774 0.94424 0.43293 0.36002 2.1548 1.4506 -0.95449 -0.70049 -0.85417 -1.3235 0.18624 0.44639 0.80261 -1.267 0.52024 -0.89453 -2.4362 0.80181
-1.4326 0.22065 -0.17738 0.27492 0.83951 -1.5055 -0.21049 -0.56902 1.4822 -1.0246 0.64084 1.9836 -0.09277 1.8113 -2.2635 -1.1609 -2.2019 -1.7911 -2.0099 -0.2432 -0.40976 -0.77459 0.57923 0.58018 -0.79084 2.3721 0.48455 -0.43356 -0.75771 0.20141 -0.63239 0.72387 0.63933 1.4626 -1.5927 -0.39143 -0.54799 -2.6825 0.15014
0.82415 0.22067 0.16702 -0.24029 -0.64355 -0.45016 -0.35815 -0.49968 0.66089 1.4864 -0.32438 0.90159 -0.087045 1.4384 -2.5353 -1.3839 -1.8739 -1.889 -1.6575 0.11833 0.75158 -0.77935 0.62271 0.1485 -2.1437 2.3021 -0.54674 0.21211 -0.32756 1.6183 0.5795 1.3909 0.58933 1.7067 -0.78591 -1.1236 -0.15654 -1.5412 -0.60563
1.1007 -0.58272 -0.29166 -1.1859 -1.1323 -1.3845 -0.45684 -0.13443 0.2956 1.9802 -0.82468 -0.81981 0.45094 1.2604 -2.1307 -1.4952 -0.95836 -1.5331 -0.84994 0.2392 1.2844 -1.7028 -0.19606 0.052092 -2.601 1.9031 -1.7336 0.64221 -0.16724 2.2167 2.0451 1.4496 0.14714 1.2966 0.57731 -1.7754 0.21666 -0.10051 -1.0154
0.80331 -0.81632 -0.51386 -0.2798 -1.2865 -1.5762 0.11791 0.87318 -1.2821 0.11262 0.70395 -0.54239 0.64453 0.4389 -1.8007 -1.2063 0.2739 -0.22348 -0.11122 0.20103 1.7332 -0.86732 -1.0343 0.31625 -1.992 1.3262 -1.7371 1.1397 0.11006 2.0111 2.7036 1.5544 -0.21674 0.28768 1.4474 -1.7644 0.51226 1.0334 -1.1912
-0.026596 -1.3463 -0.67166 -0.28055 -0.87522 -1.857 0.12104 1.469 -0.41359 0.13649 0.48819 -1.0411 1.0158 -0.91163 -1.5237 -1.5333 0.71592 1.2114 0.15804 0.010848 1.7692 0.46946 -2.3297 0.91149 -1.136 1.0778 -1.0509 1.2813 0.38793 0.91784 2.3667 1.4371 -0.55219 -0.7077 2.0774 -0.51034 0.072006 0.76027 -1.1183
0.14431 -1.3195 -0.88672 0.032894 -0.29158 -1.57 -0.356 1.2787 -0.37769 -0.91781 0.42463 -1.0035 1.2017 -0.70477 -0.86993 -1.1631 0.90942 1.8181 0.99171 -0.19784 1.0893 1.1404 -2.0246 0.76439 -0.79398 0.62408 -0.067536 1.3465 0.43083 -0.20048 1.0745 1.1528 -0.71892 -1.4166 1.4092 0.89393 -0.4294 0.35485 -1.0249
0.2214 -1.47 -1.36 0.34276 0.075358 -0.86339 0.00092245 1.4644 0.47208 -1.1956 0.3895 -0.52536 1.1833 -0.12101 -0.38178 -0.82869 0.37023 1.889 1.5143 -0.66076 0.12491 1.6067 -0.77691 -0.065299 -1.6844 0.29137 0.52927 1.1606 0.68316 -0.70962 -0.15618 0.59748 -0.55472 -1.4752 0.51556 1.9669 -0.87132 0.17205 -0.93053
-0.029285 -1.5343 -1.5566 0.055703 0.67755 -0.47162 -0.51037 2.1313 1.3111 -1.4401 0.85343 -1.335 1.1278 -0.080954 -0.044514 -0.79534 0.073714 1.4393 1.5509 -0.89508 -0.39424 1.4907 0.067484 -0.15799 -1.0429 -0.079362 0.2254 0.83471 0.66317 -0.76937 -0.71688 -0.50017 -0.24893 -1.0744 -0.30035 1.6275 -1.0239 0.29697 -0.60394
0.29432 -1.4967 -1.3064 0.18178 0.92626 -0.29756 -0.45337 1.3772 0.85072 -1.2216 0.70406 -1.9944 1.1675 -0.2383 0.068719 -0.51223 -0.15863 1.0774 1.0949 -0.74497 -0.55997 1.3662 0.75963 -0.53244 -0.71573 -0.20368 -0.081289 0.57264 0.75271 -0.30816 -0.85955 -1.3441 0.20429 -0.48924 -1.0146 0.47323 -0.96807 0.6455 -0.29694
0.44227 -1.2717 -1.2461 0.14519 1.0177 0.31753 -0.90226 0.89503 0.94057 -0.60053 0.32806 -3.0529 1.0802 -0.22595 0.34542 -0.15131 -0.22645 0.84126 0.19629 -0.65029 -0.80904 0.63917 0.62854 -1.2327 -0.7234 -0.1885 0.084861 0.3675 0.833 0.078245 -0.84931 -1.6994 0.44763 0.10835 -1.3306 -0.6717 -0.77707 0.62374 -0.058307
-0.38082 -1.4392 -1.7727 -0.14292 0.887 0.075644 -1.3237 0.86613 1.9488 0.095703 0.17047 -1.1986 0.96531 -0.19863 0.40983 0.176 -0.047166 0.53585 -0.52162 -0.37378 -0.69665 -0.071362 -0.064333 -1.6394 -0.56644 -0.17539 0.62854 0.26326 0.73254 0.44635 -1.0381 -1.6369 0.68382 0.52689 -1.4787 -1.5119 -0.24113 1.1752 -0.060187
-0.032107 -1.3104 -1.5632 0.02965 1.2409 -0.078583 -0.97864 0.84043 1.8486 -0.29421 -0.29172 -1.3614 1.0085 0.058057 0.41613 0.3278 0.14824 0.07721 -1.0731 -0.18596 -0.11715 -0.55007 -0.93604 -1.3086 0.11501 -0.19603 1.1359 0.26551 0.90806 0.52745 -1.3482 -0.98771 0.94681 0.73614 -1.5818 -1.2626 0.37607 1.7953 -0.23302
0.050321 -1.0641 -1.4432 0.038035 1.4222 -0.83801 -0.82876 0.70279 1.1989 -0.93774 -1.1284 -2.1673 1.0024 0.78956 0.48399 0.53963 0.44899 -0.53 -1.5762 0.38866 0.16971 -1.1062 -1.6411 -1.0556 1.2411 -0.30573 1.1101 0.36741 0.89756 0.23936 -1.5703 -0.27845 1.0654 0.49996 -1.4904 -0.072503 0.85899 2.2041 -0.43564
-0.056237 -1.1289 -1.054 0.11161 1.3642 -1.1404 -1.0698 1.0517 0.62856 -1.8745 -1.0034 -2.8737 0.95693 1.3933 0.76285 1.2655 0.46686 -1.2012 -1.2683 0.8588 0.26678 -2.1244 -1.2416 -0.76941 2.0349 -0.53247 0.54824 0.21626 0.64795 -0.15461 -1.3774 0.66346 1.178 -0.12864 -1.0016 1.3498 1.2658 1.2121 -0.42468
0.60738 -1.0256 -0.9841 0.44895 0.68106 -1.3905 -0.93643 1.044 0.083727 -2.1888 -0.58875 -1.5605 0.89633 1.1991 0.86752 1.2874 0.21471 -1.82 -0.98045 1.2306 0.13123 -2.3756 -0.06651 -0.12397 2.9834 -0.7719 -0.39086 0.06574 -0.038319 -0.50137 -0.80612 1.3898 1.1005 -0.34523 -0.010078 2.5173 1.6719 -0.95105 -0.32038
1.2616 -0.80445 -1.0263 0.61869 0.050171 -1.8226 -0.31959 1.0486 0.11415 -2.3439 -1.0282 0.10526 0.61041 0.87378 0.59356 1.0972 -0.02483 -1.9083 -0.021071 1.7444 -0.38 -1.9923 1.1137 0.87814 1.6964 -0.70844 -1.0724 -0.2956 -0.83727 -0.55254 0.0387 1.8638 0.48514 -0.32929 1.1642 2.4013 1.229 -2.545 -0.14978
1.1518 -0.52506 -0.15132 0.2579 -0.49315 -1.3745 0.098015 1.168 -1.291 -0.98917 -1.037 1.5725 0.3362 0.32354 0.67707 0.56582 -0.22154 -1.7277 0.62019 2.1426 -0.23759 -1.1913 2.4745 1.6393 -0.62282 -0.7802 -1.0527 -0.59861 -1.1456 -0.53674 0.70978 1.9398 -0.37931 0.032935 1.8577 1.5603 0.17524 -2.9156 0.11735
1.0178 -0.34071 -0.2646 0.14962 -0.71648 -1.6598 0.78114 0.78999 -1.653 -0.25156 -0.55248 0.94158 0.21918 -0.16198 0.34053 0.16984 -0.32377 -1.2026 1.7106 1.3723 -0.24648 -0.29838 2.537 0.92304 -1.5005 -0.79138 -0.8722 -0.68061 -0.99196 -0.50961 1.2336 1.3361 -1.2249 0.39956 2.1757 0.052312 -1.0788 -1.1623 0.3455
0.7778 -0.77195 -0.39676 0.041787 -0.65012 -0.56145 1.3291 -0.020669 -1.2923 0.16442 0.54691 -2.46 0.44307 -0.23953 -0.048426 -0.24509 -0.61604 -0.86024 2.0869 0.66208 0.11702 0.63478 2.5018 0.18043 -1.5253 -0.52468 -0.70582 -0.77925 -0.36411 -0.61377 1.478 0.5183 -1.5708 0.47028 1.8075 -1.3544 -1.8967 1.5705 0.63978
0.52419 -0.3302 -0.74013 0.11873 -0.9785 -0.40681 1.649 1.3018 -0.53301 1.5932 1.4528 -3.7522 0.026023 -0.46554 -0.22822 -0.22456 -0.75883 -0.039886 1.9568 0.043652 0.25459 1.612 1.2077 -0.74006 -0.32366 -0.23006 -0.3812 -0.49626 0.1848 -0.54144 1.4483 -0.55163 -1.0001 0.51697 1.0812 -2.0145 -1.76 3.3957 0.75625
0.94329 -0.69317 -0.79765 0.23295 -1.0045 1.1241 0.27433 0.70611 -0.14295 0.68071 -0.85315 -0.54502 -0.13275 -0.83615 -0.39396 0.13479 -1.1233 0.4548 1.5532 -0.3241 0.47025 1.6068 0.28754 -1.6211 1.9847 0.061744 -0.031223 -0.34282 0.50195 -0.22799 1.3579 -0.94646 -0.37491 0.14862 0.0025971 -2.3471 -1.1335 3.1837 0.75654
1.1421 -0.77228 -0.83713 -0.54939 -1.253 0.64792 0.67414 1.4136 0.41685 1.7252 -1.4094 0.13322 0.071189 -0.57148 -0.35187 0.31251 -1.0588 0.84769 0.86814 -0.12728 0.63198 1.4615 -0.59614 -1.9765 3.7255 0.2424 0.1708 -0.14821 0.3832 0.088353 1.0731 -1.0466 0.28676 -0.21456 -0.82329 -1.8442 -0.010704 0.79721 0.69744
0.175 -0.6371 -0.0018556 -0.81508 -0.089844 0.79408 0.58672 1.0377 0.58649 0.32234 -1.4581 0.85346 0.22626 -0.24358 -0.58594 0.37415 -0.88875 1.233 0.72285 0.0017363 0.22048 0.71735 -1.5364 -1.6656 2.9914 0.56658 -0.044123 0.10975 -0.070814 0.49846 0.67129 -0.71588 0.26834 -0.84914 -1.01 -1.3043 0.93137 -1.3821 0.57779
-0.30677 -0.93061 -0.2589 -1.2471 -0.070658 0.4696 0.87306 1.0454 0.40655 0.27066 -1.5096 1.2913 0.45889 -0.44317 -0.39443 0.33566 -0.7276 1.57 0.26095 0.4546 -0.080579 0.34995 -1.7625 -0.78754 0.76527 0.74131 -0.57348 0.26392 -0.51909 0.47442 0.041447 -0.38293 -0.072335 -1.1264 -0.65148 -0.22195 1.4159 -2.0779 0.43128
0.55426 -0.96817 -0.44825 -0.76244 0.16209 0.84804 1.4391 1.3908 1.1399 -0.20852 -1.246 0.93878 0.46127 -0.98131 -0.18799 0.0083926 -0.3999 1.3336 0.4151 -0.077921 -0.94784 0.068242 -1.8757 -0.27618 0.5378 0.8261 -0.94515 0.55719 -0.44425 0.33501 -0.44295 -0.31757 -0.48729 -1.113 -0.084168 0.66435 1.3443 -1.2029 0.23139
0.83606 -1.0587 -0.52787 -0.71538 0.35107 1.4021 0.78152 1.4214 0.24238 -0.87981 -1.59 0.6773 0.49467 -1.268 -0.099078 -0.40412 -0.45764 0.84737 0.25415 -0.22979 -1.1325 0.43583 -0.89586 0.30144 0.58234 0.86932 -1.0094 0.51888 -0.10187 0.057776 -0.70695 -0.34263 -0.79335 -0.99102 0.095485 1.0813 0.88066 0.035381 0.12397
0.2233 -1.04 -0.28163 -1.0879 1.025 1.1568 0.87136 0.37981 0.58931 -1.4798 -2.3589 0.55445 0.80633 -1.5877 0.22619 -0.02447 -0.42983 0.72909 0.090682 -0.62603 -1.5744 0.50163 -0.57457 0.60998 0.52738 0.90846 -0.55027 0.34093 0.31666 -0.14857 -0.6407 -0.70081 -0.40206 -0.60733 0.19374 1.0568 0.6019 0.055134 -0.014073
-1.0586 -0.768 -0.53625 -1.3155 0.56805 0.98648 0.31828 -0.36852 0.63615 -1.026 -1.2993 1.587 1.1207 -2.016 0.29192 0.1829 -0.61934 0.50826 -0.26313 -0.85173 -1.8355 0.33333 -0.14079 0.60064 0.78291 0.91749 0.25179 0.051887 0.41064 0.059132 -0.52237 -0.69375 -0.042664 -0.1821 -0.17711 0.4772 0.16856 -0.17659 -0.24874
-1.5283 -0.88165 -0.53939 -1.5451 0.91841 0.88515 0.62144 -0.18096 1.6106 -0.45742 -0.57179 1.9205 1.1938 -1.6295 0.20168 0.27831 -0.59835 0.26436 -0.73746 -0.56692 -1.8699 0.52349 -0.032347 0.81097 0.49091 0.77712 1.2526 -0.29163 0.10775 0.36223 -0.43224 -0.44407 0.45938 0.29704 -0.54293 0.083186 -0.39269 -0.59254 -0.44406
-1.1898 -0.70778 -0.22573 -1.3548 0.83531 0.76383 0.19299 -0.77247 1.1032 -0.83891 -0.77396 1.3632 1.3542 -0.7778 -0.0023836 0.17241 -0.27763 0.064526 -0.72871 -0.3425 -1.3776 0.059221 -0.16553 0.51354 0.17343 0.49825 1.7653 -0.26492 -0.14737 0.69978 -0.38005 -0.018458 0.73133 0.4629 -0.85745 -0.12403 -0.62199 -0.89031 -0.47658
-1.2021 -0.76888 -0.24647 -1.3852 0.91074 0.76937 0.048034 -0.99159 0.98854 -0.89665 -1.1227 1.551 1.3672 0.1235 -0.13731 0.17852 0.042374 0.10604 -0.56812 0.037504 -1.2038 -0.48621 -0.38964 -0.23084 -0.45761 0.33858 1.248 -0.17958 -0.59167 0.72601 -0.47039 0.25433 0.88559 0.51293 -0.79963 0.10032 -0.61126 -0.7915 -0.40289
-1.1499 -0.9226 -0.17755 -1.6643 0.88087 0.10067 0.12013 -1.6366 1.0115 -1.4 -0.89913 1.0465 1.4053 0.39118 -0.0029727 -0.016041 0.31287 -0.1589 -0.378 0.3066 -1.2255 -0.93948 -0.2255 -0.25182 -0.65007 0.30019 0.66496 -0.061231 -0.86675 0.56982 -0.61475 0.23879 1.0583 0.79088 -0.25853 0.70151 -0.26389 -0.84749 -0.37823
-1.2377 -0.97483 -0.31869 -1.4394 0.95761 0.17114 0.42694 -1.5376 0.6926 -1.4614 -1.3558 1.3817 1.4331 0.10775 -0.11457 -0.65401 0.40634 -0.54092 -0.39092 0.87674 -0.89926 -0.63483 0.20625 -0.15683 -0.79967 0.1689 0.64436 0.1301 -0.90189 0.3122 -0.76905 0.038097 0.68979 1.4389 0.050727 1.2702 -0.11849 -0.41757 -0.57951
-1.0208 -0.85754 -0.3895 -1.1855 0.74929 0.4206 0.52475 -1.8299 0.19745 -1.0657 -1.16 1.1726 1.539 0.46764 -0.12528 -0.91939 0.55829 -0.80171 -0.32686 1.3506 0.0925 -0.40112 1.0099 -0.13313 -1.474 -0.080883 0.96691 0.57216 -0.3825 0.13343 -0.54651 -0.35668 -0.07382 1.6668 0.18711 1.205 -0.062612 -0.2788 -0.95243
-0.8919 -0.71444 -0.42239 -1.0117 0.64692 0.46696 0.90729 -1.9951 0.21178 -0.63409 -0.70447 0.8518 1.5763 1.2845 0.14376 -0.93939 0.47238 -1.0538 -0.50942 0.89318 1.1016 -0.64821 1.6623 -0.58976 -0.97254 -0.48811 0.71728 1.3649 0.40955 0.19174 0.018249 -0.53213 -0.86777 1.109 0.2205 0.36344 0.63921 -0.171 -1.2567
-1.2238 -0.95146 -1.1237 -0.95178 -0.030703 -0.015928 1.3492 -2.0285 0.47668 -0.64207 -1.2407 0.24514 1.468 1.6019 0.85361 -0.53376 0.50976 -0.96328 -1.0335 0.15309 1.2106 -0.54256 1.579 -0.21577 -1.2027 -1.043 -0.4171 1.7405 0.992 0.27213 0.55228 -0.54611 -1.3745 0.1929 0.27419 -0.69088 1.2935 -0.11816 -1.2388
-0.39022 -1.0398 -1.112 -0.89291 0.0088852 0.014116 1.9553 -0.40365 0.61555 0.66585 -1.3389 -0.58701 1.1383 0.8755 1.755 -0.1208 0.76581 -0.45399 -1.1074 -0.25328 0.82305 -0.10458 0.68381 1.2008 -1.3508 -1.5557 -1.7657 1.4746 1.4971 0.47051 1.2268 0.10411 -0.95899 -0.51918 0.25195 -1.5175 1.6183 0.19696 -0.82668
0.73338 -0.60678 -0.9683 -1.1653 -0.34953 -0.78349 0.72579 0.049368 -0.47606 0.89455 -2.0374 0.791 0.77328 -0.10242 2.0788 0.41688 0.89194 -0.086565 -1.126 -0.81557 0.61565 -0.10197 0.043259 1.6834 -1.5908 -1.7214 -2.5095 0.6598 1.3028 0.37069 1.5318 0.73169 -0.43421 -1.0916 0.2097 -1.8563 1.0558 0.85434 -0.10598
0.38989 0.38063 -0.58721 -0.4778 -0.037025 -1.1577 0.24557 -0.70757 -0.20104 0.45949 -0.95396 -0.20755 0.26607 -1.1457 2.0803 1.215 1.1199 0.79725 -0.24531 -0.53323 0.30814 -0.3437 -0.76463 1.8651 -0.431 -1.5999 -2.2616 -0.44459 0.99677 0.1395 1.1564 1.1338 0.10299 -1.5928 0.29702 -1.2511 0.086502 1.2029 0.58345
-0.89954 1.2012 -0.52328 0.047021 0.40157 -0.68498 0.59861 -1.6129 0.56779 -0.71822 1.7535 -0.91335 -0.076886 -2.0531 1.8285 1.0879 0.99106 1.2767 0.023486 -0.57103 -0.80856 0.014133 -1.6043 1.6569 0.048097 -1.2071 -1.1347 -1.3418 0.5433 -0.18711 0.14689 1.2741 0.31509 -1.541 0.59342 -0.3427 -0.69596 1.6991 0.97341
-1.5388 0.81573 -0.28798 -0.051107 0.20711 -1.1815 0.18885 -0.85533 0.20665 -0.40854 0.63245 -1.5776 -0.11391 -2.3537 1.1045 1.2976 0.95712 1.0207 0.61968 -0.16821 -1.7793 0.45572 -1.1269 1.3517 0.26335 -0.7891 0.40532 -2.002 -0.050045 -0.34091 -1.1982 0.88688 0.11311 -0.60399 1.0346 1.0429 -1.4457 1.4475 0.89135
-2.0037 0.65016 0.22638 0.29513 1.2071 0.19266 1.3899 -0.52865 -0.35923 -1.1524 0.011859 0.64603 -0.2121 -1.6075 0.2368 1.3357 0.62441 0.050874 1.0273 -0.36771 -1.5478 0.73183 -0.49899 0.40898 1.5247 -0.41866 1.7231 -1.632 -0.13958 0.025846 -1.7659 0.67244 0.068606 0.91969 0.6086 1.9231 -1.4005 0.88671 0.28086
-1.6818 1.0023 -0.17362 -0.049361 1.4797 -0.59548 0.27058 -1.7606 0.44645 -1.3881 0.1737 0.067133 -0.18883 -0.61377 -0.59755 1.0126 0.67659 -0.88189 1.0549 -0.40736 -0.58885 1.4467 0.87417 -0.64096 1.7715 -0.43002 2.1233 -0.6738 -0.57965 0.33001 -1.3562 0.040371 -0.16322 2.2377 -0.093297 1.7974 -0.71594 -0.30054 -0.46334
-1.8295 0.99119 0.69233 0.35916 0.44306 -0.11142 0.053899 -3.5195 0.43968 -0.33168 0.57921 0.60602 -0.25746 0.28211 -0.15318 0.99517 1.167 -1.1364 1.174 -0.31269 0.48537 0.78368 1.4384 -0.38056 1.0719 -0.89391 1.7273 0.34343 -0.63219 0.45304 -0.25596 -0.29913 0.10586 2.7522 -0.96702 1.0641 -0.015244 -1.407 -0.91585
-1.8819 0.85335 0.81432 0.55323 -0.37789 0.49709 -0.2406 -2.5391 1.4642 -0.62093 0.8557 1.1935 -0.31924 0.65097 0.12676 0.46238 1.2707 -0.97605 0.6352 -0.51934 1.823 0.23807 1.6831 0.17269 -0.19446 -1.3648 0.92377 0.87779 -0.6244 0.061343 1.0944 -0.58307 0.33952 2.5339 -1.5237 -0.038716 0.22667 -1.798 -0.7311
-1.8403 0.078623 0.29491 0.96491 -0.72901 0.5902 0.42258 -0.80573 2.7315 1.1793 0.1577 0.69321 -0.67542 0.9732 0.46414 0.51332 1.1344 -0.41394 0.6389 -0.098647 2.9308 -0.66895 1.3326 -0.077244 -0.47102 -1.5587 0.070235 0.55573 -0.60604 -0.29342 1.7503 -1.0115 0.4587 1.2079 -1.5517 -0.83875 -0.10701 -1.5049 -0.050349
-1.0445 0.99692 1.0162 1.6061 -0.17292 0.74309 0.30078 0.62013 -0.41665 1.117 -0.42123 0.10028 -1.3241 0.75953 0.60901 0.16968 0.79262 0.79619 0.14952 0.16471 3.4209 -0.98737 0.84319 -0.3561 -1.2465 -1.3809 -0.24961 0.44234 -0.33887 -0.54674 1.5464 -0.85032 0.38883 -0.79554 -1.2023 -1.485 -0.31924 -0.18407 0.66603
-1.2098 1.171 0.35153 1.4978 0.7339 0.43982 0.097494 0.92911 0.00085537 0.57604 0.94314 0.22561 -1.7027 0.35947 0.56299 0.089799 0.86515 1.2559 -0.62313 0.26209 2.1726 -1.8221 0.091491 -0.39127 -1.5838 -0.97445 -0.40697 -0.21304 -0.48869 -0.81341 0.54108 -0.63254 -0.022823 -2.0251 0.17316 -1.1944 -0.15853 0.70527 1.169
-0.56619 1.6052 0.85758 1.0813 0.38853 0.33655 -0.18028 0.58675 -0.12654 0.51818 0.24343 -0.22004 -1.6166 0.49471 0.8382 0.090087 0.40705 1.0822 -0.44758 0.077741 0.53878 -1.6787 -0.82269 -0.39802 -0.080739 -0.48829 0.058583 -0.83555 -0.3798 -1.0244 -0.68642 -0.072216 -0.60958 -2.2664 0.7825 -0.59599 -0.084175 1.372 1.426
-1.502 1.1358 0.93974 1.3994 1.0627 0.35507 0.44913 1.2537 0.20134 1.0677 0.046124 -0.70374 -1.465 0.34986 -0.024966 -0.29317 -0.15266 0.43692 -0.33558 -0.098751 0.16188 0.037992 -0.34954 -0.44126 0.34773 0.046299 0.6159 -1.0333 -0.29236 -1.1805 -1.0021 0.34449 -1.1583 -1.5319 1.0639 -0.23724 0.020982 1.173 1.3225
-1.5879 0.87974 0.5985 2.1508 0.78834 -0.5941 0.43932 0.8112 -1.0333 -0.12933 -0.042334 -0.83005 -1.3989 0.87432 -0.54995 -0.29452 -0.5593 -0.11945 -0.13325 -0.86873 -0.2834 -0.29151 -0.19252 -0.5575 0.57201 0.61109 0.92409 -0.92296 0.20514 -1.0935 -1.1014 0.34634 -1.5215 -0.97329 0.47796 -0.057445 0.088172 -0.073511 1.041
-0.4529 1.5572 0.53896 1.4477 0.71719 0.51106 0.35238 0.10648 -0.68899 -0.052347 -0.56047 1.4743 -1.5574 1.316 -0.53837 -0.22053 -0.79443 -0.064837 -0.075918 -1.5729 -0.60478 -0.30578 -0.72511 -0.31366 0.46144 0.7966 0.76573 -0.57427 1.0877 -1.1786 -1.055 0.36096 -1.2588 -0.61113 -0.041876 0.04916 0.34912 -0.81326 0.92024
-0.5473 0.94367 0.49668 0.99755 0.59662 0.25234 -0.31724 1.4193 0.44387 0.94844 -0.17594 0.1526 -1.4104 1.7311 -0.50946 0.42197 -1.2576 -0.77608 0.13072 -2.2179 -1.1094 -0.51293 -0.75819 -0.32066 -0.35098 0.96327 -0.27458 -0.66306 1.3992 -1.1637 -0.87027 0.056887 -0.34065 0.073934 0.1457 0.02172 0.53353 -1.5579 0.88079
0.053836 0.56646 0.24257 0.45387 0.47689 0.13377 -1.6824 0.11062 -0.72574 0.22275 0.33654 0.36725 -0.73762 1.3464 -1.0455 1.2616 -1.9427 -1.2562 0.27014 -1.9329 -0.70654 0.0637 0.034276 0.13799 -0.93823 1.485 -1.1944 -0.54995 1.158 -1.0479 -0.41844 -0.25161 0.75508 0.4791 0.066317 -0.088356 0.45111 -1.304 0.7793
0.48817 1.0774 0.99722 0.55088 0.71996 0.017358 -1.9303 -0.20089 -0.67609 -0.95046 -0.49895 -0.35977 -0.70117 0.34955 -1.4505 1.4228 -2.0975 -1.1963 -0.18399 -1.3662 -0.095051 -0.17194 -0.52896 0.30762 -2.0198 1.8124 -1.8245 -0.050132 0.37787 -0.49938 0.50839 -0.55684 1.5795 1.0063 0.27079 -0.13482 0.34815 -0.17377 0.38166
0.14696 0.49606 1.4908 0.34308 -0.37292 0.34134 -2.1084 -0.52079 -1.1659 -0.22584 -0.55598 -1.3208 -0.51511 -0.21326 -1.026 1.3152 -2.2778 -0.67361 -0.42064 -0.49083 -0.1353 -0.33673 -1.028 0.28738 -1.4693 1.7395 -1.6754 0.61383 -0.65327 0.048354 0.95064 -0.81487 1.4281 0.67729 0.24566 -0.080869 0.31695 1.2083 -0.15986
0.16145 -0.18145 1.923 -0.76281 -1.0582 0.17097 -1.5828 0.20043 -0.18579 0.70449 0.38605 -0.60646 0.27138 -0.8808 -0.6115 1.0658 -2.0028 -0.13522 -0.64373 0.21327 0.67361 0.2512 -0.51309 0.30025 -0.50674 1.5056 -0.77257 1.4329 -0.95675 0.61684 0.99411 -0.76879 0.89405 -0.15851 0.50633 0.42368 0.53038 2.2036 -0.78495
-0.2958 -0.062503 1.5681 -1.4445 -0.30731 0.074771 -1.639 0.89453 -0.49653 -0.95882 0.030493 -1.3636 0.42192 -1.1529 -0.40707 0.30577 -1.9137 -0.019039 -1.1421 0.12753 0.29624 0.36388 -0.14622 0.77074 0.74993 1.3577 -0.10533 1.9553 -1.2418 1.9341 0.94021 -0.34637 0.39134 -0.73289 0.19445 0.62422 0.40064 1.7208 -1.7463
-0.57995 0.090795 1.5202 -1.7557 0.35808 -0.69936 -1.5498 0.4401 -0.61726 -1.1894 0.36011 -1.451 0.53929 -0.61625 0.71685 0.26188 -1.1767 0.32622 -1.3721 0.10973 -0.65478 0.53051 -0.081005 1.1502 1.3794 0.62558 0.47353 1.6323 -1.5124 2.4412 0.65708 0.36337 0.50162 -1.3796 -0.05178 0.6262 0.36886 0.97776 -2.1154
-0.6891 0.40356 1.6657 -1.3294 0.43096 -0.72818 -1.6606 0.65344 -0.40993 -0.55549 0.22148 0.13459 0.76069 -0.54036 1.6917 -0.44748 0.79052 0.84361 -0.75033 0.34339 -1.0047 -0.070923 0.066666 0.66996 1.0953 -0.88532 0.69647 0.67044 -1.1185 2.1125 -0.12713 0.86998 0.80044 -0.80275 -0.064315 0.54664 0.11451 0.11575 -1.6755
-0.81041 0.37932 1.5382 -1.7453 -0.31842 -1.4999 -1.993 -0.44495 -0.20453 -0.43202 0.59976 0.41238 0.73756 -0.30545 1.1615 -1.1959 1.0422 0.64649 -0.097006 1.1077 -1.549 0.36305 0.69537 1.0904 1.2873 -1.0855 0.60256 -0.90038 -0.66544 0.71143 -0.91439 0.72699 0.62658 0.079758 0.01559 0.41253 -0.09708 -0.51308 -0.40933
-0.19 1.155 2.1645 -1.3357 -0.44436 -1.3014 -1.6193 -1.4663 0.024411 0.21573 1.6167 0.18129 0.15834 -0.012102 0.52662 -0.91414 0.78033 -0.44768 -0.011682 1.2269 -0.93492 0.31604 0.61312 0.99795 0.97507 -0.72745 0.7873 -1.8685 0.26111 -0.87864 -1.2276 0.25788 -0.045738 0.78887 0.21321 0.18661 -0.30082 -0.67093 1.0588
-0.80863 1.7098 0.77972 0.72696 0.97277 -0.30686 -0.73547 -0.15014 -0.81737 -0.17084 0.6525 -0.12741 -1.1665 0.24116 -0.26584 -0.66048 0.10202 -0.78394 -0.26289 0.91959 -0.54013 0.37129 0.51117 0.73227 0.31452 -0.17192 0.74092 -1.8026 0.92515 -1.4374 -1.0293 -0.12375 -1.1018 1.3205 -0.15401 -0.16045 -0.79626 -0.66494 1.6319
-0.85398 0.53061 -0.098939 -1.0378 0.89014 -0.22659 0.1668 -1.4124 0.32196 -0.27941 1.6279 0.24066 -0.13805 0.65141 -0.83695 -0.24899 -0.33701 -0.78871 -0.13831 0.34816 0.10907 0.36937 0.54889 0.1606 0.12936 0.51587 0.52559 -1.1077 1.4251 -1.5572 -0.61693 -0.18492 -1.7042 1.0355 -0.31433 -0.32793 -0.64005 -0.32719 1.5286
-0.47526 0.43644 1.4274 -1.2284 -1.2756 -1.4753 -0.56755 -0.34819 -0.17682 -0.035402 1.4746 0.5554 0.50198 0.74161 -1.285 0.10009 -1.0058 -1.1558 -0.27699 -0.64843 0.64832 0.018653 0.38749 -0.23597 0.27027 1.1565 0.11631 0.27832 1.5986 -0.54968 0.0095326 0.21471 -1.7216 0.97915 -0.59397 -0.66109 -0.40675 -0.24502 0.42468
-0.22997 0.13797 1.3973 -1.5589 -0.95292 -1.6971 -1.2499 -0.63498 0.32083 0.5343 1.1648 0.63657 0.71778 0.71607 -0.88825 1.2092 -1.4887 -1.4556 -0.37173 -1.3861 0.59993 -0.1581 -0.017347 0.070183 0.25773 1.2908 -0.56461 1.3941 0.77045 0.60775 1.1301 0.68349 -1.2375 0.73944 -0.58481 -0.85258 0.14189 -0.57811 -1.06
0.32103 0.10245 1.427 -1.592 -0.81675 -1.1679 -1.5722 -0.72278 0.22842 0.58694 0.99659 0.13953 0.71358 0.42614 0.23653 1.4178 -0.32576 -0.46083 0.29552 -1.645 1.2267 -0.59581 -0.59889 -0.13687 -0.31872 0.18573 -1.0621 2.1536 -0.10232 2.0697 1.8175 1.1256 0.23906 0.62715 -0.59344 -0.84651 0.065781 -0.63477 -2.3438
0.23073 0.23767 1.4127 -1.576 -0.96623 -0.86234 -2.0172 0.043114 -0.61755 0.34217 1.1061 0.40271 0.64613 -0.23974 0.81201 0.44995 0.40937 0.97051 0.96592 -1.6197 1.3357 -0.53523 -0.75393 0.36678 -0.83596 -0.85927 -1.3553 1.8151 -1.2113 2.8977 1.8196 1.0942 1.7963 0.41233 -0.27574 -0.37633 -0.38909 -0.03389 -2.7058
-0.46232 0.55227 1.8101 -1.7007 -0.87802 -0.81814 -1.9646 0.28557 -0.669 -0.82697 1.3458 0.41024 0.50173 -0.75449 1.5902 0.30975 1.7714 1.0365 1.3395 -0.05285 1.5637 -1.0225 -1.0275 -0.29087 -0.5602 -1.882 -1.0846 0.8644 -1.6271 2.4379 1.2148 0.82833 2.659 -0.28695 0.38672 0.4064 -0.75054 0.50612 -1.9934
-0.21463 0.81464 2.0284 -1.3424 -0.29428 -0.31372 -2.2251 0.58772 -0.36501 -1.0682 1.499 -0.19467 0.21326 -1.2128 1.5739 -0.34789 2.6841 1.2051 1.328 1.4025 1.2698 -0.51512 -0.59718 -0.7295 0.24725 -2.4241 -0.33446 0.052285 -1.2272 1.6468 0.30447 0.32628 2.68 -0.65373 0.86697 1.0869 -1.0414 0.77826 -0.95829
-0.64774 1.1808 1.644 -0.51886 0.27639 -0.41614 -3.3111 1.3869 -0.61202 -0.23518 1.9236 -0.59311 -0.59296 -1.1033 1.3476 -1.0223 2.928 1.6885 1.7981 2.149 0.64972 0.19865 0.17525 -1.2363 0.12831 -2.5304 0.18241 -0.71639 -0.96409 0.18571 -0.24355 -0.2532 1.4245 -1.0918 1.158 1.3045 -0.6293 0.72748 0.26157
-0.80594 1.8581 1.5774 1.1388 0.19843 0.53522 -0.1639 1.1608 -1.4912 -0.82013 -0.13124 0.24609 -1.559 -0.68627 1.0184 -1.023 2.7937 1.1914 1.4041 2.6265 0.42304 0.65543 0.9287 -1.4283 0.37278 -2.2171 0.76933 -1.0135 -0.28339 -1.2913 -0.81083 -0.73106 0.015842 -1.1847 0.69668 0.62951 -0.43153 0.2085 1.3447
-1.1394 1.417 0.79996 1.4866 0.4671 0.65757 0.63966 0.90754 -0.35446 -0.21201 0.19126 1.0651 -1.6924 -0.6775 0.62141 -1.0311 2.0409 0.55488 0.7961 2.1783 -0.28988 0.79738 0.95153 -1.3304 0.82471 -1.5267 0.75889 -1.4145 0.2185 -2.7714 -0.63967 -1.8783 -1.4345 -0.93407 0.29066 -0.28283 0.20338 -0.1187 2.5787
-1.1326 1.5439 0.53315 1.2331 1.3955 1.7921 0.1694 0.82725 0.0080601 0.26106 -0.047318 0.075438 -1.7273 0.0059887 0.17579 -0.8304 0.78496 0.21173 0.35654 1.4214 -0.7298 0.63333 0.33655 -1.6496 0.2705 -0.56626 0.69272 -1.4296 0.46985 -3.4294 -0.09306 -2.7084 -1.9304 -0.87174 -0.21599 -0.98574 0.4857 -0.35857 3.2111
-0.93123 1.6739 1.3838 1.4113 0.34925 0.47809 0.76265 1.181 0.48424 0.43484 0.097717 0.40742 -1.7166 -0.037143 -0.68688 -0.72703 -1.083 0.94152 -1.4725 -0.1076 -0.72412 0.81485 -0.12609 -0.73875 -0.12765 1.1696 0.2756 -1.2949 0.5223 -2.8444 0.26499 -2.875 -1.4171 -0.5146 -0.10622 -0.80949 0.6906 -0.021124 2.8711
-1.1454 1.6211 0.83182 1.3594 0.38835 0.39709 -0.37897 0.17617 0.21166 0.33328 0.030627 0.80101 -1.6516 0.28275 -0.80944 -0.34351 -1.8479 0.79391 -2.936 -0.078732 -1.181 0.20032 -0.60864 -0.73521 0.04443 2.07 -0.56849 -0.93794 0.17049 -1.6574 0.22024 -1.7921 -0.69462 -0.34603 -0.058291 -0.18918 1.178 0.74715 1.7174
-0.46217 1.5473 0.56483 0.91404 0.62535 0.49867 -0.16931 0.33242 -0.58873 -0.43481 -1.4588 -0.21202 -1.5121 -0.30235 -1.1347 -0.35122 -1.7898 0.7361 -3.3693 0.10384 -1.1458 0.79534 -0.28124 -0.3617 0.833 2.1936 -0.89799 -0.34542 0.23476 -0.10372 -0.20144 0.29171 0.046781 0.0058947 -0.17527 0.56839 1.4567 0.66716 0.067429
-1.3038 0.61407 0.4263 -0.63314 2.3407 -2.1382 0.29753 0.15388 0.44369 -0.9817 -0.51354 0.61589 0.34508 -0.9175 -1.2306 -0.71075 -1.8655 0.70219 -2.3149 -0.067816 -1.2513 0.52401 0.013713 0.6272 1.2786 1.9356 -0.85226 0.18179 0.26825 0.84494 -0.5116 2.0401 -0.074795 0.5563 -0.17265 1.0055 1.7762 -0.096653 -1.1784
-0.64382 0.74517 0.57891 -0.71627 1.3585 -3.1799 0.66653 -0.96479 0.17645 -0.4967 -0.42826 1.005 0.48326 -1.1058 -1.0801 -0.12335 -1.2725 0.57847 -1.1855 -0.017827 -0.69242 0.29116 0.75602 1.6397 0.57784 1.355 0.016641 1.0556 0.85384 1.5823 -1.2725 3.2964 -0.3993 1.1516 -0.71264 0.51619 0.98307 -1.0974 -2.2249
-1.81 0.62731 0.62672 -0.1832 1.5685 -2.3241 0.20366 -0.26201 1.9386 0.67523 -0.20611 1.3606 -0.017635 -0.89928 -0.52723 0.021241 -0.59181 -0.12213 0.10822 -0.16515 -0.27116 0.095996 0.98563 2.0053 -0.089372 0.42099 0.71848 1.4476 1.3474 1.7681 -1.3929 3.2493 -0.6105 1.7091 -0.92423 -0.23716 0.076735 -1.3027 -2.437
-2.0978 0.57393 0.33485 -0.66426 0.74619 -1.5716 -0.079183 -0.85202 0.26997 0.26511 1.229 2.1142 -0.080926 -0.27947 0.3368 0.78652 0.41955 -1.2841 2.0979 -0.64196 0.73356 -0.46777 0.31628 0.99891 -0.81977 -0.95387 1.7207 0.95722 0.73641 1.1515 -1.4384 2.2459 -0.57262 1.283 -0.99608 -0.75036 -0.70839 -0.79323 -1.6626
-1.9029 0.48436 0.72218 -0.22193 1.7431 -0.77636 -0.47467 -0.43377 -0.19102 1.0703 1.509 0.12938 -0.11097 0.0064062 0.56318 1.2021 0.47009 -1.0263 2.6268 -0.97144 1.5599 -1.0128 -0.26777 1.0644 -0.78494 -1.187 2.2588 -0.35683 -0.067719 0.26549 -1.2796 0.71667 -0.37867 0.39788 0.017259 -0.58444 -1.2572 -0.037557 -0.081162
-1.2148 0.82325 0.49519 -0.52487 0.989 -0.72648 0.20919 0.067422 0.032146 0.23073 0.75542 -0.42301 -0.28099 1.6421 0.027468 0.58441 0.26469 -1.7153 2.1077 -0.75483 1.0337 -1.2198 -0.19824 0.55255 -0.78028 -0.75907 2.0397 -1.6375 -1.0161 -0.59488 -1.3661 -0.82632 -0.034629 -1.0223 1.3562 -0.031782 -1.1434 0.7229 1.5109
-1.3887 1.1698 1.7796 0.08979 -0.059704 0.28833 -0.58546 1.0957 0.21 -0.86034 0.19729 0.39725 -0.78178 2.3414 -0.99618 0.012888 -0.046018 -2.3523 1.5609 -0.86203 0.38718 0.50976 0.010971 -0.49963 -0.24794 0.18096 1.3051 -2.1144 -1.3244 -0.61237 -1.4457 -1.4004 0.26057 -2.1478 1.9354 0.56233 -1.1743 0.60433 2.1337
-1.1896 1.2346 1.7829 -0.0079029 0.29579 0.53363 -1.0286 1.1991 -0.85812 -0.075536 1.6652 0.97942 -1.0162 2.347 -1.7257 -0.38832 -0.40762 -3.2302 0.96563 -0.7638 -0.81302 1.5876 0.10761 -0.70446 0.34991 1.0136 0.065935 -1.686 -1.1103 -0.37737 -0.52525 -1.6988 0.82244 -2.3028 1.5155 0.76458 -0.66585 -0.072234 1.986
0.45145 0.0073668 0.29933 -0.191 -0.99085 0.51712 -0.78404 0.088233 -0.1752 1.0928 1.1057 0.52331 -0.49704 2.0819 -2.2286 -0.6208 -0.31056 -3.0283 0.37084 -0.44532 -1.9808 1.6023 0.75985 -0.85839 -0.15774 1.671 -0.83641 -0.59016 -0.61409 0.085228 0.37152 -1.8673 1.3999 -1.6468 -0.11863 0.47756 -0.15267 -0.87807 1.124
0.64901 -0.88771 0.21977 -0.93339 -1.9488 0.54763 -1.3493 -0.76019 1.7162 0.38344 0.22369 0.91117 0.74042 1.8955 -2.2825 -1.0332 -0.2955 -2.3979 -0.72821 0.67909 -2.5673 1.3812 1.0333 -0.73497 -1.0361 1.9811 -1.5239 0.77848 0.17779 0.62397 1.4497 -1.6626 1.5546 -0.18668 -1.5723 0.056852 0.27481 -0.92294 -0.062321
0.57625 -0.83547 0.75882 -0.64192 -2.512 0.39532 -1.0464 -1.3475 2.4003 0.57241 0.17392 -0.11639 0.88947 1.0129 -1.7456 -0.73051 0.040789 -2.0949 -1.3642 1.2105 -2.162 0.36867 0.55031 -0.85686 -1.4368 1.6696 -1.7188 1.7543 0.41565 0.91255 1.8147 -1.0723 1.3091 1.2326 -2.4607 -0.21099 0.72659 -0.028267 -1.1633
0.70981 -0.81138 0.66659 -0.32399 -2.7438 -0.0082462 -0.36618 -1.9996 1.3324 0.88738 -0.44778 -0.35593 0.9464 0.048847 -0.62398 -0.013127 0.53239 -0.98647 -1.5246 1.5107 -1.1247 -1.0569 0.32954 -0.16602 -0.98546 0.90471 -1.3888 1.7576 0.39451 0.70307 1.8362 -0.27921 0.55751 1.6869 -2.2878 -0.3478 0.85505 0.87182 -1.5315
0.80783 -0.95333 0.64912 -0.11503 -2.3673 -0.92351 0.49766 -1.9218 1.0123 1.0691 0.46784 -0.49962 0.9175 -0.18988 -0.024232 -0.3941 0.91228 -0.33393 -1.3941 1.7517 -0.16488 -2.2838 0.66545 0.35982 -0.30263 0.16753 -0.62174 1.1046 0.15349 0.13051 1.4976 0.46877 -0.15863 1.3292 -0.89019 -0.28129 0.84317 1.1962 -1.19
0.43343 -1.0312 0.18666 -0.16748 -2.7498 -1.3278 0.37347 -1.792 -0.67932 1.052 0.6181 -0.69303 0.89674 -0.084733 -0.10388 -0.50165 0.52728 0.16225 -1.2712 1.5224 -0.087658 -2.0388 0.24165 0.43334 0.14382 0.04422 -0.14754 0.3209 0.13657 -0.47722 0.68724 1.0905 -0.88114 0.54876 0.67832 -0.47852 0.086303 0.66477 -0.54062
0.62546 -0.88514 0.3466 0.18187 -2.4919 -1.1516 0.78503 -1.5137 -0.48101 1.2502 0.45125 -0.18165 0.97515 -0.075449 -0.097442 -0.20844 0.26797 0.1317 -0.53504 0.89025 0.056738 -0.98598 6.519e-05 0.59477 0.41839 0.011255 -0.10264 0.036437 0.7975 -0.79046 0.37903 1.5673 -1.3381 -0.060542 2.0868 -0.70258 -0.52754 -0.18416 -0.091036
0.37666 -0.81773 0.0044553 0.26999 -2.6274 -1.0538 0.93546 -1.1059 -0.81889 1.423 0.45759 0.48816 0.99526 -0.28168 -0.036905 0.14222 -0.01821 0.050738 0.26003 0.18599 -0.1146 -0.2961 -0.34687 -0.14633 -0.028331 0.033872 -0.24707 0.12174 0.98459 -0.78388 0.21634 1.7872 -1.6257 -0.29018 2.3237 -0.66673 -0.78557 -0.84838 -0.034583
0.7209 -1.022 0.47066 -0.087794 -2.2118 -1.635 1.2474 -2.2982 -0.24297 0.72023 0.49924 -0.49881 0.91724 -0.28124 -4.3669e-05 0.68907 -0.25335 0.40957 1.0196 -0.24696 -0.29246 1.1776 -0.52076 -0.52229 -0.6594 0.012743 -0.1772 0.22475 0.93981 -0.8465 0.42789 1.6109 -1.7494 -0.26942 2.051 -0.72767 -0.94571 -1.002 -0.051941
0.66553 -0.99416 0.50748 0.052142 -2.6137 -0.81571 0.83973 -1.8812 0.0098059 1.0023 0.8359 0.068195 0.93559 -0.44024 0.052869 0.78219 -0.63856 0.4037 1.5756 -1.1494 -0.52973 1.7039 -0.90297 -0.73037 -1.1376 -0.017413 -0.0098901 0.36608 0.53785 -0.77991 0.51069 1.3203 -1.8633 0.54162 1.2089 -0.60227 -0.45099 -0.26898 -0.068384
0.12076 -0.98977 0.64298 -0.19316 -2.4406 -0.55229 0.40572 -1.8785 -0.17994 0.48181 0.053084 -0.94869 0.97235 -0.32464 0.24158 1.1258 -0.96143 0.73526 2.0746 -1.9292 -0.30937 2.2727 -1.2551 -1.177 -1.1658 -0.054454 0.067109 0.48594 0.059665 -0.71785 0.67492 0.45082 -1.4915 1.2197 -0.062552 -0.43828 0.13234 0.36784 -0.069208
0.17389 -0.89909 0.98734 -0.32797 -1.9522 0.4089 0.096816 -1.956 1.5066 0.50489 -0.25944 -1.312 0.94296 -0.27733 0.47103 0.87447 -1.0835 0.82437 2.4119 -2.6872 0.99997 1.6672 -1.2491 -0.82767 -0.39387 -0.052739 0.20151 0.45121 -0.25027 -0.52748 0.95668 -0.58884 -0.45559 1.724 -0.99897 0.12185 0.9733 1.0856 -0.078705
0.16849 -0.75065 0.95597 -0.62356 -2.0413 0.94622 -0.88459 -2.2701 1.7949 -0.14267 -0.36136 -1.0285 0.96332 -0.23686 0.62726 0.7565 -1.3382 1.446 1.5211 -2.4509 1.4532 1.068 -1.2721 -0.23827 -0.32938 -0.091251 -0.10094 0.16183 -0.72588 -0.28657 1.0507 -1.541 0.89924 1.6243 -1.6854 0.51311 1.5304 0.98913 -0.069609
0.32927 -0.62748 1.4191 -1.119 -1.4666 1.3441 -1.588 -1.8022 2.4508 -0.73555 -0.94965 -0.95033 0.86893 -0.10837 0.63625 0.53789 -1.4137 1.8274 0.6678 -1.7953 2.1441 0.23484 -0.64056 0.82912 0.63458 -0.13734 -0.46797 -0.21062 -0.9525 0.03917 0.88257 -1.965 2.0055 0.91843 -1.5265 0.7036 1.2853 0.54077 -0.035079
0.43664 -0.56416 1.2353 -1.2761 -1.4345 1.6915 -2.5325 -0.06639 1.2361 -0.79875 0.19084 -0.54888 0.87454 -0.59578 0.43387 0.032602 -1.3248 2.1904 -0.16513 -0.57978 2.4671 -0.50721 -0.48241 1.2116 0.31023 -0.13451 -0.70386 -0.42902 -1.1683 0.51242 0.20309 -1.5166 2.3051 0.18094 -1.0737 0.65389 0.64083 0.41343 0.063008
-0.014929 -0.32829 1.2476 -1.5746 -0.51409 0.69091 -1.9582 0.002087 1.1674 -0.66948 0.5339 -0.94962 0.86791 -0.96704 0.1974 -0.42176 -1.0305 2.0912 -0.71488 0.37911 2.3795 -0.7114 -0.16627 1.1417 0.34681 -0.092868 -0.76322 -0.4569 -1.1659 0.76883 -0.51678 -0.88531 1.8464 -1.0229 -0.23865 0.078416 -0.56087 0.10454 0.13273
-0.024444 -0.37746 1.2888 -1.9052 0.10195 0.45609 -1.5783 0.73145 0.77383 0.0064522 1.067 -0.11278 0.81374 -1.1154 0.098014 -0.79952 -0.61551 1.6694 -0.84991 1.0612 1.6945 -0.68527 -0.13613 0.92525 0.61092 -0.0031067 -0.22848 -0.33934 -0.79482 0.94869 -1.0633 0.028405 0.9313 -1.6152 0.33099 -0.35029 -1.2821 0.3701 0.14274
-0.66106 -0.52702 0.88792 -1.9079 0.73907 0.57334 -0.59712 0.79611 1.4866 -0.7274 0.79733 -1.3139 0.80972 -1.2668 0.007203 -1.0778 -0.3911 1.0832 -0.77444 1.0686 0.39607 -0.16953 -0.65118 -0.27072 0.64008 0.029703 0.25327 -0.2222 -0.42356 0.92715 -1.2379 0.62995 0.13424 -1.7295 0.35016 -0.61792 -1.6668 0.29907 0.094824
-0.77885 -0.55003 0.59582 -1.8964 0.21309 0.28739 -1.0734 0.89532 1.0037 -0.79554 0.5434 -0.25185 0.86266 -0.86974 -0.064338 -1.0215 0.057534 0.65732 -0.070705 0.93483 0.097886 -0.089297 -0.97931 -0.86338 0.87015 0.054502 0.80761 -0.15849 0.1309 0.81245 -1.0942 0.83213 -0.26336 -1.4216 -0.019797 -0.27955 -1.3735 0.0038653 -0.0015542
-0.67911 -0.40507 0.63555 -1.7884 0.40135 0.43907 -0.75231 0.96114 0.97009 -1.0277 0.6496 0.16459 0.89296 -0.61784 -0.11181 -1.043 0.29617 0.23037 0.17763 0.71199 -0.41991 -0.28075 -1.0471 -1.5655 0.77644 0.044543 1.0396 -0.11854 0.54197 0.73116 -0.7237 0.79479 0.058023 -0.9479 -0.35978 0.54111 -0.4085 -0.76784 -0.081584
-1.1817 -0.43992 0.078022 -1.89 0.11685 0.20068 -1.2267 0.076066 0.92239 -1.7942 -0.21786 0.002682 0.89568 0.063017 -0.12248 -0.57864 0.49689 0.00032746 0.36536 0.71623 -0.85745 -0.66884 -0.52872 -1.4034 0.48981 -0.013452 0.66585 -0.1117 0.52092 0.542 -0.63751 0.23913 0.43712 -0.80581 -0.48799 1.2764 0.4568 -1.4899 -0.14772
-0.81965 -0.42999 0.43686 -1.4975 0.92591 0.73278 -0.15163 0.56993 1.0525 -1.6301 -0.26966 0.17446 0.8831 0.20116 -0.17452 -0.34143 0.69846 0.01617 0.62326 1.2956 -1.1052 -0.62455 0.25944 -0.91876 -0.82301 -0.079694 0.46114 0.14827 0.65734 0.48011 -0.48569 -0.24704 0.75438 -0.43272 -0.46341 1.7378 1.1284 -1.8357 -0.29776
-0.90333 -0.65999 0.024 -1.5855 0.48344 0.74961 -0.31588 0.21164 0.47149 -1.4768 -1.1029 0.32242 0.83395 -0.040012 -0.23193 -0.45138 0.82406 -0.46832 0.19761 1.5168 -1.2441 -0.92827 1.0502 -0.25945 -1.4808 -0.14282 0.080942 0.8143 0.89716 0.47523 -0.38803 -0.85265 -0.025746 0.15507 -0.48796 1.6112 1.2706 -0.91224 -0.69069
-0.39767 -0.64418 0.37587 -1.2227 0.39276 0.94951 0.21507 -0.51592 0.32176 -1.2905 -0.60463 -0.74322 0.81077 0.29223 0.19433 0.05311 0.9885 -0.48121 -0.23133 1.8182 -1.1385 -1.1109 1.8169 0.22206 -2.1061 -0.41353 -0.11429 0.99872 1.2488 0.20694 -0.1148 -1.3851 -0.72289 0.74225 -0.87081 1.0799 1.1957 0.73968 -0.69596
-0.6716 -0.60203 0.22514 -0.98994 0.13744 1.1114 0.74592 -0.60377 0.19369 -0.11968 -0.1473 -1.3406 0.8007 0.16904 1.0983 0.80365 1.199 -0.51238 -0.92588 0.40549 -0.53528 -1.4365 2.0795 0.68903 -0.82138 -1.0589 -0.22339 0.59403 0.90649 -0.20807 0.37191 -1.3255 -0.89263 1.0068 -0.77337 -0.04973 0.8729 1.7327 -0.24354
-1.2158 -0.60523 -0.18834 -0.84841 -0.37359 0.17439 1.0557 -0.96544 -0.37658 0.17972 0.23098 -1.4961 0.73256 -0.11485 0.88507 1.2261 0.87366 -0.20701 -1.6111 0.41139 0.062082 -2.1758 2.014 1.1101 0.32027 -0.84325 -0.12505 -0.39597 -0.22098 -0.43654 0.49986 -0.86892 -0.64344 1.0246 -0.33164 -1.5738 0.53394 1.7173 0.44671
-0.43967 -0.017671 0.52746 -0.56688 0.13353 -0.072724 1.5104 -1.1399 -0.51931 0.7587 -0.37576 -2.4031 0.28545 -0.25084 0.44633 0.55802 0.49474 0.068868 -1.788 0.44182 0.22527 -1.999 0.84457 1.1113 0.83842 -0.35556 0.38992 -1.4062 -1.4514 -0.3089 0.49035 0.10341 -0.041747 0.97612 0.58318 -2.6848 0.3664 0.43755 1.0559
-0.52746 0.94736 1.6473 0.066156 0.38661 -0.50739 -0.8026 0.42539 -1.274 1.2092 0.40954 0.65826 -0.57645 0.27067 -0.17109 -0.20175 0.54132 0.14419 -1.5517 0.51868 0.58771 -1.5161 -0.87884 1.1028 0.56445 0.01859 0.78732 -1.6744 -2.4218 0.17463 0.2834 1.0517 -0.39178 0.85413 1.7612 -3.0392 0.084985 -0.53066 1.0075
-1.0878 -0.44964 1.1419 -0.85678 0.078342 -1.4325 0.96724 -0.12939 -3.1105 1.2321 0.59449 0.37054 0.45665 0.70239 -0.81514 -1.0139 0.79634 0.21007 -0.73913 0.27052 1.208 -0.55414 -2.1245 1.4272 -0.097041 0.36316 1.0494 -1.423 -2.6205 0.4771 0.23076 1.7636 -0.64234 0.3688 2.4424 -2.0919 -0.79266 -1.4105 0.64677
-0.79348 -0.52213 0.099036 -0.63109 0.32615 -1.0628 1.6121 -0.83195 -1.6618 -0.57388 1.1411 -0.96968 0.85625 0.87364 -1.3903 -2.218 1.0272 0.22945 0.00025041 -0.28242 1.3241 0.75888 -2.8974 1.0865 -0.37342 0.56524 1.0457 -0.29164 -1.9056 0.38308 0.31676 2.0789 -1.2811 -0.10658 2.4839 0.0014709 -1.5826 -1.1235 -0.12945
-0.22159 -0.79253 -0.49886 0.038431 -0.010963 -1.0285 1.6471 0.22495 -1.4845 -1.8036 1.2051 -1.5146 0.69586 1.4001 -1.4147 -3.0117 1.1023 0.43386 1.0126 -0.43682 0.60525 1.9345 -2.5493 -0.61795 -1.6786 0.50598 0.87402 0.71792 -0.69611 -0.18632 0.29691 1.5453 -1.2774 -0.77668 1.3848 2.1107 -1.809 -0.26048 -0.67728
0.037175 -0.94216 -0.67728 0.55763 0.17582 -0.6409 0.71513 1.1515 -0.83794 -2.4299 1.8745 -1.7263 0.61922 1.8674 -0.38201 -2.5295 1.069 0.6024 1.7871 -1.6808 0.65266 2.3967 -0.66578 -1.2968 -1.0357 -0.28019 0.49633 1.3077 0.53248 -0.87907 0.19335 0.72895 -0.55317 -1.3134 0.039087 3.2579 -0.91107 0.45254 -0.70982
0.51991 -0.93744 -1.084 0.83729 0.77595 -0.13609 -0.36602 1.1191 0.36863 -2.5045 0.69349 -0.90112 0.40015 1.8318 -0.081023 -2.0676 0.42792 0.55621 1.5021 -1.5762 -0.080598 1.5029 1.1976 -1.2862 -0.36701 -0.40292 -0.20334 1.1342 1.0363 -1.2563 -0.22612 -0.26419 0.52235 -1.5152 -1.0347 2.9891 0.40667 1.082 -0.30498
0.71707 -0.92147 -1.6487 0.71824 0.85712 0.68788 -0.58599 0.22472 0.49804 -1.5766 -1.112 -1.4872 0.42806 1.5818 0.20283 -1.7489 -0.23403 0.50523 1.2379 -0.8141 -1.0689 1.0577 2.0805 -0.56933 -0.15168 -0.22622 -0.75085 0.41277 0.99454 -1.1188 -0.5545 -1.04 1.5723 -1.3088 -1.3606 1.3755 1.222 0.44578 0.32688
1.1108 -0.76272 -1.7281 0.089817 0.68837 0.99997 -0.55237 0.26433 0.23811 0.59879 -0.32224 -1.4885 0.3524 1.1659 0.25234 -1.5789 -0.52572 0.026918 0.75961 0.17359 -1.6879 0.45843 2.3633 -0.16127 0.062187 -0.056429 -1.0463 -0.020458 1.0976 -0.35256 -0.53336 -1.3842 1.345 -0.17195 -0.78467 -0.41594 1.3481 0.091982 0.42695
1.479 -0.67915 -2.2134 0.13517 0.76572 0.41476 0.08186 -0.75275 0.13932 0.31831 0.58701 -1.7704 0.44585 0.80518 0.16094 -1.0238 -0.48547 -0.20886 0.060717 0.58221 -1.2701 0.096888 1.6426 0.70003 -0.38679 0.12002 -1.3012 -0.39517 1.3719 0.48311 -0.16735 -1.429 0.55603 1.154 -0.18354 -1.8709 0.47262 0.055411 0.34283
1.5476 -0.6873 -2.1816 0.12402 0.65477 0.583 0.34586 -0.58009 0.30051 0.15171 1.2896 -1.5757 0.43355 0.27562 -0.10096 -0.49965 -0.094007 -0.12271 -0.70357 0.41012 -0.35179 0.35666 0.53909 0.90731 -0.11965 0.17306 -1.3961 -0.54413 1.6116 0.86363 0.082036 -1.1346 -0.20237 2.1219 0.094406 -2.3503 -0.29875 0.013956 0.23136
1.2604 -0.76909 -2.3938 0.20977 0.34963 0.61673 0.36418 -1.1 0.37156 0.64418 0.62684 -1.054 0.4944 -0.3918 -0.31055 0.12201 0.41144 0.23554 -0.91547 0.17855 0.6375 0.72956 -0.94564 -0.14256 -0.0067939 0.26049 -1.2853 -0.48495 1.3963 0.68748 -0.21495 -0.7869 -0.31529 2.1968 -0.19389 -1.8966 -0.73042 -0.012692 0.10577
1.5109 -0.79459 -2.142 0.22613 0.71124 0.16511 -0.070705 -0.51469 0.66306 -0.027608 0.4618 -1.9028 0.5411 -0.83066 -0.46001 0.67847 0.57427 -0.068626 -1.0414 -0.026263 1.7374 0.33994 -1.2894 -0.42398 -0.15981 0.27917 -0.66221 -0.2028 1.0158 0.16637 -0.73635 -0.43819 0.11887 1.6027 -0.66928 -0.89798 -0.4402 -0.10771 -0.044266
1.0479 -1.0335 -2.1398 0.43213 0.74053 -0.38256 -0.14445 0.064723 0.95282 -0.013805 0.23768 -1.674 0.59114 -1.0307 -0.50511 0.84047 0.41076 -0.67031 -1.3558 0.17349 2.2195 -0.29526 -1.4356 -0.23894 -0.45397 0.25239 0.1059 0.25562 0.30334 -0.33522 -1.1441 -0.24383 0.28826 0.37861 -0.618 0.42135 0.20988 0.43015 -0.25695
0.70735 -1.0003 -1.5752 0.67952 1.1708 -0.35315 0.094296 1.0607 1.2296 -1.3032 -0.059338 -1.4493 0.6778 -0.63528 -0.36046 0.92829 0.19572 -1.0893 -1.3631 0.65167 2.161 -0.51808 -1.1075 -0.030188 -0.18037 0.099222 0.91512 0.84154 -0.30107 -0.6087 -0.81213 0.15858 -0.20219 -1.1928 -0.09681 1.4354 0.26371 0.92969 -0.4919
0.59959 -1.1389 -1.5542 0.83202 0.16076 -0.92782 0.334 1.5279 0.10405 -1.4713 0.79871 -1.9502 0.74158 -0.29153 0.077054 0.53721 -0.015629 -1.4439 -1.2409 0.41643 1.1942 -0.12214 -0.15265 0.061254 0.83458 -0.10068 1.5086 1.2694 -0.68783 -0.58822 -0.085732 0.7084 -1.0437 -2.3702 0.41506 2.2741 0.30786 1.3521 -0.64898
0.3775 -1.2032 -1.5104 0.37842 -0.7199 -1.2033 0.657 1.9573 -0.36153 -1.33 0.9071 -2.0016 0.66715 0.5025 0.70132 0.31223 -0.3227 -1.2445 -0.7707 -0.54906 -0.23596 0.054359 1.0864 -0.058561 1.0629 -0.40776 1.5129 1.2203 -0.92609 -0.5149 0.83117 0.87396 -1.6142 -2.7085 0.40278 2.2667 0.32041 1.4134 -0.60897
1.0144 -1.0535 -1.443 0.37325 -0.69762 -1.2939 1.0977 1.4511 0.18458 -0.55953 0.1252 -1.238 0.53607 1.2067 1.1576 -0.046386 -0.40322 -0.783 -0.21113 -1.3058 -1.5068 0.28186 2.2492 0.38493 1.6675 -0.63324 1.1732 0.64734 -0.85371 -0.23351 1.4924 0.70339 -1.3497 -1.9609 -0.077855 1.4563 0.22649 0.78143 -0.28373
1.1245 -0.58259 -1.7168 0.34922 -0.6115 -1.681 -0.21596 0.83988 1.4436 -0.0023541 0.38254 -0.38442 0.4073 1.43 1.2078 -0.39187 -0.55128 0.12225 -0.102 -1.7047 -2.1138 0.11777 2.4576 0.44441 2.2734 -0.70342 0.25859 -0.33416 -0.55665 0.028065 1.327 0.3114 -0.41041 -0.34672 -0.30869 0.11439 0.12312 0.11439 0.24098
1.5735 -0.17784 -1.5483 0.18601 -0.29365 -1.0821 -1.4057 -0.30483 0.91848 1.3357 0.092236 -0.55388 0.12839 1.4274 0.93977 -0.59599 -0.33403 0.66386 -0.14453 -1.6958 -1.9438 -0.31352 2.223 0.24591 1.7889 -0.45099 -0.55198 -1.2041 0.095407 0.20679 0.49343 -0.079797 0.91202 1.4007 -0.41438 -1.2942 -0.30022 -0.68267 0.68494
2.0465 0.068564 -1.5775 0.34265 -0.1377 -0.57189 -1.3017 -0.65978 0.73205 1.5953 1.4116 0.31983 0.066943 0.87402 0.22586 -0.37822 -0.31765 0.51072 -0.16661 -1.1707 -0.7512 -0.28671 1.3377 0.22663 1.1785 -0.076175 -0.9289 -1.5441 0.79922 0.40968 -0.72975 -0.30444 2.0801 2.2932 -0.2927 -2.0571 -0.64369 -0.95996 0.87443
1.9488 -0.27911 -2.1207 -0.1496 -0.1067 -1.6611 -1.2335 -0.7812 -0.59172 1.6416 1.4192 0.68741 0.048519 0.4593 -0.4429 0.12292 -0.15765 -0.073358 -0.33317 0.24815 0.69725 -0.37401 0.084164 -0.19334 0.7383 0.25499 -1.151 -1.2325 1.3575 0.33623 -1.4518 -0.25487 2.3967 1.8087 -0.031603 -1.8457 -0.85818 -1.0483 0.69051
2.0907 -0.38001 -2.0936 0.087695 0.078816 -1.6631 -1.1154 -0.32286 -0.29947 1.8217 0.24422 -0.045639 0.31839 0.18781 -0.78129 0.6568 0.089273 -0.91614 -0.61667 1.474 1.2996 -0.45756 -0.80297 -0.75562 0.74702 0.47799 -1.1502 -0.27554 1.584 0.18857 -1.3907 0.10696 1.6781 0.41509 0.30095 -0.95829 -0.78964 -1.1634 0.30307
1.8706 -0.77797 -1.6244 0.050143 -0.17922 -1.4961 -0.91524 0.71861 1.2177 1.2248 0.27875 0.41372 0.49079 -0.36881 -0.69725 1.2719 0.058618 -1.3937 -0.42818 1.7639 0.76121 -0.29179 -0.59197 -1.1401 -0.23024 0.48355 -1.1333 0.66728 1.3671 -0.22977 -0.6904 0.50737 0.22345 -1.0162 0.52947 -0.073769 -0.12137 -0.70875 -0.12543
1.7742 -0.76122 -1.2773 0.22949 -0.90018 -1.7895 -0.097821 1.5388 0.75919 0.19675 0.29831 0.5307 0.53038 -0.84978 -0.12974 1.8291 -0.09631 -1.4848 0.10454 1.4203 0.060881 0.29868 -0.34267 -1.0309 -0.81091 0.34122 -0.95207 1.2433 0.77846 -0.63515 0.25936 0.72903 -1.1734 -1.8101 0.44441 0.33667 0.78388 -0.29682 -0.41865
2.1441 -0.74577 -0.80206 0.38423 -1.6057 -1.6947 0.83859 0.53705 -0.71953 0.55401 -0.27606 0.85204 0.51084 -1.1283 0.38186 1.9389 -0.4908 -1.1217 0.34025 0.72259 -0.80385 0.34865 -0.30361 -0.36142 -0.013448 0.10304 -0.8256 1.2154 0.035773 -0.85173 0.98126 0.58185 -2.0118 -1.5194 0.37469 0.27743 1.5259 0.36578 -0.40517
1.3609 -0.6418 -0.58552 0.068693 -1.6224 -1.4637 0.75632 -0.52612 -0.17937 1.4975 0.25255 -0.42063 0.53664 -1.2018 0.82764 1.6951 -0.79395 -0.59049 0.48176 -0.34377 -1.6826 0.14648 -0.24133 0.47992 -0.037857 -0.066661 -0.66371 0.76754 -0.33606 -0.83107 1.2431 0.33978 -2.1037 -0.59987 0.26928 -0.034834 2.0783 0.52492 -0.24597
0.79858 -0.32607 -0.3229 -0.42318 -1.4915 -1.517 -0.028936 -0.47998 0.65897 1.294 -0.45099 -0.7726 0.49576 -1.727 0.92407 1.4107 -1.1416 -0.015371 0.56797 -1.3645 -1.5296 0.56386 -0.061448 1.3119 0.080829 -0.023755 -0.076973 0.17344 -0.11279 -0.30867 0.73852 0.38633 -1.5112 0.42807 0.25431 -0.46612 1.7997 0.32182 -0.10049
0.88514 -0.086439 0.06944 -0.49233 -1.0658 -1.0305 -0.45986 -0.61681 1.1834 0.64505 0.055699 1.0439 0.49551 -1.7836 0.92339 1.5141 -1.2826 0.2822 0.68552 -1.7301 -0.83433 0.75185 -0.53947 2.5179 0.16957 -0.02725 0.70058 -0.45003 0.22988 0.44304 -0.2625 0.49132 -0.40974 0.73029 -0.034721 -0.48417 1.0824 0.53881 -0.16648
0.71869 0.0035374 0.17069 -0.74371 -1.2929 -1.024 -1.1551 -1.2038 0.81795 0.12647 1.5167 0.54737 0.40453 -0.97954 0.62901 1.8411 -0.81486 -0.19113 1.0274 -1.5964 -0.35708 0.57567 -1.1375 2.4109 0.48926 -0.09321 1.4463 -0.7838 -0.19915 1.2665 -1.1673 0.18412 0.58863 0.31954 -0.6781 0.023631 -0.079208 0.15777 -0.44761
-0.27609 0.084722 0.23173 -1.058 -1.3172 -1.1549 -1.3369 -0.63502 0.56172 0.62955 1.8759 0.40987 0.57553 -0.27172 0.1901 1.8914 -0.16833 -1.0269 1.2536 -1.0431 -0.77202 0.070416 -0.72428 2.1921 0.81435 -0.32429 1.8824 -0.62227 -1.0135 1.9149 -0.94006 -0.41425 1.2391 -0.014209 -0.97715 0.64106 -1.3968 0.37042 -0.71598
-0.0012365 0.18949 1.0377 -1.2611 -1.2965 -0.58126 -1.153 -0.99686 0.43822 0.27886 3.1415 0.1946 0.46978 0.20765 -0.072578 0.88256 0.57717 -1.5945 0.66374 -0.53208 -0.9146 -0.50088 0.078229 1.2591 0.024675 -0.66098 1.7869 0.0014065 -2.1228 2.0147 0.31306 -1.168 1.2516 0.081442 -0.74861 0.95176 -2.1759 0.29011 -0.93972
0.49698 0.00048056 1.5507 -0.76935 -2.0469 0.18663 -1.676 -0.98209 1.4833 -0.44801 2.1892 0.10166 0.36629 1.1243 0.19073 0.22837 1.468 -0.82042 0.036118 0.21099 -0.60066 -0.73597 0.19881 0.06811 1.1091 -1.0001 1.215 0.75381 -2.8838 1.4905 1.7559 -1.3178 0.69653 0.72834 -0.5129 1.0431 -2.5111 -0.033302 -0.85307
0.81512 -0.12824 1.5824 -0.38228 -2.9046 0.25214 -1.4986 -2.0173 0.7569 0.30112 2.0792 1.5589 -0.0053204 1.6464 0.62569 -1.0341 1.994 0.26876 -0.72068 0.2747 -0.28974 -0.57291 0.4007 -1.2145 0.88257 -1.4047 0.35308 0.92789 -2.6353 0.53521 2.4546 -0.80853 0.22703 1.108 -0.38184 1.0918 -1.4329 -0.38429 -0.39072
0.96277 -0.086804 0.17897 0.31747 -2.9644 -0.89253 -1.2946 -1.9817 -0.19741 1.0748 2.1761 0.52769 -0.31632 1.2692 1.1414 -2.1891 1.8037 1.3305 -0.71414 -0.055336 0.4084 -0.95615 1.3064 -1.9733 0.25539 -1.4497 -0.51732 0.34226 -1.8502 -0.53973 1.9686 -0.11026 -0.15347 1.0747 -0.181 0.99657 -0.026644 -1.1389 0.2951
1.7065 0.5426 0.41783 0.94188 -1.3097 -1.4158 -0.64109 -1.3039 -0.4255 0.28833 1.8525 2.171 -0.5909 0.79278 1.0541 -2.5125 1.3648 1.939 -0.59035 0.055823 0.86006 -1.1814 1.8189 -0.82305 -0.40635 -1.122 -0.75816 -0.66829 -0.24331 -1.2134 0.79147 0.66043 -0.10524 0.48936 0.33293 0.46073 0.97234 -0.45002 0.99864
1.4764 0.91596 -0.62087 1.0389 -0.45102 -1.8359 -1.2408 -0.75686 0.42142 1.0491 0.31724 0.66823 -0.9464 0.59016 0.564 -2.2619 0.79701 2.0353 -0.24504 0.016261 1.0346 -0.8055 1.5838 -0.23133 -0.6692 -0.62371 -0.42698 -1.7268 0.69151 -1.2679 -0.68735 0.75636 -0.01131 -0.21591 1.0523 -0.48547 1.3088 0.12105 1.3908
1.4011 1.2453 -0.78596 0.64633 -0.19343 -0.25975 -1.8769 -0.52148 -0.59847 2.3151 0.50222 0.11538 -0.99536 0.57714 -0.24878 -1.4145 0.29513 1.3833 0.38856 0.030926 0.39503 0.044637 1.2288 -0.058706 0.3507 -0.06532 0.053 -2.1901 1.0926 -0.88991 -1.4372 0.26418 0.19721 -0.32977 1.3542 -1.2849 0.57425 0.65913 1.5505
1.4111 0.496 -0.80566 0.99728 -0.763 -0.46929 -1.3497 -0.5389 -0.46498 2.4342 2.2326 0.23726 -0.72551 0.58412 -1.2041 -1.5186 0.038019 0.28146 0.33436 -0.063514 0.17807 0.61675 0.57771 0.38896 0.066949 0.46244 0.050025 -2.1351 1.3635 -0.53991 -1.3472 -0.73785 0.44696 0.33155 1.1178 -1.6697 -0.22656 0.49274 1.4777
1.7213 0.1846 -1.1416 0.84152 -0.62033 -0.97049 -1.0433 -1.0104 -0.80683 2.3914 2.0655 1.1484 -0.68729 0.89539 -1.8613 -0.96263 0.12629 0.072479 -0.33823 0.49097 0.58968 0.91994 -0.38354 0.044594 0.53151 1.0557 -0.50599 -1.2791 1.5983 -0.48374 -0.7702 -1.3084 0.56559 1.18 0.30479 -1.7 -1.227 -0.60531 1.2165
2.054 -0.11563 -1.0807 0.99165 -0.51451 -0.81192 -0.95191 -1.4158 0.4656 2.0615 1.32 2.0403 -0.43787 0.5251 -2.3339 -0.092023 -0.10452 0.11714 -1.3678 0.67961 1.6083 1.0788 -1.1251 -0.81304 0.20128 1.4088 -1.2274 -0.2427 2.1706 -0.5463 -0.45367 -0.74277 0.82533 1.3235 -0.17667 -1.2594 -1.6783 -0.98141 0.80461
2.3068 -0.40223 -1.6925 0.99706 -0.54773 -1.1473 -1.2771 -0.34075 1.0153 0.93117 1.4962 1.0493 -0.221 -0.33322 -1.9052 0.6792 -0.51814 -0.017953 -1.4013 0.78934 2.1081 0.44811 -1.4985 -2.1214 -1.0327 1.5963 -1.8525 0.5721 2.0046 -0.77995 -0.79781 0.38649 0.76658 0.45303 -0.76567 -0.82516 -1.1549 -1.3944 0.26375
2.323 -0.85392 -1.5282 1.0689 -0.14296 -1.8893 -0.74204 0.67379 1.1185 1.2139 0.092885 0.48226 0.2915 -1.0829 -1.6081 1.4692 -0.63727 -0.55873 -0.63023 1.4353 2.1444 0.48789 -1.5167 -2.1541 -1.2471 1.604 -1.6425 1.1584 1.3757 -0.75907 -0.89467 1.6577 0.80838 -0.96937 -1.0323 -0.44141 -0.046835 -1.0704 -0.21675
1.5815 -1.5122 -0.26431 0.35571 -0.38599 -2.2692 -0.76565 1.928 0.179 1.0166 0.51127 0.38276 0.63938 -1.7445 -1.2386 1.7748 -1.0267 -1.1252 0.082358 1.644 1.2443 -0.37181 -1.9261 -1.7948 -1.6968 1.4208 -0.91401 1.3022 0.15398 -0.57833 -0.45452 2.2248 0.59968 -1.9804 -0.74549 -0.24269 1.2554 -0.36217 -0.65581
0.81921 -1.2712 -0.091962 0.29255 -1.0713 -2.3328 0.070487 1.377 -0.31853 0.17007 -0.5859 -0.72659 0.94316 -1.8226 -0.6659 1.7773 -1.2319 -1.0478 1.2524 1.8665 0.016867 -0.65175 -1.8424 -1.1232 -1.7475 1.116 -0.029245 1.4302 -1.2968 -0.24398 0.49861 2.0395 0.12803 -2.2408 -0.43211 -0.018717 1.4868 0.044893 -0.89497
0.81184 -1.3286 0.19714 0.28471 -1.4248 -0.98163 1.1742 1.022 1.1055 0.11868 -0.66548 0.80595 0.91505 -1.662 -0.1258 0.80381 -1.2761 -0.66042 2.1674 1.7717 -0.94548 -0.52737 -1.8487 -0.0064748 -1.5945 0.68915 0.69065 1.1787 -1.9565 0.2063 1.3611 1.2944 -0.40628 -1.4985 -0.029396 0.43292 1.2496 0.59642 -0.86159
0.36057 -1.402 0.16716 -0.27576 -1.8875 -0.61235 0.66287 0.1282 0.060637 -1.5018 -0.61307 -0.67521 1.0766 -1.1775 0.30771 -0.30619 -0.96416 0.12255 2.4622 1.6287 -1.4173 -0.32924 -1.5972 0.075817 -1.2661 0.39899 0.82498 0.73685 -1.8088 0.51491 1.613 -0.029881 -0.88137 -0.47772 -0.16234 0.75028 0.54491 0.77091 -0.60209
0.53664 -1.1948 0.013972 -0.48665 -1.1492 0.29786 1.1399 0.33415 -0.042131 -1.2181 0.12222 -1.699 1.1193 -0.78168 0.31102 -0.59907 -0.79913 0.83275 2.1043 0.95448 -1.1579 -0.59216 -1.1404 0.22377 -0.76157 0.26701 0.59325 0.35126 -0.93197 0.74281 1.3147 -1.0146 -0.92837 0.28162 -0.097698 1.0435 -0.37598 1.0775 -0.30135
0.13288 -1.2262 -0.44174 -0.6707 -0.68944 0.55606 1.5857 0.062346 -0.034383 -1.0126 0.3917 -1.2295 1.1355 -0.72762 0.38675 -0.67828 -0.55168 1.2246 1.2306 0.51922 -0.88199 -0.95438 -0.6206 -0.12306 -0.62618 0.27022 0.15122 0.050718 -0.11632 0.6786 0.49117 -1.4185 -0.89205 0.54278 0.080575 0.88708 -0.75986 1.3151 -0.11836
-0.017578 -1.0748 -0.47278 -0.62328 -0.47646 0.75459 1.7226 -0.085965 -0.35593 -1.4409 -0.20556 -0.89303 1.1436 -0.7827 0.43774 -0.63239 -0.1521 1.2439 0.73694 0.4768 -0.64553 -0.41566 -0.14421 -0.75575 0.25904 0.22447 -0.023674 -0.05756 0.26583 0.51319 -0.20592 -1.2076 -0.59187 0.45978 0.43643 0.51717 -0.77644 1.0713 -0.075679
0.027769 -0.98151 -0.43613 -0.52485 -0.41074 0.7124 1.4289 -0.41617 -0.63227 -1.5873 -0.72958 -0.87747 1.2407 -0.89473 0.32676 -0.48402 -0.073339 0.81656 0.28216 0.090352 -0.56502 -0.24837 -0.2316 -1.1018 0.88984 0.21234 0.10636 -0.18994 0.41928 0.17482 -0.53349 -0.75395 -0.38544 0.38107 0.72019 0.28936 -0.15241 0.80545 -0.093822
-0.10239 -1.0063 -0.36497 -0.57236 -0.14907 0.66082 1.5614 -0.42681 -0.46277 -1.1808 -0.68487 -0.53376 1.2727 -0.74111 0.23585 -0.22176 -0.12265 0.61943 0.14172 -0.0096272 -0.37981 -0.037485 -0.24936 -0.98962 0.64116 0.16293 0.2337 -0.26357 0.40655 -0.19204 -0.538 -0.43637 -0.28485 0.31307 0.50318 0.06814 0.30583 0.14685 -0.13614
-0.60053 -0.88228 -0.63169 -0.55163 -0.12356 0.68989 1.4347 -0.64089 -0.38213 -1.663 -1.1922 -1.0598 1.3343 -0.54959 0.15319 -0.14054 -0.26177 0.50066 0.0094479 -0.0043892 -0.24125 0.35315 0.038267 -0.37805 0.79213 0.13614 0.34339 -0.20619 0.27805 -0.31017 -0.38829 -0.14226 -0.21138 0.26966 0.38293 0.044988 0.33932 -0.17767 -0.19052
-0.57439 -0.90331 -0.69619 -0.71281 0.023763 0.83983 1.4608 -0.34367 -0.32071 -1.4014 -0.85567 -0.19983 1.3176 -0.51965 0.062472 -0.08336 -0.4157 0.35715 -0.0027079 -0.042033 -0.17465 0.32982 -0.13824 -0.51231 0.55148 0.023443 0.4074 -0.13153 0.27608 -0.34685 -0.25669 -0.057881 -0.30389 0.31722 0.32724 0.043663 0.22052 -0.024166 -0.20107
-0.63212 -0.98024 -0.58877 -0.82867 0.14209 0.79899 1.7091 -0.54715 -0.21271 -1.585 -0.98642 -0.38072 1.2757 -0.36586 0.050799 -0.05738 -0.49793 0.1858 0.073614 -0.3131 -0.12475 0.36463 -0.19496 -0.66373 0.50528 -0.052471 0.34344 -0.005844 0.33473 -0.33855 -0.20004 -0.10768 -0.52596 0.31446 0.33219 -0.038385 0.036653 -0.2948 -0.16968
-0.41367 -0.85316 -0.4856 -0.87355 0.11793 0.63964 1.5315 -0.58028 0.12459 -1.2744 -0.70144 0.20718 1.3458 -0.074353 0.053728 0.22905 -0.64191 0.26358 -0.00034863 -0.45943 0.20329 0.63785 -0.043333 -0.42338 0.67352 -0.095831 0.27973 0.13628 0.45089 -0.35149 -0.084455 -0.23622 -0.67873 0.46988 0.59703 0.23055 0.43922 -0.46607 -0.10261
-0.69246 -0.94406 -0.49913 -1.0335 0.053054 0.66597 1.2383 -0.75374 -0.32524 -1.865 -1.7837 -0.52147 1.2547 -0.13255 0.14199 0.29832 -0.77102 0.14119 -0.20252 -0.84277 0.20543 0.89047 -0.092373 -0.39123 0.058822 -0.1022 0.041008 0.28264 0.6483 -0.38694 -0.068623 -0.3596 -0.7327 0.56238 0.61936 0.38241 0.93417 -0.73384 -0.11667
-0.75006 -0.89421 -0.60909 -1.1607 0.08565 0.88652 0.96462 -0.57248 0.18428 -1.5339 -1.646 -0.041513 1.2267 -0.11509 0.24751 0.53718 -0.92487 0.19157 -0.33556 -1.129 0.61779 1.3079 0.29305 0.24126 -0.25276 -0.13198 0.13961 0.52674 0.91647 -0.20322 -0.12086 -0.41489 -0.9374 0.62401 0.26516 0.41333 1.6644 -0.30149 -0.20716
-0.58244 -0.808 -0.32497 -1.4305 0.406 0.68408 0.90239 -0.0036171 0.76697 -1.5758 -1.2156 0.19442 1.2363 -0.2682 0.4381 0.9325 -1.0662 0.063836 -0.47941 -1.4377 0.81712 1.317 0.43889 0.94934 -0.61432 -0.23935 0.55315 1.0626 1.3394 0.49051 -0.30958 -0.23767 -0.92382 0.53463 -0.58821 0.49729 1.7313 0.30344 -0.67311
-0.72158 -0.76619 -0.32009 -1.715 0.15223 0.37219 0.34013 -0.28809 1.023 -1.529 -1.1389 -0.37878 1.2068 0.25412 0.81275 1.5253 -0.87232 0.045601 -0.69445 -2.0296 1.1742 0.97683 0.55813 2.4089 0.32394 -0.39102 0.45167 1.652 1.1228 1.6619 -0.14885 0.2047 -0.27341 0.24738 -1.5284 0.58605 0.56964 0.62489 -1.531
-0.65759 -0.67094 0.15411 -1.9365 0.39709 0.21781 0.15014 0.32816 1.7803 -0.82745 -0.35082 -0.71095 1.1456 0.71249 1.6947 2.1579 0.077404 -0.39901 -0.49693 -2.233 1.0189 -0.16289 0.81881 2.1703 0.33879 -1.1542 0.32149 1.6812 0.37766 2.8356 0.31637 0.73368 1.0103 0.047888 -1.7232 0.54393 -0.86795 0.59486 -2.1632
-0.92212 -0.35035 0.55665 -2.1653 0.003595 0.041275 -0.66648 0.35866 1.4178 -0.94593 0.14527 -0.73701 1.0083 0.23551 2.4756 1.8989 1.4932 0.11345 0.09464 -1.2747 1.0136 -1.1223 1.3335 0.79876 0.50561 -2.3616 -0.2738 1.0199 -0.68198 3.0501 0.52735 0.9752 2.1261 -0.30878 -1.5711 0.55548 -2.0816 0.3789 -2.1142
-0.067596 -0.0056581 1.132 -1.8931 0.21106 -0.15482 -1.8326 1.0489 0.72574 -1.2086 1.6684 0.87935 0.74824 0.33998 2.5136 1.4159 2.8603 0.59927 0.6181 0.20172 0.98093 -1.2079 1.193 -0.14348 0.4675 -3.0506 -0.32228 -0.5392 -2.0778 2.1578 1.0371 0.70064 2.3507 -0.52576 -0.6885 0.38212 -2.0168 0.25114 -0.9225
0.30184 1.2363 1.7559 -0.53617 -0.53362 0.44913 -1.7246 0.70539 -0.27348 -0.071778 0.45328 0.28541 -0.39985 -0.067726 2.1648 0.71167 3.2329 0.51442 0.72891 0.99527 0.53798 -1.7595 1.5372 -0.92049 0.98438 -3.1534 0.19647 -2.1557 -3.1528 0.3597 0.93295 0.044952 1.4549 -0.9101 0.29213 0.041053 -1.2874 -0.12631 0.9703
-1.0105 1.7297 1.1595 0.71403 1.1628 0.9461 0.16014 1.2775 -0.52981 0.67256 -1.2848 0.20896 -1.6918 0.26586 0.91056 -0.87635 3.0928 1.3315 0.61113 1.3224 0.15211 -1.2713 1.5184 -1.3182 0.55927 -2.3774 0.59316 -2.9855 -3.31 -1.599 0.54334 -0.84327 -0.093425 -1.1 0.80971 -0.34229 -0.27676 -0.14855 2.5556
-0.25124 1.2618 0.99446 1.6032 1.0408 1.0867 1.0931 1.0758 0.42152 -0.052875 -0.86665 -0.41928 -1.7698 0.63896 -0.46284 -2.4646 2.0154 1.4816 0.19626 1.0687 -0.47258 -0.48239 1.2548 -1.4064 0.13684 -0.99554 1.287 -2.5607 -2.0772 -2.6976 -0.57826 -1.546 -1.3983 -0.96914 1.2148 -0.81338 0.78141 -0.23471 3.2313
-0.89749 1.2567 1.0569 1.0417 0.43674 0.73263 0.43253 0.91991 -1.0836 1.5143 -0.51719 1.2159 -1.7064 1.0907 -1.3501 -2.7809 0.57072 1.1138 -0.8151 -0.019375 -0.80774 -0.16408 0.61171 -0.53763 0.52228 0.35537 1.2249 -1.299 -0.24626 -2.8633 -1.9172 -1.6679 -1.9316 -0.44434 1.06 -0.86425 1.2081 -0.1639 2.7684
0.32218 0.3079 -0.59812 1.2497 2.029 0.55779 -0.29014 0.62541 -0.45569 0.75331 -0.59063 0.36491 -1.0579 1.9142 -1.1465 -1.963 -0.38824 -0.49758 -1.6798 -1.1207 -1.005 0.20998 0.27697 0.3088 0.4552 1.1508 1.0427 -0.14333 1.0329 -1.9419 -2.448 -1.2479 -1.431 0.13297 0.99662 -0.71417 1.041 -0.66406 1.6354
1.0742 0.0097586 -1.3859 0.77697 1.7489 0.25563 -0.60157 0.16283 -0.040843 0.87118 -0.70357 0.76346 -0.5486 1.907 -1.0034 -1.5491 -0.88664 -1.3293 -1.8193 -1.4335 -0.51765 0.58442 0.18675 0.35375 -0.00072889 1.4076 0.36106 0.58863 1.5993 -0.89103 -2.271 -0.57671 -0.32148 0.53074 0.84668 -0.041593 0.23736 -1.1877 0.41121
0.74487 0.47354 -0.66809 0.67403 1.0068 -0.71834 -0.82594 -0.19113 -0.66339 0.94896 -1.0742 0.67408 -0.77506 2.1709 -0.88995 -1.2634 -0.77338 -1.95 -1.82 -1.0764 -0.35789 1.2137 -0.037607 0.32106 -1.0397 1.3483 -0.44784 0.40707 1.0947 -0.17119 -0.91544 0.27588 0.65088 0.52925 0.5387 0.050853 -0.55464 -1.0039 -0.275
1.2071 0.77996 -0.19834 0.67384 -0.25003 -1.3901 -0.66306 0.15441 0.33129 0.86605 -0.41378 0.52061 -0.72433 1.6348 -0.46408 -0.322 -0.85669 -2.4788 -1.905 -0.6808 -0.047694 1.0932 0.67906 -0.084434 -1.2542 0.9781 -0.71099 0.046718 0.30251 0.25409 0.56169 1.2812 1.1544 0.32664 0.042281 -0.35942 -0.93102 -0.20831 -0.42634
1.7304 -0.13004 -0.73193 0.3142 -0.84069 -1.0769 -1.1203 0.70139 0.87554 0.75224 -0.012618 -0.052598 -0.05269 1.2186 -0.71639 -0.65117 -0.72337 -1.6806 -1.0714 -0.19697 -0.15946 1.0755 0.13536 -0.70186 -1.0608 0.88276 -1.3415 -0.33788 -0.42001 0.38512 2.0549 1.9509 1.3694 0.41785 -0.8481 -0.98597 -1.0097 1.2278 -0.48802
2.1304 -0.17507 -1.3572 0.19592 -0.91911 -1.6348 -1.3451 0.063676 0.64895 1.4355 -0.30373 -0.43203 0.044164 1.0621 -1.0147 -1.3165 -0.46386 -0.43118 0.40657 0.43104 0.043994 0.74315 -0.65828 -1.1672 -0.48309 0.89198 -1.6969 -0.4045 -0.56041 0.57596 2.6736 1.9734 1.5367 0.63403 -1.4717 -1.6598 -0.36738 2.2403 -0.67421
2.3144 -0.13093 -1.1252 0.089703 -0.58105 -2.2544 -1.1942 0.26234 1.0444 2.0204 -1.339 -1.0188 0.020355 -0.036373 -1.2054 -1.4922 -0.2854 0.88008 0.97983 1.101 0.44604 -0.36958 -1.4456 -1.3377 1.06 0.53467 -2.1572 -0.33806 0.39099 0.64726 2.014 1.351 1.4767 0.71197 -1.9304 -1.3402 0.78783 2.2991 -0.65171
1.9793 -0.44908 -1.776 -0.079832 -0.36002 -1.0044 -0.5823 -0.48473 1.1479 0.28623 -1.9452 0.16141 0.2123 -0.8921 -0.92575 -0.87335 -0.046683 1.2635 1.0706 1.7371 0.94707 -1.2367 -2.0246 -0.59687 2.2703 -0.031274 -2.0679 -0.101 1.2251 0.60585 0.72914 0.45062 1.0301 0.2349 -2.2879 -0.73915 1.6089 1.2061 -0.35642
2.0067 -0.37988 -1.6819 0.35499 0.12978 0.28953 0.04674 0.44967 0.42113 -0.60522 -1.9374 0.30701 0.13965 -1.8147 -1.3519 -0.17923 0.22579 1.2486 1.3381 2.0972 0.84795 -1.939 -2.0033 0.64626 2.2693 0.20046 -1.3835 0.22903 1.7578 0.37642 -0.30064 -0.23541 0.38105 -0.63007 -1.4164 0.5228 1.7942 -0.739 0.18369
1.024 -0.95045 -1.9166 0.19252 0.70447 -0.38273 0.65247 1.4505 -0.35087 -1.1863 -1.2559 2.1449 0.02943 -1.893 -1.1218 0.18053 0.36351 0.73375 1.1466 1.9894 0.31389 -3.2185 -1.9368 1.2252 1.3525 0.43338 -0.5521 0.62332 1.5532 -0.20812 -0.81079 -0.71898 -0.26512 -1.6723 -0.29301 1.4123 0.95894 -2.331 0.65808
0.94723 -1.0563 -1.6271 0.15055 0.40328 -0.43231 0.85509 1.7529 -1.0203 -1.3056 -0.34667 2.1948 -0.13522 -2.1075 -0.71608 1.067 0.17819 0.54868 0.47254 1.7367 -0.558 -2.3164 -0.39211 1.5307 -0.074562 0.62451 0.50704 1.3025 1.1872 -0.72834 -0.98215 -0.53122 -1.0763 -1.7401 1.3787 1.7535 -0.27169 -2.6278 0.41964
0.039725 -1.6215 -1.2656 0.52188 0.60285 -0.14326 1.3752 0.24714 -1.8256 -0.48792 0.1606 1.1698 0.56188 -1.7713 -0.1693 1.2314 -0.40973 0.05341 0.05538 1.3905 -1.8292 -1.6542 0.13848 0.95912 -1.4527 0.91142 1.0437 1.3191 0.57574 -1.1134 -0.70755 0.092232 -1.5151 -0.74226 3.0273 1.3996 -1.2492 -1.8085 0.032818
0.49601 -0.97403 -1.1704 0.48433 0.17779 -0.094055 1.4967 -0.0028329 -3.7227 -1.7076 -0.74199 0.30838 0.63966 -0.93166 0.4228 1.3826 -0.71379 -0.2951 0.81576 0.25196 -1.7001 0.14205 0.64547 0.15299 -1.8384 0.6977 1.7215 1.4568 -0.0015514 -1.135 -0.87431 0.3865 -2.0545 0.95928 3.2523 0.44803 -1.3131 0.0091036 -0.85338
-0.54473 -1.009 -0.53445 0.088043 0.75951 0.18854 1.9302 -1.0269 -0.79776 -0.11348 -0.06298 0.34862 0.79677 -0.53916 0.58852 1.0397 -1.2119 -0.20941 1.1688 -0.28818 -0.66802 1.837 0.48628 -0.79683 -1.5769 0.45418 1.7715 1.4712 0.13253 -0.51474 -0.89058 0.15203 -2.3401 2.1291 2.7404 0.3195 -0.12687 1.2323 -1.6921
-0.037775 -0.6444 -0.68036 -0.47667 0.28438 -0.10099 1.9537 -1.3317 -2.0899 -0.86003 -0.61008 -0.67424 0.9673 0.47861 1.4233 1.1693 -1.4813 -1 0.70521 -1.5197 0.83257 2.6897 0.37407 -0.43857 -0.054483 -0.64472 1.4324 1.402 0.80602 0.068693 -1.0478 -0.55755 -1.9899 1.9941 0.79557 0.10486 0.88974 1.4593 -1.8977
0.17927 -0.7269 -0.46279 -0.63159 0.14289 1.0548 0.25046 0.19493 0.3521 -0.10814 -0.6516 0.77615 0.43954 0.81886 1.8736 1.5792 -0.96649 -1.305 0.4255 -2.389 1.2985 2.7612 0.94388 0.93745 0.14999 -1.3871 0.55361 1.4015 1.311 1.0692 -0.76503 -1.0409 -1.353 0.77169 -0.8037 0.29836 1.5649 1.1995 -1.7455
0.057964 -0.78638 -0.57188 -1.1247 0.25905 1.3138 0.80217 0.74572 1.1305 -0.70975 -1.4235 -0.26364 0.63428 1.054 2.2036 2.5329 -0.72351 -1.7551 0.066139 -2.6645 1.4309 1.333 0.63483 1.1365 0.26341 -1.7122 -0.89623 0.94084 0.82028 2.0895 0.4695 -1.0197 0.23577 -0.58433 -1.879 0.22606 1.3348 0.30237 -0.978
0.98848 0.5149 0.28253 -1.0588 -1.2599 0.15623 -0.91037 1.1295 0.62134 -0.28315 -0.035787 1.3106 -0.44181 0.20363 2.6207 2.6618 0.32883 -1.3055 -0.61111 -2.4124 0.61545 0.84928 0.98113 1.7063 0.69069 -2.0756 -1.8883 0.29361 -0.24969 2.4309 1.6204 -0.58933 1.4499 -1.4169 -1.9096 -0.27347 0.76344 0.14479 -0.33486
0.96591 1.1571 0.90707 -0.4179 -1.0983 0.36987 -1.4105 0.67235 0.48436 0.54623 1.4579 -0.17155 -0.84939 -0.87931 2.6741 2.0729 1.6331 -0.1411 -0.8331 -1.0359 -0.051776 -0.25217 0.82857 1.9767 0.24126 -2.017 -2.1264 -0.77927 -1.9059 2.3116 2.5438 0.30543 2.5822 -1.4156 -1.0539 -0.62922 -0.29377 -0.37851 0.37128
0.47297 1.0211 2.416 -1.2147 -1.3923 0.30081 -1.2195 0.41958 0.40894 0.48275 0.70405 0.3534 -0.6932 -1.7248 2.1415 1.3812 2.2338 0.92104 -0.31046 -0.30965 -0.91046 -0.40755 0.26927 2.0986 0.40038 -1.8226 -1.3214 -1.7163 -2.7756 1.2377 2.3161 1.0814 2.6341 -0.47719 -0.54705 -0.92251 -1.4774 -0.5391 0.87777
-0.144 1.8768 1.3809 0.33598 -0.87158 -0.64082 -1.564 -0.14199 0.011661 0.60442 1.0335 0.923 -1.414 -1.9348 1.0877 -0.15394 2.4871 1.9091 0.54113 1.4361 -0.75365 -0.22401 -0.33538 0.2669 -0.43733 -1.1874 -0.0081228 -1.9548 -2.6492 0.020637 1.4034 1.2031 1.7924 0.38216 -0.18421 -0.62961 -1.8592 -0.51335 0.99991
-1.1141 1.7515 1.0102 1.6661 0.66354 0.46618 -0.33332 0.88282 0.61418 0.68433 1.5208 0.77927 -1.6395 -1.7247 0.43522 -1.0742 2.1256 2.0168 0.89766 1.6071 -0.037615 -0.29826 -0.38004 -0.63644 -0.14892 -0.95019 1.0065 -1.5898 -1.2688 -1.103 0.20965 0.76577 0.78247 0.95388 -0.42928 -0.074823 -1.4507 -0.52776 1.0363
-1.3255 1.6918 1.1114 1.2058 0.77184 0.7456 -0.22814 -0.83222 0.38856 -0.74495 1.9846 0.50924 -1.5671 -0.89339 0.13538 -1.3276 1.7134 1.9341 1.005 1.5825 0.28765 -0.68722 -0.17374 -0.6677 -0.6096 -0.69857 1.674 -0.84504 -0.074065 -1.8496 -0.9791 -0.10735 -0.65934 0.62958 -0.70913 0.41318 -0.29298 -0.2319 0.84271
-0.49635 1.716 0.36748 1.7942 0.67679 1.0179 1.0772 0.3064 0.12558 -0.26007 -0.073757 -0.12513 -1.7241 -0.37273 -0.14193 -0.2438 0.61798 1.2763 1.0146 1.1797 0.52886 -1.065 0.028605 -0.57493 -0.66888 -0.24841 1.5937 -0.34717 0.48098 -1.6106 -1.261 -0.84832 -1.0966 0.50299 -0.47953 0.47527 0.097994 -0.35419 0.71329
-1.1491 1.4782 0.57229 1.4725 1.061 1.3781 0.053459 0.8682 -0.11067 0.61735 0.41073 0.0043828 -1.7721 0.50321 -0.093066 -0.68966 -0.10994 0.40126 0.27256 0.33669 0.25141 -1.3105 0.32707 -0.43557 -0.71919 -0.059523 0.72515 -0.10613 0.55017 -1.0729 -0.94496 -1.3161 -1.3253 0.15199 0.14598 0.14963 0.24236 0.10287 0.4976
-0.68867 1.5259 0.95415 1.3621 1.2343 0.95464 0.61923 0.53818 -0.88022 0.3926 0.33862 0.093506 -1.6469 0.54157 -0.05744 -0.54211 0.11807 0.3726 -0.44585 0.044873 1.0066 -0.97994 0.36695 -0.5904 -0.88957 -0.018107 -0.11315 -0.1787 0.37874 -0.23266 -0.60145 -1.2672 -0.90578 -0.23685 0.99906 -0.23881 0.11347 0.40213 0.38872
-1.1544 1.8674 1.1999 1.6768 1.2406 1.0273 0.22488 0.64709 -1.2093 0.41688 1.2225 0.25981 -1.7734 -0.0010448 -0.096184 -0.20628 0.014983 0.57237 -0.92127 -0.49141 0.3479 -0.42487 -0.030564 -0.18999 -0.34686 0.059355 -0.92633 -0.4436 0.86358 0.09183 -0.4279 -0.4593 -0.39308 -0.4972 1.7642 -0.23307 0.12914 0.76392 0.38285
-0.22073 1.5476 -0.38997 1.2945 0.98477 0.87837 0.21559 0.34021 -0.92147 0.45521 1.0506 -0.51347 -1.6297 -0.32997 -0.4554 0.1866 0.12436 0.026134 -0.94611 -0.21088 -0.025605 0.56759 -0.29739 -0.50262 -0.082055 0.37414 -0.89736 -0.66498 0.85498 -0.3696 -0.69692 0.3655 -0.1211 -1.0363 1.6508 0.0071992 -0.074465 0.89098 0.50058
-0.49357 1.583 0.50889 1.7168 1.2682 -0.039488 0.35752 1.3874 -0.7395 -0.29969 -0.19072 -1.0333 -1.6591 -0.78254 -0.66803 0.46678 0.041707 -0.26223 -0.39972 -0.31749 -0.27792 1.579 0.16649 -0.25094 0.4003 0.41605 -0.4358 -0.33757 0.80365 -0.69187 -0.79409 0.93171 0.21102 -0.80876 1.0013 0.40238 -0.224 0.59416 0.41981
-1.0736 1.4836 0.52258 1.6975 1.7873 -0.048267 -0.080067 0.75764 -0.38467 0.26552 -0.25232 0.10442 -1.6991 -0.73533 -0.92896 0.62708 -0.57371 -0.55507 0.040272 -0.28169 -0.84246 1.4462 0.28113 -0.76562 0.52359 0.68185 0.81128 -0.58348 -0.10657 -1.2465 -0.8162 0.98378 0.20376 -0.26651 0.033811 0.81414 -0.0099202 0.50489 0.58797
-1.7021 0.85232 1.4138 1.4938 0.74401 0.31122 -0.0081324 0.39165 0.69249 0.25835 0.29882 0.27673 -1.1183 -0.60772 -0.44965 0.98935 -0.89633 -0.66557 0.47839 -0.0332 -0.93439 1.2158 0.52423 -0.58309 0.52152 0.64205 1.8721 -1.1318 -1.3318 -1.6132 -0.9436 0.28991 0.49144 0.23882 -0.86624 0.70875 -0.31068 0.064973 1.028
-1.4611 1.1237 1.3006 1.4458 0.77565 0.84691 0.15945 -0.064603 1.2392 0.95278 0.92275 0.65961 -1.33 1.0923 -1.5808 -0.25212 -1.6686 -1.3425 0.61307 0.0553 -0.265 0.82128 1.234 -0.40458 0.84342 1.2928 2.3162 -1.3374 -2.1546 -1.3107 -0.5703 -0.38742 0.61916 0.90183 -1.2705 0.49143 -0.74921 -0.18293 1.1028
-1.2597 0.86218 0.8332 0.53837 0.44042 1.0014 -0.25222 -0.61666 0.14025 0.55579 -0.36638 0.063342 -0.95779 1.7859 -2.3083 -1.4157 -2.3349 -1.6795 -0.092219 0.4961 -0.087682 0.095582 1.1786 -1.1409 0.31418 1.9144 1.912 -1.1879 -1.9459 -0.66801 -0.10655 -0.80513 0.49541 0.94853 -1.4638 -0.14364 -1.3769 -0.2241 0.85548
-0.6811 1.4088 0.80388 0.41886 0.53606 0.91593 0.44216 -0.11577 0.69956 0.87519 -0.36432 -0.41141 -1.0943 2.3759 -2.322 -1.9328 -2.2323 -1.1539 -0.45136 0.69049 0.58635 -0.62857 0.98533 -2.1314 0.18697 1.9809 0.64627 0.24017 -0.51826 0.51048 0.44763 -0.52168 0.32402 0.503 -1.3515 -0.79897 -0.84292 0.14983 -0.20705
1.1242 -0.97895 0.10285 -0.37319 -0.50312 0.41259 0.18166 1.7 0.58281 2.0572 -0.67222 1.0238 0.14926 2.3069 -2.1424 -1.5673 -1.8318 -0.98954 -0.61174 0.63921 0.58883 -1.0954 0.34395 -2.7029 0.32408 1.7991 -0.42483 1.4108 0.5805 1.4075 0.57318 0.31673 -0.1739 -0.25409 -1.1477 -1.1476 0.50772 0.55365 -1.2186
0.085047 -1.2013 -0.80072 -1.2842 -0.68959 -0.35915 0.7415 -0.31643 0.096304 1.8263 -1.4488 0.57986 0.73038 2.0346 -1.2532 -1.0743 -1.0094 -0.87016 -0.17584 0.63192 0.42287 -1.3863 -0.031897 -1.4681 1.0882 0.98688 -1.5226 2.315 1.005 1.7131 0.43649 0.95686 -0.40408 -1.0048 -0.8036 -1.1925 2.2114 0.35061 -1.9581
0.86068 -0.81729 -0.17173 -0.74955 -0.28989 0.30437 0.92109 1.0389 -0.094722 1.4623 -2.3021 0.37968 0.60851 1.1676 -0.40407 -0.81963 -0.41578 -0.76682 0.41821 0.18048 -0.54786 -1.9057 -0.72952 -0.43664 0.95075 0.27254 -1.4179 2.2936 0.89001 1.6021 0.35343 1.1536 -0.516 -0.75577 -0.55946 -0.74546 2.9774 -0.039171 -2.0091
1.1312 -0.42323 -0.1117 -0.70906 -0.32189 0.37808 0.62868 0.15557 -0.8553 0.83346 -2.8696 0.75393 0.1689 0.11533 0.81386 -0.53824 0.14209 -0.46891 0.97741 0.11585 -0.9421 -1.8893 -0.98896 1.4047 0.53977 -0.69241 -1.2563 1.0182 0.53122 0.9029 0.38399 0.57624 -0.53641 -0.56854 -0.028717 -0.089451 2.3342 -0.53376 -1.1175
1.3803 -0.037537 -0.25548 -0.55129 -0.81023 0.99251 0.71243 0.31774 -1.704 0.71392 -1.0901 1.6177 -0.22344 0.63095 0.79198 -0.26833 0.47446 -0.55079 1.1536 -0.12997 -0.30965 -2.0031 -0.74819 2.1636 0.45615 -0.88727 -0.80145 -0.22049 0.3475 0.41362 0.65075 0.099162 -0.089793 -0.048853 0.75389 0.57543 0.94974 -0.9127 -0.017555
0.96497 -0.14228 -0.55044 -0.45608 -0.92433 1.1816 0.48704 -0.57443 -1.7343 0.41877 -0.45512 0.9847 -0.17948 -0.032195 -0.092755 -0.411 0.16484 -0.28105 0.62988 -0.28077 -0.88943 -1.3953 -0.21318 2.1629 0.16772 -0.39457 -0.96827 -1.2431 0.34067 0.012581 1.1606 -0.42267 0.14852 -0.061509 1.3462 0.43023 -0.9323 -1.2317 1.0605
0.59415 -0.59639 -0.92785 -0.69834 -1.1133 1.2792 0.64249 0.029474 -1.8991 0.96156 1.1568 1.3948 -0.17667 -0.24791 -0.33818 -0.26584 0.3087 0.34034 0.79983 0.20164 -0.69103 -0.58622 0.090693 1.1628 -0.8169 0.092616 -1.3353 -0.95797 0.36013 -0.27289 1.4388 -0.67902 0.43624 -0.37175 1.5241 -0.30147 -1.9595 -1.386 1.3488
1.4964 -0.12989 -0.58963 -0.45731 -1.0455 1.2323 0.66551 -0.10331 -2.9026 0.57228 -0.12329 0.71775 -0.18096 -1.2448 -0.78001 0.065967 0.23666 1.2499 0.30601 0.2482 -0.89446 0.19805 -0.50576 -0.1301 -1.4388 0.67868 -1.1498 -0.24039 0.5726 -0.09782 1.2743 -0.61133 0.47549 -0.22672 1.4086 -0.89067 -1.7898 -0.8466 1.0285
0.83763 -0.9762 -0.30743 -0.53068 -0.26667 1.0011 0.28544 -0.66044 -1.7918 1.0662 -0.4469 0.81071 0.13767 -1.2447 -0.52941 0.1327 -0.065249 1.3736 -0.051592 0.47755 -1.0928 0.36518 -1.2385 -0.91579 -1.6758 0.94302 -0.95484 0.055268 0.20841 -0.30818 0.4444 -0.76623 0.25975 -0.32837 1.0059 -1.0237 -0.61155 0.090099 0.60826
0.87739 -0.35677 -0.49906 -0.10234 0.052493 2.0896 1.2606 -0.88452 -1.7137 0.76322 -1.0046 -0.19461 0.092919 -1.6708 -0.41903 0.40115 0.16415 1.5814 -0.17451 0.53157 -1.1738 1.0544 -1.4247 -0.66168 -1.2194 0.98503 0.39241 0.66563 -0.27299 -0.072782 -0.63447 -0.44048 0.12396 0.198 0.12267 -0.27383 0.39129 0.91349 -0.21239
-0.91465 -1.0532 -0.3753 -0.36435 0.79202 1.1321 0.82301 -1.2245 -1.295 -0.71553 -0.40985 -0.18219 0.68028 -1.8094 -0.42836 -0.059486 -0.22256 0.98583 -0.50353 0.57994 -1.2471 1.0752 -1.6058 0.077472 -0.80071 1.0067 1.4128 0.52092 -0.53611 0.14306 -1.2061 -0.13248 -0.16627 0.75281 -0.54695 0.84165 0.80872 1.4888 -0.83765
-0.094844 -0.63329 -0.71587 -0.91099 0.22521 0.86263 1.1706 -1.8896 -1.6987 -1.3881 -0.93274 -0.89984 0.81073 -0.23165 0.31715 -0.30667 0.17286 0.21676 -0.35235 0.44616 -0.42285 0.099553 -0.90063 0.16087 -0.042967 0.27389 2.5 0.76423 -0.40072 0.23629 -1.4806 0.32051 -0.2978 1.1242 -1.264 1.7547 0.50148 1.4912 -1.3519
-0.81678 -0.92391 -0.13785 -0.11499 0.89265 1.0814 1.2454 -1.18 -0.48154 -0.4298 0.38417 0.44861 0.70768 0.66396 -0.00052653 -0.44268 0.1777 -0.25106 -0.22364 0.19056 0.075303 -0.29063 0.26756 0.35078 0.76252 -0.17165 2.3358 0.58286 0.088742 0.48581 -1.0773 0.75686 -0.30672 1.2311 -1.4002 2.1062 0.36528 0.95972 -1.376
-0.38736 -0.77679 -0.7195 -0.88756 0.12571 0.4663 1.2788 -2.1703 -1.3487 -1.4247 -0.50047 -0.3499 0.96408 1.7423 0.68554 -0.099564 0.37967 -0.62576 0.34139 0.13424 0.47766 -0.88408 1.3275 0.22426 1.0304 -0.79852 0.96901 0.060083 0.38382 0.29282 -0.35769 0.5034 -0.26354 0.71234 -0.91205 1.3092 -0.075639 0.033806 -0.76942
1.2397 -0.21158 -0.74314 0.26312 0.097438 1.31 1.0671 -0.76823 -2.0693 0.35057 -0.67752 0.62829 0.029343 1.5482 0.39172 0.0014238 0.54026 -0.65648 0.68858 0.1261 0.83677 -1.3372 1.7086 0.77791 0.59193 -0.87204 -0.56601 -0.32822 0.56024 0.21294 0.56843 -0.023937 0.025064 0.21053 -0.21056 0.10194 -0.43681 -0.55597 0.044565
0.77767 -0.86727 -0.98417 -0.16554 0.049142 1.5949 1.4447 -0.95851 -1.9553 0.68991 -0.21452 0.56705 0.17747 1.1292 0.21967 0.15226 0.50931 -0.28461 0.21752 -0.045289 0.65612 -1.2682 1.1306 -0.26089 0.05149 -0.72641 -1.8185 -0.77388 0.39531 -0.12477 0.87117 -0.66055 0.046053 -0.17613 0.67289 -0.95805 -0.64807 -0.73182 0.75713
1.0409 0.001768 -0.15095 -0.22801 -0.082846 1.2974 0.96104 -0.96806 -2.5713 0.71793 -0.035902 0.78433 -0.066992 -0.080953 -0.34164 0.42119 0.48635 0.62392 -0.20299 0.33224 0.40645 -0.53367 0.57804 -0.3851 0.038053 -0.12969 -1.7143 -0.5299 0.095264 -0.32131 0.46658 -0.84047 -0.0085444 -0.06177 1.4172 -0.97463 -0.63065 -0.57149 0.84124
1.144 -0.56931 -0.60588 -0.0017702 -0.41836 1.8328 1.5486 -0.63693 -3.0995 1.1029 0.87494 -0.2746 0.065129 -0.82363 -0.29387 0.39165 0.17028 0.35154 -0.54255 0.12495 0.31238 0.11262 -0.12511 -0.62322 -0.27127 0.15885 -1.0044 0.30264 -0.16329 -0.24716 -0.22434 -0.57608 0.004714 0.4533 1.8362 -0.41924 -0.18018 -0.60185 0.13849
0.32335 -0.76673 -0.14507 0.47199 0.74803 0.63289 0.97472 -0.73184 -1.988 0.38572 -1.2328 0.45377 0.069749 -0.66217 -0.27494 0.057613 0.11854 -0.12141 -0.62524 0.025868 0.86505 0.91561 0.28364 -0.43277 -0.49276 0.16147 -0.36922 1.6853 0.24305 0.033109 -0.4802 -0.26827 -0.53006 0.50661 1.7109 0.0069031 0.10986 -0.40407 -1.0321
-0.029865 -1.0669 -0.52749 -0.11266 1.1177 0.37539 1.9944 -1.4426 -2.2096 -0.24181 -1.2318 0.12833 0.74974 -0.44699 0.70516 0.057353 0.23589 -0.36411 -0.73013 0.11923 1.35 1.8201 0.39338 -0.6682 -0.99214 -0.62914 0.10344 2.4101 0.67122 0.25629 -0.1048 0.21664 -0.79324 0.40648 1.1676 0.2751 0.85197 0.10829 -1.7364
0.51978 -0.30429 -0.38227 0.34291 -0.17285 1.1375 0.93731 0.12963 -1.8279 0.7987 -0.82219 0.51285 -0.11754 -0.95482 2.073 1.0229 0.50231 0.046212 -0.64501 -0.72015 0.92124 2.1655 0.33088 -0.1752 -0.5004 -1.5473 0.0109 2.2772 1.028 0.58104 0.34873 0.41327 -1.1914 -0.056102 0.2389 -0.0028131 1.3302 0.51555 -1.7995
0.31594 -0.94805 -0.74885 -0.26237 -0.64026 0.79916 1.3394 0.43783 -0.67418 1.7467 0.17679 -0.33362 0.26777 -0.48391 2.7019 1.0931 0.43016 0.0414 -0.087062 -1.0822 1.1105 1.9129 0.42756 1.0181 -0.10383 -2.0343 -0.25523 0.96994 0.74705 0.79566 0.76976 0.40748 -1.0336 -0.5665 -0.59457 -0.42526 1.1496 0.70051 -0.8506
0.72287 1.269 0.13023 0.46589 -0.35615 0.20039 1.3419 0.94584 -0.1329 1.0675 -1.0205 -1.1111 -1.2387 -0.6224 2.6663 1.3483 1.0596 0.30635 -0.1032 -1.7477 0.85295 1.3669 0.25819 1.5142 0.071278 -2.2943 -0.17884 -0.48035 0.13125 0.87252 0.385 0.33645 -0.27827 -0.59746 -1.1081 -0.73564 0.66927 1.1391 0.22295
-0.97636 1.463 1.01 1.0523 1.0053 0.54846 -0.06058 -0.40005 0.037854 0.75732 -0.048317 -0.039498 -1.608 -1.0868 2.0834 1.2115 1.383 0.93175 -0.16917 -1.4264 0.19518 0.98725 -0.46734 0.89189 0.11377 -1.7486 -0.37757 -1.7706 -0.36518 0.4181 -0.04457 0.35294 0.5539 -0.48733 -1.2053 -0.77626 -0.34527 1.175 1.2278
0.014126 1.4906 0.50234 0.51283 0.97587 0.62089 -0.15437 0.6961 0.26633 0.62563 0.15485 0.91336 -1.5433 -0.9849 1.5446 1.2026 1.5904 0.30007 0.084145 -1.1011 0.1258 0.33033 -0.77167 1.2683 1.692 -1.299 0.11208 -1.9771 -0.85077 -0.37941 -0.45772 0.51218 1.5731 -0.0094617 -0.96117 -0.52966 -1.2881 0.50572 1.6113
-0.38927 1.3423 0.56771 1.4297 0.43094 0.55903 -0.61175 0.2922 -0.75421 0.80692 1.3097 -0.09099 -1.6882 -1.0037 0.18994 0.53582 0.90869 -0.067994 0.54074 -0.29886 0.44909 -0.068406 -0.69298 0.35777 1.4616 -0.37731 0.31808 -1.4632 -0.9397 -0.80178 -0.27451 0.56622 1.6908 0.14378 -0.78736 -0.24704 -1.6031 -0.32478 1.2282
-0.75534 1.5412 0.65775 1.9278 0.56133 0.76857 -0.37036 0.70815 0.3269 0.49657 -0.11488 -0.095652 -1.7707 -0.45446 0.18246 0.20604 0.60058 -0.086846 0.5856 0.82795 0.69074 -0.098197 -0.74567 -1.0128 0.38518 -0.1524 0.27267 -0.73122 -0.9636 -1.025 0.74985 0.41785 1.1942 -0.23834 -0.43443 0.017215 -1.5295 -1.1299 0.76172
-0.6884 1.4668 1.0738 1.773 -0.44553 0.58296 0.25966 0.61236 0.039551 0.33039 1.739 2.2931 -1.6225 -0.75946 0.22419 0.073955 0.41906 0.57826 0.73324 0.98326 0.19484 -0.4307 -1.0025 -1.4334 0.032731 -0.16671 0.33481 -0.0023986 -0.59211 -0.83869 1.1293 -0.071122 -0.047463 -0.65115 -0.12692 0.30974 -0.040468 -0.56971 0.22462
-1.0413 1.5671 0.94491 1.3115 0.61987 1.2946 0.52699 1.219 -0.29527 -0.20314 -1.3522 0.51013 -1.8116 -0.59895 0.25532 -0.24408 -0.02674 1.3653 0.84075 0.64148 -0.25638 -0.38825 -0.58314 -1.1449 0.0022428 -0.067729 0.4226 -0.080669 -0.42106 -0.57756 0.66586 -0.46371 -1.0897 -0.7992 0.14805 0.58914 0.83447 -0.6884 0.1105
-0.99136 1.6757 0.90236 1.5984 1.3673 1.3561 0.95328 0.62393 -0.060427 -0.2516 -1.1995 0.18867 -1.7157 -0.30785 0.14391 -0.26645 -0.30313 1.3112 0.27639 -0.29835 -0.44165 -0.18489 -0.12508 0.29065 0.41064 -0.02565 0.87214 -0.20796 -0.14487 -0.20146 -0.66243 -0.90474 -1.2166 -0.58126 0.44795 0.73474 1.2776 -0.85421 0.14551
-0.86856 1.6338 0.31815 1.4425 1.5096 1.5024 0.59693 0.7021 -0.94513 -0.75021 -0.62656 0.59601 -1.801 0.10662 0.077402 -0.35167 -0.092264 0.77631 -0.11731 -0.70258 -0.66194 0.088066 0.052566 -0.14207 -1.2923 -0.029195 0.87064 -0.27017 0.22714 0.10962 -1.7122 -0.9787 -0.75423 -0.2052 0.42334 0.43258 0.66617 -1.134 0.089045
-1.2969 1.6365 0.45267 1.7731 1.9635 1.6359 -0.13171 -0.29456 -0.73368 0.48804 0.34927 0.16132 -1.7533 0.51059 -0.052563 -0.11671 0.077015 -0.40708 -0.61167 -0.76934 -0.82191 0.26274 0.22291 0.743 -1.1524 0.069192 0.64425 -0.19338 0.44664 0.20068 -1.7693 -0.5957 0.10219 0.085068 0.32105 0.10181 -0.4274 -1.2254 0.072891
-0.9559 1.6473 0.84467 1.3032 1.3184 0.58466 -0.80514 0.49395 0.65583 0.29013 1.2034 2.1003 -1.7297 0.61188 -0.11994 0.087762 -0.029893 -1.0386 -0.68886 -0.62538 -0.50689 0.26845 0.15045 0.0027143 -1.6289 0.040924 0.31992 -0.1111 0.4902 0.050025 -1.2031 -0.26607 0.44549 0.26584 0.17748 -0.049908 -0.60616 -0.53295 0.054314
-0.42975 1.5579 0.71157 1.5533 0.46802 0.68774 -0.035437 -0.069823 -0.15904 -0.11747 -0.72588 -1.2547 -1.7135 0.63858 -0.097866 0.30479 0.017031 -1.1523 -0.63633 -0.13121 -0.35864 0.39313 0.037729 -0.74013 -2.0231 0.067014 0.075442 -0.016637 0.29757 -0.014118 -0.40954 -0.0027411 0.44287 0.26703 0.091944 -0.11366 -0.84761 -0.48553 0.0063052
