39 199
-0.94036 0.62236 0.48075 0.66174 -0.53043 0.53358 0.42046 0.44239 0.97641 1.8905 0.87941 -0.55953 -1.1285 0.17584 -0.5907 -0.17126 0.21506 0.18508 0.32428 -0.060846 -0.68245 -0.74084 -0.76187 -0.98538 0.27506 0.00019316 -0.1045 0.27062 -0.0053827 -0.21379 0.30733 -0.22797 -0.084504 0.1584 0.072454 0.0092736 0.26193 0.70909 -0.042722
-0.67453 -0.060736 0.17064 1.2443 0.13373 0.74957 -0.47488 0.87655 0.23333 1.0915 0.31446 -0.019491 -1.0111 0.22942 -0.40143 -0.044723 0.0098026 0.43698 0.062703 -0.24877 -0.6951 -0.88545 -0.85552 -0.77847 1.0971 0.018253 -0.21117 0.33116 -0.14411 -0.26577 0.22259 -0.3521 0.2282 0.7705 0.49089 0.34657 0.49267 0.37272 -0.09126
-0.63394 -0.11478 -0.32929 0.66946 -0.7228 0.79445 0.12006 0.087927 -0.56677 0.30507 -0.58844 0.065401 -1.1361 -0.063595 -0.20141 -0.22148 -0.072314 0.6042 0.05165 -0.11844 -0.3555 -0.49098 -0.66718 -0.52319 1.1667 -0.078558 -0.26708 0.5553 -0.3272 -0.31196 -0.091739 -0.81274 0.39148 1.0914 0.62539 0.58317 0.81623 -0.2697 -0.054288
-0.87496 0.26087 0.77547 0.91828 -0.16579 0.90251 0.78745 -0.82899 0.7512 1.4774 0.063899 -0.61814 -1.1713 -0.11169 -0.19658 -0.38531 -0.12751 0.37279 -0.1777 0.4053 0.72456 0.17003 -0.081968 -0.18987 0.5177 -0.10628 -0.2429 0.53559 -0.2332 0.045822 -0.27706 -1.0261 0.11014 1.0956 0.48931 0.67537 0.81005 -0.57272 0.040867
-0.6076 0.37194 0.45506 0.52515 0.28393 0.35699 -0.27225 0.020521 -0.15258 0.74725 0.34267 1.2952 -1.0718 -0.16286 0.28383 -0.57296 -0.28807 0.066251 -1.0655 0.35696 0.83344 0.043084 0.055149 0.3933 0.080206 -0.025402 -0.15385 0.25303 0.18864 0.32238 -0.29852 -0.55642 -0.25315 0.71452 -0.32495 0.093534 0.2112 -0.20434 0.08879
-1.2744 0.30799 -0.15142 0.7309 0.37535 0.73727 0.20213 0.56629 0.559 1.0008 0.26024 0.5533 -1.2713 -0.1861 0.29879 -0.27011 0.20836 0.23182 -1.2924 -0.27145 0.94467 -0.11992 0.17283 0.42393 0.60248 0.053047 -0.24319 0.12305 0.74054 0.51791 0.00030957 0.15172 -0.23327 -0.24175 -0.74176 -0.48532 -0.40777 -0.21694 0.019873
-0.83613 -0.15105 -0.33667 0.80888 -0.17023 0.42252 1.0012 2.0505 0.95777 1.5973 0.20951 -0.37468 -1.1876 -0.32908 0.0043732 0.086686 0.3625 0.16313 -0.41592 -0.24922 0.99062 -0.98356 -0.577 -0.36579 0.75908 -0.021689 -0.038625 -0.069589 0.98023 0.40834 0.2244 0.85321 -0.024347 -0.80145 -0.56243 -0.65748 -0.75513 0.043274 -0.0070419
-0.80829 0.45425 -0.6561 0.64294 -0.20987 -0.7686 -0.073012 0.69404 -0.63861 0.49124 0.48455 0.069205 -1.0009 -0.49425 0.17149 0.65396 0.51197 0.33396 -0.18744 0.27668 0.14952 -0.80912 -0.71425 -0.58256 -0.20994 -0.079686 0.0038713 -0.02529 0.51968 -0.048167 0.41979 1.0925 0.29607 -1.3218 -0.024915 -0.62513 -0.31445 0.080034 -0.0021049
-1.0561 0.46428 0.34543 1.2006 0.015135 -0.33233 -0.32926 0.20361 -0.25896 1.0464 0.004101 1.2937 -1.1195 -0.10127 0.24219 0.76984 0.32203 0.41562 0.024471 0.04463 -0.4083 -0.73695 -0.79643 -0.56962 0.57333 0.0272 0.23372 -0.72769 -0.091892 -0.58102 0.47564 1.363 0.38333 -0.88037 0.91557 -0.081837 0.15719 0.1429 0.46667
-1.506 0.1499 1.1766 1.254 0.6196 1.1814 0.36797 0.90361 -0.77021 0.12765 -0.53173 0.95722 -1.2801 -0.31497 0.15131 0.3559 0.14524 0.84678 0.58264 0.14678 -1.0576 -0.26538 -0.9474 -0.059965 0.84939 0.022581 0.6521 -1.6747 -1.0601 -1.5023 -0.035588 1.2689 0.32333 -0.19832 1.1978 -0.11561 0.17435 0.26462 1.4779
-1.5251 0.57486 0.62052 1.1076 0.83362 0.030393 0.67697 0.66951 -0.50036 -0.1161 -0.23982 0.1311 -1.2493 -0.014371 -1.2306 0.091489 -0.5241 0.74533 1.806 0.54522 -0.20627 0.65141 -0.59608 -0.27068 0.49824 0.65633 1.1795 -1.9185 -1.549 -1.915 -0.62526 0.76854 0.2758 -0.1973 1.3522 -0.025012 -0.085406 -0.01586 2.4266
-0.84595 0.35644 0.10619 1.0022 0.37753 0.438 0.37334 0.58835 0.081101 0.45023 -0.25457 0.99732 -1.0946 0.62992 -1.9773 -0.91129 -1.8408 0.11611 1.3508 0.64287 -0.35927 0.98239 -1.0181 -0.34134 0.31867 1.9208 1.6786 -1.5879 -1.3265 -1.6972 -0.96301 0.29657 -0.11578 -0.61213 0.81055 -0.10645 -0.75762 0.24672 2.6674
-1.3977 0.14331 -0.24598 0.91374 1.0299 0.56491 0.69666 -0.12837 0.01626 -0.14161 0.64698 0.97037 -1.0481 1.556 -2.001 -1.3898 -2.2248 -0.30046 1.1226 0.32357 -1.1632 1.4417 -0.78227 -0.55717 0.81764 2.881 1.5298 -0.34217 -0.78531 -0.66142 -0.55335 -0.13189 -0.39155 -0.96545 0.11878 -0.19259 -0.88806 0.44611 1.7335
-0.86909 -1.6425 0.26429 -0.13439 0.84319 2.0932 0.45268 0.58539 0.20217 -0.18747 -0.59329 1.2129 0.12823 1.9401 -2.1983 -1.2922 -2.1411 -0.30078 1.5135 0.047147 -1.8319 1.0309 -1.0395 -1.3879 1.1481 3.0908 0.90375 0.61546 -0.083542 0.61251 -0.073362 -0.16257 -0.45147 -0.3701 -0.18918 0.1507 -0.80612 0.38171 0.067626
-0.146 -1.7939 -0.56513 -1.5485 0.11182 1.2958 1.0356 -0.051494 0.89657 -1.0479 -0.94827 1.4604 1.5169 2.0993 -1.6975 -1.1229 -1.5927 -0.002212 1.503 0.11327 -1.4441 0.89971 -0.94408 -1.4792 0.90599 2.7873 -0.21038 1.3206 0.15474 1.3184 0.17672 -0.80084 -0.27671 0.53991 -0.52465 0.24421 -0.0049402 -0.26096 -1.5739
1.0375 -1.2446 -0.83663 -1.1194 0.37112 1.8002 0.82267 -0.91443 1.161 -0.82074 -1.0748 1.518 1.9359 1.985 -1.0479 -1.1738 -1.0169 -0.15188 0.88087 -0.094627 -0.97732 0.89429 -0.60446 -1.4484 0.97934 2.071 -1.1407 1.6268 0.54587 1.4663 0.010797 -1.3759 -0.18302 1.3957 -0.4258 0.54268 0.78428 -0.82421 -2.46
1.1191 -1.7102 -1.2032 -1.0095 0.56877 1.578 0.37205 -1.9571 0.56025 -1.3278 -1.9464 1.7368 1.7419 1.1278 -0.27386 -1.1449 -0.3399 -0.05762 -0.048513 -0.11908 -0.49084 0.46282 -0.47873 -0.49441 0.43343 0.91977 -1.7565 1.316 0.91395 0.91408 -0.46119 -1.5482 0.046634 1.7389 -0.35109 0.49894 0.90443 -1.004 -2.3459
1.5149 -1.6297 -1.1135 -0.6205 0.90192 2.5413 0.72057 -0.53977 1.2079 -0.69421 -1.3324 2.0632 1.7325 0.32293 -0.07737 -0.26604 -0.046681 -0.24517 -0.28621 -0.17376 0.53844 0.40498 -0.14995 -0.27109 -0.11265 0.16371 -1.821 0.87071 1.0831 0.25341 -0.76605 -1.2387 0.54343 1.6965 -0.054656 0.4693 1.1263 -1.1208 -1.4966
1.009 -1.8035 -1.4399 -0.99989 0.57985 1.7625 0.53264 -0.6806 1.256 -1.0925 -1.4335 2.1225 1.7353 -0.29604 0.11164 0.1076 -0.37953 -0.75082 -0.81494 0.24825 1.3458 0.4532 -0.13719 -0.21862 -0.37328 0.05905 -1.3943 0.26888 0.6376 -0.28472 -1.0275 -0.96053 0.81751 0.92826 0.24522 0.64364 0.77768 -0.94935 -0.58101
0.69612 -2.0134 -1.3284 -1.3431 0.29604 1.4963 0.56121 -0.10967 0.87429 -1.299 -1.1871 1.414 1.7898 -0.64716 0.28258 0.1919 -0.522 -1.1322 -1.0519 0.75271 1.5655 0.81593 0.19921 0.70609 -0.65582 0.15156 -0.65842 0.088439 0.14981 -0.18645 -0.85632 -0.80032 0.84386 -0.1369 0.59251 1.1182 0.63266 -0.69105 -0.19237
0.80663 -1.3993 -0.69393 -1.4809 -0.29875 0.98156 0.77437 0.0026005 1.6664 -1.1667 -1.6021 1.2383 1.9185 -0.95284 0.027073 -0.19189 -0.62359 -1.397 -1.4552 0.96484 0.88821 0.78925 0.67229 0.61298 -1.0205 0.011923 0.16908 0.072673 0.25019 0.36795 -0.46977 -0.63633 0.30377 -0.72403 0.39184 1.5309 0.016645 -0.37598 -0.47619
0.8182 -1.1299 -0.90344 -1.3218 -0.38052 1.1641 1.1609 0.22516 1.4427 -1.057 -1.8058 1.4328 1.9021 -0.57184 0.13332 0.17889 -0.26403 -1.4065 -1.4525 1.0647 0.4849 1.4812 1.7267 0.61937 -1.0429 -0.11715 0.78921 0.77338 0.82359 1.16 0.32644 -0.3284 -0.5732 -0.8139 -0.80525 1.029 -0.43379 -0.23672 -1.3265
0.16263 -1.6739 -1.2246 -1.4298 -0.62621 0.95902 1.6692 0.32275 1.907 -0.63464 -0.18321 1.3071 1.8467 -0.04726 0.32737 0.59177 0.17861 -1.4239 -1.7908 0.67189 0.40495 0.95322 2.2117 -0.099628 -0.85833 -0.55613 0.92624 1.7533 1.3652 1.6697 1.1189 -0.078402 -1.4815 -0.72393 -2.0864 -0.086545 -0.52872 -0.35904 -2.0407
-0.13584 -1.9701 -1.788 -1.5965 -0.97418 0.68326 1.9044 0.37738 2.1707 0.41102 -0.75397 0.79665 1.6343 0.31779 1.4871 1.3201 1.2305 -0.54035 -1.4776 -0.17271 0.14244 -0.88873 1.5313 0.23819 -1.1612 -1.6475 0.35267 2.1205 1.4177 1.8379 1.8305 0.69356 -1.7019 -0.30604 -2.714 -1.3676 -0.35139 -0.13162 -2.2858
0.45889 -1.5075 -0.615 -1.3697 -1.3901 -0.18757 1.7017 -0.20025 3.2941 1.4542 -0.97676 0.66668 1.6311 0.27007 2.4019 1.7422 1.7264 0.13051 -1.5631 -1.1989 -0.42159 -2.2763 0.62489 -0.2103 -1.609 -2.426 -0.6428 1.6137 1.1051 1.6744 2.1702 1.7023 -1.2926 0.30833 -1.7846 -1.8212 0.60321 0.56969 -1.7624
1.1036 -1.0757 0.06946 -0.9441 -1.7415 -0.6566 1.1873 0.7308 1.4636 1.4198 -2.1703 0.49633 1.0043 -0.10914 2.7838 2.2038 2.3709 1.0178 -0.22603 -1.1975 0.27045 -2.4418 -0.20521 0.015101 -0.90001 -2.7699 -1.2598 0.17627 0.060734 0.91797 1.8916 2.1687 -0.40491 0.79621 -0.24539 -1.4083 1.0872 1.5378 -0.55273
1.1944 1.1993 1.0458 0.7754 -0.2213 0.033904 0.36626 0.084301 -0.61002 -0.09001 -0.63652 0.017706 -0.55228 -1.0285 2.489 2.1819 2.7145 1.591 0.83256 -1.2424 0.9677 -1.9018 -0.55915 1.2594 0.059148 -2.7617 -1.2523 -1.3198 -1.0203 -0.14359 1.1359 2.2364 0.64192 0.73154 0.97186 -0.73982 1.3959 1.9343 0.78568
0.28693 1.007 0.38738 0.53057 -0.052912 -0.46607 -0.38529 -0.58832 -1.244 -0.37188 -1.468 -0.47534 -0.90967 -1.3533 1.7641 1.2335 2.442 2.0375 1.4561 -0.9059 1.0708 -1.5504 -0.68406 1.7176 0.82052 -2.3492 -0.80071 -2.5938 -2.0667 -1.6323 -0.3788 0.94576 0.98898 0.13915 1.4715 0.20181 0.48995 1.2721 1.9199
-0.64555 0.48273 1.1051 1.2922 0.59824 1.3016 0.99012 1.3656 0.55046 -0.081531 0.19252 0.78526 -1.0044 -1.4144 0.64136 0.39527 1.4308 1.6108 1.8554 -0.12817 0.66916 -0.69969 -0.59664 1.7694 1.0704 -1.4068 0.23869 -2.5173 -2.3287 -2.3824 -1.3541 -0.088108 1.2889 -0.11271 1.3929 1.0377 -0.62156 0.010804 2.269
-1.4713 0.51743 1.2497 1.6936 0.58418 1.1327 0.15269 1.6258 1.0578 0.752 0.72732 1.1892 -1.2301 -1.3989 -0.76925 -0.63736 -0.0037921 0.35635 1.0801 0.11551 0.70103 0.0042755 0.2492 0.78125 0.92496 -0.43901 0.74985 -1.6431 -1.8181 -2.1343 -1.7652 -1.2911 0.79112 -0.57123 0.63569 1.1843 -1.1531 -1.3205 1.8336
-0.28393 0.86219 0.99924 1.6999 1.1824 0.79578 0.17899 0.82942 0.042403 0.33542 0.22416 1.473 -1.2039 -0.59223 -0.58879 -1.0933 -0.46794 0.079117 0.88182 0.68186 0.91961 0.2068 1.0936 0.52821 0.034556 -0.16111 0.88903 -0.6259 -1.1753 -1.2565 -1.3999 -1.7356 0.42351 -0.43609 0.11928 0.59431 -1.0273 -1.4225 1.0381
-0.53479 0.4676 0.58126 0.98865 0.59917 1.6013 0.8519 0.76685 -1.1573 -0.60285 0.036419 0.94711 -1.1381 -0.41842 -0.45141 -1.3047 -0.55452 -0.26618 -0.4722 0.18654 -0.22368 -0.67083 0.88544 0.076967 -1.0647 -0.099132 0.66895 0.24693 -0.30313 -0.0903 -0.60841 -0.97897 0.28203 -0.019684 0.84811 -0.04611 -0.48855 -0.88969 0.38153
-1.5536 0.027776 -0.31576 0.34336 -0.028837 0.76387 0.070957 0.6925 -0.49646 0.46403 -0.1087 0.55303 -1.1772 -0.30484 -0.58632 -1.3849 -0.61441 -0.51037 -0.62471 0.64147 0.23824 -0.088532 0.31147 0.11169 -0.52413 0.04856 0.44593 0.3951 0.47442 0.57904 -0.42294 -0.45673 -0.19674 0.037737 1.5578 -0.25011 -0.0057141 0.27095 0.17459
-0.78504 0.2498 -0.60902 0.46016 0.59265 1.3284 1.5087 1.9056 0.60306 2.1553 -0.00026456 -0.13656 -1.1405 -0.34427 -0.32759 -1.0198 -0.091921 -0.40093 0.0088419 0.67443 0.99869 1.9204 0.57658 0.055882 -0.41225 0.051782 0.58362 0.6592 1.0354 0.64773 -0.056974 0.33051 -0.46274 0.046368 1.4132 -0.20413 0.33412 0.88068 0.083949
-1.655 0.11145 0.19941 1.452 0.49476 0.40054 0.53868 0.75571 -0.32716 0.91088 0.92507 0.091916 -1.2706 0.16218 0.048823 -0.35041 0.37871 -0.58205 -0.19499 0.074996 0.38265 2.1354 0.77345 0.56972 0.21097 0.034528 0.61729 0.54867 0.70171 0.089796 0.005831 0.27929 -1.2069 -0.90046 -0.13082 -0.26187 0.35865 0.52465 0.092984
-1.1941 0.01784 -0.56165 0.79815 0.024065 0.43855 1.1187 1.7265 0.53215 0.12815 0.47807 1.5645 -1.1016 0.39075 0.38793 0.083253 0.15407 -0.32062 -0.033711 -0.3941 -0.20403 1.1448 0.27248 0.55781 0.18368 0.036822 0.92424 0.075105 -0.23357 -0.916 -0.16833 0.079181 -1.0758 -1.6159 -1.3705 -0.17377 0.026836 0.26679 0.38062
-0.61931 0.53101 -0.43209 1.2867 0.60324 1.7539 1.343 2.0816 2.7287 0.97491 -0.32038 0.51069 -1.1078 0.43176 0.021403 -0.63791 -0.56531 -0.53128 -0.04701 -1.0896 -1.0019 0.059877 -0.034754 0.6196 0.14376 0.19915 0.95121 -0.8517 -0.54042 -1.4161 -0.33379 -0.25111 -0.51844 -1.3955 -1.3332 0.2291 -0.50125 0.20457 1.0401
-0.69362 0.28944 -0.058862 1.0369 -0.80583 0.94245 0.3032 0.61302 1.019 1.4511 1.1375 0.8305 -1.1409 1.185 -0.16857 -1.2778 -1.3101 -0.71082 0.11262 -0.76164 -1.6115 0.17606 0.65985 0.12693 0.11637 0.56369 0.97472 -1.4955 -0.28975 -1.3772 -0.60685 -1.0091 0.25838 -0.87954 -0.59454 0.30518 -1.0973 0.68036 1.8392
-1.1192 0.55693 -0.31897 0.34536 0.24999 0.55732 -0.26376 0.68155 0.5114 1.5036 0.64358 0.14157 -1.1704 1.4783 -1.1328 -0.6295 -1.5054 -0.96002 -0.71537 -0.70998 -1.7659 -0.085838 1.0704 -0.17384 0.62604 1.3996 0.68427 -1.36 0.43961 -0.85249 -0.40554 -0.90919 1.4062 -0.024452 0.65272 -0.18354 -2.1203 0.73853 2.168
-0.37653 -0.10747 -1.6997 -0.018249 -0.032724 1.0199 -0.096145 0.34074 -0.0040367 1.2192 1.1865 0.37566 -0.82478 1.6236 -1.6098 -0.42487 -1.9201 -1.1556 -1.5811 -0.089725 -1.6208 0.027179 0.36378 -1.1953 1.1927 2.3183 -0.26557 -1.0772 0.73527 -0.25571 -0.37354 -0.42625 1.9024 0.58941 1.3507 -1.0856 -2.1442 0.62119 1.7271
0.58929 -0.12817 -1.6099 -0.34639 -0.79652 0.65568 0.19935 -1.027 1.1181 1.4704 0.3677 1.2587 -0.37183 1.4387 -1.5981 -0.24238 -1.8329 -1.0071 -0.89259 1.2303 -1.05 1.502 -0.22721 -2.9126 0.96196 2.7192 -1.1793 -0.21246 0.63717 0.17871 0.10909 0.55214 1.7943 0.88252 1.2204 -1.754 -1.6194 0.051588 0.48987
1.1753 -1.4748 -0.48163 -0.81632 -1.2772 -0.062627 0.44392 0.41549 1.7671 2.2621 -0.36069 2.3899 0.95384 0.69832 -1.7862 -0.11189 -1.614 -1.3297 -0.57738 1.8585 -0.76871 2.1814 -0.84881 -2.7449 1.0905 2.6098 -1.7678 0.49776 0.42792 0.74466 0.93924 1.3431 0.84733 0.80737 -0.11357 -2.0442 -0.17929 -0.61774 -0.96296
1.1721 -0.99454 -0.56862 -1.1484 -1.1261 -0.3338 0.89907 -0.40867 2.076 1.2422 -1.6307 1.2956 1.6276 -0.23249 -1.3973 0.39519 -1.3217 -0.67362 -0.14451 1.7027 -0.39271 1.3691 -1.8271 -2.5919 0.77921 2.0194 -1.6255 1.2414 0.092162 1.1639 1.7962 1.4106 -0.52354 0.34458 -1.7856 -2.23 1.1125 -0.91234 -2.0939
0.45355 -1.1293 -0.78735 -1.4246 -1.5504 0.37916 2.0776 -0.76418 2.4103 0.74468 -2.6571 1.1695 1.561 -0.78784 -0.83288 0.057119 -0.79109 0.32484 0.61429 1.2774 -0.30366 -0.11035 -2.9245 -1.6715 0.16405 1.1553 -0.78503 1.5038 0.011162 1.3693 2.3775 1.1282 -1.5601 0.47584 -2.4464 -1.6347 1.5567 -0.96662 -2.3981
-0.33625 -1.7233 -1.5059 -1.7263 -1.3909 0.34861 2.1756 -0.319 2.9782 -0.035848 -1.6198 1.6122 1.5248 -0.80552 0.090559 -0.13651 -0.083428 1.3074 1.2087 0.54245 -0.58169 -0.98564 -3.6518 -1.1844 -0.2327 0.15989 0.20115 1.3054 0.19641 1.2747 2.1469 0.12947 -2.1084 0.85007 -2.0496 -0.46656 1.7991 -1.0648 -1.8723
-0.076865 -1.7036 -0.89905 -1.5757 -0.91318 0.87042 1.8183 -0.53643 1.2979 -1.4042 -1.9098 1.9962 1.5382 -0.46933 0.089532 0.19707 0.30811 1.8353 0.90873 -0.49189 0.29459 -1.63 -3.1998 -0.29638 -0.16054 -0.22418 0.62724 1.085 0.82197 0.82237 1.3462 -0.95011 -2.077 1.2488 -1.1573 1.085 1.3819 -1.4869 -1.0309
0.12282 -1.2528 -0.91759 -1.2448 -0.19597 0.92934 1.6916 -1.0471 0.90085 -2.2624 -1.9541 1.753 1.4599 -0.046817 0.41758 0.70511 0.49462 2.3245 -0.018805 -1.3757 1.0411 -2.0459 -2.6 0.35718 -0.99473 -0.23004 0.42364 0.63652 0.84798 0.19303 0.43487 -1.6495 -1.6659 1.4318 -0.54471 2.2553 1.0742 -2.0358 -0.3255
0.20792 -0.9554 -0.49194 -0.85492 0.73425 1.0967 1.2073 -0.4014 0.92559 -2.925 -2.7736 1.4296 1.368 -0.044943 0.89789 1.1534 0.44838 2.1732 -0.5418 -1.6674 1.4321 -1.925 -1.2359 0.3607 -2.1619 -0.26931 0.21671 0.55882 0.60213 -0.25047 -0.43947 -1.4654 -1.0347 1.1515 -0.18394 2.8266 0.85208 -2.0357 -0.13933
0.093484 -1.1134 -0.58423 -1.0429 0.91862 0.63355 0.55362 0.13311 0.46218 -2.7917 -2.0498 0.82584 1.3425 -0.26688 0.804 0.94972 0.20969 1.906 -1.1592 -1.9996 1.7704 -1.9264 -0.061901 0.6755 -2.9412 -0.33075 0.36926 0.31794 0.25333 -0.53892 -1.3385 -0.87391 -0.59356 0.46021 -0.13929 2.8703 0.94812 -1.026 -0.30031
-0.069192 -1.0361 -0.15851 -1.094 1.3669 0.12721 0.31686 0.88505 0.07626 -2.7838 -1.387 0.12522 1.2928 0.014029 0.87938 1.1922 -0.0073503 1.2872 -1.266 -2.1209 2.2783 -2.0381 1.2537 1.2891 -2.8964 -0.39506 0.77747 0.21144 0.092531 -0.34149 -1.9693 -0.20083 -0.28244 -0.62357 -0.086683 1.9918 0.99852 0.015116 -0.55445
-0.46871 -0.59385 0.15214 -1.1827 1.4019 0.039382 -0.1361 1.0975 0.047479 -1.7427 -1.2339 -0.6987 1.2064 0.57532 0.99271 1.1691 -0.26951 0.44221 -1.2824 -2.2592 1.5549 -2.2461 1.9658 1.8295 -2.4929 -0.64086 0.99646 0.44898 -0.0033399 0.10505 -2.3036 0.54044 0.2058 -1.8349 0.17492 1.0197 0.37725 0.95072 -0.77592
-0.22525 -0.66547 0.13792 -1.0926 1.9272 -0.19869 -1.0947 1.0218 -1.7444 -1.9588 -1.5217 -1.2106 1.0944 0.93027 1.185 1.2348 0.06152 -0.52037 -0.83228 -2.0619 0.26375 -1.914 1.7913 1.8209 -2.3505 -0.98651 0.67937 0.17715 -0.33569 0.54675 -2.155 0.80351 0.82086 -2.3827 0.76658 0.034575 -0.70912 1.6874 -0.7129
0.5942 -0.031984 0.75644 -1.0378 1.6485 -0.18172 -1.241 2.0891 -1.3005 -0.45676 -0.50644 -1.1739 0.92753 1.0708 1.444 0.94519 0.37558 -1.1988 -0.32552 -1.6339 -0.97175 -1.6008 1.7523 1.2056 -1.4703 -1.2546 0.072192 -0.34112 -0.75458 0.72253 -1.6834 0.83236 1.465 -1.8031 1.4265 -0.50604 -1.3668 1.889 -0.26638
1.1808 -0.0068877 0.80919 -1.3918 1.0654 -0.45261 -2.1294 1.2458 -1.8319 -0.35469 -0.12555 -1.2577 0.48333 0.98364 0.97575 0.71674 0.68827 -1.6416 -0.19606 -0.88005 -1.3264 -0.75948 1.4592 0.22674 -0.31882 -1.209 -0.50392 -0.90929 -1.0368 0.55049 -0.78351 0.58015 1.735 -1.077 1.4294 -0.67715 -1.3727 1.658 0.32066
0.95697 0.15509 0.99252 -0.7502 -0.0045377 -0.31868 -2.0136 0.042863 -1.6856 -0.83037 0.48168 -2.3021 0.090525 0.65832 0.52176 0.079142 0.76075 -1.924 0.0024536 -0.08361 -1.3346 0.13146 1.1417 -0.06163 -0.051704 -0.95013 -0.7897 -1.1932 -0.99942 0.32835 -0.12687 0.43334 1.9529 -0.20748 0.9682 -0.64803 -0.96221 1.1852 0.78622
0.87816 0.85721 0.90981 -0.49922 0.10747 -0.073642 -1.7046 -0.41328 -1.9763 -0.0050671 -0.60845 -1.4073 -0.15391 0.19521 0.086532 -0.19426 0.89403 -1.5152 0.12945 0.43795 -1.7568 0.18074 0.76189 -0.24547 -0.024643 -0.63859 -0.72856 -0.65807 -0.87408 -0.11614 0.32028 0.29311 1.6654 0.13907 0.33818 -0.46088 -0.26807 0.71434 0.80145
0.8456 0.090905 0.96081 -0.25265 -0.25973 -0.29561 -1.4192 0.11854 -1.2089 0.34149 -1.7369 -0.72701 0.010116 0.0023728 -0.16264 -0.39338 0.8865 -1.4742 0.35963 1.3925 -1.183 -0.056091 0.82493 -0.43815 0.55456 -0.30949 -0.54373 0.040796 -0.39152 -0.27379 0.71826 -0.0296 0.73273 0.36084 0.039346 -0.54519 0.48965 0.63487 0.41625
1.1489 -0.097118 0.11309 -0.34414 -0.50743 -0.19839 -1.2997 0.2548 -1.4987 -0.059841 -0.68037 -1.5113 0.10298 -0.039519 0.19346 -0.61321 0.41619 -1.2988 0.20792 1.5259 -1.121 0.056869 0.71852 -0.078164 0.69024 -0.27508 -0.37963 0.78555 0.16155 -0.27043 0.91816 -0.48164 -0.1265 0.43088 0.15056 -0.53192 0.85598 0.36614 -0.10789
1.0543 0.19801 0.83704 -0.060747 -0.37492 -0.08558 -1.0186 -0.73193 -1.3234 0.64886 0.096369 -1.5336 -0.015254 -0.23827 0.55418 -0.40033 0.49857 -0.77038 -0.064847 0.75992 -0.91852 0.30304 0.094502 0.8753 0.75794 -0.48179 -0.50688 1.0244 0.60171 -0.026706 1.2244 -0.50814 -0.71716 0.29055 0.31727 -0.71537 0.95768 0.36183 -0.47118
0.99468 -0.021147 0.39182 -0.077133 -1.5526 0.11035 0.16137 -0.79869 -2.3524 0.51207 -0.7356 -0.69208 -0.1293 -0.39905 1.1039 0.12574 0.59312 -0.25671 -0.54174 0.52359 -1.0121 0.33892 0.084897 0.85021 0.55009 -0.72436 -0.73859 0.32774 0.57996 0.20288 1.5217 0.078896 -0.7082 0.68695 0.46119 -0.7711 0.31791 0.24829 -0.38793
0.68477 1.0475 0.15914 -0.22927 -1.5564 -0.10049 -0.006359 -1.6342 -1.2886 0.31762 -0.21751 -1.2215 -0.44953 -0.76459 1.1715 0.35385 0.75442 0.1492 -0.19911 0.55063 -0.64703 0.48257 -0.26996 1.0532 1.2932 -0.82652 -0.70908 -0.54333 0.035163 0.018791 1.3264 0.46435 -0.29735 0.97748 0.74526 -0.57662 -0.46339 0.048378 0.063838
0.46588 1.1913 0.55106 0.43058 -0.25321 -0.3739 -1.4463 -0.71657 -1.0337 0.01112 0.12594 0.060184 -0.69512 -1.1458 0.46764 0.086881 0.66974 0.90431 0.45229 0.3044 0.14313 0.94199 -0.62321 0.51034 0.88387 -0.71382 -0.69876 -1.5427 -0.3636 -0.16418 0.5856 0.55818 0.011085 0.99928 0.70888 -0.17263 -0.6926 0.10924 0.51261
0.49246 0.94351 1.1316 0.51437 -0.51684 -1.0768 -0.49545 -0.93835 -0.85313 0.57389 -0.49093 -0.84348 -0.69927 -1.1805 -0.053478 -0.29414 0.50088 0.97154 0.34474 0.31713 0.497 1.559 -0.68368 0.16187 0.68728 -0.38966 -0.41372 -1.8245 -0.79825 -0.51196 -0.4527 0.1937 0.31956 0.36793 0.34365 0.50997 -0.72458 -0.18501 0.74398
-0.052136 1.1193 0.55015 0.6597 -0.46444 0.32124 0.11085 -0.92889 -1.2845 -0.47215 1.5078 0.15641 -0.83284 -1.4879 -0.94027 -0.18844 0.42173 0.3625 0.27047 0.6688 0.45356 1.2836 -0.026762 -0.045361 1.0604 -0.14159 0.12578 -1.1858 -0.96329 -0.83581 -1.4328 -0.26377 0.3602 -0.1614 -0.14905 1.0728 0.1451 0.55894 0.68299
-0.79091 0.31247 0.56755 0.58384 0.53999 0.93848 -0.14412 -0.63129 -0.28603 -0.20463 -0.30714 -0.58666 -0.82917 -1.3703 -1.2691 -0.93685 -0.063655 -0.36035 0.28626 0.97782 -0.053777 1.0456 0.48817 -0.074068 0.87502 0.051425 1.1718 -0.37267 -0.78262 -0.96045 -1.6857 -0.77022 0.010068 -0.64674 -0.55726 1.4458 0.44325 0.40068 0.53992
-0.53397 0.38722 -0.4711 0.34353 -0.75001 -0.16332 0.44011 -0.46121 0.20256 -0.53897 -0.83057 0.13581 -0.58023 -0.84344 -0.963 -1.3202 -0.58971 -0.91956 0.01036 0.65999 0.086133 0.92196 0.98082 0.96056 1.8184 0.13405 2.5234 0.63721 -0.73865 -0.84496 -1.3637 -1.1347 -0.68971 -0.83064 -0.88451 1.1376 0.71604 -0.2168 0.47453
-1.5957 0.078854 0.64603 0.6832 -0.74252 -0.39214 0.10426 -1.0561 0.28207 0.86187 0.25145 0.60017 -0.76116 0.61306 -0.67231 -1.1282 -0.7659 -1.3184 -0.95468 0.34808 -0.64271 0.6258 1.7538 0.58679 1.0477 0.31656 3.0531 0.86314 -0.086022 -0.37738 -0.6048 -0.96753 -1.2511 -0.78063 -1.0442 0.53589 0.41697 -1.2821 0.56271
-1.0925 -0.30009 -0.64281 0.31052 -0.70937 -0.12066 0.21433 -0.93185 -0.18275 0.91823 0.24576 0.7272 -0.64947 2.1018 -0.11987 -1.4128 -0.78581 -1.5278 -1.2283 -0.30763 -0.9509 -0.29178 1.661 1.0971 0.58611 0.46733 2.7509 0.53631 0.28468 -0.016795 -0.067713 -0.54845 -1.1748 -0.55812 -1.0036 -0.45897 -0.85941 -2.1366 0.76258
-0.47454 0.21134 -0.71291 -0.47235 -1.8167 -0.27413 0.81856 -0.66004 0.077004 1.4769 2.0632 1.7084 -0.59852 2.7048 -0.1806 -1.0241 -0.65852 -1.102 -0.89725 -0.88686 -1.1321 -0.46034 1.2567 0.73306 -0.84178 0.76457 1.3167 0.12079 0.84971 0.31018 0.32626 -0.015516 -0.94911 0.18276 -0.5537 -1.2844 -1.5383 -1.7121 0.75674
1.2624 0.18707 -0.77429 -0.17109 -1.6454 -0.51161 0.31886 -2.0384 -0.14177 1.846 0.72222 0.36406 -0.37089 3.1072 -0.26478 -0.83185 -0.66867 -1.1368 -1.0282 -0.92735 -0.81164 -0.5644 0.33409 -0.78707 -1.1301 1.1033 -0.29343 -0.34195 1.1381 0.66401 0.47396 0.27278 -0.24849 0.44322 0.13673 -1.5231 -2.0336 -0.98839 0.5121
2.3176 0.17561 -1.5736 -0.27445 -1.6887 -0.97525 -0.98004 -1.5979 -0.58357 1.7165 0.22495 -0.0079296 -0.14369 2.4904 -0.37541 0.14886 -0.24433 -0.93577 -1.0561 -1.1219 -0.34198 -0.34462 -0.14073 -1.5018 -1.2123 1.1827 -1.5535 -0.13033 1.0305 0.65037 0.30105 0.49272 0.53677 0.73541 0.41821 -1.3315 -0.93423 0.48336 -0.06124
2.105 -0.17603 -0.97757 -0.1843 -2.0857 -1.1706 -0.8342 -1.9703 -0.16962 1.3883 0.47344 -0.81864 0.35958 1.6516 -0.59945 0.092621 0.24237 -0.77518 -0.60472 -0.6505 -0.44376 -0.040244 -0.67893 -1.8058 -1.0254 1.0587 -2.1634 0.3691 0.7899 0.42188 0.6929 0.614 0.99634 0.50212 0.53155 -0.82761 0.62233 0.83015 -0.71971
2.2777 -0.48108 -0.49492 -0.40039 -2.2202 -1.2143 -0.64924 -1.6659 -0.6521 1.1987 -0.87445 0.20076 0.50276 0.57652 -0.22375 0.40984 0.095994 -0.74864 -0.14871 -0.006828 0.1828 0.1643 -0.88957 -0.58154 -0.0036722 0.6881 -1.9313 1.1404 0.15981 -0.049024 0.8803 0.5978 0.90373 0.12369 0.36642 -0.46602 1.5765 0.68979 -1.1751
2.3437 -0.40736 -0.43796 -0.21464 -2.2188 -1.079 -0.90594 -0.98347 -0.38947 0.91783 -0.72542 -0.024202 0.61201 0.095449 0.31387 0.49649 -0.051864 -0.012831 -0.29214 0.39907 -0.05157 0.30033 -0.92927 0.038418 -0.21077 0.21913 -1.6289 1.569 0.37225 -0.45785 0.9746 0.50819 0.19049 -0.31391 0.29977 -0.16575 2.0255 -0.33932 -1.1941
2.4876 -0.26998 -1.1252 0.11025 -2.841 -0.82974 0.086319 -2.2385 0.17716 0.71867 -0.2241 0.084872 0.5342 -0.27683 1.1581 0.26028 -0.18214 0.22741 -0.053319 0.06288 -0.28834 0.2656 -0.92503 0.76784 -0.35226 -0.24319 -1.3683 1.1924 0.73073 -0.41139 0.81118 0.40346 -0.58198 -0.60921 0.29081 -0.033854 1.2304 -1.0286 -0.82895
2.3268 0.14658 -0.4562 -0.20456 -2.3601 -0.85342 -0.38015 -1.6172 -0.25066 0.64436 0.24429 0.071536 0.39199 -0.91525 1.4423 0.86695 -0.46046 0.44562 0.33713 -0.31903 -0.85198 0.5529 -0.96587 1.6083 -1.4628 -0.35115 -1.33 0.62677 1.1906 -0.23304 0.80429 0.27112 -0.89993 0.05226 -0.027632 0.1695 -0.10322 -0.26173 -0.45449
2.2776 0.45119 -0.74334 -0.52 -1.2618 -1.7806 -0.6404 -1.7761 -0.20647 0.25947 0.22058 -0.90297 0.23162 -1.4364 1.2925 1.5759 -0.45559 0.44594 0.32803 -0.7362 -0.66378 0.66344 -0.91027 1.134 -1.2479 -0.32954 -1.1477 -0.31228 1.0855 0.090231 1.2288 0.21317 -0.29799 0.45744 -0.5827 0.50075 -1.1739 0.54112 -0.1154
1.4532 1.1111 -0.3038 -0.46262 -2.1297 -0.91539 -0.87289 -2.2806 0.016433 0.0021999 0.93473 -0.71073 0.14219 -1.7731 1.3474 2.026 -0.3408 1.2897 0.05815 -0.88859 0.24004 0.073681 -0.56605 -0.30849 -0.23296 -0.4532 -0.66228 -1.0001 -0.25515 0.41517 1.6027 0.32589 0.64575 1.2142 -0.84911 0.37183 -1.4844 1.4235 0.13934
0.85141 0.87513 0.98646 -0.94762 -1.7943 -0.36913 -1.133 -2.6486 0.3144 -0.23315 1.0615 -1.6157 0.24011 -1.9637 0.67996 1.677 -0.069073 1.9575 0.51749 -0.20595 0.096882 -0.661 -0.087153 -0.57646 0.028751 -0.37587 0.035611 -1.2725 -1.8429 0.29556 1.6845 0.29624 1.5522 1.2685 -0.46178 0.47039 -0.51597 1.1511 0.29899
0.4664 0.8448 1.1992 -0.33608 -1.9811 -0.74406 -1.5573 -1.8155 0.7623 -0.30379 0.43221 -0.84468 0.25569 -1.8818 0.0317 0.37537 0.12082 2.4941 0.887 0.63954 1.2441 -0.49753 -0.59932 -0.45948 0.50598 -0.11218 0.52413 -1.0978 -2.811 -0.13194 0.7574 -0.19799 1.7294 1.2603 0.29845 0.45168 0.35741 0.73479 0.4159
0.18855 1.56 1.1778 -0.33798 -0.11003 -1.2248 -0.93089 -1.3808 -0.52967 0.21938 -1.262 0.55293 -0.24849 -1.3391 -0.2383 -0.92624 -0.13332 2.7907 0.50211 1.4306 1.4214 0.030831 0.083011 0.22108 0.49226 -0.03386 0.66287 -0.4991 -2.2589 -0.7101 -0.38977 -0.91669 1.0043 0.74585 0.50595 0.43281 0.48707 0.35654 0.36942
-0.39395 0.72153 1.0571 -0.49205 1.0485 -0.32757 -0.41165 -1.8801 -1.6244 0.5552 0.23339 -0.76164 -0.049481 -1.1512 -0.079532 -1.7599 -0.54713 2.2031 -0.28086 1.5577 2.1484 0.36884 0.28781 0.049116 0.88482 0.025337 0.70056 -0.17269 -0.58576 -0.73561 -1.734 -1.1556 -0.20109 -0.15826 0.16595 0.36103 0.25525 -0.44089 0.34182
-0.52879 0.53152 -0.98541 -0.44005 1.4248 -0.28607 0.40521 -0.074476 0.1581 -1.6305 0.5292 -0.63645 0.29985 -1.1417 -0.11359 -1.3391 -1.0441 1.4323 -0.6052 1.234 1.1649 -0.02751 0.37023 0.18466 0.49822 0.13201 0.69482 0.098822 1.1308 -0.33904 -2.1111 -0.67627 -1.1194 -0.68043 -0.2423 -0.037748 -0.44677 -0.24129 0.2154
-0.38077 0.94016 -0.77895 -1.0041 0.71183 -0.18307 0.89334 -1.2384 0.97181 0.81248 1.7799 -0.4606 0.13055 -0.72449 -0.3145 -0.46026 -0.78 0.1582 -0.71797 0.36673 1.0464 -0.099035 0.013452 0.11104 -0.29411 0.33824 0.78433 0.027064 2.0096 0.18978 -1.4841 0.11773 -1.3182 -1.2449 -0.76945 0.18184 -0.39307 -0.10818 -0.038007
-0.96414 1.0015 -0.45425 -1.5677 0.64695 -1.5019 0.24309 0.68459 0.68323 0.26524 -0.35298 0.16498 0.17976 -0.30691 0.065576 0.50247 -0.63881 0.14036 -0.53104 -0.07443 0.58023 -0.20327 0.17334 -0.66004 0.64906 0.14478 0.80717 -0.13478 1.5234 0.84965 -0.61528 0.67931 -0.96206 -0.56031 -0.96713 -0.019112 -0.36255 0.25521 -0.3329
-1.3676 0.92954 0.24823 -1.4591 0.73594 -1.6219 -0.037106 -1.1695 -0.97382 0.39129 -0.33794 0.25505 0.15196 -0.15981 -0.10701 0.99549 -0.39253 0.26983 -0.067218 -0.26297 -0.1041 -1.0925 0.7817 -0.27142 0.61979 -0.043375 0.63787 -0.14704 0.82266 1.1053 -0.37069 1.4424 -0.30707 -0.25358 -0.61832 0.16913 0.34017 0.52258 -0.63634
-0.67913 0.68533 0.62154 -0.89207 0.75827 -1.1687 -0.31068 -0.10155 -1.3449 -0.29473 -0.38253 -0.88287 0.29109 0.026451 -0.43554 0.72528 0.34122 0.31251 0.38276 -0.25538 0.59322 -1.4855 -0.023205 -0.30602 0.51515 -0.202 0.54755 -0.12576 0.2682 1.0741 -1.2353 1.5315 -0.085782 0.61701 0.27528 -0.23338 0.75045 0.241 -0.64805
-0.68969 0.73294 0.62292 -1.3256 1.8475 -0.14396 0.21393 -0.78745 -0.39068 0.17343 0.21368 0.37821 0.21529 0.25047 -0.30337 0.94672 0.78233 -0.56529 1.5825 -0.11349 0.51932 -0.69721 0.48157 0.65597 0.73492 -0.48907 0.54949 0.23874 0.27397 0.61657 -2.141 0.97635 -0.38188 0.62943 1.0052 -0.75016 0.51819 0.30674 -0.50174
-0.81269 0.57224 -0.32709 -1.2349 1.2685 -0.49464 0.46308 -0.34904 -0.46898 0.71958 1.0248 0.31482 0.11462 0.46483 -0.038812 1.0373 0.76842 -1.5874 1.5701 -0.30313 1.5256 0.19262 -0.11747 0.41785 1.0394 -0.65144 0.49533 0.38693 0.72304 0.027507 -2.4109 -0.095492 -1.0518 0.10287 0.84888 -0.97814 0.20266 -0.17155 -0.078301
-0.68463 0.49282 0.43017 -0.55716 0.65564 -0.62993 0.10016 0.44618 -1.4589 0.50823 0.050087 0.37049 -0.24031 0.60142 0.12333 1.3604 0.54132 -2.5051 1.2145 -0.95069 0.71215 0.15911 -0.65294 0.44423 0.92562 -0.60826 0.41461 0.076011 0.94525 -0.40663 -1.4406 -0.9654 -1.3171 -0.55896 0.08866 -1.4129 -0.018534 -0.57439 0.55629
-0.84919 0.77114 1.596 -0.44132 -0.6071 0.43231 -0.35473 0.66882 -0.69902 0.91113 0.21062 1.0581 -0.43883 0.73259 0.036467 1.8557 0.51849 -2.9132 0.41398 -1.8101 0.70404 -0.14358 -1.3969 0.24708 0.11448 -0.26793 0.25687 -0.33142 0.43079 -0.70877 -0.29402 -0.91769 -0.82235 -1.7317 -0.47986 -0.91138 0.66967 -1.0782 1.0306
-0.24919 0.87334 1.6967 -0.4307 -1.2671 0.27124 -0.63848 0.84537 -0.6662 -0.81034 0.13763 0.88345 -0.45715 0.85094 -0.19413 2.2787 0.16022 -2.4058 0.36172 -1.8328 -0.21409 -0.31832 -1.6953 0.74671 0.15653 0.18888 0.19449 -0.66018 -0.61246 -0.69294 0.81176 -0.9227 0.29113 -1.7295 -0.5044 0.10345 0.7458 -1.1191 1.1086
0.35257 0.74066 1.9356 -0.63159 -1.8016 0.42083 -1.5736 -0.17479 -0.77002 -1.1939 0.80866 0.24659 -0.24164 0.78666 -0.43884 1.3841 -0.34753 -2.1408 0.28796 -1.4032 -1.5502 -0.52395 -1.4028 1.6468 -0.53678 0.56353 0.12563 -0.69535 -1.611 -0.33032 1.5027 -0.81367 1.291 -1.4441 -0.35332 1.5449 0.35556 -0.77958 0.69739
-0.0041427 0.55141 2.3397 -0.69497 -1.5941 -0.28261 -2.1904 0.30213 -0.75056 -1.2768 0.80446 0.50045 0.0065681 0.90717 -0.76716 0.50562 -0.30286 -1.4665 -0.44046 -0.59828 -1.695 -0.65632 -0.41247 1.2767 -0.78419 0.71197 0.099668 -0.2822 -2.2848 0.42799 1.7423 -1.1508 1.7065 -0.32359 -0.32497 2.0843 -0.65255 -0.41269 -0.048415
0.20617 0.18242 2.768 -0.73569 -1.8839 -0.041907 -1.6623 -0.4221 -1.5665 -1.2256 1.795 0.82244 0.23421 0.91163 -0.86607 -0.16369 0.14425 -0.75311 -0.69662 0.011505 -1.507 -0.67031 1.1025 0.7348 -0.83067 0.56153 0.1382 0.54077 -2.0271 1.113 1.7216 -1.2167 1.5715 0.62521 0.016322 1.7574 -1.5505 0.12011 -0.83771
0.25897 0.18759 2.152 -0.96501 -2.8713 0.422 -1.6174 -1.6994 -1.9164 -1.0903 2.0393 -0.27428 0.21857 0.94826 -0.45403 -1.0783 0.71261 -0.051818 -1.2956 0.68128 -0.89928 -0.88273 1.2795 -0.05853 -0.44215 0.11123 -0.33509 1.1519 -1.5498 1.3176 1.9498 -0.41156 1.0796 0.89032 0.485 0.61272 -2.0364 0.23686 -1.3213
0.86011 0.013525 2.0007 -0.65144 -2.5636 -0.23962 -0.99531 -0.88825 -0.93118 0.15843 1.1435 0.26118 0.29641 0.99622 0.35639 -1.4864 1.2114 0.1635 -1.5588 0.92415 -0.67425 -0.34832 1.3202 -0.7408 -0.48059 -0.4526 -1.0491 1.1336 -0.7251 1.0488 2.3531 0.44738 0.52133 1.14 1.1417 -0.53543 -1.8491 0.51892 -1.3056
1.334 -0.10099 1.3821 -0.016105 -1.8702 -0.69801 -1.1864 -0.98149 -1.5295 0.68522 0.95144 -0.32886 0.17182 0.23155 0.63192 -1.6276 1.6089 1.4848 -0.7602 0.98609 -0.2962 0.2064 0.74199 -2.0113 -0.51885 -0.85593 -1.8675 0.4384 0.060645 0.32938 2.1621 1.6722 0.060907 1.0686 1.279 -1.0274 -0.70267 0.63313 -0.94433
1.3339 0.39931 0.69288 0.35892 -1.4368 -1.4609 -0.95228 -0.94913 -2.2506 -0.10571 0.79411 0.22807 -0.17026 -0.66594 0.56956 -1.1844 1.6439 2.5915 -0.089815 0.84848 0.51642 1.1558 0.32194 -1.9404 0.16307 -1.0051 -2.1915 -0.37912 0.55888 -0.3858 1.5056 2.3245 0.26135 1.2628 0.97548 -1.1035 0.21242 0.97703 -0.40961
1.0847 1.1412 1.0385 0.74808 -1.8139 -1.6492 -0.7562 -0.93279 -1.1331 0.33388 0.33976 0.08692 -0.57778 -1.6495 0.21389 -1.0962 1.1121 2.514 1.1621 0.84141 0.68459 1.0174 -0.26168 -0.82009 0.39994 -1.0962 -1.6613 -0.9054 0.52178 -1.0967 -0.15916 2.1055 0.43984 1.1272 0.45325 -0.37575 1.4668 0.93858 0.092741
-0.018986 0.55631 0.7265 1.0857 0.2566 0.45986 -0.06229 -1.5232 -1.239 -0.43907 -0.98427 -0.30446 -0.71567 -2.0832 -0.075967 -0.71322 0.75135 2.2838 1.9064 1.4963 1.411 1.2759 -0.37142 -0.86969 0.85185 -0.97757 -0.68912 -1.1181 0.064374 -1.2817 -1.2841 0.81148 0.21503 0.72446 -0.26945 0.18292 1.8522 1.0791 0.43173
-0.6024 0.43673 0.76998 0.9937 0.80378 0.16172 -0.49934 -0.31914 0.48255 0.12783 -0.22563 0.29979 -0.77683 -2.1125 -0.59816 -0.89182 0.030439 1.3701 2.2537 1.4981 1.5553 1.1049 0.36103 0.42591 0.85839 -0.72699 0.58008 -0.6672 0.068863 -0.85424 -1.8293 -1.0466 -0.36037 0.6208 -0.13471 0.53478 1.4714 0.46544 0.6239
-1.1355 -0.017694 0.22531 0.71946 0.49839 0.63044 0.11785 0.1624 -0.56308 0.030497 0.86829 0.78336 -0.98247 -1.7136 -0.94561 -1.1467 -0.18254 0.93304 0.92785 0.93266 1.5575 0.58829 0.40821 1.1792 1.9121 -0.51538 1.3621 -0.018731 0.14165 -0.33877 -1.6634 -1.899 -1.094 -0.3803 -0.46283 0.39038 0.95867 -0.7216 0.63113
-1.1679 0.26538 0.36611 1.2119 0.88689 0.69219 1.3337 0.78937 -0.6247 -0.19449 -0.6612 0.8107 -1.0879 -0.79809 -0.49158 -0.73145 0.0031979 0.0081246 -0.3011 0.45214 1.8761 1.1139 0.45485 1.1373 0.72756 -0.35156 1.6616 0.6859 0.60992 0.035293 -0.89387 -1.5687 -1.3262 -1.089 -0.29978 -0.057623 -0.50224 -1.618 0.6047
-1.5686 0.080385 -0.46108 0.25091 -0.34075 0.91809 0.91763 0.33846 -0.5915 0.88071 1.6764 0.97547 -1.1324 -0.27759 -0.14646 -0.51307 0.14355 0.07283 -0.3815 -0.033507 0.47122 0.35107 0.39716 0.73219 -0.39239 -0.17819 1.3902 0.76762 0.85134 -0.061464 -0.4652 -0.44964 -1.0918 -1.5098 -0.32496 -0.3091 -1.2709 -2.0261 0.5508
-1.5751 -0.20912 -0.30701 0.87638 0.60454 -0.45871 0.049579 0.45858 -0.015025 0.45835 1.0462 2.5606 -1.1852 0.17876 0.20543 -0.077018 -0.061423 0.25036 -0.032052 -0.50884 -0.12811 0.6376 0.27967 -0.31155 -0.93577 0.05005 0.78313 0.35037 0.7397 -0.073687 0.086659 0.19536 -0.49924 -1.7024 -0.83513 -0.67262 -1.8914 -1.0094 0.4275
-1.0532 0.053453 0.22021 1.3436 0.75072 0.2962 0.31032 1.5225 1.3435 0.059013 0.14989 -0.51972 -1.0709 0.31207 0.050574 0.096574 -0.2582 0.0096621 -0.029547 -0.63547 -0.52603 0.18885 -0.0976 -0.59294 -0.94778 0.14491 0.18835 0.18808 0.45649 -0.10104 -0.26882 0.51318 0.37454 -0.69858 -0.78617 -0.50932 -1.3683 -0.31075 0.21423
-1.1807 0.27306 -0.0248 0.99936 0.94882 0.14586 -0.27074 -0.23045 -0.28981 0.76322 1.1276 -0.083332 -1.0333 0.31373 0.031949 0.3313 0.07347 0.19992 -0.07948 -0.17948 -1.1043 -0.489 -0.62337 -1.9364 -0.82995 0.15462 0.4163 -0.54136 -0.77628 -0.088768 -0.62343 0.25713 0.84206 -0.045104 -0.87159 0.14541 0.022645 0.4616 0.38606
-0.93394 0.35038 0.095919 0.38855 0.68986 1.1922 0.26537 0.16487 -0.15118 0.27355 -0.45378 0.22696 -0.95337 -0.023482 0.28126 0.13547 -0.10514 -0.36171 0.6412 0.51476 -0.46996 -0.66918 -0.14799 -1.1466 -1.0048 0.10278 1.3003 -1.305 -1.894 -0.13989 -0.4237 0.13934 0.92829 1.0042 -0.16232 0.81636 1.0631 0.31519 0.94004
-1.0585 0.0078479 0.080039 0.56922 0.16991 0.30255 0.47012 0.076629 -0.45214 -0.13273 -0.46782 0.5185 -0.99159 1.084 -0.83227 -1.4849 -0.29648 -0.64216 0.14706 0.50945 -0.25106 -0.69213 0.62694 0.052889 -0.056542 0.67385 1.862 -2.0405 -2.6055 -0.37353 0.013805 -0.02493 0.30475 1.1365 0.52687 0.98847 1.936 -0.25495 1.5365
-1.2851 -0.11385 -0.035598 0.94096 0.45864 0.019003 0.25762 -1.1393 -0.79531 -0.22133 -0.99219 0.62849 -1.0159 2.2771 -1.7623 -2.4158 -0.32641 -0.29917 0.1488 0.77586 1.095 -0.01358 0.95073 0.5787 -0.75109 1.3568 1.6317 -2.2526 -2.1644 -0.422 1.0607 0.23752 -0.50982 0.37072 0.85199 0.45311 1.031 -0.401 1.7946
-1.5502 0.49266 0.084593 1.0906 0.3542 0.8442 0.98168 1.1818 0.10788 0.58909 0.035433 -0.181 -1.0495 2.5383 -2.4651 -3.107 -0.50167 0.2018 0.1475 0.27149 0.4311 0.2928 0.84743 1.111 -1.4144 1.9346 0.35813 -1.3073 -0.45649 -0.21217 1.6518 0.86982 -0.85379 -0.44761 0.84607 -0.43666 -0.3096 -0.25709 1.3663
1.7061 -1.4572 -2.7473 0.51061 -0.076728 0.52587 0.61011 0.49331 -0.11034 1.7292 1.146 -0.64986 0.23257 2.2042 -2.7884 -2.9655 -0.77807 1.0753 1.1184 -0.3188 -0.056875 0.6148 0.68361 0.4264 -1.0501 2.2842 -0.96179 -0.14683 0.97174 0.3001 1.4788 0.49478 -0.7859 -1.6596 0.55698 -1.3341 -1.3516 1.0832 0.50077
2.2963 -1.8903 -2.9044 0.09509 0.82671 0.71673 1.0515 1.2828 -0.53771 1.6699 1.0306 -0.58257 0.7656 1.7517 -2.5681 -2.017 -0.45767 1.5605 1.3361 -0.54353 -0.59193 0.75798 -0.089826 -0.44708 -0.36852 2.3502 -2.1455 1.3366 2.5839 0.88782 0.74821 -0.30154 -0.4609 -1.177 0.33043 -2.0586 -1.7057 1.7223 -0.63842
1.4916 -2.4187 -3.1468 -0.15865 0.92379 1.052 0.36509 -0.37653 0.26184 0.30688 0.033437 -1.1289 1.1276 0.89371 -1.9498 -1.1713 0.21308 1.6096 0.51867 -0.2891 -1.785 0.92519 -1.2386 -1.3001 0.71162 1.9317 -2.3337 2.1607 2.9469 1.2294 -0.47672 -1.4523 -0.17564 -0.44402 0.23753 -2.1421 -0.79068 1.4732 -1.3915
0.71772 -2.7303 -2.7069 0.063387 2.0528 1.6631 -0.32818 -0.6095 0.29241 0.67148 -0.6498 -0.033587 1.3076 -0.74261 -0.55423 0.71611 0.65245 1.2486 -0.095289 -0.60377 -1.111 0.84428 -2.3087 -1.3909 0.8573 1.1069 -1.6216 2.2199 2.366 1.0083 -1.3033 -1.8277 0.23521 0.87768 -0.026622 -1.1626 0.53114 1.0592 -1.5664
1.1688 -2.3141 -2.029 0.93195 2.3748 1.6861 0.011096 -0.84172 0.48068 -0.026057 -1.0732 0.064506 1.573 -0.82809 -0.038015 1.0481 0.94903 0.40894 -0.88607 -0.61186 -0.7068 1.0878 -2.4925 -0.63889 1.0348 0.72088 -0.45763 1.6318 1.2957 0.48331 -1.8131 -1.6354 0.60165 1.544 -0.5247 -0.038218 1.8168 0.2518 -1.1785
1.3033 -2.2033 -2.7804 1.2721 1.7976 0.71084 1.2033 -0.80882 1.2977 -0.71713 -0.53512 0.48695 1.5392 -0.36776 0.33584 1.1974 1.0471 -0.10307 -1.3919 0.068405 0.65828 0.65102 -1.7755 0.32578 1.4118 0.49624 0.34276 0.52699 0.037015 -0.15114 -1.6458 -1.2229 0.92771 0.82222 -1.3024 1.0229 2.5119 -0.18031 -0.6428
0.77318 -2.2979 -1.8019 0.71077 1.5112 0.19782 -0.70809 -0.15528 0.29036 -1.7857 -0.23251 -0.17013 1.6635 -0.15059 0.44656 0.96637 0.91646 -0.86755 -1.8997 0.51546 0.48024 -0.02544 -1.5531 1.5135 0.90204 0.38604 0.1572 -0.083069 -0.13842 -0.72393 -1.1913 -0.30597 0.82259 -0.32236 -1.9666 1.632 2.0563 -0.98472 -0.35404
0.6857 -2.2241 -1.7213 1.0662 1.4538 0.096858 -0.096466 -0.20866 1.2969 -2.103 -0.12159 0.51607 1.6924 -0.47809 0.13142 0.84709 0.39472 -0.97443 -1.8746 0.58725 -0.028454 -1.2415 -0.68882 2.5934 0.60233 0.2635 -0.13263 -0.25814 -0.22572 -1.0523 -0.77584 0.72147 0.74502 -1.7585 -1.6147 1.7774 0.83184 -1.6757 -0.20879
0.78342 -2.1607 -1.53 1.4003 1.4561 0.19888 0.60506 0.37705 0.96287 -1.2742 0.033873 1.1757 1.7751 -0.50815 -0.064442 0.99443 -0.059341 -1.2239 -1.1958 0.68544 -1.0245 -1.9706 0.28057 2.3775 -0.35061 0.27928 -0.23335 0.080985 0.12515 -1.4475 -0.41733 1.6586 0.36438 -1.6715 -0.63955 1.6123 -0.77713 -1.683 -0.13904
0.80636 -2.0238 -1.4985 1.7069 0.9997 -0.42423 0.85458 -0.71937 -0.086714 -1.5512 1.4761 0.88732 1.8465 -0.45294 0.1595 0.79583 -0.40758 -1.2689 -0.35073 1.3941 -2.1828 -1.6593 0.91693 1.5979 -1.0135 0.21945 -0.24301 0.67334 0.39809 -1.751 -0.12573 1.9896 -0.29627 -0.61364 0.8259 0.53391 -2.0194 -0.99996 -0.18683
0.38768 -2.2496 -1.3153 1.2347 0.91778 -0.79704 1.1105 -1.1674 -1.3326 -1.2124 2.6529 0.4786 1.8226 -0.61088 0.58801 1.2424 -1.3567 -1.4391 0.50469 0.80585 -1.8584 -1.0993 0.92079 0.50112 -1.3551 0.18729 -0.38739 1.0708 0.37478 -1.7975 0.64956 1.5345 -1.0747 1.4222 2.1641 -0.46921 -2.2151 0.494 -0.39513
0.34356 -2.4278 -1.2297 0.60517 -0.19311 -0.50183 1.1961 -1.9933 -1.1427 -0.6736 1.7339 -0.66229 1.9035 -0.89208 0.98659 1.4697 -2.1929 -1.0771 1.0679 -0.023319 -0.86733 0.045816 0.095648 -0.46029 -0.71334 0.013762 -0.42122 1.1184 0.0057378 -1.2841 1.3581 0.41274 -1.5853 3.0557 2.6102 -1.174 -1.698 1.3457 -0.61601
0.08058 -1.8515 -0.64339 0.25859 0.15525 0.36053 1.3543 -2.7374 -0.67336 -0.71749 0.82773 -0.94357 1.9149 -1.0173 1.3918 1.3617 -2.4891 -0.17791 1.0266 -0.62215 1.2191 1.6446 -0.22468 -0.97615 0.40919 -0.24028 -0.14493 0.98423 -0.79415 -0.052613 1.7782 -1.0739 -1.0087 3.4189 2.0544 -1.19 -0.62472 1.1085 -0.87094
-0.09847 -1.2369 0.036156 -0.55689 -0.2765 0.94601 1.0792 -1.3621 0.51447 -0.71625 0.2458 0.036684 1.9271 -1.0402 1.7098 0.76942 -2.2131 0.47811 0.19727 -0.86992 2.5152 2.3515 -0.84584 -1.0132 0.56933 -0.53557 0.64784 0.8862 -1.0766 1.3158 0.75155 -2.134 -0.59789 2.1258 0.45097 -0.50887 0.015591 0.15597 -1.3197
-0.54894 -1.036 0.10923 -1.223 0.33556 0.81775 0.32546 -0.39434 0.4282 -1.8023 0.52744 0.96815 1.7076 -0.82325 1.9462 0.17158 -1.4381 0.89366 -1.0641 -0.6628 3.4287 1.9905 -0.97613 -0.42809 0.035446 -0.90667 1.3678 0.69936 -0.61746 2.4414 -0.48369 -1.692 -0.27231 -0.41541 -1.4067 0.38466 -0.32566 -0.98734 -1.6915
-0.74088 -0.71254 -0.19664 -1.3295 1.1017 -0.13755 0.041219 0.89724 1.4994 -1.6711 1.4252 1.1085 1.4494 0.17071 2.2594 0.13041 -0.27624 -0.29302 -1.8969 -1.1214 2.3657 0.8268 -0.5244 -0.66079 -0.23379 -1.7254 1.7204 0.33123 0.23828 3.015 -1.3473 -0.29632 0.01477 -2.4976 -2.618 1.3533 -0.80153 -1.4395 -1.6066
-1.0498 -0.57055 -0.74903 -1.4809 1.0752 -0.80011 0.29858 0.99269 1.2778 -2.111 0.92103 -0.26915 1.1672 0.85057 2.3434 0.5815 1.0687 -0.62684 -1.0999 -1.0017 0.44277 -0.4493 0.41856 -1.7605 -0.9841 -2.3009 1.3684 -0.21031 0.71322 2.7489 -1.256 1.2542 0.033934 -3.0813 -2.7447 1.2802 -1.0827 -1.1082 -1.006
-0.57225 0.066893 -0.75447 -0.89537 0.6984 -1.1857 0.78019 1.415 1.2386 -1.6447 0.40772 -1.3643 0.82847 1.2394 2.1001 1.0205 2.1217 -1.1023 -0.31756 -0.66509 -1.0945 -1.7695 1.2118 -1.9058 -1.5414 -2.3608 0.4473 -0.92068 0.56058 1.7939 -0.4121 2.022 0.28135 -1.9461 -1.8894 0.73381 -0.324 -0.2245 0.068157
0.91015 1.216 0.41582 0.023488 -1.2999 -0.95772 -0.91941 -0.47447 0.22264 -1.1975 -0.74639 0.021015 -0.46175 1.1167 1.6769 1.046 2.4584 -0.88321 0.54739 -0.81945 -1.1358 -2.3121 0.76344 -1.9262 -1.3263 -2.1694 -0.59154 -1.5159 -0.1431 0.22397 0.20167 1.5394 0.35192 -0.68132 -0.34175 0.036331 0.81878 0.80809 1
0.74485 1.2463 1.1531 0.66517 -0.32013 0.59737 -0.55394 -0.65161 -0.1749 -0.20811 -2.0944 -0.24582 -0.80294 0.83162 1.0134 0.94011 2.3563 -0.87448 1.1333 -0.67503 -0.82155 -2.0882 0.81038 -1.1829 -0.46468 -1.687 -1.6779 -1.9938 -0.86146 -1.0675 1.0969 0.84327 0.86893 0.5961 1.0598 -0.29648 1.6404 1.1101 1.6021
0.55197 0.86533 0.82191 1.2924 -0.2041 -0.12991 -0.34261 -1.0386 -1.6814 -0.37685 -0.38865 -0.97132 -0.74506 -0.046714 0.27654 0.38437 1.3719 -0.37998 1.1155 -0.32634 -1.0877 -0.96193 0.72164 -0.44392 -0.039091 -1.0722 -1.9118 -1.7432 -1.1267 -1.8024 0.86478 -0.077506 1.3039 0.9667 1.759 -0.39767 2.28 1.1475 1.6459
0.22177 0.97177 0.17126 1.3351 0.4807 -0.17279 -0.89954 0.69393 -0.72932 -1.6098 -0.72661 -1.1531 -0.86523 -1.2619 -0.63766 -0.19198 0.69416 0.56821 1.022 0.73235 0.09581 -0.24187 0.66474 0.67253 -0.15028 -0.39961 -1.5392 -0.99309 -0.90088 -1.9311 0.66475 -0.45583 1.3704 0.78566 1.8871 -0.5515 1.7752 1.2515 1.2953
0.37003 0.77359 0.34077 1.4344 -0.93975 0.28168 -0.26674 0.027438 -0.99641 -0.60591 -0.81829 -0.87838 -0.82551 -1.3462 -0.5014 -0.41337 -0.041966 -0.087269 0.48435 0.94009 0.37662 0.40157 0.06446 1.7433 0.61949 -0.23453 -0.59764 -0.24769 -0.45042 -1.5588 0.12552 -0.65189 1.0284 -0.00054622 1.1117 -0.29594 1.4047 1.2111 0.93769
-0.1789 0.94658 0.36954 0.75729 -0.55217 0.24644 -0.25984 -1.5208 0.28824 0.030327 -0.90268 -0.49213 -0.95568 -1.3486 -0.30235 -0.27595 -0.50645 0.1476 0.61432 1.2801 0.047716 1.1296 0.057324 1.3124 1.499 -0.077052 0.28527 0.2761 -0.2491 -1.4419 0.10128 -1.0394 0.020228 -0.71482 0.37803 -0.099474 0.80543 0.9648 0.77357
-1.2811 0.2805 0.70899 1.3482 0.37235 0.97687 0.48537 -0.096777 -0.80919 0.1941 -0.073194 -0.076628 -1.1019 -1.1157 -0.30486 -0.36967 -0.9082 0.058319 0.11374 1.3442 -1.0676 0.66153 0.45844 2.0848 1.3554 0.23443 0.83044 0.23245 -0.14329 -1.1899 0.36703 -1.3792 -0.87262 -0.35996 -0.24858 0.20139 0.19472 0.02946 0.87305
-0.95649 0.72601 0.33624 0.75191 -0.48137 0.61518 0.76738 0.15951 -0.29179 -1.0121 1.2143 0.098055 -0.98989 -0.87873 -0.24253 -0.64386 -1.5367 0.68113 -0.73146 0.57599 -0.64449 0.43245 0.29657 2.1532 1.2513 0.57639 1.4196 0.23148 0.14743 -0.97919 -0.064975 -1.7145 -2.007 0.23363 -0.5395 0.32396 -0.03344 -1.0606 0.81742
-1.1744 0.63621 0.034099 0.69346 0.37801 0.23628 1.1355 -0.58107 0.23745 -0.93471 0.66969 0.67781 -0.72546 -0.088165 -0.1135 -0.46707 -1.7242 0.29515 -1.4245 -0.34361 -0.015109 0.26922 0.37967 1.7543 0.80503 0.80523 1.5611 0.037159 0.94828 -0.45848 -0.1416 -0.99171 -2.5577 1.0168 -0.63548 0.40294 -1.023 -1.7077 0.57712
-1.029 0.57502 -0.35304 -0.0054158 -0.23311 -0.019666 0.80525 -1.574 -0.030103 -0.033191 1.7171 0.10373 -0.48404 0.70538 0.018106 0.06361 -1.9056 -0.075061 -1.8327 -1.648 -0.0043101 0.24811 0.77841 1.4532 -0.15452 0.91679 1.3734 -0.15615 1.6423 0.19617 -0.48342 -0.010168 -2.2366 1.2904 -0.69418 -0.0071877 -1.3478 -2.1375 0.23193
-1.1068 0.45399 -0.23296 -0.95775 0.35806 -0.5298 0.086105 -1.0647 -0.26693 0.45835 1.4654 0.7756 -0.17885 0.9182 -0.35558 1.0234 -1.5668 0.19854 -1.1842 -2.353 0.68573 -0.52076 1.0583 0.43341 -1.0518 0.96661 0.68419 -0.31646 1.6467 0.84471 -0.31512 0.69266 -1.2486 1.6106 -0.41987 -0.93762 -1.4728 -1.962 -0.087961
-0.50501 0.66667 0.2954 -0.95449 0.066408 -0.98801 -0.76468 -0.36027 0.37621 0.36049 1.3861 0.43389 -0.21807 1.1015 -0.37669 1.6194 -1.2464 -0.10459 -0.84289 -2.6238 1.6372 -0.56744 -0.028037 0.16356 -1.7152 0.85672 -0.038952 -0.1483 0.84619 1.4401 -0.24142 1.2905 0.25836 1.3576 0.043154 -1.6073 -1.1856 -1.4354 -0.34257
-0.058103 0.40507 0.93959 -0.83544 -0.081449 -0.86514 -1.7927 0.36942 -0.59229 0.54463 2.4286 -0.57164 -0.064999 0.93992 -0.44895 1.7716 -0.484 -0.2306 -0.5808 -2.1996 2.45 -0.15525 -1.0765 -0.50082 -1.989 0.6946 -0.61042 0.39511 -0.52633 1.4043 -0.13754 1.2697 1.4378 0.015097 0.51986 -1.5701 -0.52387 -0.56398 -0.56843
0.14867 0.19564 1.5229 -1.0928 0.21151 -0.3571 -1.9689 0.42439 -0.93162 0.23024 0.99953 -1.0396 0.30955 0.60144 -0.17682 1.2507 0.22525 -0.27246 0.33535 -1.2306 1.8828 0.18281 -1.3625 -0.40585 -2.2989 0.51282 -0.91093 0.89833 -1.2819 1.3175 0.38559 1.1707 2.1238 -1.6316 0.099297 -0.67049 -0.45442 0.78619 -0.94868
0.12622 0.21321 1.5741 -1.1488 0.070063 -0.85807 -2.2006 0.76578 -0.20483 -1.2239 1.1363 -1.1707 0.32703 0.032619 0.24401 0.2737 0.30324 0.051678 0.65712 -0.33433 0.59093 0.19934 -1.4078 -0.28606 -1.7818 0.24436 -0.64703 1.0802 -1.5764 1.1104 0.55679 0.87839 2.181 -2.1074 -0.24934 0.6565 -0.29868 1.9853 -1.3448
0.0038167 0.069174 1.5146 -0.8026 -0.51544 -0.98279 -2.1404 1.6851 0.044524 -1.3125 1.0494 -1.6624 0.31414 -0.12868 0.84789 0.060637 0.80517 0.43584 0.78132 0.45075 -0.7678 -0.51212 -1.1837 -0.80926 -0.37544 -0.40871 -0.1677 0.78122 -1.0856 1.0009 0.36661 0.30303 1.5665 -1.3222 -0.42141 1.6373 -0.56413 2.2656 -1.4446
-0.19415 0.58678 1.1973 -0.47792 0.1805 0.098584 -1.5849 1.0754 0.18737 -0.92472 1.2941 -1.7422 0.3014 0.10258 0.92481 -0.47637 1.2878 0.39538 0.88626 1.0748 -0.53069 -0.29026 0.18563 -0.85342 0.68202 -0.95641 0.25866 0.29733 -0.42859 0.81771 0.055236 -0.065512 0.72544 -0.45225 -0.42623 2.1512 -0.5935 1.8503 -1.1163
-0.3291 1.0219 0.65487 -0.65377 0.30827 -0.22368 -1.5838 -0.13276 -0.073253 -1.3356 1.5382 -1.7583 -0.0084834 0.2385 0.85102 -0.3251 1.592 0.20414 0.82213 1.0225 -0.25913 -0.40779 1.1677 -1.2068 0.61373 -1.1551 0.25464 -0.491 -0.061095 0.17804 -0.44775 -0.57144 0.057533 0.39251 -0.05373 1.9709 -0.38339 0.84823 -0.39455
0.042189 1.2599 1.7523 0.3083 0.80813 0.14299 -1.2525 -0.89161 -2.3354 -1.1967 0.3857 -0.53988 -0.63058 0.29887 0.77262 -0.28976 1.4297 0.27293 0.54071 0.7536 -0.58969 -0.69812 1.7787 -1.2306 1.11 -1.1358 -0.057481 -0.89939 0.050251 -0.4683 -0.65787 -0.60565 -0.16761 0.52724 0.14799 0.8361 -0.046829 -0.015078 0.36143
0.50957 0.85006 0.74041 0.53103 0.34978 0.3224 -0.40143 1.068 -0.064375 0.61577 -0.38222 -0.15446 -0.77186 0.21569 0.088853 -0.12091 1.0697 -0.27475 -0.099231 0.72728 0.060352 -0.38946 2.0187 -1.3442 0.96725 -0.9405 -0.48506 -0.97576 -0.42893 -1.2163 -0.39742 -0.82019 -0.22759 0.59777 0.9778 -0.38844 0.77248 -0.80481 1.1058
0.20916 1.0041 1.2532 0.96561 -0.21764 -0.25552 -1.2017 1.2948 -0.12089 0.18732 -0.030481 -1.4265 -0.84337 -0.012895 -0.23654 -0.46428 0.68766 -0.50344 0.22888 0.91429 0.38332 0.033054 1.4734 -0.83588 0.48563 -0.49959 -0.72796 -0.70731 -0.74807 -1.8666 0.031177 -1.2283 -0.34747 0.35801 1.102 -1.6768 1.2165 -1.5037 1.6592
0.08974 1.2418 0.86647 0.77464 0.38072 0.065438 -1.1168 -0.043594 -1.1684 1.2767 0.10118 -0.36017 -0.83663 -0.51253 -0.3191 -0.99479 -0.28333 -0.091707 -0.54599 0.52108 0.47215 1.2611 0.56716 0.18147 -0.53569 0.25826 -0.49058 -0.015785 -0.82885 -2.2376 0.65831 -1.2627 -0.25714 -0.094827 0.88051 -2.0141 1.2468 -1.4401 1.8212
-0.081343 0.67809 0.9732 0.55052 -0.045693 -0.088863 -0.29829 0.37161 -0.61326 1.3936 -0.30724 -0.58945 -0.87269 -0.68705 -0.23316 -1.19 -1.3441 0.24486 -1.5322 0.20991 -0.067369 0.76583 -0.84369 0.47917 -0.87622 0.86415 -0.028651 0.41247 -0.24651 -1.9643 0.80238 -1.5322 -0.28824 0.011377 0.61431 -1.6358 0.80288 -1.34 1.5106
-0.17201 0.84132 0.20589 0.5238 -0.13885 0.46413 0.047876 0.10946 -0.79322 0.01113 0.15486 -0.73804 -0.7844 -0.36422 0.075062 -1.2421 -2.0516 0.50828 -1.58 0.6028 0.089246 1.0791 -0.85033 0.5314 -0.97337 1.2312 0.37665 0.62465 0.32443 -1.0833 0.60664 -1.1565 -0.29331 0.064073 -0.12335 -0.71685 0.14468 -0.93327 0.8344
-0.5929 0.78667 0.22978 -0.1097 0.94591 -0.91771 -0.69524 0.94207 0.85309 0.058877 0.46488 -1.3574 -0.13065 -0.16134 0.29598 -0.76596 -2.0593 0.60503 -2.1255 0.3382 0.59518 1.413 -1.0835 0.63548 -1.7343 1.3803 0.44563 0.46797 0.78687 -0.15877 0.29905 -0.45836 -0.38941 -0.0083234 -0.34029 0.43289 -0.040155 -0.41026 0.12258
-0.44637 0.69678 -0.7141 -1.3943 0.33216 -2.0084 -0.65895 1.0877 0.70018 -0.79715 0.20841 -1.6177 0.36921 -0.11028 0.5134 -0.59416 -1.9257 0.79529 -2.4098 -0.087838 0.26888 0.71345 -0.72759 0.43472 -1.8028 1.3061 0.32499 0.074946 0.95413 0.66371 -0.24391 0.23986 -0.48463 -0.6283 -1.074 0.77775 -0.057216 0.25398 -0.59502
-0.11644 1.4589 0.095028 -1.538 0.62913 -1.3199 -0.035555 0.49117 0.31572 0.079465 0.68362 -2.0509 0.43678 -0.023087 0.37339 -0.060591 -1.6952 0.632 -1.9567 -0.17054 -0.177 0.27963 -0.0039415 0.48967 -1.2027 1.0162 0.1909 -0.25671 0.83427 1.2136 -0.53399 0.90252 -0.34981 -0.84331 -1.2553 0.97149 -0.059228 1.0511 -1.0144
-0.1937 1.298 0.23746 -1.379 1.1244 -1.969 -0.30374 0.67728 0.55949 -0.037931 0.67331 -2.187 0.52066 0.13752 0.18139 0.16266 -0.99898 0.078484 -1.1826 -0.047932 -0.81042 -0.52817 0.2056 0.53238 -0.76754 0.47731 0.096027 -0.50676 0.57573 1.3786 -0.79323 0.98832 -0.40297 -0.38021 -0.60609 0.58964 -0.13347 1.3933 -0.98529
-0.50942 1.0727 -0.18534 -1.6175 0.97282 -2.5105 -0.47532 0.63421 0.097285 -0.23964 0.12432 -2.6104 0.54187 0.041001 0.032616 0.39512 -0.26973 0.041198 -1.0034 -0.33294 -0.58996 -0.512 0.43581 0.5107 -0.32483 0.20105 0.091455 -0.21295 0.2449 1.1189 -0.70097 0.90046 -0.50987 0.043814 0.00055059 0.16848 -0.24413 1.5144 -0.66999
-0.39996 1.1193 0.034939 -1.9183 0.98706 -1.8706 -0.59197 0.073497 0.31527 -0.07356 1.1866 -1.8463 0.63951 0.010837 -0.17864 0.24747 -0.080103 -0.28366 -0.98846 -0.75794 -0.30382 -0.10491 0.26937 0.19993 0.31021 0.1657 0.12563 0.06402 0.1686 0.67266 -0.3044 0.60752 -0.58481 0.47263 0.61516 -0.077933 -0.2076 1.4578 -0.21353
-0.22055 0.95434 0.13348 -1.7554 0.62591 -2.6393 -0.69641 -0.041772 0.11001 0.12377 1.0441 -2.3653 0.55235 0.18507 0.19982 0.36504 -0.077126 -0.40037 -0.32196 -0.76815 -0.34366 0.098077 0.33271 0.21057 1.0314 0.11856 0.14133 0.11977 0.15762 0.29514 -0.25359 0.25571 -0.35895 0.70184 0.48459 -0.54282 -0.36819 1.2015 0.030194
-0.25248 1.1433 0.095661 -1.603 0.53199 -2.874 -0.85704 0.46157 -0.12114 0.14418 0.79866 -2.0682 0.62558 0.27265 0.2239 0.50702 0.15602 -0.22254 -0.34582 -0.92408 0.028674 0.45747 0.12936 0.31009 1.2241 0.18096 0.0067544 -0.12093 0.27685 0.14423 -0.26338 0.1189 -0.18604 0.75712 0.035609 -0.8088 -0.40423 1.0735 0.16067
-0.1855 1.2687 0.5601 -1.4892 0.60098 -2.3598 -1.2696 0.23515 0.5469 0.42135 0.67527 -1.6103 0.66918 0.1459 0.054015 0.57472 0.16451 -0.42256 -0.81289 -0.91827 0.67406 0.22968 -0.55834 -0.23755 1.4199 0.23805 -0.00063289 -0.60765 0.26195 0.086551 -0.52558 0.098198 -0.022143 0.60204 -0.26328 -0.92141 -0.56454 0.86925 0.15101
-0.079811 1.5134 0.42885 -1.7101 0.73713 -2.2529 -1.3851 0.11116 0.59655 0.17581 0.83836 -0.87457 0.65664 0.020725 -0.29994 0.66876 0.07196 -0.72284 -0.49007 -1.0256 0.73048 -0.068737 -0.88501 -0.34118 2.084 0.35522 0.38631 -0.41795 0.14579 0.36438 -1.0161 1.008 0.49926 -0.18609 -0.7042 -0.65093 -0.8381 0.54654 -0.32757
-0.15904 1.1029 0.39834 -1.5098 0.73893 -2.9086 -1.8003 0.53955 0.68076 -0.23572 1.081 -1.2562 0.82636 0.28786 -0.57542 0.7832 0.13099 -1.0578 -0.036082 -0.75148 0.53192 -0.14988 -0.98683 -0.54922 2.1965 0.26554 0.5534 -0.13178 0.1256 1.1863 -0.60742 2.3548 1.1546 -1.0349 -0.52187 -0.12339 -1.3566 -0.46102 -1.0732
-0.20742 0.9863 0.86928 -1.6937 0.0092794 -3.2766 -1.7119 1.0831 0.15247 -1.1227 0.65802 -0.37597 0.88986 0.88438 -0.17001 0.69065 0.85328 -1.668 1.201 -0.05967 -0.28306 -0.76816 -0.93832 -1.166 1.8416 -0.34924 0.25386 0.1035 0.032537 1.3482 -0.12584 2.9257 1.9514 -1.0895 0.14701 0.64302 -1.1019 -1.0427 -1.3657
-0.24917 0.56135 0.97903 -1.5242 -0.54404 -3.0006 -2.2195 0.83271 -0.26233 -0.82601 0.30511 0.19668 0.98989 0.70162 -0.22395 0.81495 1.9761 -1.0003 2.8252 0.78066 -0.93514 -0.46205 -0.75103 -2.4929 0.7072 -1.0956 -0.27377 -0.20304 -0.69069 0.64441 0.58344 2.3823 2.129 -0.9004 1.0448 1.4086 -0.20051 -1.0839 -0.76607
0.44214 0.7377 1.2026 -1.3008 -0.64659 -2.1224 -1.7771 0.7426 0.25731 -0.83393 -0.0068932 0.57235 0.82968 0.25494 -0.28119 0.73487 1.6516 -0.96199 3.6433 1.8908 -0.76339 0.41783 0.32144 -1.5284 0.93272 -1.1089 -0.68429 -0.93281 -1.3839 -0.70183 0.95008 0.6363 1.8055 -0.28827 1.6245 1.6896 0.92336 -1.2008 0.48077
1.4447 1.6492 1.2013 0.0010292 -1.5308 -0.26452 -0.99764 -0.86823 -0.4694 -0.84206 -0.84528 0.31069 -0.17378 0.081116 -0.85623 -0.47173 0.93086 -0.38417 3.2785 2.2903 -1.0693 1.429 1.2496 -0.72623 0.67974 -0.5588 -0.46843 -1.5481 -1.9205 -1.7793 0.7723 -1.2065 1.2706 0.27044 0.90196 1.5084 1.5168 -1.432 1.633
0.17255 0.81704 1.378 1.2013 0.40666 0.59828 -0.16528 -0.69218 0.38931 -1.2281 -2.645 -0.91609 -0.74841 -0.075747 -1.4542 -1.159 0.082254 -0.31 2.2063 2.5934 -0.80744 1.6471 1.4937 -0.16233 -0.32923 0.13366 0.0010042 -1.8467 -1.8049 -1.6917 0.82792 -2.2488 0.47873 0.92135 -0.57021 0.5755 1.0677 -2.0384 2.0847
-0.4412 0.33423 1.4228 -0.56098 -1.178 0.028875 0.95488 0.76938 1.4285 0.54152 0.60107 0.79272 0.18925 -0.0096184 -2.3033 -1.7067 -0.52783 0.029746 1.2887 2.8299 -0.36373 0.80222 1.7302 -0.10333 -1.2685 0.84158 0.78407 -1.1315 -1.145 -0.60818 0.42534 -1.9181 -0.11118 1.4022 -2.2388 -0.57384 0.80849 -1.8075 1.539
0.1562 -0.45125 -0.4261 -1.2534 -0.67164 -0.40995 0.71336 -0.51315 1.8586 0.88739 -0.1254 0.99238 0.87818 0.28012 -2.7407 -1.9059 -0.74548 0.28405 0.41094 2.5302 0.76234 -0.40935 1.2695 0.33547 -1.8071 1.4577 1.3036 -0.072964 -0.53866 1.1685 0.89102 -1.0759 -0.83697 1.3753 -2.991 -1.7561 -0.11964 -0.91143 0.22842
0.36386 -0.85538 -0.30502 -1.1837 -1.2397 -0.32624 1.2198 -0.48251 1.355 0.90489 -0.43875 -0.79838 1.0815 1.3115 -2.1574 -2.1569 0.22449 0.069682 0.57468 2.1201 1.0061 -2.1058 0.23505 0.68239 -1.8738 1.1901 1.1821 1.0568 0.27388 2.3538 0.95592 -0.45114 -1.5214 1.2296 -2.1386 -2.4505 -0.53129 0.57871 -1.0488
1.1103 -1.3586 -0.5677 -0.75291 -0.35366 0.56012 2.7264 -0.31612 0.16363 1.168 -1.3409 -1.5767 1.0414 1.6197 -1.6383 -1.8903 1.8755 1.2331 0.55545 1.3796 1.3131 -3.0046 -1.2667 -0.75181 -1.6828 0.31494 0.6684 1.7435 0.87578 2.1946 0.83813 -0.2724 -2.3668 0.75225 -0.15644 -2.0338 -0.73652 1.9825 -1.705
1.1435 -1.4864 -0.69419 0.0071284 -0.33512 0.64602 2.5968 0.75076 -1.1272 0.27457 -0.71597 -1.9445 1.0976 1.4551 -1.0091 -1.1938 2.5256 1.2315 0.39072 0.54751 1.8689 -2.2576 -1.9083 -0.57869 -0.26607 -0.23462 -0.34866 2.1121 1.6592 0.75598 0.31233 -0.89205 -2.9393 0.47232 1.8832 -0.61497 -0.38243 2.2921 -1.5662
1.7047 -1.5907 -1.4268 1.1308 -0.048775 0.91723 2.7707 1.1819 -1.5983 -0.63646 -0.017761 -1.5813 0.84481 1.4057 -0.27999 -0.77256 2.1733 1.174 0.015431 -1.1332 1.8641 -0.62536 -1.726 -0.46299 1.0168 -0.50666 -1.1077 2.6414 2.34 -0.84576 -0.57026 -1.1238 -2.7989 -0.47268 2.7359 1.035 0.48095 1.7359 -1.2092
1.8648 -1.6776 -1.5182 1.2969 0.79112 -0.15996 2.185 1.7538 -1.5098 -1.1049 -0.8948 -0.11074 0.79566 0.76048 0.83662 0.32339 1.4812 0.65303 -0.81531 -2.1514 1.6922 0.59611 -0.74482 -0.18364 0.9694 -0.85811 -1.718 2.7904 2.4738 -1.7992 -0.68485 -0.64856 -1.9215 -1.3944 2.1851 1.8982 0.47117 0.49823 -1.0039
2.1861 -1.6657 -1.6956 1.6359 0.55526 0.091447 1.2716 1.1053 -0.20692 -1.4875 -1.4336 0.095329 0.67905 -0.075833 2.0287 1.6279 0.8376 0.53681 -0.94013 -2.5343 0.43345 1.2089 0.26549 0.053853 0.87679 -1.2724 -2.2165 2.1899 1.7983 -1.8116 -0.80596 0.26437 -0.31136 -1.6748 1.1664 1.9199 0.80751 -0.51919 -0.84665
2.5241 -1.1037 -0.81258 1.2457 0.33909 0.32832 -0.18144 1.8349 0.46095 -0.77085 -1.2577 -0.64548 0.45132 -0.96035 2.6845 2.126 -0.13199 0.36471 -0.33076 -2.363 -0.26582 1.336 0.94841 0.14653 0.72152 -1.429 -2.1981 0.67236 0.37484 -1.3678 -0.73345 0.63308 1.0527 -1.3987 -0.040771 1.3662 0.95185 -0.35251 -0.43501
1.6995 -0.07902 0.22731 1.2925 0.44818 -0.33555 0.31349 2.2509 -0.16247 0.45078 -0.89099 -1.2084 -0.113 -1.7994 2.6041 1.6182 -0.36866 -0.07842 0.30134 -1.6062 -0.57942 1.426 1.3236 1.0275 0.20063 -1.5518 -1.6881 -1.0647 -0.99901 -0.74761 -0.85312 0.40001 1.73 -0.89908 -0.83897 0.34159 0.51869 0.03526 0.15401
0.7207 0.98775 1.1661 1.6426 0.68983 -0.28308 -0.58966 0.82257 -0.30822 0.014088 0.077605 -0.38913 -0.57718 -2.4098 1.7286 1.0325 -0.44253 -0.30945 -0.21019 -0.62534 -0.66021 0.43287 1.5071 1.2735 0.67173 -1.4034 -0.60005 -2.2046 -1.6196 -0.10276 -0.67433 0.036773 1.4614 -0.57456 -0.89161 -0.59162 -0.45974 0.10869 0.66214
0.43847 0.96676 0.32291 0.76244 0.89413 0.60827 -0.29384 0.86978 0.27553 0.084014 -0.57162 0.38393 -0.70163 -2.4528 0.67786 0.38129 -0.38555 -0.60491 -0.21557 -0.13762 -1.208 -0.03138 0.70335 0.56898 0.97396 -1.0464 0.64209 -2.4168 -1.3871 0.22265 -0.29816 -0.12932 1.0012 0.098484 -0.42183 -0.8663 -1.1847 0.0056042 0.97537
-0.44279 0.58767 -0.3442 1.0116 0.34588 0.27389 -0.19184 1.0861 1.2962 0.54273 0.11788 0.014891 -0.90022 -1.7503 -0.15539 -0.17713 -0.30797 -0.53904 0.025224 -0.33758 -1.1276 0.26492 0.096097 -0.50026 0.54121 -0.64593 1.5417 -1.7144 -0.6674 0.53071 0.068861 0.20789 0.35131 0.39932 0.056974 -0.77789 -0.78959 -0.40024 0.91235
-0.8591 -0.013192 -0.015222 1.0827 -0.1915 -0.50891 0.098273 0.7453 -0.042754 1.1289 0.065873 0.37941 -0.9008 -0.97979 -0.62431 -0.27587 -0.017846 -0.47455 -0.033122 0.14296 -0.14747 0.67371 0.31342 -0.41001 0.28403 -0.40355 1.7874 -0.55136 0.087795 0.47493 0.65515 0.57325 0.13943 0.56886 -0.16786 -0.23625 0.13089 -0.36805 0.68443
-0.92225 0.20743 0.59318 0.8262 -0.34153 -0.073247 -0.47243 0.36373 -0.22358 0.16191 -0.79119 -0.037239 -0.91421 -0.35587 -0.57428 0.17061 0.36209 -0.24545 0.1199 -0.09644 -0.37794 0.22613 0.16443 0.22793 0.29382 -0.29668 1.3546 0.42923 0.12794 0.1728 0.93677 0.63002 0.27958 0.73054 -0.58107 -0.067656 1.2459 0.071073 0.40782
-0.73637 0.47724 0.36171 1.1186 0.41595 -0.012438 -0.64038 0.36802 0.41524 0.19844 -1.5391 -0.42233 -1.059 0.088649 -0.052372 0.38986 0.16462 0.39999 0.84974 0.011985 -0.42408 -0.32733 0.22252 0.50874 0.43355 -0.15033 0.7251 0.78925 -0.36153 -0.3064 0.76475 0.36566 0.44987 0.67578 -0.8565 0.001869 1.2262 0.21806 0.26353
-0.57101 0.29923 0.27284 1.4476 0.29316 0.23478 0.054854 1.0774 1.4582 0.7483 0.19083 0.72 -1.1106 0.16465 0.31725 -0.25459 -0.073413 0.66653 0.80386 0.26201 0.49963 -0.39743 0.034459 1.5718 0.60412 -0.13567 0.041965 0.45436 -0.66641 -0.6251 0.20926 -0.1563 0.74234 0.76493 -0.92439 -0.042615 0.70976 0.05687 0.1802
-0.35174 -0.055247 0.11118 1.2157 0.26927 0.72542 -0.42269 0.23176 0.46458 0.60539 0.35238 0.75305 -1.0818 0.060742 0.31207 -0.6977 -0.36158 0.4123 0.34475 0.81855 0.79081 -0.74232 0.41135 1.41 0.53494 -0.07347 -0.50146 -0.0038138 -0.45831 -0.41848 -0.33651 -0.73371 0.36053 0.18006 -0.51906 -0.15772 -0.51704 -0.62246 0.052009
-0.73547 0.48147 0.43583 1.0687 0.74183 0.88421 0.0093902 0.33107 -0.26983 1.1753 0.59729 0.33792 -1.009 -0.28738 0.045644 -0.4743 -0.52638 0.12243 0.10459 0.90589 0.57372 -1.4334 0.013363 1.2376 0.35487 -0.055216 -0.55112 -0.23019 0.15226 0.0092471 -0.65185 -0.44984 -0.10314 -0.42474 0.26093 -0.21777 -1.6345 -1.1576 0.04926
-0.77866 0.54878 -0.33978 0.7558 0.61651 0.062294 0.28829 1.753 -0.83702 0.37346 1.6278 0.87038 -1.0971 -0.62218 0.092061 -0.31064 -0.37791 0.094233 -0.16101 0.3766 -0.096269 -0.84501 -0.05543 -0.31469 -0.57044 -0.11171 -0.26323 -0.3964 0.22867 0.30983 -0.6634 -0.075534 -0.62124 -0.8564 1.0786 -0.41388 -1.6083 -1.1627 0.025269
-0.73921 0.65675 -0.38002 0.47347 0.31606 0.31115 0.74078 1.1971 -0.3174 0.80686 -0.24252 0.23613 -1.0715 -0.52132 0.04383 -0.14849 -0.042291 -0.30223 0.23348 0.29635 0.073058 0.21804 -0.1416 -0.78871 -0.94898 -0.042016 0.14818 -0.30483 0.134 0.41653 -0.44054 0.065074 -0.73745 -1.0601 1.543 -0.027433 -1.4237 -0.85939 0.015291
-1.163 0.11179 0.0011619 0.86409 0.60953 0.38743 0.67608 0.86599 -0.86655 0.24503 0.77616 0.54343 -1.1941 -0.32452 -0.35832 -0.42207 -0.024115 -0.5233 0.16532 -0.039042 -0.71038 0.67311 -0.31562 -0.74744 -0.92814 -0.043161 0.48994 -0.24928 -0.035697 0.2538 -0.014449 0.05051 -0.57854 -0.58477 0.89031 0.090141 -0.1373 0.086294 0.034542
-1.4612 0.28793 -0.0053365 1.1262 0.4729 0.4153 -0.083729 0.14518 0.64959 0.96485 -0.4564 -0.096733 -1.2364 -0.18791 -0.24187 -0.15215 0.073778 -0.32806 0.092506 -0.26751 -1.2866 1.0012 0.11739 -1.3479 -1.0275 -0.06823 0.45844 -0.019816 -0.11139 -0.019988 0.33433 0.12788 -0.36702 -0.080761 0.037338 0.31468 0.36453 0.59279 -0.016283
-0.94578 0.29039 -0.012157 1.072 -0.12734 1.3853 0.17 0.7606 0.29491 0.44806 -0.2514 -0.52289 -0.98693 0.082893 -0.18158 -0.35088 0.03982 0.091024 0.033001 -0.42342 -0.61331 0.61843 0.025822 -0.26701 -0.36571 -0.047151 0.14082 0.20611 0.22321 -0.018301 0.67138 0.50041 0.12319 0.47915 -0.50867 0.37142 0.86367 1.1135 -0.070961
-1.1478 0.11778 -0.75062 0.6081 0.13722 0.30366 0.27968 -0.074093 0.0050321 0.34084 0.4136 -0.2593 -1.1187 0.089283 -0.063622 -0.36375 -0.10543 -0.017234 0.56956 -0.19505 -0.14321 0.35091 0.35069 -0.25832 -0.13993 -0.068277 -0.31349 0.16609 0.49343 0.11535 0.78932 0.69811 0.35419 0.35131 -0.48249 0.31716 1.0717 1.3847 -0.15051
-1.0366 0.40101 -0.39928 0.7643 0.34822 -0.056793 0.17466 0.095324 0.57484 0.85888 -1.1725 -0.26057 -1.2736 -0.22824 -0.075237 0.11234 0.037439 0.50128 0.90161 0.16432 -0.30651 -0.016115 0.34503 0.47554 0.66901 -0.15715 -0.59433 0.16888 0.92641 0.35417 0.60722 0.93322 0.38082 -0.13914 -0.076453 0.32244 0.52484 0.98052 -0.12601
-0.77826 0.18251 -0.56744 0.81094 0.85999 0.74875 0.018658 0.55572 0.17798 0.64198 0.21707 0.20602 -1.1566 -0.62626 0.0078525 0.5361 0.29437 0.8525 1.0071 0.11324 -0.72547 0.35782 0.62579 0.46418 0.99134 -0.25201 -0.53824 0.10131 0.80557 0.38561 0.39242 0.57281 0.21058 -0.41609 0.11104 0.032542 0.51162 0.52397 -0.012692
-1.424 0.021133 -0.22324 0.97865 0.22062 1.6906 0.17711 0.50188 0.056118 1.0908 0.10202 0.041991 -1.2907 -0.66559 0.090404 0.90619 0.50151 0.72425 1.608 0.1472 -0.6091 0.48711 0.5669 0.46262 0.86686 -0.15562 -0.26343 0.070698 0.37776 0.20688 -0.051296 0.29551 0.052029 -0.29112 0.16686 -0.092042 0.23472 -0.045991 0.094607
-1.814 0.30072 0.28474 1.2142 1.13 1.6902 0.36583 -0.52267 0.71201 1.1907 0.30501 0.62175 -1.3292 -0.69598 0.044244 0.72664 0.38234 0.56476 1.3282 0.21768 -0.84435 0.35599 0.33448 0.81261 0.72574 -0.091664 -0.034473 -0.0011098 0.042878 0.012174 -0.21591 0.080964 0.070139 -0.11444 -0.046969 -0.21681 0.24079 -0.18844 0.12436
