39 288
-0.68815 1.1664 -0.52871 0.90721 0.83372 2.4577 -0.094268 0.44413 0.053702 1.3304 -1.3238 -0.01809 -1.7407 0.042227 -0.13902 0.386 0.31308 -0.2618 -0.98851 0.54331 0.46227 0.024454 -0.62854 0.13528 0.31087 -0.0088662 -0.0033004 0.15794 0.13937 -0.046414 -0.0092697 -0.23463 -0.24224 -0.16662 0.30445 -0.028795 0.14278 0.17466 0.023189
-0.67963 1.2928 0.08214 1.1633 0.77211 1.5289 0.16278 -0.14048 -0.15599 1.1499 -1.1223 -0.32849 -1.7048 0.11525 -0.022547 0.64576 0.21151 -0.26217 -1.1601 0.46388 0.26853 0.20926 -0.72614 0.013362 0.30611 0.022224 0.0096747 0.32946 0.024556 -0.062579 0.0001753 -0.29664 -0.45674 -0.016669 0.36102 -0.037816 0.14263 0.18506 0.015113
-0.63068 1.0404 -0.55309 1.2672 0.76972 1.3966 0.039469 0.90802 0.47854 -0.24123 -1.5493 -0.072716 -1.7829 -0.0071291 0.076509 0.51861 0.26757 -0.26632 -1.3675 0.088341 0.21375 0.56922 -0.63135 0.47755 0.66216 0.01859 -0.010936 0.38697 -0.25739 -0.12199 0.041511 -0.14493 -0.56245 0.0020303 0.30332 0.26546 0.077193 0.22514 -8.4357e-05
-0.65414 0.94048 0.091592 1.2056 0.33899 1.1468 0.80276 1.208 -0.1124 1.1107 -0.95984 0.79358 -1.7419 0.076583 0.32554 0.36032 0.20877 -0.247 -1.3935 -0.14605 0.53721 0.50889 -0.69647 0.24516 0.50478 0.005367 -0.035286 0.3528 -0.36829 -0.075336 -0.015726 0.28561 -0.29502 -0.044506 -0.092497 0.53995 0.28644 0.0044404 -0.010684
-0.51122 1.317 0.4064 1.0133 0.62616 0.95778 0.17598 0.29661 0.44756 0.47093 -1.4575 0.12049 -1.684 0.035461 0.35937 0.024541 0.074273 -0.18141 -1.1489 -0.27661 0.31553 0.50943 -0.11676 0.16956 0.66064 -0.00077891 0.088868 0.22799 -0.36582 -0.17568 -0.038594 0.90218 0.1309 -0.13429 -0.46301 0.49703 0.18857 -0.57239 -0.017869
-0.83649 1.3335 -0.075583 1.357 0.54895 0.37435 -0.3267 0.507 0.93662 0.583 -0.31464 0.94675 -1.7312 0.025585 0.44897 0.17433 0.15681 -0.3211 -0.64557 0.047796 0.11336 0.036931 0.082567 0.7359 0.31791 0.011827 0.076445 -0.23042 -0.25541 -0.079266 -0.058855 1.5412 0.50084 -0.15813 -0.70867 0.51738 0.38719 -0.50184 -0.0034726
-0.48067 1.68 0.011606 1.2823 0.5038 0.10236 -0.12162 1.2345 0.37239 0.002575 -1.3895 0.15834 -1.7463 0.16552 0.41049 -0.10209 -0.048845 -0.28748 0.17255 0.23112 0.14413 -0.18054 -0.039213 0.60503 -0.37826 -0.018103 0.11477 -0.5672 -0.10562 -0.15472 0.12084 1.6727 0.4867 -0.15615 -0.80069 0.057923 -0.10773 -0.65592 0.024595
-0.65699 1.434 -0.1724 1.2593 0.492 -0.052175 0.077113 0.47965 0.60297 0.89583 -1.0937 0.89437 -1.7347 0.13714 -0.10228 -0.076697 0.11149 -0.28916 1.1969 0.56787 0.29428 -0.65136 0.2864 0.79739 0.030409 0.0073778 0.21791 -0.80955 -0.23944 -0.22931 0.52244 1.2806 -0.078329 -0.18961 -0.52571 0.029499 -0.43021 -0.06421 0.14353
-0.59653 1.4628 0.12796 1.4597 0.024784 0.95195 0.70232 1.3074 0.099394 0.20359 0.014805 0.53448 -1.7448 0.1718 -0.35349 -0.06085 -0.20556 0.035359 1.4562 0.40331 -0.099632 -0.84626 -0.099881 -0.080734 -0.49525 0.047065 0.75294 -1.1294 -0.63647 -0.50452 0.39512 0.42119 -0.25333 -0.099674 -0.27737 -0.44337 -0.28822 0.61522 0.63506
-0.3395 1.6075 0.11593 0.85634 0.14649 1.6693 0.76414 0.82718 -0.14059 1.0778 -0.44926 -0.28304 -1.735 0.39359 -0.57937 -0.31578 -0.20933 0.4831 1.4185 -0.21038 -0.15553 -0.74855 0.17584 0.21447 0.25119 0.24637 1.1808 -1.4542 -1.0705 -0.9111 0.21345 -0.7916 -0.39047 0.035302 -0.27346 -1.044 -0.33641 0.57851 1.2213
-0.54214 1.0103 0.098472 1.5174 0.43819 2.5737 0.29512 0.62327 -0.07656 0.64181 -0.2137 0.8804 -1.6683 1.3372 -1.3181 -1.2192 -0.85687 0.059656 0.96927 0.10374 0.15583 -0.72513 -0.8502 0.31607 0.73467 1.0449 1.0936 -1.8127 -1.115 -0.73584 -0.19714 -1.5028 -0.078113 0.58229 -0.3374 -1.4841 0.053185 0.14819 1.5974
-0.57138 1.0386 -0.33856 0.94386 0.78028 1.5194 -0.041946 0.62724 -0.2476 -0.13631 -1.4702 -0.21315 -1.6939 1.597 -2.1524 -1.5728 -1.3053 0.10043 -0.1899 -0.068765 0.21984 -1.2968 -1.3849 -0.077779 0.56591 1.7828 0.59094 -1.5297 -0.7643 -0.55999 -0.63095 -1.6873 0.44357 0.73694 -0.022451 -1.5494 0.008604 -0.95412 1.5143
0.21022 0.97293 -0.4997 1.0752 1.196 1.7927 -0.34347 1.0883 -0.5337 0.8833 -0.62116 1.3241 -1.3306 1.4613 -2.7234 -1.5937 -1.0664 -0.12086 -0.85811 0.16084 0.84593 -1.2922 -2.231 0.16757 -0.35625 2.2536 -0.20138 -0.6244 0.024093 0.036724 -0.56305 -1.1809 0.33854 0.64906 0.70876 -0.6135 0.12338 -1.3381 0.80532
1.5041 -0.6036 -2.0875 -0.1783 -0.37611 1.6696 1.2349 0.99815 -0.42323 -0.93951 0.31757 1.9326 -0.036672 1.3502 -2.5405 -1.6122 -1.1786 -0.56584 -1.1723 0.61614 0.93801 -0.5191 -2.1734 0.30176 -1.0949 2.462 -0.56025 0.68129 0.5859 0.42375 -0.63095 -0.62053 -0.138 0.19755 1.4806 0.25894 -0.29998 -1.0343 -0.2761
1.0561 -1.2219 -1.414 -0.24505 0.33104 0.74439 0.4479 1.4638 -2.2115 -1.4266 -0.51151 0.13259 0.40226 1.1039 -2.2121 -1.1598 -0.85825 -0.62249 -0.98447 0.40965 1.0618 0.37817 -1.6565 0.36882 -1.0886 2.2049 -0.72712 2.6058 1.391 1.0019 -0.18213 -0.20869 -1.2498 -0.75373 1.4394 1.7604 -0.74732 -0.3614 -1.7135
0.76878 -1.6353 -1.546 0.33081 0.34443 0.81465 0.54287 1.7381 -1.3011 -1.9229 -0.5005 -1.2703 0.62 0.79603 -1.2233 -0.66444 -0.61059 -0.78795 -1.399 -0.4827 0.48551 0.99237 -1.1583 -0.78233 -1.1186 1.2928 -0.98985 3.9442 2.009 1.5251 0.30433 0.42152 -1.3897 -1.3581 0.8927 2.5381 -0.79158 0.45287 -2.8931
0.92972 -1.3993 -2.083 0.072086 -0.1858 0.63707 0.85911 1.5245 0.12197 -1.9252 -0.27872 -0.385 0.8958 0.46906 1.1527 0.61334 0.54918 -0.32995 -1.1552 -1.7673 -0.43238 0.9892 0.72578 -0.78872 -1.0594 -0.35318 -1.3622 4.2481 2.259 1.6234 0.72798 0.94984 -0.85636 -1.425 -0.13824 2.6176 -0.7305 0.94885 -3.2659
1.3568 -1.323 -1.8267 -0.22452 0.13826 0.25633 0.19129 2.088 0.37766 -1.3935 -0.67197 -0.35989 0.79809 -0.057732 2.6416 1.3764 1.0132 -0.14452 -0.17866 -1.0483 -1.0127 1.0565 1.6279 -0.70629 -0.20835 -1.6472 -1.7837 2.9848 1.9887 1.2881 1.0136 1.531 0.11728 -0.91266 -1.0039 2.1395 -0.29253 0.82043 -2.6471
1.908 -0.85825 -1.7977 -0.18269 -0.64866 -0.5134 -0.76691 1.2632 0.17891 -1.073 -1.6174 0.60626 0.40789 -0.84102 3.249 2.1779 1.4125 0.39651 0.41911 -1.0109 -1.0189 0.047136 2.0991 -1.1339 0.34176 -2.4075 -2.1525 0.678 0.85503 0.45109 0.76912 1.5164 1.1564 -0.25053 -1.2387 0.51374 -0.20635 0.54742 -1.282
1.6546 1.2866 -0.46419 1.0507 -0.35675 -0.022064 -1.3919 0.2223 -0.55856 0.12628 -0.47929 -0.97733 -0.77229 -1.6522 2.923 2.3891 1.4021 0.71075 1.0437 -0.64802 -1.0396 -0.66624 2.3643 -1.1988 -0.18863 -2.61 -1.8558 -1.1832 -0.35683 -0.36462 0.54503 0.84657 1.3881 0.26543 -0.97397 -0.86975 0.15811 0.29663 0.12389
0.018041 1.7731 0.60891 1.3531 0.64363 1.2442 0.16538 0.68438 -0.57014 0.27008 -1.5037 -0.84388 -1.6417 -2.4772 2.191 1.7523 1.2056 0.65818 1.4328 0.29043 -0.93 -0.77555 1.3721 -0.9592 0.019467 -2.2595 -0.7259 -2.5543 -1.6314 -1.1805 -0.050701 0.011821 1.4586 0.49552 -0.017323 -1.6365 0.58965 0.74029 1.3042
-0.38437 1.6809 0.68868 1.826 0.79499 1.4535 -0.50644 1.0315 -0.43406 0.42998 -2.0387 -0.019972 -1.7464 -2.4681 1.1099 0.89291 0.4146 0.73148 1.1122 1.015 -0.54952 -0.5984 0.28728 -0.48167 0.54377 -1.4906 0.85898 -2.6061 -1.8705 -1.3248 -0.46254 -0.88887 0.73726 0.52166 0.691 -1.4428 0.8168 1.0475 1.8211
-0.53638 1.3898 0.35456 0.94692 0.45072 1.6586 -0.29956 0.49453 -0.45084 1.284 -1.8275 -0.53633 -1.6916 -1.7003 -0.29182 -0.23307 -0.34914 0.30584 0.43578 1.0102 -0.30199 -0.030048 -0.073133 -0.31767 1.4471 -0.53849 1.6948 -2.3686 -0.78151 -0.9456 -0.48871 -1.2753 -0.099504 0.1971 1.0803 -0.3514 1.1872 0.61544 1.8547
-1.2131 1.2966 -0.035462 1.1335 0.41502 1.6284 0.1502 0.60823 -0.83093 -0.24915 -1.9487 0.1245 -1.7775 -0.55677 -0.3731 -0.23938 -0.35065 0.055065 -0.29162 0.42517 -0.34003 0.41562 0.25677 0.10939 1.1789 -0.079273 1.8217 -2.0006 0.37812 -0.25469 -0.29392 -1.4272 -0.86948 -0.27256 1.264 0.042011 1.1481 -0.055502 1.8794
-0.85664 1.4165 -0.15129 0.71982 0.4502 0.81325 0.37622 0.057371 -0.90434 -0.59109 -1.499 0.94448 -1.7421 -0.49814 -1.1916 0.80153 -0.21992 0.11677 -0.50766 0.3716 -0.662 0.9952 0.70178 1.1148 0.92564 0.48861 1.639 -1.5531 0.83747 0.060247 0.010763 -1.311 -1.0079 -0.38703 0.91168 0.20375 1.1325 -0.82788 1.8204
-0.8373 1.0885 -0.17825 1.0321 0.54503 1.1966 0.25532 0.23201 -0.26758 0.74968 -1.1493 0.9106 -1.7201 0.085874 -1.9239 1.0994 -0.14281 0.30185 -1.3765 -0.3948 -0.92406 1.5553 -0.012649 1.0934 0.69659 1.4957 1.1481 -1.3456 0.40871 -0.0014595 -0.043965 -0.92036 -0.44161 -0.077856 0.2045 -0.3086 0.44829 -1.0666 1.6277
-0.67597 1.4376 0.88031 1.2835 0.92467 0.99259 0.26763 0.74265 0.31629 1.1883 -1.9778 0.5906 -1.7937 0.81631 -2.221 0.70894 -0.34629 0.2143 -1.7389 -0.58139 -0.79054 1.3214 0.46692 1.4505 0.047348 2.0641 0.93397 -0.39313 -0.39077 0.083772 -0.045777 -0.52851 0.20304 0.57115 -0.76552 -1.3203 -0.25948 -1.0301 0.91619
-1.404 -0.59002 2.0458 1.2165 0.68081 0.83363 -0.19149 -0.23037 0.89689 1.5891 0.060185 0.96758 -0.76823 0.77179 -2.2019 0.58985 -0.29817 -0.061713 -1.5757 0.014594 -0.44589 0.67833 -0.22724 0.83368 -0.49672 2.1641 0.43876 0.5605 -0.95226 0.21605 -0.088767 0.36471 0.79919 1.119 -1.2929 -1.3348 -0.080803 -0.60536 -0.15831
-0.30835 -1.0876 0.89425 0.43565 0.75309 -1.1028 -0.84171 -0.88623 1.1646 -0.58644 -0.78531 0.52526 0.49834 0.77303 -1.7381 0.29441 0.0093108 0.22724 -1.4878 0.54859 0.21018 -0.1918 -1.7804 0.72167 -0.51998 1.8605 0.17301 1.5657 -0.94467 0.53353 -0.085568 0.86717 0.70467 1.2788 -1.2094 -0.88582 -0.45528 -0.13696 -1.1587
0.20758 -0.77877 -0.0037456 0.59543 0.61985 -1.0489 -0.068579 -0.07055 0.09813 0.40967 0.11754 0.48705 0.33876 0.86202 -1.1909 -0.54018 0.082776 0.14561 -0.71266 0.59519 0.76854 -0.42875 -1.507 1.2921 -0.21904 1.3025 0.19625 1.6856 -0.83148 0.53955 0.080293 1.2339 0.06761 1.1375 -0.54909 0.74571 -0.05427 0.1837 -1.5465
-0.16597 -0.76412 0.95355 0.72166 0.32403 -0.68691 0.97535 -0.016162 -0.048025 -0.26917 -1.0454 0.17444 0.23875 1.0644 -0.0023462 -0.55823 0.47104 -0.033293 -0.32964 0.49726 1.1106 -0.68911 -0.62888 0.30682 -0.36111 0.33678 0.25647 0.98214 -0.66595 0.062871 -0.045123 1.1316 -0.73348 0.5039 0.40266 1.6824 -0.3125 -0.15115 -1.0071
-0.20225 -0.74869 1.0759 1.6432 1.4452 -0.54704 0.82497 1.0919 -0.15297 -1.5995 -0.32134 0.22373 0.095753 0.95966 -0.13686 -0.59731 0.49023 0.2273 0.45348 0.1554 1.3333 -0.2408 0.66734 0.92844 -0.20931 0.045727 0.25313 0.055058 -0.71329 -0.51639 -0.028716 0.52906 -1.1692 -0.08123 0.84981 1.4798 -0.40626 -0.53498 -0.057477
0.16263 -0.87141 0.41495 1.0769 0.86438 0.089031 0.16002 1.0214 0.54186 0.060603 0.98764 0.72958 0.19483 1.1623 -0.55663 -0.97066 -0.082651 0.11627 0.32335 -0.69301 0.90627 0.5591 0.44337 0.27453 -0.82262 0.61315 -0.087244 -0.60353 -0.86075 -1.0948 -0.14874 -0.0028336 -1.0293 -0.45049 0.83155 0.49674 -0.42932 -0.41828 0.77135
0.50378 -0.74691 0.87623 1.3724 0.25829 -0.92146 -0.17749 0.19966 -0.014623 0.499 -0.34723 0.13814 0.15551 1.2453 -0.81903 -1.7191 -0.63141 0.030646 0.09411 -1.1287 0.69392 0.73759 0.86965 0.49182 -1.0479 1.0571 -0.52936 -0.32399 -0.59058 -1.0518 -0.297 -0.46601 -0.29724 -0.20916 0.26069 -0.82974 -1.0512 0.055117 0.75585
1.2639 -1.3366 -0.72228 0.76945 1.2936 -0.41559 -0.20202 1.0931 0.54851 0.601 0.73449 0.11999 0.72171 0.76299 -0.71298 -1.6674 -1.0603 -0.19418 -0.12969 -0.9043 0.52444 0.57353 0.25104 -0.33739 -0.76979 1.2674 -1.0686 0.14319 0.044749 -0.60698 -0.32473 -0.13762 0.62289 0.41813 -0.11156 -1.2087 -0.65023 1.0055 0.14812
1.2967 -1.4751 -0.79522 0.50349 0.61318 -0.37722 -0.35263 1.195 0.79365 0.023019 -0.49758 -1.2269 1.1631 0.23331 -0.62382 -1.3969 -1.0313 -0.14726 -0.26894 -0.34189 1.0949 0.29662 -0.862 -0.87142 -0.1241 1.126 -1.2893 0.50989 0.95378 -0.034893 -0.53524 0.17514 1.0312 0.56483 -0.13765 -1.1453 -0.41356 1.5758 -0.50136
0.90863 -1.7109 -0.93045 0.36023 0.79808 -0.43811 -0.39429 1.2022 0.82261 0.2451 0.15954 -0.92105 1.3625 -0.19371 -0.40615 -1.0521 -1.0462 -0.37516 0.2431 0.12157 1.515 0.53704 -1.0609 -0.34807 0.71351 0.85433 -0.93366 0.54555 1.2455 0.31844 -0.34757 0.2873 0.95866 0.45963 0.19284 -0.17092 0.62633 1.695 -0.89194
0.52859 -1.3268 -0.87447 0.34795 0.95665 -0.70453 -0.5732 1.634 0.55925 -1.0693 -0.39604 0.11462 1.3927 -0.52144 -0.086041 -0.19059 -0.71284 -0.84339 0.30039 0.37002 1.2975 0.45813 -0.71992 -0.33387 1.3403 0.32975 -0.32851 0.50831 1.302 0.42109 -0.28863 0.045047 0.60882 -0.075665 0.41298 0.89102 1.1734 1.114 -0.88873
0.71542 -1.5677 -1.1982 -0.10972 0.24901 -0.69993 -0.21229 2.0887 0.67109 -0.58657 -0.54697 0.82366 1.2987 -0.48747 -0.033386 0.12924 -0.62126 -0.46816 0.21302 0.60859 1.3142 0.89394 -0.15089 0.64193 1.8646 0.0043109 0.30648 0.31347 1.053 0.35621 -0.2402 -0.56555 0.11086 -0.83055 0.0042066 1.1498 1.3116 0.18834 -0.65586
0.73667 -1.4279 -0.92234 -0.024664 0.041799 -0.081958 0.13045 2.2342 1.0761 -0.5686 -0.22529 0.76411 1.3196 -0.19717 0.073445 0.52143 -0.45005 -0.61526 -0.13345 0.59491 1.0294 0.98487 0.43885 0.97559 1.5136 -0.10425 0.65448 0.2929 0.67575 0.20297 -0.20734 -0.72242 -0.49187 -1.4562 -0.84639 0.40683 1.303 -0.78878 -0.29406
0.6684 -1.5808 -0.92337 -0.10481 0.065902 0.14911 0.1402 2.5431 1.3438 -0.24437 0.11872 1.1084 1.2657 0.16904 0.058606 0.61972 -0.50736 -0.91534 -0.69721 0.20939 -0.0072792 0.27594 0.62404 1.6154 1.0029 -0.15028 0.49456 0.49211 0.44438 0.079149 -0.57748 -0.56461 -0.99233 -2.2048 -1.6588 -0.51978 0.67307 -1.602 -0.11242
0.42108 -1.591 -0.50302 -0.26615 0.41058 -0.50546 0.25902 2.5706 2.0972 -0.15574 0.77989 1.2345 1.2598 0.27927 0.37665 0.86309 -0.3913 -0.98596 -0.72999 -0.41636 -0.93329 -1.0293 -0.30297 1.7804 0.20778 -0.14078 0.12554 0.85017 0.34853 -0.041198 -0.57711 0.017726 -1.083 -2.7301 -1.6722 -0.92337 0.089839 -1.8516 -0.1778
0.60038 -1.3862 -0.18423 -0.10099 -0.084544 -1.1901 0.10855 2.364 1.5821 0.40556 1.1368 1.5096 1.2633 0.12568 0.67046 0.81025 -0.50788 -1.3244 -0.64398 -0.85673 -2.0741 -1.6133 -0.79639 1.5811 -0.65983 -0.18698 0.022401 1.4382 0.26664 0.30414 -0.1247 0.80748 -0.84996 -2.369 -0.86224 -0.61727 -1.0182 -1.4261 -0.67069
1.035 -1.278 -0.40313 -0.55845 -0.88815 -1.886 -0.42657 1.3395 0.17246 -0.60114 1.4258 1.6684 1.1498 0.035304 1.2462 1.0928 -0.53615 -1.4517 -0.096783 -1.0215 -3.3438 -1.6134 -0.66042 1.1682 -1.3278 -0.4172 -0.44729 1.7679 0.11267 1.0137 0.82808 1.292 -0.34531 -1.2699 0.44059 0.42066 -2.1621 -0.78379 -1.4271
1.0805 -1.0004 -0.0044017 -0.5092 -1.1749 -0.77658 -0.67969 1.0163 -0.91128 -1.4348 1.6266 0.53598 1.1443 0.32279 2.1262 1.0133 0.13616 -0.89784 0.70204 -1.1788 -3.4958 -1.262 -0.40522 -0.11843 -1.0576 -1.2613 -1.2229 1.6718 -0.20752 1.5281 2.0031 1.3276 0.4568 0.35096 1.6479 1.1584 -2.372 0.1659 -1.8006
0.49656 -0.61744 0.10964 -0.63974 -1.5101 -0.53004 -0.8253 -0.19713 -0.077149 -1.302 1.764 -0.42575 1.0809 -0.60284 2.725 0.97247 1.2087 0.32411 1.3267 -0.95287 -2.7461 -0.27991 0.33304 -1.6968 -1.1468 -2.2616 -1.98 0.50377 -0.72537 1.2433 2.5081 0.33782 1.3027 1.7173 2.3095 1.2844 -1.5708 1.2335 -1.2986
0.51959 0.059614 0.86579 -0.75708 -1.3721 -0.22317 -0.9349 -1.3939 0.32617 -0.26053 1.6728 -0.3312 0.63032 -1.6851 2.84 0.4626 1.5209 1.4553 1.4485 -0.0099346 -1.6964 1.1982 0.98807 -1.733 -0.41882 -2.6182 -2.0484 -0.97811 -0.97935 0.25917 2.0923 -0.65166 1.8458 2.2604 1.6072 0.49784 -0.2245 1.4247 -0.020596
1.2813 1.349 0.7204 0.47597 -0.43087 0.0077724 -1.288 -0.92724 0.43705 -0.34313 0.076554 0.87303 -0.69578 -2.4048 1.7651 -0.040301 1.1305 1.961 0.26307 0.94005 -0.86927 2.0338 1.1717 -1.1692 0.80337 -2.1573 -1.1912 -2.1663 -1.4136 -1.543 1.0415 -1.3805 2.0502 2.1968 0.5305 -0.21155 0.90977 1.1946 1.5605
-0.57016 1.7942 0.78738 1.6675 0.36126 0.42788 -1.1554 -0.43639 0.41872 0.50651 -1.4101 -0.1507 -1.6389 -2.339 0.90239 -0.37956 0.66073 2.1142 -0.10354 1.4895 0.012247 0.97316 0.15867 -0.83523 0.79727 -1.352 -0.039285 -2.5497 -1.2239 -2.8892 0.023742 -1.8484 1.3236 1.3537 -0.40238 -0.80267 1.2563 0.13688 2.8055
-1.4477 1.7114 -0.16978 0.60472 0.81252 0.48033 0.0091291 -0.60287 1.5592 -0.19357 0.50839 0.7875 -1.3851 -2.3508 -0.07825 -1.3448 -1.3066 1.9076 -0.75972 2.3144 0.72053 0.94781 0.33702 -0.33087 0.61854 0.011214 1.4171 -1.7192 -0.48414 -3.1834 -0.49455 -1.268 0.19469 0.50274 -0.97839 -0.87299 0.9432 -0.66656 3.0863
-1.9969 0.29274 0.14121 0.075511 0.85597 -1.0798 0.70362 -0.64148 2.1187 -0.027497 1.1292 1.4035 -0.56079 -1.7875 -0.6777 -1.2569 -2.7688 1.5376 -1.8817 1.89 0.16499 0.88365 -0.16686 0.35554 -0.052495 1.5222 2.3199 -0.60954 0.46053 -2.2136 -0.62725 -0.65415 -1.3957 -0.11665 -1.3524 -0.51627 0.037339 -0.99829 2.302
-1.5235 0.85769 0.12669 0.065993 1.0722 -0.38304 0.61604 -0.7693 0.33892 -1.2041 0.297 0.16964 -0.46826 -0.2278 -0.43864 -0.54396 -3.2232 1.359 -1.475 1.1051 0.030556 0.0029571 -0.37598 0.11704 -0.092502 2.1531 2.5079 0.44683 1.2692 -0.22566 -0.70325 0.27577 -2.6771 -0.54516 -1.9752 -0.61637 -0.63002 -0.93629 0.76064
-1.7654 0.73776 -1.2657 -2.4976 1.5049 -1.255 1.7935 -0.070232 1.7583 1.164 0.015796 0.9566 0.14016 0.61947 0.020403 0.10309 -2.6031 1.256 -1.0886 -0.67055 0.11051 -1.421 -0.49435 -0.98869 -0.82639 1.864 1.5838 0.41992 1.3649 1.4788 -0.7047 0.97641 -2.5725 -0.46732 -1.572 -0.033144 -0.18059 -0.27772 -0.61656
-1.4194 1.0258 -0.57211 -1.9723 1.9792 -2.991 0.31144 -0.79296 1.7531 -0.81591 -0.076584 0.22698 0.7086 0.79202 0.34933 0.42085 -1.8271 0.77721 -0.55305 -1.692 -0.34501 -2.0834 -0.70546 -0.92257 -0.85064 1.2567 0.27441 -0.31028 1.2264 2.6226 -0.90993 1.3806 -1.5592 -0.60355 -0.50821 0.2328 1.0711 -0.020137 -1.3327
-1.122 1.2544 0.42459 -2.0501 2.2474 -0.66046 0.47625 -0.42829 0.41292 -0.28026 -0.40519 0.17165 0.82822 0.44484 -0.3419 0.89119 -0.65957 0.55467 -0.27335 -1.7923 -0.5863 -1.404 -0.062282 0.51013 -0.22242 0.82194 -0.51518 -1.0041 0.80457 2.4875 -1.1241 1.5323 0.1247 -0.23238 0.92063 0.95465 1.9122 0.42176 -1.4147
-0.85538 1.0557 0.10155 -2.3791 2.2444 -1.4909 -1.0959 -0.51597 -0.68042 -1.2041 -0.34056 -0.19729 0.84319 0.32873 -0.79875 1.4249 0.78994 0.061359 1.0326 -1.4206 -0.8291 -1.0869 -0.12957 1.5051 -0.43222 0.19202 -0.61187 -0.96574 0.42923 1.9641 -0.93745 1.1667 0.9395 0.22691 1.8533 0.9802 1.3521 0.27942 -1.2266
-1.1072 0.66764 0.47369 -2.0061 1.4731 -1.8531 -1.119 -1.3208 -1.0118 -1.0331 -0.1679 0.070437 0.72633 -0.050288 -1.1545 1.1489 0.81619 -0.4252 1.3511 -0.57876 -0.12268 0.020916 1.0986 1.6166 -0.19625 -0.23841 -0.36815 -0.34995 0.0057806 1.0627 -1.1096 1.024 1.1878 0.62762 1.8792 0.77062 -0.1285 0.27179 -1.0156
-1.2835 0.23342 0.58651 -1.4049 2.179 -1.1465 -0.57699 -1.1084 0.12619 0.23547 1.5476 0.42068 0.65968 -0.029653 -0.92657 1.1146 1.1664 -0.43137 1.1023 -0.46766 -0.14522 1.1167 0.64521 1.2235 -0.30691 -0.49765 0.52186 -0.11891 -0.64145 0.38638 -1.5815 0.30955 0.98357 0.74346 1.0654 0.73286 -1.3325 0.5136 -0.46349
-1.2224 -0.085199 0.88426 -1.3341 1.7573 0.2927 0.057912 -1.0964 1.0949 0.42003 1.9098 -0.073541 0.57168 -0.022133 -0.88831 1.0507 1.1675 -1.2116 1.8608 0.051031 0.29451 1.4616 1.0696 0.38984 0.2566 -0.7248 1.592 -0.069361 -0.97347 0.46654 -2.2241 -0.51076 0.74513 0.062719 -0.71317 0.12846 -2.13 0.49368 0.13134
-1.3165 -0.043655 1.3324 -1.1666 1.4231 -0.61944 -0.75705 -0.36448 1.0696 0.48774 1.0325 -0.24014 0.48669 1.2134 -1.14 0.22771 1.3419 -2.4192 1.4518 0.18238 0.41379 0.43915 1.33 -0.54987 0.36298 -0.42813 1.9284 -0.25557 -1.3349 0.45033 -2.1741 -1.4418 0.95603 -0.37299 -2.0663 0.15299 -1.8069 0.68553 0.66795
-0.84238 0.44364 1.7693 -0.78963 1.7825 0.58536 -1.094 -0.8606 0.82229 -0.58147 0.4723 -0.41561 0.17003 2.0845 -1.1697 -0.29551 1.6087 -3.4779 0.13381 0.54479 -0.29476 -1.1551 1.0136 -1.7595 0.45091 -0.028762 1.5648 -0.25974 -1.3436 0.35026 -0.92671 -2.2382 1.1749 -0.4969 -2.365 -0.10504 -0.61522 0.59894 1.0109
-1.0723 -0.42302 1.1603 -0.97458 -0.28273 1.0166 -0.96622 -0.50587 0.76523 0.60099 0.2008 0.90146 -0.1079 2.2573 -1.2319 -0.79859 1.7952 -3.2535 -1.0251 1.1491 -0.60343 -1.9512 0.97881 -1.3186 0.95882 0.39809 0.25305 -0.020584 -0.88044 0.0091889 0.75451 -2.1933 1.1851 0.1885 -1.6607 -0.23792 0.82389 0.6403 0.94878
1.0036 -1.2794 0.2791 0.16174 -2.0285 -0.036556 -0.12626 -1.0134 -0.45264 1.7869 0.10177 0.64837 0.55681 2.1651 -1.2957 -1.0391 1.5997 -2.4734 -1.558 1.862 -0.19437 -2.3511 1.0438 -0.46 1.1497 0.74458 -0.81224 0.46103 -0.20034 -0.40859 2.491 -1.397 0.49867 1.1365 -0.59452 -0.52552 1.7013 0.36512 0.63906
1.2424 -1.11 0.457 0.69182 -2.1086 -1.1861 0.69034 -1.6525 -1.1029 1.3608 -0.52789 0.5334 0.81261 1.6053 -1.114 -1.1086 1.356 -1.5323 -2.2656 1.8383 0.71937 -2.4813 0.85238 0.44349 1.2867 0.95195 -1.6865 0.84903 0.37215 -0.84816 3.1532 -0.27835 -0.52227 1.8271 0.33406 -0.93345 0.99668 -0.33164 0.045989
0.88726 -1.1865 0.34232 0.63259 -1.5219 -1.5353 1.055 -1.2993 -1.0202 1.0507 0.40871 1.1287 0.98254 0.99347 -0.4273 -0.53445 1.0425 0.2195 -2.1431 1.1637 1.2714 -2.1539 0.049141 0.75677 1.0139 0.88426 -1.8898 0.75508 0.4956 -0.85604 2.8017 0.84496 -1.0504 1.7334 1.2377 -1.0029 -0.22841 -1.0576 -0.45582
1.0085 -1.2381 0.4025 0.47022 -1.0147 -2.1259 0.96982 -0.038172 -1.8846 1.2831 0.39249 1.3382 1.0546 -0.091658 -0.18933 -0.33864 0.45115 1.1665 -1.2888 0.45243 2.2548 -1.35 -0.35316 0.061569 0.3707 0.41372 -1.594 0.27265 0.24323 -0.59176 1.6387 1.8684 -0.72782 0.84208 1.9065 -0.68278 -1.3851 -1.537 -0.70241
0.95795 -1.202 -0.0046518 0.75385 -1.1514 -2.1225 0.88583 0.28136 -2.2932 0.94943 1.1473 1.9145 1.0641 -0.27395 -0.44482 -0.47326 0.41449 1.3021 -0.25212 0.46959 2.4438 -0.306 -0.3192 -0.72987 -0.4892 0.16462 -1.2029 -0.34463 -0.097663 -0.19245 0.21318 2.472 0.17718 -0.24501 2.2643 -0.18377 -1.7784 -1.5483 -0.63589
0.98176 -1.2586 0.28718 0.75498 -0.76904 -2.2967 0.57976 0.48242 -2.1495 1.2614 0.7368 1.9808 1.1554 -0.53506 -0.63185 -0.67599 0.53547 0.92902 0.72478 0.73499 1.7793 0.6197 -0.30016 -1.5866 -1.0101 0.0034702 -0.80321 -0.44055 0.010828 -0.070072 -0.53406 2.4795 0.76946 -1.231 2.314 0.051874 -1.0876 -1.1661 -0.33982
0.96562 -1.5405 -0.17082 0.97298 -0.57311 -2.1277 0.89379 1.263 -2.0909 1.1297 -0.85617 0.22264 1.0879 -0.88005 -0.80709 -0.56131 0.62602 0.73951 2.049 1.3532 1.0089 1.643 -0.33351 -1.979 -1.3666 -0.095046 -0.6598 -0.068794 0.41069 -0.51734 -0.79607 2.0399 0.49153 -1.6876 1.72 -0.2806 0.13032 -0.44004 -0.12801
0.65245 -1.7278 -0.11741 1.192 -0.063369 -1.3468 1.8521 1.0455 -0.92861 0.62854 -1.2714 -0.13466 1.0216 -1.19 -0.77622 -0.28052 0.20406 0.48547 2.7753 1.5071 0.52529 2.5622 -0.2391 -1.4926 -1.5029 -0.089485 -0.16525 0.43579 0.80494 -1.1369 -0.80841 1.2818 -0.5464 -1.6273 0.49355 -0.66224 1.4559 0.18864 0.057372
0.062043 -1.9704 -0.6265 1.137 -0.38076 -0.39013 1.9198 0.9895 -0.46189 0.77961 -1.022 0.49049 1.0028 -1.0989 -0.49354 0.11576 -0.41263 0.083414 3.0174 1.033 -0.27747 2.3534 -0.89615 -0.52049 -1.114 -0.027482 0.4358 0.87348 0.64422 -1.5811 -0.79217 0.008903 -1.6768 -1.0971 -0.92776 -0.85563 2.2544 0.166 0.17199
-0.022884 -2.1324 -0.18363 1.3049 -0.19762 1.1498 2.5496 1.2014 -0.1591 0.89078 -1.4945 0.03801 0.95878 -0.71958 -0.031206 0.53403 -1.1175 -0.20597 2.949 -0.19819 -0.80678 1.3016 -1.3152 0.59094 -0.75976 0.07635 0.97628 1.0943 0.20722 -1.4366 -0.41811 -1.1137 -1.9633 -0.52775 -1.8182 -0.68399 1.9934 -0.29152 0.18734
-0.41899 -1.9792 -0.09845 0.743 -0.56929 1.4396 2.2318 0.88913 1.0679 0.79229 -0.32707 -0.12902 1.0529 -0.36589 0.3397 0.26941 -1.7312 -0.34817 2.007 -1.1122 -0.50751 0.30475 -1.4718 1.4826 -1.4064 0.14216 1.0975 0.96628 -0.45188 -0.87658 -0.0052848 -1.9314 -1.4374 -0.057719 -1.6258 0.018699 1.0962 -0.64948 0.12487
-0.038878 -1.7862 0.51432 0.074877 -0.55248 1.4957 1.5074 0.1761 0.29264 -0.48319 -0.58939 -0.25102 1.147 0.13106 0.71091 0.036237 -1.8796 -0.049532 0.97616 -1.3022 -0.41809 -0.26499 -1.2903 1.4873 -1.9331 0.1744 0.90794 0.51602 -0.87973 -0.01352 0.2604 -2.0703 -0.30377 0.26506 -0.91826 0.77746 -0.080343 -0.49438 0.0026446
0.16397 -1.5572 0.34332 -0.32545 -0.6237 2.2108 0.60701 0.38375 -0.75897 -0.88359 -0.33862 -1.1362 1.1324 0.37375 0.81623 -0.51533 -1.7084 0.0077673 -0.011584 -1.2619 -0.60218 -0.30795 -0.86685 1.2188 -1.8142 0.15585 0.44045 0.13364 -0.75061 0.74251 0.3441 -1.652 0.71015 0.23385 0.062821 1.4568 -0.69066 0.22464 -0.076565
-0.13752 -1.4582 -0.42811 -0.79791 -0.52427 1.4533 0.83234 0.85782 -0.26136 -0.87939 0.98159 -1.9947 1.1425 0.47955 0.6276 -0.78031 -1.1626 0.10347 -0.34761 -0.73915 -0.25251 -0.34051 -0.084967 0.55802 -1.5349 0.074244 -0.17806 -0.10635 -0.23927 0.92981 0.28927 -1.4399 1.1891 -0.070982 0.62688 1.486 -0.8198 0.8061 -0.090234
0.19401 -1.1804 -0.52058 -0.77012 -0.25251 1.3988 0.98352 0.62077 -0.32879 -0.18038 0.35092 -1.9981 1.1852 0.21732 0.61283 -0.77953 -0.68403 0.21549 -0.76174 -0.014044 -0.14499 0.46873 0.7932 0.56215 -1.1574 0.049461 -0.48352 -0.028853 0.72699 0.79476 0.44718 -1.2034 0.94403 -0.38903 0.18546 1.1054 -0.75572 1.3749 -0.121
0.32842 -1.1899 -0.62932 -0.72568 -0.40431 1.1388 1.0649 0.042949 0.3249 -0.1501 0.0057259 -2.0572 1.1682 -0.10692 0.62634 -0.30082 -0.62951 0.38671 -1.6355 0.39619 -0.80325 0.66569 0.80463 0.17236 -0.65928 0.059363 -0.48473 0.038698 1.4298 0.47871 0.40075 -0.91865 0.02713 -0.60545 -0.57021 0.43052 -0.5786 1.6855 -0.18278
0.26126 -1.2837 -0.63285 -0.83781 -0.57489 1.1132 0.90583 0.44193 0.20467 0.13423 0.18352 -1.9562 1.162 -0.17945 0.76548 0.64285 -0.46978 0.69442 -1.8596 0.010488 -1.1113 -0.42549 0.86557 -0.10347 0.47917 -0.062227 -0.23823 -0.053482 1.518 0.35993 0.023971 -0.30614 -0.67964 -0.47377 -0.9899 -0.27927 -0.47949 1.6299 -0.18287
0.16043 -0.86799 -0.35102 -0.93429 -0.17049 0.53263 1.1868 0.15281 0.40953 0.21284 0.53334 -2.186 1.2124 -0.17062 0.61748 1.2645 -0.3663 0.60754 -1.6948 -0.71594 -0.98116 -1.1058 0.72981 -0.27016 0.99444 -0.21049 0.079649 -0.32741 0.96161 0.61147 -0.63029 0.6543 -0.67346 -0.076756 -0.24812 -0.63906 0.10035 1.1021 -0.10697
-0.27519 -0.7001 -0.27185 -1.432 0.065634 -0.91515 1.1739 -0.57235 -0.026989 -0.075277 0.37185 -2.4482 1.2061 -0.17147 0.523 1.3642 -0.13835 0.16103 -1.3465 -0.81351 -1.0079 -0.74545 0.2868 -0.17944 1.2531 -0.15636 0.23513 -0.86014 -0.038278 0.90393 -1.4148 1.3696 -0.012311 0.31377 1.0786 -0.77453 0.53576 0.41189 0.046961
-0.12947 -0.39977 0.64786 -1.1947 0.65616 -1.1588 0.66998 -0.44459 -1.3626 0.69714 0.5888 -0.61608 0.99494 0.020242 0.1765 1.1898 0.36095 -0.48458 -0.49672 -0.53518 -1.0229 0.29435 -0.15678 0.40682 1.1435 -0.092964 0.30654 -1.1541 -0.85481 1.1986 -1.7432 1.7664 0.88715 0.80052 1.9473 -0.2714 0.84951 0.29197 0.18488
0.33471 -0.70277 1.1175 -0.96454 0.11317 -0.36638 -0.29158 -0.53417 -1.3882 0.81097 -0.64125 -0.64522 0.88499 0.12616 -0.51243 0.59943 0.87956 -1.3291 0.43347 -0.12205 -0.48734 1.1487 -0.20814 0.62507 1.2244 -0.033714 0.21808 -1.1985 -1.3106 1.0792 -1.483 1.4064 1.3124 1.1754 1.7519 0.36199 0.75532 0.15151 0.24139
0.031023 -0.71749 0.685 -0.81368 -0.79956 -0.47279 0.39113 -0.97512 0.45206 -0.19412 0.1802 -0.74567 1.1273 0.20555 -0.87488 -0.011643 1.3987 -1.8163 1.1376 0.66643 0.32272 2.0582 0.44893 1.0219 1.5905 0.072323 0.15448 -0.68195 -1.2007 0.64861 -0.52833 0.24471 1.2626 1.1296 0.3987 0.86741 0.30739 0.23405 0.2185
0.17616 -1.0392 0.66989 -0.3567 -1.2018 0.41817 0.8376 -0.71494 1.2286 -0.24026 1.5875 -1.0456 1.1484 0.10731 -1.0386 -0.57446 1.3895 -1.8672 0.80542 1.1508 0.62356 2.0708 0.70025 1.019 1.3325 0.21036 0.37091 0.096582 -0.58097 0.15873 0.6099 -0.90026 0.48074 0.59192 -1.51 0.96888 -0.4562 0.1119 0.088179
0.046241 -1.5277 0.25425 -0.046417 -1.6623 0.39933 1.2439 -0.47091 1.3114 0.16314 1.1321 -0.4311 1.1421 0.29071 -0.74862 -0.55019 1.3329 -1.1675 -0.14445 1.2954 0.63544 0.66983 1.0985 0.82027 1.5562 0.19173 0.64246 0.69969 0.12039 -0.34209 1.3416 -1.6196 -0.56841 -0.17215 -2.9245 0.44329 -1.3244 -0.099264 -0.057876
0.056856 -1.5304 0.13172 0.34712 -1.8059 0.40903 1.7333 0.12301 1.5197 1.5356 1.3437 1.0002 1.1573 0.72032 -0.4086 -0.26072 1.2067 -0.52834 -0.78312 0.49169 0.50857 -1.3569 1.3759 -0.19039 1.4659 0.070617 0.82741 0.99873 0.52688 -0.53887 1.4452 -1.4289 -1.2727 -0.61502 -2.9422 -0.27171 -1.4977 -0.18866 -0.18235
0.25384 -1.5898 0.28607 0.40425 -1.7402 -0.11583 1.3238 0.12873 0.63955 1.5201 1.0193 1.0626 1.2083 1.0071 0.026873 0.057281 0.83091 -0.025254 -1.4308 -0.14064 0.023917 -2.4189 0.98714 -1.0255 1.329 0.034227 0.59235 0.88788 0.3415 -0.57799 1.0261 -0.80817 -1.4546 -0.735 -1.7252 -1.1189 -1.2078 -0.56482 -0.30071
0.78973 -1.4071 0.45006 0.60734 -1.5375 -0.96317 1.3656 -0.34769 -0.24468 1.3263 0.54908 0.8314 1.1924 1.1782 0.31094 0.13305 0.60665 0.21128 -1.5152 -0.65399 -0.30137 -2.6132 0.22698 -1.0567 1.0739 -0.050665 0.16753 0.71528 -0.0078766 -0.40873 0.62813 -0.0034205 -1.0426 -0.6347 -0.035147 -1.3369 -0.55625 -0.50173 -0.50707
0.96135 -1.2419 0.30199 0.76512 -1.6732 -1.2297 0.981 -0.45513 -1.1162 1.1341 0.53102 0.67395 1.2098 1.0829 0.43598 -0.094033 0.52464 0.3474 -1.4433 -1.0125 -0.42718 -2.3568 -0.5207 -1.1656 0.63338 -0.30783 -0.28977 0.61295 -0.1902 -0.16444 0.32187 0.91485 -0.69786 -0.38204 1.2802 -0.99382 -0.1001 -0.26482 -0.75727
1.2944 -1.2169 0.66531 0.65212 -1.3402 -1.3966 0.83807 -0.50917 -1.5087 1.2016 0.18225 1.147 1.1562 0.96614 0.63075 -0.2071 0.57382 0.44383 -0.75785 -1.1422 -0.53545 -1.4689 -0.49227 -1.2366 0.82013 -0.70288 -0.62772 0.67723 -0.11903 -0.17785 0.080864 1.4659 -0.34618 -0.26172 1.9755 -0.80542 -0.023556 -0.12559 -0.91221
1.2944 -1.248 0.18201 0.82789 -1.5495 -1.5804 0.62994 -0.40308 -1.425 0.95907 -0.064945 1.922 1.0455 0.60308 0.93275 -0.14698 0.52635 0.45807 0.13099 -1.2879 -0.62976 -0.29053 -0.60117 -1.1398 0.93255 -1.0501 -0.96083 0.81005 0.22065 -0.16929 -0.11515 1.6918 -0.12883 -0.056793 2.0483 -0.65393 0.31458 -0.26575 -0.84793
1.3164 -0.97454 -0.047683 1.0873 -1.2645 -1.8574 0.32908 -0.25187 -1.4995 0.84685 -0.16592 1.6911 0.6917 0.32139 1.2402 -0.077296 0.25927 0.31573 0.79115 -1.2155 -0.73322 0.52465 -1.3105 -1.1209 0.67727 -1.3785 -1.3928 0.81981 0.72584 -0.36929 -0.20861 1.4058 0.13826 0.26898 1.4534 -0.51558 0.78637 -0.838 -0.64873
1.6837 -0.65139 0.24893 1.1971 -1.0245 -1.1934 -0.17053 -0.93799 -1.4242 0.85268 -0.80404 1.8462 0.25893 -0.26974 1.5401 0.2606 0.35169 0.21352 1.3485 -1.2473 -0.45684 0.9712 -1.3916 -0.59867 0.17957 -1.5493 -1.7268 0.58283 0.95334 -0.66687 -0.16563 0.94089 0.44259 0.77025 0.86343 0.055906 0.92994 -1.0894 -0.34152
1.4789 -0.071255 0.43746 1.2152 -1.026 -0.55404 -0.29113 -1.2732 -0.63866 0.36121 -0.74731 1.8843 -0.017549 -1.0224 1.7529 0.98482 -0.049832 0.19764 1.6014 -0.90833 -0.10726 0.967 -1.1052 0.060907 -0.46443 -1.6616 -1.895 0.14949 0.94069 -0.93309 0.16592 0.36104 0.35788 1.0434 0.36986 0.8974 1.0919 -0.81448 0.077933
1.3327 0.20186 0.28889 0.78513 -1.3905 -0.10299 -0.44847 -1.1224 -0.62761 -1.0107 -0.86704 1.6716 -0.36907 -1.7297 1.6898 1.1573 -0.59661 0.22708 1.7209 -0.58837 0.56163 1.3075 -0.58898 0.12447 -0.65658 -1.5448 -1.406 -0.44648 0.61073 -1.1355 0.61356 -0.12767 0.14637 0.9092 -0.32218 1.0391 0.87088 -0.3567 0.55125
0.67642 0.50324 0.98276 1.3372 -1.0754 0.29949 -0.74902 -0.52782 -0.34617 -0.23183 -0.29545 1.6375 -0.61289 -2.2452 1.4245 1.2852 -1.0509 0.62396 1.3866 -0.85855 0.80118 1.132 0.056587 0.69647 -0.51902 -1.2358 -0.51828 -0.96351 -0.024042 -0.93458 0.9536 -0.60743 -0.079847 0.27447 -0.92909 0.58714 0.38283 0.098893 1.056
-0.18019 0.88279 1.5177 0.71242 -1.1369 0.32283 -0.39285 -0.34328 -0.4869 -0.015903 0.17246 1.0116 -1.0377 -2.106 0.92603 1.2837 -1.3174 1.1323 1.2149 -1.002 0.86766 0.20077 0.074433 0.8206 -0.49888 -0.7358 0.54813 -1.2061 -0.62945 -0.64391 0.79947 -1.1436 0.16377 -0.68832 -1.1995 -0.32746 0.015075 0.46095 1.4265
-0.58272 1.0891 1.3144 0.21403 -0.694 0.83031 -0.56371 0.16702 0.4463 0.37785 -0.70871 0.91003 -1.1854 -1.741 0.45648 0.86833 -1.4766 1.4975 0.6095 -0.87657 0.26522 -0.45096 -0.2782 0.4741 -0.34476 -0.09974 1.4701 -1.145 -1.0536 -0.0082285 0.25084 -1.4739 0.64298 -1.2737 -0.72058 -0.94758 -0.1966 0.6586 1.5961
-0.8606 1.1117 1.9069 -0.15556 -0.0093798 0.94606 -1.7419 -0.64654 0.11518 0.60165 0.24139 1.5933 -1.0917 -1.0375 0.073134 0.14262 -1.6176 1.2615 -0.25733 -0.27496 -0.54582 -0.44416 -1.0601 0.26164 0.17342 0.54367 1.8004 -0.80804 -1.0147 0.48232 -0.51729 -1.6858 1.0439 -1.3371 -0.071556 -0.96269 0.011198 0.5129 1.4241
-0.78827 0.92414 1.8973 -0.34889 0.32534 1.374 -1.5124 -0.18657 -0.99063 -0.78828 0.32065 1.1001 -0.74553 -0.23467 -0.14329 -0.18683 -0.92445 1.0293 -0.93538 0.025452 -1.0233 -0.075981 -1.2332 0.57872 0.45426 1.0968 1.6778 -0.42093 -0.73509 0.6523 -1.1444 -1.4835 1.1996 -0.54614 0.39957 -0.5677 0.069495 0.021097 0.96234
-0.89542 0.73181 1.3466 -0.67841 0.47384 0.36721 -1.2605 -0.73867 -1.3226 -1.4475 -0.33359 1.0903 -0.4529 0.25894 -0.18179 -0.15631 -0.6832 0.43457 -1.5141 0.58362 -1.1444 -0.14467 -1.3348 0.78652 0.12184 1.3179 1.0902 -0.057894 -0.23633 0.4021 -1.2215 -0.97889 0.67538 0.19312 0.56207 0.17949 0.036765 -0.55385 0.36513
-0.82619 0.80249 1.211 -0.7006 0.18433 -0.53612 -0.4206 -1.1512 -0.22008 -1.1105 0.23553 1.8963 -0.11534 0.51608 -0.14993 -0.40943 -0.70987 -0.16517 -1.8402 1.0372 -0.53022 0.23762 -1.2514 0.34644 -0.27487 1.3052 0.45394 0.11031 0.19468 -0.13329 -1.1176 -0.12657 -0.038007 0.63506 0.15119 0.57684 0.18242 -0.76595 -0.1597
-0.4756 0.92448 1.4061 -0.30046 0.2973 -0.7774 -0.61356 -1.3305 0.27867 -0.92104 0.91374 1.5036 0.12252 0.47244 -0.025482 -0.20956 -0.96728 -0.35812 -1.8271 0.53045 -0.42748 0.581 -0.6933 0.44712 -0.55907 1.1193 0.060626 -0.0063696 0.34567 -0.37331 -0.65448 0.81679 -0.8194 0.60585 -0.37425 0.57332 0.4219 -0.74916 -0.45303
-0.32544 0.90378 1.5723 -0.89718 0.067796 -0.93606 -0.52729 -1.1783 -0.21777 -1.2905 0.47155 0.96757 0.30236 0.43944 -0.030595 0.20914 -1.0441 -0.60154 -1.0175 -0.040693 -0.1443 -0.12573 -0.41548 1.109 -0.72332 0.89848 -0.12299 -0.22857 0.31603 -0.33233 -0.21617 1.5062 -1.1216 0.26424 -0.7965 0.37152 0.65432 -0.5504 -0.54818
-0.30214 0.77214 1.2797 -1.2932 -0.13178 -1.444 -0.55359 -0.76377 -0.45115 -1.8571 0.43355 0.94935 0.50101 0.39538 -0.25371 0.1955 -1.2347 -0.52938 -0.19006 -0.50801 -0.15754 -0.76104 -0.62122 1.2446 -1.1386 0.67735 -0.10961 -0.38763 0.018831 0.10684 -0.063937 1.7129 -0.86026 0.018985 -0.76757 0.2644 0.49198 -0.29683 -0.52819
-0.42955 0.81591 1.4074 -1.7542 0.005684 -1.5663 -0.90197 -0.94459 -0.38827 -1.917 0.64306 0.29464 0.60869 0.33401 -0.43484 -0.0081346 -1.2168 -0.4618 0.51916 -0.66894 -0.15988 -0.78232 -0.55242 1.2518 -1.0753 0.50504 0.044156 -0.38986 -0.10224 0.63248 0.1084 1.3651 -0.44568 -0.2508 0.05353 0.5329 -0.095888 -0.10666 -0.4571
-0.36141 0.71615 1.7026 -1.6761 -0.54265 -1.1193 -1.0568 -1.3202 -1.2267 -1.484 1.8082 0.77871 0.64749 0.32777 -0.49927 -0.071361 -0.68548 -0.53245 1.015 -0.86644 -0.39862 -0.72049 -0.10029 1.3552 -0.97 0.33216 0.20395 -0.29998 -0.028536 1.1754 0.019939 0.77172 -0.016628 -0.062727 0.73512 1.0864 -0.7382 0.044844 -0.34925
-0.098003 0.48059 1.4852 -1.9017 -0.36054 -0.56623 -1.033 -1.5156 -0.71695 -1.8388 2.1103 0.1419 0.72104 0.54278 -0.5876 0.1382 -0.12254 -0.38998 1.2628 -0.75655 -0.53536 -0.039433 0.3762 0.85781 -1.0171 0.21963 0.32174 -0.21374 0.015336 1.3339 -0.040535 -0.0042538 0.39561 0.29727 1.1283 1.2535 -1.3874 -0.20982 -0.26646
0.04146 0.38403 1.3224 -1.8719 -0.26237 0.051634 -1.4636 -1.2042 -0.73078 -1.8498 1.9057 -0.21414 0.75515 0.63791 -0.70066 0.060371 0.44786 -0.51669 1.0792 -0.51485 -0.11006 0.41543 1.0543 -0.038482 -1.0765 0.16946 0.24068 -0.18948 -0.17156 1.0604 -0.18492 -0.67742 0.74439 0.67522 0.78844 1.1372 -1.5919 -0.52822 -0.1737
-0.028351 0.30815 1.3874 -1.7917 -0.85511 0.072197 -1.6272 -1.4243 -1.3963 -1.5547 1.7533 -0.30325 0.72709 0.73032 -0.70736 -0.051189 0.74813 -0.53144 0.50435 -0.084047 0.26636 1.029 1.3384 -0.82951 -1.4363 0.089961 0.11854 -0.13593 -0.45638 0.75022 -0.21559 -1.1055 0.96798 0.90423 -0.00033599 0.69686 -0.79568 -0.35769 -0.12473
0.35556 0.08396 1.7191 -1.4313 -0.48119 -0.01082 -1.4648 -1.468 -0.027746 -1.2229 1.4054 -0.52035 0.80366 0.64466 -0.77038 -0.31499 0.88998 -0.78696 0.0028612 0.24442 0.51726 0.40593 1.6583 -0.98809 -1.8066 0.073322 0.091846 0.0059183 -0.73553 0.48082 0.13008 -1.0532 0.80892 0.92811 -0.64114 -0.12524 0.29197 0.30743 -0.11043
0.31578 -0.061752 1.5687 -1.0667 -0.96905 -0.029827 -1.4784 -1.0674 -0.11529 -0.027221 0.95927 -1.0186 0.82457 0.73806 -0.79051 -0.5628 1.0767 -0.63606 -0.48609 0.75098 0.91988 -0.042024 1.4485 -0.26241 -1.3598 0.035231 0.086128 0.18049 -0.98022 0.29898 0.43764 -0.74667 0.23167 0.84776 -1.1376 -0.88248 0.86094 1.2383 -0.15491
0.68629 -0.19185 1.4256 -0.90493 -1.1939 -0.30668 -0.94353 -1.0188 0.23709 -0.1537 1.0684 -1.451 0.73303 0.78636 -0.64994 -1.1119 1.191 -0.21478 -0.60318 0.64176 1.3792 -0.41147 0.7581 0.25757 -0.50232 -0.0090077 0.21173 0.42614 -0.89815 0.076136 0.95624 -0.41093 -0.50439 0.51918 -0.66255 -1.2688 0.37242 1.6984 -0.26641
0.61721 -0.50397 0.72569 -1.0359 -1.3735 -0.31208 -0.95582 -0.77722 -0.96272 -0.068877 0.93801 -2.7011 0.84236 0.80187 -0.45456 -1.5536 1.1589 -0.0066624 -0.72885 0.15532 1.4928 -0.97454 0.059337 0.26484 0.37169 -0.15755 0.19908 0.62905 -0.71469 -0.11394 1.1404 0.023535 -1.2354 -0.2252 -0.092311 -0.61206 -0.64037 1.3262 -0.32684
0.94431 -0.51343 0.72276 -0.4338 -1.0311 -0.75119 -0.59739 -0.052239 -1.1966 -0.22153 2.0366 -1.2454 0.76843 0.97318 -0.19774 -1.5619 0.98593 0.65559 -0.70946 -0.46836 1.2395 -0.53552 -0.13539 -0.51127 0.70089 -0.32662 0.21789 0.74544 -0.34039 -0.31789 1.0494 0.34122 -1.3281 -1.1244 0.44916 0.29527 -1.0636 0.59435 -0.36648
1.0171 -0.40446 0.067703 -0.12609 -0.81191 -0.77051 -1.1107 0.12625 -1.1777 -0.66349 1.8681 -0.34532 0.72705 0.98311 0.077212 -1.7256 0.95444 1.022 -0.35752 -1.1433 0.52873 -0.18184 0.69754 -1.1625 0.67317 -0.41483 0.18412 0.76949 -0.15298 -0.59252 0.80204 0.69352 -0.84997 -1.7806 0.33286 0.79629 -0.89829 -0.23267 -0.34324
1.3709 -0.45984 -0.21703 0.062685 -0.65696 -1.092 -1.5301 0.21726 -0.83495 -0.67876 1.02 -0.23445 0.55663 1.0669 0.38058 -1.6904 0.6801 1.198 -0.048646 -1.3407 -0.37516 0.13536 1.0242 -1.1595 0.52885 -0.56306 0.0092202 0.65207 0.075565 -0.81967 0.12767 1.0064 -0.082895 -1.8248 -0.46228 0.35193 0.039166 -0.36061 -0.30576
1.6319 -0.2978 -0.30497 -0.075218 -0.12613 -1.0314 -1.9891 0.13741 -0.42556 0.21496 -0.34765 -1.0999 0.35866 1.0675 0.59456 -1.7918 0.17583 1.198 0.41814 -1.0993 -1.232 -0.61274 1.0493 -1.2112 -0.0018688 -0.67875 -0.22117 0.55156 0.40704 -0.8711 -0.53824 1.1579 0.74221 -1.0751 -1.1315 -0.77922 0.81809 0.16312 -0.26348
1.793 -0.19563 -1.098 0.16732 0.015212 -0.57169 -2.2483 -0.71602 -0.61575 1.229 -0.084135 -1.4005 0.3363 0.93987 0.67748 -1.3896 -0.19318 0.81283 1.0349 -0.67144 -1.4996 -1.3043 0.38529 -0.41275 0.32489 -0.76428 -0.46521 0.45632 0.61331 -0.63106 -0.95909 0.93285 1.2512 0.16046 -1.1121 -1.8374 1.0165 0.86222 -0.19639
1.9365 -0.011688 -1.388 -0.11199 0.23922 -0.4835 -2.2622 -1.0245 -1.3269 0.76748 0.74798 -1.2032 0.18138 0.65557 0.8877 -1.0963 -0.27525 0.24463 1.5498 -0.035094 -1.0481 -1.8613 -0.50924 0.09565 1.1011 -0.8051 -0.64844 0.35897 0.92923 -0.33565 -1.0018 0.3103 1.2951 1.3692 -0.18813 -2.0685 0.51746 1.1845 -0.1226
2.282 0.29121 -1.6727 -0.12285 0.58273 -0.1674 -1.8068 -1.2605 -2.4246 0.33671 0.70414 -0.28915 -0.08634 0.45818 1.0272 -0.85988 -0.30369 -0.0633 1.3637 0.5717 -0.16669 -1.5986 -1.8022 0.21523 1.6909 -0.86581 -0.71286 0.088999 0.75011 0.019607 -0.63043 -0.35253 0.89363 1.7112 0.72925 -1.0308 -0.39779 0.60845 0.068368
2.1485 0.3148 -1.4355 -0.3567 -0.038508 0.81569 -2.1952 -1.2877 -2.4845 -0.75204 0.88389 0.42767 -0.23997 0.17565 1.0434 -0.26792 -0.41587 -0.17994 0.92925 0.81024 0.78856 -0.87003 -1.9166 -0.49479 1.6684 -0.85648 -0.67487 -0.54465 0.53067 0.20084 -0.057766 -0.95529 0.078945 1.16 1.5645 0.40247 -0.36423 -0.347 0.43148
2.1448 0.69238 -1.5048 -0.18002 -0.3882 1.1264 -1.6259 -0.59431 -2.6642 -0.81723 0.13667 0.757 -0.43585 -0.064725 0.75339 -0.36123 -0.093478 -0.11312 0.63373 0.64672 0.94436 -0.26442 -0.9315 -0.91702 1.2511 -0.61145 -0.58226 -1.096 0.32931 0.40184 0.42608 -1.3154 -0.49729 0.16231 1.7395 1.955 0.18998 -1.2114 0.84883
2.2198 0.99465 -1.7659 -0.34479 0.09853 0.55454 -1.2976 -0.15266 -1.9423 -1.6735 -0.097453 0.57352 -0.63408 -0.26158 0.075361 -0.32708 -0.0059203 0.17635 -0.05796 0.064845 0.67032 0.77341 -0.14874 -0.070625 0.63453 -0.1289 -0.43906 -1.415 0.38127 0.52755 0.47957 -1.4027 -0.65651 -0.68867 1.7723 2.1864 0.96314 -1.6549 1.1424
1.9874 1.0245 -1.4357 -0.46055 0.048375 0.44408 -1.3454 -0.031582 -1.9056 -0.75525 -0.32711 0.67308 -0.63376 -0.34106 -0.39771 -0.20081 0.24844 0.54832 -0.86901 -0.052257 0.19649 1.2516 1.1604 0.37882 -0.19425 0.35101 -0.43807 -1.3136 0.90462 0.46423 -0.058284 -1.2313 -0.32365 -0.79812 1.327 1.5504 1.2802 -1.4565 1.1336
1.974 0.7353 -2.161 -0.06236 0.30724 0.64661 -1.5901 -0.44337 -2.3965 -0.15272 -0.088583 0.81125 -0.48625 -0.45544 -0.84523 0.38178 0.40959 0.37673 -1.2283 -0.15028 -0.21362 2.1132 1.3387 0.77881 -0.89137 0.78972 -0.44566 -0.82463 1.1731 0.27211 -0.79429 -0.7687 0.26396 -0.46929 0.54919 0.59076 1.0267 -1.1997 0.78933
1.9286 0.048097 -1.8672 -0.22584 0.5782 0.01235 -2.1897 -0.74413 -1.159 -0.41721 1.3706 0.85462 -0.1019 -0.73535 -1.0741 1.0255 0.57464 -0.30745 -1.3314 0.099373 -0.20589 1.8652 1.3764 1.2137 -0.87446 1.0403 -0.3575 -0.16949 1.2627 -0.21529 -1.2623 -0.13516 0.62845 0.019325 0.034683 -0.22347 0.44294 -0.88265 0.27149
1.696 0.061516 -1.4583 0.076962 0.40819 -0.52186 -1.8423 -0.70913 -0.78268 0.85274 0.83243 -0.13691 0.1556 -0.84516 -1.0231 1.3197 0.34109 -0.83303 -1.4091 0.49061 -0.071473 1.6213 0.90913 1.5605 -1.4043 0.99628 -0.12993 0.52719 0.81726 -0.6543 -1.0728 0.47655 0.76128 0.34762 -0.66376 -0.089158 -0.77232 -0.42248 -0.27547
1.6101 0.0030495 -0.76709 0.27304 0.025302 -0.89864 -1.298 -0.37014 0.62782 0.13377 0.53532 -0.75729 0.36268 -0.77389 -0.60499 1.7634 -0.13511 -1.1382 -1.0353 0.84623 0.14716 1.5643 0.94107 0.86939 -1.6874 0.75316 0.096021 0.76732 0.12465 -1.0005 -0.35569 0.87042 0.47054 0.16511 -0.86657 -0.0080857 -1.8169 0.20498 -0.57706
1.1101 -0.18031 -0.32642 0.25502 -0.57451 -1.2873 -1.062 -0.20824 -0.36187 0.2244 1.4862 -0.047684 0.46673 -0.66884 -0.16325 1.5852 -0.48911 -1.1534 -0.35301 0.95666 0.27977 0.85346 1.3862 -0.59733 -1.3212 0.42008 0.27349 0.78117 -0.43168 -0.78888 0.29954 0.94081 -0.024497 -0.23939 -1.1494 0.36356 -2.2884 0.99093 -0.72713
0.99969 -0.3317 -0.30252 -0.15994 -0.94914 -1.2706 -1.0283 -0.43179 -0.5485 0.6675 2.0697 -1.2533 0.47139 -0.66394 -0.16946 1.1268 -0.92299 -0.78416 -0.011843 0.7745 -0.071934 0.41 1.1269 -1.3442 -0.50694 0.25352 0.48305 0.95244 -0.68899 -0.090057 0.68774 0.67197 -0.41134 -0.4911 -1.0951 0.15787 -1.8036 1.2943 -0.93291
1.2589 -0.10202 0.051662 -0.41862 -0.764 -0.67974 -0.94612 -0.52895 0.24876 1.2576 0.99545 -1.4616 0.46055 -0.43251 0.11779 0.79703 -0.77476 -0.45122 0.074029 0.46034 -0.45099 -0.23884 1.5356 -1.9121 -0.025525 -0.10823 0.058767 1.0448 -0.55007 0.69121 1.1655 0.39281 -0.27188 -0.72072 -0.80889 -0.67851 -1.0167 1.6272 -1.0639
1.1004 -0.045971 0.23893 -0.69652 -0.76468 -0.60607 -0.97768 -0.30637 0.2861 1.9811 -0.45301 -0.95356 0.45746 -0.060662 0.91123 0.8193 -0.17167 -0.22202 0.18354 0.2669 -0.47349 -0.21201 1.1815 -2.0834 0.23579 -0.72027 -0.83762 0.91565 -0.4028 1.1349 1.3218 0.49959 0.34638 -0.43825 -0.3304 -1.2322 0.18627 1.6605 -1.0038
0.6728 -0.25862 0.072229 -0.84619 -0.66797 -0.97241 -0.55981 -0.76439 0.076371 1.5858 -1.0617 -0.63103 0.57643 -0.87558 1.114 0.66924 0.44322 0.70465 0.39745 0.65745 -0.95884 -0.5527 0.030526 -2.2647 1.5393 -1.0745 -1.7067 0.15103 -0.6288 0.88164 1.4859 0.7465 1.1923 0.16429 0.34707 -1.7974 1.529 1.2773 -0.54008
1.0097 0.19022 0.43746 -0.31809 -0.93362 -1.183 -0.74393 -0.86889 -0.43315 1.9439 -0.79241 -0.52381 0.087791 -1.9035 0.92515 0.40553 0.62069 1.0622 0.89804 1.3397 -0.69969 -0.13838 -0.53681 -0.79965 2.0086 -1.133 -1.915 -0.76691 -1.0346 0.27642 1.2864 0.65971 1.3228 0.83062 0.96872 -1.7745 2.1477 0.40683 0.13774
1.1716 1.2925 0.8699 0.1785 -1.0904 -0.84599 -0.86185 -0.70811 -0.8171 1.6862 -0.13426 -0.30145 -0.68719 -2.4809 0.37257 -0.21792 0.4996 1.6304 1.305 2.2525 -0.029929 0.45164 -1.1323 0.49893 1.6254 -0.90785 -1.0337 -1.1492 -1.0156 -0.11448 0.31015 0.21116 0.56207 0.96139 1.49 -1.4204 1.988 -0.87655 0.70384
-0.64156 0.82154 0.47447 0.19409 0.81695 -0.067065 0.13794 -1.9012 -0.7299 0.43178 -1.6455 1.1575 -0.68524 -2.5893 -0.054177 -0.74299 0.31846 1.6748 1.1364 2.0549 0.68561 1.3277 -1.7191 0.82465 1.0024 -0.54725 0.25236 -1.0649 -0.8745 -0.417 -0.43802 -0.43158 -0.59698 0.62293 1.4368 -1.1165 0.69656 -1.3125 0.96614
-1.4971 0.5981 0.47647 -0.12853 0.57311 0.98515 1.077 -0.77678 0.93852 1.1193 -0.13208 1.3634 -0.51286 -2.3342 -0.39785 -0.72585 0.36846 0.97657 0.74633 1.3881 0.23026 1.8585 -2.1645 0.89375 0.30484 -0.056748 1.5701 -0.41521 -0.35316 -0.4882 -1.2308 -0.99757 -1.7103 0.39444 0.85271 -0.28248 0.074988 -1.3983 0.7467
-1.7889 -0.1034 -0.47407 -0.35716 1.2804 0.73128 2.1306 0.0048017 0.73009 0.42487 0.22909 0.67008 -0.28663 -1.5459 -0.54455 -1.0371 -0.11556 0.60205 0.3005 0.57907 0.38372 2.1898 -2.2097 0.39147 0.066163 0.24052 2.2398 0.26948 0.1854 -0.32553 -1.2482 -0.98927 -2.2637 -0.28257 -0.15065 0.28998 -0.36947 -1.1075 0.32298
-1.6713 0.065368 -0.69718 -0.083566 0.85167 -0.23748 0.97552 -0.028552 1.4251 -0.79946 -0.066062 0.185 -0.27385 -0.28419 -0.10617 -0.76009 -0.22076 -0.067051 -0.33827 -0.39357 0.88339 1.8172 -1.4371 0.86129 -0.67955 0.088688 1.9353 0.75602 0.8929 -0.20435 -0.86439 -0.48876 -1.9159 -0.60395 -1.0852 1.1416 -0.41113 -0.57793 -0.15613
-1.3105 0.54707 0.32529 0.7724 -0.31386 -0.14184 0.13007 -1.5124 1.3791 -0.90641 0.3546 -0.026905 -0.42907 0.26653 0.26791 -0.37445 -0.014595 -0.069055 -0.3652 -1.5275 -0.21527 1.0232 -1.508 0.098009 -0.70123 -0.018647 0.92035 0.61991 1.1266 -0.0028961 -0.34787 0.019474 -0.7107 -0.73438 -1.5502 1.5639 -0.084778 -0.061046 -0.25493
-1.3721 0.59907 -0.75098 -0.43675 0.84512 0.28595 0.32068 -0.48521 2.0851 -1.3853 -0.68992 1.0237 -0.48041 0.11184 0.51075 0.66134 -0.078982 -0.25308 0.082638 -1.3473 -0.67909 0.1403 -0.26707 0.21431 -0.45632 -0.21812 -0.17146 -0.06375 0.42348 -0.014375 0.12212 0.28501 0.72609 -0.33606 -1.1093 1.4281 -0.21801 0.12052 0.00053126
-1.4511 0.40006 -0.517 -0.39746 1.0222 -0.12321 0.50534 0.075025 1.9985 -0.45743 0.43612 0.14684 -0.49109 -0.15343 0.22491 0.42232 -0.19989 0.072453 0.15699 -0.36075 -0.3014 -0.25662 0.28342 0.54131 -0.16439 -0.081024 -0.41063 -0.28435 0.063728 0.38124 -0.18532 0.18911 1.2573 0.0036601 -0.5177 0.8899 -0.17372 -0.25937 0.13584
-1.3058 0.6058 -0.22924 -0.0011718 0.59834 0.50428 -0.69478 -1.0588 1.9602 -1.2469 0.14307 -0.083656 -0.34363 -0.37896 -0.1968 -0.34702 -0.16341 0.097272 0.023222 0.43418 0.24654 0.10461 0.47846 0.19961 -0.70654 0.12068 -0.10584 0.012384 -0.40411 0.749 -0.076076 0.1388 0.68475 -0.19496 0.05204 -0.086612 -0.50037 -0.32745 0.041449
-1.7736 0.57737 0.86719 -0.16531 0.46449 0.39765 0.40614 -1.0913 0.45069 -0.0053623 0.50333 -0.19557 -0.63492 -0.20799 0.12555 0.24604 0.74549 -0.5702 0.086421 0.038471 -0.68726 -0.060346 -0.12711 -0.24614 -1.0887 0.064758 0.30528 0.73664 -0.20969 0.76211 0.13206 0.13189 -0.13008 -0.044296 0.118 -0.47645 -0.57546 -0.06341 -0.41165
-1.6942 0.4808 -0.35019 0.016708 0.56614 -0.32965 0.39197 -0.66639 1.5587 -0.88474 0.66044 0.31085 -0.33683 -0.051722 0.58082 -0.038205 0.86633 -0.058362 0.43455 -0.21715 -0.88749 0.14558 -0.22702 -0.39655 -0.64186 -0.214 0.6908 1.1082 0.14971 0.61888 0.55432 0.32217 -0.83153 0.52386 -0.030392 -0.50245 -0.50953 0.40673 -0.8323
-1.7413 0.1871 -1.0993 0.08439 0.26179 0.12362 0.96899 -0.5276 2.457 -0.42519 -0.15699 -0.96536 -0.24765 0.20577 1.1172 -0.14408 0.7282 0.40348 0.25349 -0.30902 0.16174 -0.034215 -0.2951 -0.31535 -0.32036 -0.68049 0.81445 0.75025 0.26946 0.094308 0.84598 0.44774 -0.66582 1.6528 -0.61213 0.02374 -0.50059 0.6872 -1.0253
-1.4661 1.028 0.19809 0.70555 0.15067 0.57526 -0.28945 -1.4833 1.7873 -1.8164 -0.95899 -0.72033 -0.52219 0.60619 1.2353 0.1305 1.0155 0.63422 0.64002 -1.0465 0.83994 0.020645 -0.41989 -0.78869 -0.2812 -1.0569 0.72087 0.14065 0.42282 0.0057699 0.25877 0.27741 -0.35936 1.8508 -0.96593 0.5061 -0.14979 0.77142 -0.82143
-1.4646 1.3766 -0.2089 0.75402 1.2618 0.90758 -0.403 -1.4729 1.7397 -0.43368 0.5942 -0.56008 -0.90879 0.86972 1.1031 0.67553 0.8425 0.63955 0.94678 -0.87516 1.696 -1.299 0.02095 -1.0551 0.09717 -1.4234 0.39927 -0.69634 0.03343 -0.10933 -0.42477 0.13299 0.35978 1.4073 -0.50577 0.84221 0.14912 0.54643 -0.26645
-1.1911 2.0584 0.025705 0.592 1.0586 0.42773 -0.56263 -0.2152 0.95209 -1.2877 -0.0099176 -0.18982 -1.3946 0.86052 0.83152 0.36217 0.81223 0.30804 0.69458 -0.65927 1.9831 -1.2713 0.61442 -0.33031 0.68272 -1.3725 -0.27908 -1.5907 -0.37264 -0.63443 -0.74935 -0.52264 1.0404 -0.028822 0.081024 0.41189 0.59452 0.79209 0.76129
-1.0171 1.5258 0.60335 1.2256 1.1456 1.0968 -0.61099 0.50669 1.1336 -0.62936 -0.89135 -0.60513 -1.721 0.76455 0.1058 -0.20214 0.61377 -0.19637 0.53068 0.18749 2.3524 -0.46441 0.84769 -0.25055 0.28447 -1.0191 -0.54775 -1.9165 -0.66799 -1.1265 -0.69913 -0.92093 1.0958 -1.8961 0.87771 -0.045371 1.0071 0.75126 1.8375
-0.56629 1.3854 -0.026231 0.95299 1.0284 1.2507 -0.23141 1.4041 0.063235 -0.90706 -1.2972 0.10362 -1.7728 0.16722 -1.0361 -0.15754 -0.085864 -0.30309 -0.21938 0.45182 0.43843 -0.23193 -0.018903 -0.0064483 1.1995 0.15853 -0.37791 -1.8057 -0.36186 -2.105 -0.67922 -1.1598 0.73296 -2.8448 0.76537 -0.20789 0.64645 0.36325 2.5757
-0.80601 1.5131 -0.4617 1.3623 0.36626 1.2028 -0.33595 0.60669 1.2088 0.28107 -0.098837 -0.023951 -1.7553 0.25843 -1.3002 -0.36218 -0.86106 -0.31849 -0.49711 0.70809 -1.2918 0.030783 0.25343 0.7924 1.3321 1.2329 0.12221 -1.2423 0.24087 -2.4793 -0.63769 -1.1603 0.20318 -2.3778 0.61346 0.3979 0.1934 0.035807 2.5972
-0.61784 1.3683 -0.014868 1.3916 0.33866 1.3149 -0.084999 0.99935 1.4862 -0.68927 -0.5688 -0.56087 -1.7714 0.45047 -1.6098 -0.26385 -2.4657 -0.85818 -1.1923 0.50505 -1.8279 0.092991 0.50801 0.43656 0.88211 2.2981 0.61932 -0.58803 0.41981 -2.1953 -0.55387 -0.58597 0.28088 -0.31858 0.50748 1.0323 -0.73093 -0.75287 1.8144
-1.5962 -0.16603 -0.13414 0.018788 1.3561 -0.25556 0.075614 -1.4823 0.88208 -1.2008 0.69621 2.0866 -0.3449 0.82796 -1.771 0.30962 -2.9244 -1.0703 -1.3846 0.54283 -1.2255 0.66376 1.3711 -0.089538 0.51648 2.7478 0.43843 -0.26264 0.19119 -1.2234 -0.42491 0.09488 0.43916 1.3434 0.45119 1.0248 -1.3331 -0.96967 0.6717
-0.28757 0.67305 -0.2135 -0.42256 0.46999 0.12458 0.33256 -1.1527 0.70564 -0.47986 0.30091 1.1168 0.033148 0.95039 -1.8254 0.31093 -3.2416 -0.92571 -0.97561 1.0693 -0.24014 0.51812 1.4558 -1.031 0.11528 2.7799 0.089313 0.40708 -0.27063 0.5088 -0.035291 1.1279 0.82136 2.0597 0.35872 0.40548 -1.2499 -1.1662 -0.68885
-0.06155 -0.55889 0.093639 -2.2211 -0.63507 -0.46905 -0.12889 -0.49226 1.0015 0.60666 -1.3307 -0.077354 0.97739 0.76241 -1.6507 -0.28696 -2.8102 -1.0479 -0.38074 1.2723 0.55017 0.7657 1.7983 -1.1433 -0.20685 2.2427 -0.67279 0.69578 -0.80718 1.72 0.57511 1.5389 0.75488 1.2793 -0.2721 -0.89519 -0.74205 -0.86925 -1.4407
0.44755 -0.43345 0.32074 -1.7621 -0.62085 -0.48851 0.56226 0.57957 1.8147 1.6209 -0.94065 0.69628 1.0322 0.63117 -0.96257 -0.49531 -1.5621 -0.92156 0.69208 1.7389 1.3346 0.79396 1.0962 -1.5398 -1.0686 1.2676 -0.9725 1.0724 -0.81539 2.6179 1.1818 1.4514 0.36452 -0.090849 -0.94524 -1.9468 0.19022 -0.43158 -1.6736
-0.16684 -0.69214 -0.10769 -2.118 -0.29662 0.17832 1.4256 0.12269 2.0056 1.1289 -1.2575 0.10818 1.2242 -0.18742 -0.99251 -0.85379 -0.49753 -0.010662 1.028 1.6758 0.49663 -0.056196 -0.20317 -1.323 -0.61464 0.82071 -0.85107 1.0842 -0.3461 2.4052 1.4261 0.94051 -0.2211 -1.1919 -1.4527 -2.4132 0.48475 -0.14757 -1.2499
-0.32445 -1.1107 -0.78335 -2.2229 -0.42141 0.31771 1.4698 0.39436 1.9288 0.75726 -1.1621 0.45074 1.1166 -0.26995 -0.28893 -0.98804 0.57803 0.72461 1.3833 1.5671 -0.40915 -1.0764 -1.364 -0.56505 -0.53519 0.37394 -0.37885 0.96998 0.24928 1.5092 0.94152 -0.016645 -0.96783 -1.4344 -1.0834 -1.5103 0.64053 0.20159 -0.64778
-0.30325 -0.79683 -0.68729 -1.8595 -0.11994 0.98653 2.2646 -0.21098 1.351 0.045632 -1.4658 0.15821 1.2621 -0.2715 -0.10144 -0.71618 0.69092 0.74362 1.2679 0.90519 -0.94772 -1.3778 -1.7086 -0.66563 -0.76422 0.36169 0.12508 1.0147 0.94562 0.41839 0.030606 -0.78713 -1.2007 -0.82488 0.0053244 -0.2154 0.52378 -0.044986 -0.33636
-0.24551 -0.86501 -1.0604 -1.4719 0.034888 1.2545 1.7734 -0.33604 0.31708 -0.26443 -2.2088 -0.28746 1.3764 0.0084533 0.27916 -0.089246 0.70902 0.43168 0.56348 0.20148 -0.79174 -0.84292 -1.1139 -0.59197 -0.59148 0.29053 0.28557 0.56144 1.1196 -0.54053 -0.60087 -1.5004 -1.4143 -0.0085029 1.1408 0.94116 0.53729 0.45826 -0.26499
-0.092737 -0.79462 -0.80335 -1.3588 0.40338 1.2961 1.9054 -0.52019 0.016576 -0.62675 -1.5539 -0.59556 1.4463 -0.11661 0.48857 0.5172 0.22558 0.20388 -0.18303 -0.022398 -0.95712 -0.16833 -0.74653 -0.26642 -0.67355 0.23582 0.57273 0.51008 0.73997 -0.70556 -0.76109 -1.7522 -1.4911 0.49266 1.3233 1.5144 1.2108 1.2522 -0.61096
-0.16992 -0.64187 -0.57641 -1.1558 0.33522 1.3819 1.9375 -0.50397 0.86091 -0.43332 -1.736 -0.24101 1.4853 0.1412 0.39221 0.55183 -0.22629 -0.089819 -1.0048 -0.77045 -0.43765 0.72469 0.0093156 0.30542 0.33126 -0.056812 0.70868 0.93682 0.35961 -0.032819 -0.66465 -1.4495 -1.5446 0.56311 0.70652 1.3783 1.4393 1.6001 -1.3064
-0.33128 -0.46236 -0.37418 -1.5981 -0.062369 0.65274 1.6211 -0.63959 1.4378 -0.18647 -2.0381 -0.45846 1.4694 0.64919 0.72876 0.38628 -0.1926 -0.37231 -1.5882 -1.5615 -0.16847 0.63016 0.71055 1.3024 1.262 -0.60263 0.48207 1.2566 -0.094251 1.2956 -0.14995 -0.38592 -1.2729 0.91395 -0.39612 1.0913 0.87754 1.0428 -2.0331
-0.56815 -0.459 -0.076614 -2.05 -0.13001 0.046036 1.7835 -1.0371 1.3431 -0.60384 -1.4712 -0.61011 1.3905 0.84861 1.7886 0.66425 0.84769 -0.48092 -1.7409 -2.0868 -0.090676 0.24526 0.87093 1.4973 1.6189 -1.7234 -0.60086 1.0256 -0.02958 2.1362 0.68871 0.75045 -0.29074 0.64848 -1.02 0.20691 0.48458 -0.059351 -2.0089
0.26113 -0.41603 -0.33834 -1.8257 -0.047867 -0.35919 0.79452 -0.50662 1.6708 0.11887 -1.1707 1.0435 1.1365 0.35937 1.9765 0.27205 2.1473 0.138 -0.59634 -1.8873 0.65749 -0.7729 0.9721 0.88805 0.75456 -2.7174 -1.8083 0.25806 0.11558 1.9007 1.0578 1.2504 0.81809 0.3269 -0.87309 -0.62631 -0.15151 -0.95825 -1.2719
0.92003 0.23639 -0.72871 -1.228 -0.30154 -0.92142 -0.5764 -0.46737 0.338 0.74177 0.092713 1.471 0.46741 -0.76402 1.5524 0.54497 2.6627 0.92407 0.095817 -1.1977 0.41331 -0.73727 0.29009 1.4773 0.46942 -2.7409 -2.395 -0.6946 -0.077861 0.2211 1.0804 1.1747 1.7579 -0.015432 -0.045738 -0.75561 -0.21876 -1.578 0.21621
0.64401 2.074 0.66469 0.43463 -0.19968 -0.91137 -0.33647 -0.74357 0.78578 0.26676 -0.022195 1.2622 -1.044 -1.6906 1.2949 0.66243 2.5104 0.86783 0.13622 -0.41386 0.20856 -0.73151 -0.22479 1.0053 -0.062934 -2.4628 -1.7222 -1.2815 -0.82162 -1.9243 0.55776 0.00026846 2.325 -0.43829 0.78234 -0.83522 -0.15311 -1.4031 1.9409
-0.61737 1.2692 -0.4777 1.4265 0.77409 1.3327 0.23521 0.61834 0.049119 0.80426 -1.7955 -0.45081 -1.7026 -2.2909 0.91917 0.31179 1.0791 1.138 0.37709 0.61826 0.086911 0.12122 -0.010452 0.99708 -1.1021 -1.4482 -0.10252 -1.4625 -1.7348 -3.5593 -0.095324 -1.1323 1.893 -0.48246 0.71168 -0.414 -0.24413 -0.69046 3.0705
-1.9364 0.56715 0.69262 0.55046 1.3431 0.17678 0.61682 -0.87745 1.0867 -0.59911 0.79478 0.37698 -0.95766 -1.8738 0.061271 -1.2058 -0.73223 1.0611 -0.71022 1.7627 -0.061072 0.44563 -0.51388 0.81787 -1.2423 0.25067 1.4624 -1.175 -1.5096 -3.7743 -0.26549 -1.6653 0.6868 -0.53095 0.41846 -0.4055 0.17026 0.5102 3.2142
-1.923 1.0536 0.5271 0.40283 0.42243 -0.77077 0.7871 -0.74747 0.33185 -0.63728 -0.10881 0.33845 -1.1769 -0.85748 -0.37761 -1.8799 -2.5001 0.66569 -1.8242 1.4219 -0.42085 0.1725 -0.37391 1.0787 -0.30911 1.6205 2.3212 -0.68533 -0.75752 -2.3613 -0.35684 -1.0198 -0.85529 -0.15788 -0.39916 -0.36909 -0.32591 1.1399 2.1034
-1.4961 1.3253 -0.52942 -0.82947 1.3666 0.030608 0.78967 -0.098196 1.8195 1.2796 0.71805 -0.2894 -0.5523 0.1242 -0.10322 -1.1656 -2.8934 0.6317 -2.2216 0.51813 -0.60229 0.12114 -0.83491 1.3007 0.55546 1.9887 1.7444 -0.36905 1.0049 -0.2964 -0.063106 0.57145 -1.9784 0.13739 -0.66788 -0.17412 -0.72545 0.76042 0.47147
-0.91061 0.928 -2.7251 -1.465 1.0198 -2.5279 2.0018 -0.54172 0.46218 -0.54313 0.70062 -0.44369 0.4409 0.73224 -0.19269 -1.1789 -2.3436 0.71372 -0.97494 -0.46068 0.02938 -0.56725 -0.57024 0.099876 0.26379 1.5998 0.5347 -0.33326 2.468 1.8105 -0.048029 1.9087 -1.9889 0.23462 -0.79506 -0.42091 -1.4646 -0.17064 -1.0214
-1.0013 1.3185 -1.27 -2.0566 1.0382 -2.5633 1.2588 -1.0014 0.61579 -0.26141 0.53144 0.81099 0.47497 0.35228 -0.67476 0.37861 -1.3827 0.93415 0.087113 -1.2077 -0.031328 -0.60347 -0.75289 -0.14732 -0.017206 1.1389 -0.3484 -0.28739 3.256 2.685 -0.64805 2.9752 -1.1826 0.24942 -0.46119 0.35268 -1.6547 -0.54093 -1.9403
-1.3419 0.61191 -0.46031 -1.861 2.1157 -1.455 0.42378 -0.47797 0.56436 -1.2075 0.75215 0.72112 0.58671 -0.050467 -0.6731 2.1101 0.18341 0.43903 1.0417 -1.6476 -0.2595 -1.1531 -1.2371 -1.1296 -0.35923 0.14304 -0.071599 -0.32594 2.6585 2.6546 -1.7975 2.4309 -0.28821 0.25195 -0.0099154 1.0782 -0.57466 -0.34015 -1.8712
-1.0567 0.49216 -0.80461 -2.1041 1.8352 -0.79871 -0.23535 -0.68646 0.17152 -0.91222 0.49201 0.32506 0.56787 -0.096338 -0.36443 3.4747 0.94687 -0.40135 3.0219 -1.2338 0.0182 -0.56783 0.19651 -1.397 -0.20444 -0.89656 1.0427 -0.30437 0.56503 1.8419 -2.7755 0.94032 0.29848 0.32169 -0.19069 1.4945 0.12463 0.0064284 -1.1146
-1.3873 0.40805 0.74813 -1.3087 1.7238 -0.39803 -0.43699 -0.42034 0.16099 -0.53991 -0.2671 -0.49697 0.19443 0.82515 -0.91638 2.4032 1.5375 -1.8866 2.6705 -1.0328 0.48566 -0.61267 1.0788 -0.42841 -0.31548 -0.86742 1.9053 -0.64349 -1.5718 0.74429 -2.424 -0.91077 0.33928 0.32877 -0.28735 1.1237 1.182 0.57579 0.11012
-1.267 0.64424 1.3443 -0.54778 1.5604 0.42346 -0.4005 -0.75409 -0.18985 -1.0939 -0.90555 -0.86884 -0.14721 1.7174 -1.0841 1.3171 1.4389 -2.9559 1.2666 -0.94558 0.21482 -1.2836 1.0309 -0.2529 -0.02409 -0.43185 2.1014 -0.79228 -3.2301 -0.091691 -1.1592 -2.5381 -0.17398 0.11538 -0.60948 -0.15544 1.4575 0.81707 1.0913
-0.91564 0.74074 2.2727 -0.79158 -0.051614 2.1421 0.90924 -0.67706 -0.0289 0.17087 -0.82526 0.63994 -0.72002 2.3429 -1.4345 0.1449 1.3465 -2.6951 0.039786 -1.1419 0.27491 -1.4095 0.55879 0.65734 0.69566 0.11558 1.2643 -0.32068 -3.3268 -0.64245 0.65846 -2.6744 -0.48735 0.043516 -0.16624 -0.70513 0.8532 0.5563 1.2653
0.39939 -0.5929 1.1372 -0.26963 -1.4299 0.8261 -1.0931 0.075823 -0.12247 1.0896 1.1876 0.58072 -0.066535 2.7854 -1.4856 -1.6445 0.85991 -2.1003 -0.9476 -1.5396 0.33498 -1.4649 0.15604 0.97013 0.91394 0.64415 0.10383 0.21156 -2.7104 -0.67114 2.2248 -2.0947 -0.46775 0.2287 0.70769 -0.81687 0.14491 -0.46266 0.98561
0.89947 -0.87563 0.45455 -0.43055 -1.3886 -0.46021 -1.3618 -0.48459 -1.801 -0.66881 -0.031243 0.11933 0.49228 2.4787 -1.275 -2.5512 0.59597 -1.1005 -1.7925 -1.7129 0.49509 -0.88019 0.13559 0.6618 0.32188 0.95072 -1.1956 0.9569 -1.2704 -0.70075 2.5948 -1.0061 0.41999 0.09043 1.5948 -0.78679 -0.82031 -1.2932 0.31709
1.4626 -1.0191 -0.22674 -0.13724 -0.81266 -0.82419 -1.6896 -0.39203 -1.4249 -0.42207 0.97546 0.93469 0.56189 1.8227 -0.79678 -2.5789 0.52847 0.3191 -2.1744 -1.5986 0.53986 -0.058343 -0.3577 0.030454 -0.75325 0.98593 -2.0042 1.1765 0.38026 -0.45216 1.9132 0.20927 1.3479 0.28956 2.1764 -0.33985 -0.54999 -1.2764 -0.26843
1.6573 -0.82271 -0.95587 -0.0094872 -0.70648 -0.93143 -1.9184 -0.085418 -1.42 -0.41024 0.18631 0.44978 0.54286 0.74174 -0.11447 -1.8495 0.17017 0.84273 -1.426 -0.30371 0.3346 1.253 -0.72544 -0.51708 -1.0353 0.53503 -2.2009 0.86929 1.4019 -0.4564 0.60969 1.0023 1.9808 0.52097 1.7911 -0.16381 0.49315 -0.81537 -0.41978
1.5296 -0.64149 -1.2662 0.063726 -0.54587 -1.1779 -1.7614 -0.053039 -0.62901 0.052688 -0.16179 -0.16448 0.61002 0.16774 -0.019092 -1.2674 0.20406 0.43166 -0.66675 0.39074 0.97053 2.0642 -0.076283 0.45576 -0.9387 0.3519 -1.933 0.29751 1.7395 -0.54609 -0.50281 1.4115 2.2311 0.73327 0.69432 0.14883 1.5189 -0.15508 -0.1883
1.6545 -0.78746 -0.92924 -0.10918 -0.19401 -1.4551 -1.6758 0.29896 0.059871 0.0093233 0.070184 -0.6022 0.68771 -0.52151 -0.15182 -0.50499 -0.11864 -0.031965 -0.42283 1.1729 1.292 1.8395 -0.32203 1.431 -1.2015 0.48578 -1.3567 -0.18279 1.5312 -0.56298 -0.72458 1.3426 1.9878 0.73061 -0.75171 0.22569 1.5655 0.020992 0.15932
1.3244 -0.99766 -1.3719 -0.20671 -0.53014 -1.7396 -1.4837 0.080199 0.9283 -1.0492 0.45815 -0.81034 0.80477 -0.90832 -0.2614 0.10317 -0.37471 -0.14891 0.30367 2.0363 1.4925 1.11 -0.26197 2.089 -0.97569 0.6597 -1.0427 -0.15825 1.04 -0.5494 -0.23355 1.1472 1.8147 0.13554 -1.5666 0.33756 0.41879 0.088374 0.20669
1.3145 -0.93688 -1.3748 0.059441 -0.83472 -1.2538 -0.81355 0.9001 0.35067 -0.57417 1.2823 -0.39638 0.95125 -1.0824 -0.31266 0.41708 -0.62018 -0.17705 0.92452 2.7678 1.4997 0.1338 -0.18412 1.7922 -0.97287 0.67766 -0.4769 0.029512 0.48173 -0.28598 0.40107 0.7947 1.1843 -0.50519 -1.6523 0.95871 -0.94385 0.18551 0.024678
0.72618 -1.1168 -0.93223 -0.31379 -0.80281 -1.4323 -0.18652 1.3346 0.63046 -0.6382 2.9439 -0.88384 1.1486 -1.3689 -0.2153 0.27443 -0.59905 0.09022 1.0864 3.1468 1.1179 -0.40251 0.52306 1.1083 -0.87539 0.64071 -0.069491 0.11221 -0.092582 -0.10004 0.68773 -0.13575 0.080528 -1.2441 -1.2508 0.91824 -2.211 -0.08264 -0.19862
0.51223 -0.96099 -0.80249 -0.53564 -0.64009 -0.147 0.80493 1.5919 -0.09189 -0.32345 1.9508 -1.2489 1.3508 -1.1262 -0.12466 0.33339 -0.55884 0.5926 0.87493 2.9305 0.46543 -0.90499 1.1743 0.030052 -0.88125 0.54105 0.37254 0.16726 -0.384 0.1757 0.66658 -0.85465 -0.97639 -1.4472 -0.5908 0.71321 -2.6073 0.0019553 -0.35146
0.35413 -1.0904 -0.6258 -0.81804 -0.53575 -0.024364 1.6775 1.483 -0.15797 -0.2695 1.3934 -1.8124 1.3424 -1.0142 -0.16124 -0.040701 -0.60376 0.73351 0.070608 2.0955 -0.46299 -1.0222 0.86817 -1.4548 -1.1833 0.35793 0.84033 0.17172 -0.41416 0.38016 0.26708 -1.2377 -1.699 -1.0399 -0.076054 0.30358 -1.8351 0.45655 -0.47821
-0.1308 -1.1332 -1.0386 -0.66371 -0.066349 -0.4624 1.961 1.236 0.10664 0.46396 1.4759 -1.5428 1.4148 -0.6202 -0.049705 -0.17418 -0.29127 0.72996 -0.32976 1.3539 -0.58357 -0.81233 1.0498 -2.1435 -0.8128 0.16433 1.2942 0.2714 -0.36321 0.57899 -0.31576 -1.0252 -1.9171 -0.34531 0.22987 0.29882 -0.54101 1.3911 -0.62713
0.18953 -1.1154 -0.99841 -0.63831 0.12307 -0.724 1.8961 0.69092 -0.49755 0.543 0.91345 -1.642 1.4602 -0.17027 0.044971 -0.27888 -0.017014 0.52115 -0.87495 0.57334 -0.42731 -0.6163 1.1869 -1.478 -0.0012238 -0.061695 1.7859 0.6914 0.072836 0.7513 -0.77319 -0.40508 -1.798 -0.042947 0.3005 0.53915 0.48643 2.0121 -0.92358
-0.11554 -1.1912 -1.3196 -0.85118 -0.089842 -1.4819 1.5918 0.59769 -1.0543 0.14885 -0.14643 -2.3515 1.4028 0.6913 0.2435 -0.25616 0.24214 0.13478 -0.77136 -0.099438 -0.25059 -0.62848 1.6071 -1.0442 1.291 -0.41724 1.0562 1.4409 0.73119 0.76534 -0.53758 0.22033 -1.8635 -0.449 0.6195 0.14522 1.0852 1.705 -1.3279
-0.02789 -1.0495 -0.80469 -0.72175 0.15661 -1.1027 1.9106 1.186 -0.27684 0.92532 0.16607 -1.9631 1.3869 1.4231 0.89451 0.13421 0.55193 -0.36767 -0.53004 -0.7345 -0.73068 -0.48529 1.6539 -1.036 1.7608 -1.0715 -0.43189 1.8437 1.1475 0.73809 0.14838 0.8575 -1.5383 -1.0128 1.0831 -0.70924 1.2315 1.1888 -1.4504
0.41913 -0.87989 -1.1458 -0.55931 0.0090846 -1.1517 1.9046 1.2191 -0.88731 1.4182 0.32202 -0.88185 1.2073 0.40947 2.0325 1.0253 0.87339 0.20556 -0.014971 -1.6776 -1.3348 0.42558 1.1066 -0.19888 1.6925 -1.804 -2.0797 1.4338 0.85962 0.48923 0.86327 0.97749 -0.7793 -1.1182 1.372 -1.9043 0.96759 0.30752 -1.1027
1.4115 -0.80733 -1.1285 -0.37489 -0.3139 -1.2607 1.4955 0.87583 -0.85542 2.2708 0.30303 0.64467 0.71078 -0.78617 2.3587 1.2909 1.0646 0.76875 0.56738 -1.6831 -1.9013 1.1404 0.048434 0.5574 2.1598 -2.0697 -2.8906 0.3216 0.24544 -0.06868 1.0095 0.88577 0.25346 -0.6085 1.2416 -2.3771 0.63191 -0.68942 -0.26976
1.6669 0.29375 -0.71866 0.15427 -0.59051 -1.4747 0.63768 -0.44457 -0.70446 2.2897 -0.36556 0.24917 -0.059671 -1.8213 2.006 0.81968 0.90927 1.1542 0.75154 -1.1768 -1.8894 1.4535 -1.3271 0.089524 1.7041 -1.9719 -2.3069 -1.1316 -0.37184 -0.58149 0.18268 0.72654 1.2531 0.22002 0.48945 -2.0139 0.0063337 -1.476 0.67612
-0.6812 1.7563 0.82799 0.29544 1.0471 -0.7364 -0.70371 -0.98945 0.32871 0.93415 0.61762 -0.58627 -0.77268 -2.4863 1.4664 0.70446 0.3953 1.0124 0.96638 -0.504 -1.6712 1.6198 -1.7953 0.079023 0.38885 -1.4901 -0.96209 -2.0689 -0.72173 -0.93869 -0.74756 0.66401 1.4596 0.62437 -0.48011 -1.0365 -0.044078 -2.1103 1.3892
-1.6497 1.1218 0.11346 0.32651 1.1445 -0.32224 0.37185 -0.93434 0.80782 -0.072783 0.91766 1.0226 -0.6739 -2.752 0.50781 0.59323 0.09307 0.42931 1.332 0.1812 -1.0319 1.2143 -1.924 0.048815 -0.34939 -0.83483 0.94646 -2.1589 -0.34516 -0.44319 -1.7854 0.46494 1.2155 0.50505 -0.88313 -0.045533 -0.02823 -2.066 1.6328
-1.5405 0.65251 -0.59907 0.25411 1.3917 -0.10532 1.2939 -0.27124 1.1646 -0.41005 -0.14785 0.86127 -0.61708 -1.998 -0.49478 0.0027298 -0.3223 -0.22083 1.6928 0.49272 -1.1138 0.23808 -1.685 0.48547 -0.99971 -0.051305 2.0387 -1.3386 0.52102 0.73396 -1.9539 -0.27417 0.33279 0.36873 -1.146 0.37391 -0.39656 -1.7006 1.1537
-1.4043 0.71575 -0.31519 -0.25152 0.43874 -0.080531 1.1028 -0.95993 0.56786 0.24805 0.36163 -0.4437 -0.5387 -0.42965 -0.77255 0.49677 0.4164 -1.4752 1.3874 0.69918 -1.1874 0.27014 -1.4668 -0.1743 -1.7 0.34943 2.2261 -0.058316 0.92129 1.5698 -1.5227 -0.95723 -0.49461 0.6572 -1.1522 0.6785 -0.49377 -0.99573 0.21101
-1.6742 0.26565 0.31092 0.10278 -0.20681 0.67672 0.86648 -0.93276 0.49541 0.068539 0.17895 -0.1316 -0.61075 -0.11567 -0.2247 1.7526 1.623 -1.5888 0.39116 -0.12594 -0.88183 -0.33818 -1.2842 -0.60645 -2.3089 0.06611 1.5992 0.93823 0.50847 1.5866 -0.13505 -1.2301 -0.98249 1.9673 -0.62533 0.55536 -1.021 0.62151 -0.76024
-1.6898 0.46545 -0.20961 -0.14372 0.0096784 1.4202 0.31781 -2.5396 -0.25202 -0.75637 1.1024 -1.7268 -0.31077 0.16396 0.2701 1.4916 2.101 -1.6533 0.0060046 -0.50085 0.13334 -0.94069 -0.78611 -0.39661 -1.6689 -0.50076 0.91957 1.2202 -0.73982 0.41964 1.4249 -1.0019 -1.046 2.8445 -0.41258 1.0277 -0.98035 1.9669 -1.183
-1.4627 0.82688 1.7749 1.4852 -0.7954 1.0476 0.85867 -1.902 1.8074 -1.834 0.039047 -2.098 -0.35241 0.47415 0.61591 0.48099 1.848 -0.36602 -0.16428 -0.85885 2.0936 -0.48549 -0.92903 -1.4489 0.22054 -1.0422 0.97407 -0.04223 -1.6697 -1.1058 1.5033 -0.40433 -0.44352 2.524 -0.019511 1.9471 -0.51426 2.9442 -0.63215
-1.8417 0.65517 2.1066 2.6558 -0.62737 -0.70536 0.65575 -0.95309 -0.040947 -1.4747 -0.67586 -1.5688 -0.80098 0.86457 0.92994 -0.30378 1.0949 0.52581 -0.40511 -1.011 2.9246 -0.53531 0.37999 -1.7173 0.9414 -1.2997 0.96639 -1.5043 -1.6902 -2.2511 0.93631 -0.014284 -0.13769 0.28893 -0.14833 2.5791 0.40581 2.4006 0.58365
-1.0048 1.0313 0.37407 1.976 -1.2111 0.1762 0.5761 0.31108 -0.79111 -0.28152 -0.20642 -1.3416 -1.4817 1.2178 -0.62929 -0.58273 0.012864 0.077248 -0.22317 -0.76172 2.6895 -0.58876 1.9639 -0.97846 2.2319 -0.7119 0.52657 -2.1175 -0.75522 -2.7388 -0.059657 0.51456 0.66291 -2.4911 0.023775 2.0652 1.3733 0.81074 1.6648
-0.87538 1.338 -0.12685 1.1925 0.54157 0.55363 -0.55134 1.6075 0.36074 -1.2293 -1.7174 0.7868 -1.7783 1.4626 -1.727 -1.2492 -1.275 -0.15405 0.031752 -0.83833 0.38942 -1.2094 2.8403 0.17539 2.0923 0.42085 -0.48085 -1.8601 0.71122 -1.9726 -0.61376 0.65886 1.4319 -3.9353 0.45344 0.38619 1.6221 -0.31648 2.0341
-0.67749 1.4206 0.11543 1.2013 0.68994 0.57588 -0.4995 1.0426 -0.14312 0.62801 -1.3319 -0.024519 -1.7295 1.0821 -1.7427 -0.51242 -2.1891 -0.12274 0.72022 0.3416 -1.5737 -0.10482 1.9039 0.34626 1.2565 1.1977 -0.91316 -0.28491 1.6043 -0.39153 -0.54216 0.60081 1.7732 -3.1736 0.33872 -0.80659 1.3866 -1.5828 1.411
-0.14858 -1.3762 0.46171 0.56978 -1.2089 0.76979 0.084948 -0.31754 -0.29093 1.5635 0.38793 0.93059 -0.42201 0.0906 -1.7523 1.0285 -1.5675 -0.48202 0.52808 1.2376 -2.73 0.17496 1.1739 0.85932 0.80318 1.5335 -0.76285 0.64689 0.98451 0.86233 -0.29173 0.26801 1.3095 -0.29819 0.15868 -2.1482 0.9045 -1.878 0.47217
0.1676 -1.295 0.41109 0.65138 -1.3707 -0.020543 -0.096297 -1.8274 -0.715 1.696 0.066994 0.31988 0.27792 0.31151 -1.1137 1.3715 -0.59424 -0.73594 0.81207 1.6722 -2.033 -0.57127 1.2172 1.4477 -0.26294 1.3594 -0.17629 1.1676 -0.81613 1.3417 0.45836 -0.33237 -0.033517 2.5728 -0.39228 -2.6842 0.6981 -1.7378 -0.28742
-0.74561 -0.26615 0.85047 -0.52415 -0.20036 1.0059 1.56 -1.8107 -0.091303 0.19468 -0.85176 -0.0082443 -0.14756 0.51653 -0.91657 -0.29565 -0.43871 -0.36761 0.57284 1.0557 0.013919 -0.64721 -1.0326 1.4289 -0.87322 1.2191 0.46762 0.89832 -2.3964 0.80546 0.98244 -0.75742 -1.1284 4.0599 -0.17643 -2.8722 0.31569 -1.3545 -0.53165
-1.2027 -0.38954 1.7496 0.24898 -1.0546 1.2781 1.496 -1.5384 0.055549 0.81937 0.49778 0.80974 -0.32033 0.55599 -0.12923 -1.4341 -0.20702 0.66874 0.028536 0.3487 2.1176 -0.52991 -2.2624 1.453 -1.3523 0.81943 0.60679 0.15804 -2.467 0.28855 0.91435 -1.4901 -1.9356 3.2253 0.39102 -2.1763 -0.31772 -0.74408 -0.31775
0.27847 0.017288 1.4833 1.041 -0.19527 1.8729 0.95844 0.042908 -1.0079 1.5953 0.41568 -0.025199 -0.22292 0.77296 -0.682 -2.2059 -0.23559 0.6207 -0.63888 -0.33934 3.1941 -0.22544 -2.7255 1.4837 -1.3383 0.81323 0.41756 0.34525 -0.81649 0.0094613 0.65445 -1.4617 -2.0314 1.1032 0.48202 -0.53342 -1.2654 -0.35687 -0.38247
0.50244 -1.5854 -1.6024 0.17448 -0.87357 0.71649 0.48493 0.74663 -1.2468 -1.2657 1.4076 -1.4388 0.65657 1.2295 -0.95707 -2.4472 -0.1544 0.4507 -1.6739 -1.4578 2.7284 0.038084 -2.208 0.78095 -1.505 0.97042 -0.3481 0.94628 1.3079 -0.14816 0.34738 -0.92912 -1.8141 -1.0943 0.44401 0.9677 -1.949 0.62534 -0.77046
0.37229 -1.5258 -1.3329 -0.027612 -0.12607 0.030507 0.58024 1.3189 -0.71607 -1.6413 2.0222 -0.81531 0.90949 0.8975 0.097153 -1.3736 -0.45494 0.94792 -1.6084 -2.0571 1.8702 0.081478 -2.103 -0.76922 -1.503 0.43116 -0.94919 2.3006 3.2653 0.063248 0.67055 0.093464 -1.4327 -2.0946 -0.0022693 2.4598 -2.2246 1.3889 -1.4845
0.36605 -1.3771 -1.5252 -0.10431 -0.16652 -0.69659 0.19876 1.3057 -0.32761 -2.0568 0.86028 -1.2862 0.79458 -0.11765 1.1272 0.67013 -0.38734 1.1513 -1.4047 -2.3807 0.60261 0.24894 -0.66709 -1.3215 -0.026597 -0.42458 -1.0689 2.4877 3.562 0.23012 0.67301 0.99198 -0.83609 -1.8303 -0.47397 2.8365 -1.6287 1.4248 -1.7718
0.5871 -0.94717 -1.0316 -0.22312 0.13799 -0.98773 -0.38326 0.97924 0.14193 -1.4087 -0.0401 -1.6017 0.57781 -0.20826 2.2794 2.538 -0.0066338 1.5063 -0.55168 -2.7156 0.105 -0.3423 1.3427 -1.9172 0.68135 -1.2542 -0.56433 1.5031 2.239 0.69492 0.0054832 1.1505 0.03385 -1.3501 -0.84837 2.2582 -0.54224 1.0965 -1.3445
0.39399 0.37417 0.59862 0.30607 0.49573 -0.11558 -1.648 1.1592 -0.85367 -1.2964 -0.56767 -1.4398 -0.080168 -0.080159 2.281 2.473 0.051619 1.4119 -0.10028 -2.792 -0.019206 -0.75896 1.6479 -1.9057 0.23291 -1.4868 -0.08284 0.36612 0.13245 1.0772 -0.85539 0.96025 1.3497 -1.0159 -0.99629 0.61102 0.042093 0.23795 -0.67095
0.039949 0.70528 1.306 0.27208 1.2434 -0.53034 -2.0802 1.0215 -1.0502 0.13072 -0.25066 0.17978 -0.42956 -0.10797 2.1355 2.0446 0.64062 0.83984 0.17296 -1.8028 -0.50101 -1.2152 1.1819 -1.5654 0.54576 -1.5418 -0.22058 -0.7933 -1.7894 1.0706 -1.5072 0.5697 2.7435 -0.77128 -0.12639 -0.7608 0.6117 -0.35217 -0.039023
0.29729 0.76454 1.1523 -0.16377 1.1854 -0.41369 -2.578 1.2046 -1.5506 0.055589 -0.47863 -0.57825 -0.5461 -0.31871 1.8353 1.1659 1.3318 -0.064263 0.26849 -0.19861 -1.1166 -1.428 0.61898 -1.4174 0.51571 -1.5305 -0.40826 -1.1498 -2.3884 0.90886 -1.4468 0.57384 3.4026 -0.25447 0.74837 -0.92433 0.95383 -0.2999 0.22549
0.43502 0.9199 1.1916 -0.04076 1.5966 -0.56954 -2.608 1.3511 -1.0564 -0.17437 -0.86925 -1.3779 -0.69058 -0.479 1.1202 -0.27299 1.3836 -0.49387 0.48223 1.3694 -0.88553 -0.28165 0.36719 -0.94248 -0.15681 -1.3052 -0.6776 -1.6313 -2.0267 0.3554 -0.66932 0.64882 2.8618 0.34203 1.3565 -0.37991 1.134 0.2151 0.53677
0.27949 1.3901 1.018 1.1951 0.41013 -0.49854 -1.6328 0.12152 -1.7815 -0.90747 -1.7815 -0.54298 -1.1387 -0.61045 0.78605 -0.99005 1.4025 -0.54937 0.97205 2.3009 -0.34579 0.35019 0.24393 -0.31426 -0.0088213 -1.1853 -0.65746 -2.1589 -1.2462 -0.7872 0.063223 0.27393 1.5419 0.61973 1.5318 0.20146 1.5847 0.7526 1.1652
-0.10284 1.8641 1.1345 1.9048 -0.061567 -0.11938 -0.63084 -0.50991 -2.1572 -0.30962 -1.8896 -0.56569 -1.5422 -1.1454 -0.18061 -0.80045 1.274 -0.12682 1.205 2.562 -0.22752 0.75762 0.62789 0.1461 1.2372 -0.71488 -0.059059 -2.3098 -0.52485 -2.1225 0.34463 -0.32909 0.010815 0.34474 1.04 0.60477 1.72 0.71689 1.7399
-0.45468 1.5667 0.21363 1.4823 0.57394 0.73655 -0.20373 0.90172 -0.61671 0.053264 -0.94354 -1.2939 -1.6249 -1.1339 -1.2734 -0.98516 -0.11997 -0.12019 0.50648 2.2219 -0.23843 1.2849 0.88948 1.2026 1.3147 0.34425 0.78168 -1.8451 -0.21287 -2.4672 0.18952 -1.0319 -1.1777 0.0078684 0.25286 0.3159 1.0274 0.21085 1.7891
-0.48772 1.3816 -0.06417 1.2808 1.0358 0.79151 0.2682 1.2126 -0.59322 0.65712 -0.23063 0.36675 -1.6825 -0.32693 -1.8718 -1.2964 -1.9038 -0.067321 0.052565 1.4122 -0.27498 1.4437 1.2378 1.7339 0.60654 1.1701 1.4249 -0.55879 -0.23899 -1.6063 -0.02251 -1.0625 -1.6304 -0.093614 -0.68957 -0.53599 0.18115 -0.43943 1.0669
-1.1031 0.049551 0.63149 1.3627 1.233 1.0487 0.14135 0.62665 -0.70279 0.45621 -0.88103 1.1834 -1.0835 0.33007 -1.5812 -1.1602 -1.7136 -0.22105 -0.58474 0.53991 -0.32294 0.53524 0.56473 0.9418 0.72724 1.2039 1.2339 0.7315 -0.099663 0.041033 0.063485 -0.15523 -1.4354 0.063 -1.3265 -1.1889 -0.52713 -0.54393 -0.14718
-0.75246 -0.49255 -0.1562 -0.16782 0.42464 -0.75034 0.34174 0.0095281 0.32496 0.41139 0.42048 0.0024217 -0.026001 0.5889 -1.0006 -1.1816 -0.99529 -0.10525 -0.4464 0.17618 -0.38651 -0.3324 -0.258 0.6345 0.66098 0.84204 0.45633 1.499 -0.0044044 1.3868 0.3339 0.64636 -0.87449 0.57958 -1.2807 -1.5872 -0.48914 -0.23048 -1.1475
0.27796 -0.16034 -0.90428 -1.0959 -0.2791 -0.084909 0.41511 -0.63202 -0.46131 1.0162 0.17721 -0.43648 -0.10386 0.54299 -0.43688 -1.242 -0.50405 0.026839 0.45733 -0.0031204 -0.074685 -0.63883 -0.69388 0.69418 0.21014 0.23401 -0.2246 1.1962 0.087433 1.4496 0.78722 1.2313 -0.51157 1.0484 -0.70469 -1.3374 -0.16329 0.48956 -1.3918
0.13817 0.5765 -0.45364 0.76594 0.23935 -0.4452 -0.0028432 0.32508 -1.4763 0.27465 -0.93907 0.55611 -0.81797 0.35162 0.1642 -1.2709 0.1236 0.43028 0.91024 -0.055279 0.72881 -0.6841 -1.2469 0.87562 0.40987 -0.48217 -0.52076 0.65949 0.79899 1.2391 0.84056 0.68095 -0.24461 1.2714 0.17544 -0.77732 -0.059545 0.95787 -0.85762
-0.18215 0.23531 -1.4227 0.70951 1.3831 0.87371 0.22261 1.2057 -0.7902 -0.4385 0.46813 0.54855 -0.92595 0.051718 -0.08249 -0.95345 0.47881 0.95998 1.3397 -0.3691 1.173 -0.78574 -1.564 0.49061 1.8267 -0.72617 -0.19302 -0.48369 0.75426 0.36739 0.3301 -0.27618 0.20197 0.75451 1.0803 0.1775 -0.53132 0.20257 0.43054
-0.3387 0.056207 -1.1274 0.43035 1.0519 1.8463 0.30685 0.59658 -1.2422 -0.16388 0.73616 1.0594 -1.0787 -0.076552 -0.030957 0.21123 0.86427 0.97433 0.56348 -0.14018 1.4835 0.10542 -1.3454 0.61308 1.7561 -0.27523 0.39423 -1.1368 0.62525 -0.27222 -0.36572 -1.1779 0.54721 0.10129 1.5489 1.002 -1.2521 -1.623 1.6515
-0.54204 -0.128 -1.1393 0.6152 1.171 1.0928 0.10232 0.99883 -0.94854 -1.284 0.59217 1.0362 -1.0257 0.41491 -1.1824 -0.5324 -0.18288 0.36943 0.078993 0.4189 1.0212 1.2443 -0.29083 -0.24101 -0.058702 0.93216 0.86738 -1.0236 -0.014694 -0.58453 -0.71431 -1.6212 0.60424 -0.14334 1.5251 1.0485 -1.5627 -3.4049 2.0586
0.04699 -0.49879 -1.7149 -0.24882 1.2209 0.79587 -0.30767 1.0377 -1.036 -1.1745 0.58604 2.8018 -0.70681 0.84724 -1.2658 -0.28005 -0.071733 0.070374 -0.89792 0.60977 0.98828 1.5697 0.090488 -1.2661 -1.8665 1.7642 0.88774 -0.67088 -0.59919 -0.6121 -0.66122 -1.0688 0.32212 -0.22288 0.78433 0.90967 -1.4975 -3.354 1.5092
0.3003 0.61943 0.29126 1.3139 1.2015 0.30176 0.362 1.7477 -0.48946 -0.54864 0.36784 1.7002 -0.6689 1.0884 -1.2479 -0.74303 -0.17395 0.12065 -1.2957 0.42721 1.1213 1.7005 -0.21659 -1.6984 -3.1177 2.0877 0.32493 0.19438 -0.38608 -0.10922 -0.40788 -0.4725 -0.069806 -0.18469 0.059363 0.31506 -0.59269 -1.9596 0.33837
0.49599 -1.7852 -2.4767 0.24301 1.0852 0.44483 0.93187 1.7391 0.79339 0.056888 -1.3038 -0.91965 0.66001 1.1206 -1.1672 -0.84808 -0.31342 -0.095699 -0.95939 0.47171 0.97704 1.5293 0.40997 -1.6565 -3.3691 1.9574 -0.17086 0.44245 -0.58725 -0.38427 -0.37267 0.16084 -0.48092 -0.47327 -0.35612 -0.082981 0.60275 0.11485 -0.6513
0.63877 -1.2386 -1.5586 0.47251 1.4974 -0.045174 0.92428 2.0552 0.90347 -0.66894 -0.65548 -2.3889 1.1525 0.83515 -0.89457 -1.0012 -0.27789 -0.27964 -0.85279 0.33262 0.6458 1.3834 0.17352 -1.235 -3.1945 1.4655 -0.50084 1.0819 0.33569 -0.16982 -0.44452 0.34557 -0.72213 -0.62678 -0.59671 -0.17028 1.4931 2.0465 -1.3918
0.85672 -1.1922 -2.1023 0.032595 1.1328 -0.32147 0.18514 1.7677 0.38425 -1.4587 -1.2363 -2.1574 0.98567 0.67014 -0.67352 -1.2925 -0.75926 -0.39734 -0.75663 -0.30736 0.27518 0.96859 -0.26266 -0.29681 -1.5979 0.86216 -0.65311 1.1163 0.77618 0.046401 -0.45896 0.2794 -0.76169 -0.62337 -0.47795 -0.28888 1.5444 2.8568 -1.5132
1.001 -1.3074 -1.9882 0.10631 0.92545 -0.30668 0.51489 2.2495 0.76138 -0.23076 -1.2012 -1.5788 0.96316 0.43709 0.38742 0.12101 -0.28227 -0.52751 -0.64779 -0.62241 0.21825 0.71238 -0.20992 0.60296 0.060727 0.043224 -0.6564 0.84997 1.1274 0.24809 -0.42798 0.24002 -0.46378 -0.55659 -0.32127 -0.15582 1.2774 2.4055 -1.0854
1.094 -1.1444 -2.358 0.094138 0.79327 -0.55483 0.48939 1.9147 1.0896 -0.54735 -0.88577 -1.5063 0.8848 0.17881 0.13385 0.083787 -0.23082 -0.7971 -0.45104 -0.56779 -0.056374 0.84745 0.039008 0.50827 0.67562 -0.14975 -0.61437 0.50011 1.1718 0.43655 -0.3074 0.18355 -0.056311 -0.48609 -0.27524 -0.34093 0.89026 1.1178 -0.48319
1.0908 -1.0888 -2.2801 0.061403 0.74133 -0.73242 0.16235 2.0946 1.3362 -0.86158 -0.32362 -1.6337 0.88448 -0.06573 0.18012 0.48222 -0.077731 -0.84855 -0.47714 -0.46787 -0.30376 0.75797 -0.27853 0.91244 0.44549 -0.050034 -0.44918 0.005459 0.77685 0.18508 -0.12181 0.18142 0.19098 -0.51308 -0.65767 -0.55258 0.79537 0.17 0.073036
0.96718 -1.1481 -1.6463 -0.044249 0.58087 -0.55349 0.076609 2.0862 1.7222 -0.57894 -0.41365 -1.5092 0.95414 -0.15202 0.29951 0.78425 -0.03835 -0.78558 -0.43169 -0.51339 -0.43996 0.35712 -0.89331 1.3243 0.4305 0.0087518 -0.22688 0.19026 0.84778 0.12606 -0.045081 0.24356 0.36622 -0.55611 -1.3362 -0.53116 1.1303 0.014377 0.15035
0.87896 -1.0796 -1.5775 0.098528 0.23333 -0.82458 -0.038291 1.8039 1.5482 -0.98996 -0.46007 -1.3424 0.91439 -0.18433 0.31292 1.2651 -0.034087 -0.74334 -0.25165 -0.29167 -0.61938 -0.43983 -0.82463 1.7811 0.52294 0.099807 -0.010877 0.17564 0.48839 0.014436 -0.14106 0.34634 0.38539 -0.78395 -1.7046 -0.0677 1.1439 0.039969 0.027847
0.84324 -0.99186 -1.6082 -0.056819 -0.13756 -1.1134 -0.26089 1.4549 1.1944 -1.5447 -0.032542 -1.3512 0.89942 -0.16284 0.39748 1.3237 -0.020575 -0.91976 -0.027948 0.046952 -1.0129 -1.386 -0.72671 2.3297 0.66767 0.05515 0.020294 0.13634 0.25927 -0.16556 -0.17158 0.45383 0.21386 -1.0239 -1.4425 0.72109 0.8461 -0.31636 -0.07433
0.932 -0.82968 -1.0977 0.13087 0.046344 -0.93447 0.038425 1.8458 1.3476 -1.3993 0.96505 -0.84888 0.95965 -0.086317 0.43571 1.1494 -0.067066 -1.0267 0.071912 -0.0074672 -1.5815 -1.9818 -0.48989 2.6927 0.40847 -0.021557 -0.091269 0.22462 0.14567 -0.35971 -0.041654 0.51563 -0.13052 -1.121 -0.45074 1.2953 -0.01647 -0.72594 -0.18084
0.87081 -0.76073 -0.54813 -0.0033482 -0.083324 -0.84504 0.084831 1.1488 0.35678 -1.6009 1.7431 -0.95192 1.0424 -0.17291 0.47427 1.3363 -0.34498 -0.94481 0.38237 -0.25252 -1.997 -1.9289 0.36127 2.5559 -0.13795 -0.069178 -0.33672 0.24237 0.3231 -0.54303 0.12528 0.33237 -0.3786 -1.0721 0.7037 1.4355 -1.2892 -0.7698 -0.24111
0.80928 -0.65786 -0.44104 -0.0055809 -0.70717 -0.59193 0.2095 0.82817 -0.52053 -1.5749 2.49 -0.72655 0.91505 -0.34484 0.66436 1.5334 -0.56462 -0.79461 0.64836 -0.41674 -2.357 -1.1282 1.1818 1.6308 -0.51286 -0.175 -0.53086 0.23774 0.55275 -0.51748 0.18652 0.11989 -0.28673 -0.68679 1.5105 1.0526 -2.3148 -0.062969 -0.29422
0.82684 -0.65967 -0.38377 -0.11254 -0.99064 -0.65596 -0.23456 -0.10071 -0.67036 -1.2107 2.4898 -1.1701 0.86457 -0.62519 0.70389 1.7492 -0.81354 -0.79494 0.40551 -0.51147 -2.7583 -0.33135 1.2633 0.27889 -0.39734 -0.31735 -0.62725 0.17983 0.80499 -0.21698 0.13636 -0.19397 -0.041271 -0.099164 1.6131 0.19591 -2.7777 0.91096 -0.35096
0.58291 -0.43697 0.14421 -0.48231 -0.95355 -0.37852 -0.63417 -0.5354 -0.52875 -0.43123 2.5349 -1.8025 0.8204 -0.7888 0.73357 2.0042 -0.82588 -0.74901 0.3374 -0.46024 -2.5733 0.40695 1.1325 -0.80106 0.41542 -0.44558 -0.59077 0.093304 0.88857 0.022483 0.13016 -0.25613 0.30666 0.85345 1.0865 -0.68745 -2.5108 1.616 -0.37224
0.40466 0.0025233 0.67043 -0.70473 -0.85669 -0.062313 -0.55609 -0.92927 0.48043 0.10249 1.9826 -1.7518 0.71808 -1.0469 0.75154 2.6495 -0.63537 -0.70654 0.15816 -0.32992 -2.1011 0.70816 0.77584 -1.786 1.2082 -0.58768 -0.50545 0.041808 0.31925 0.14282 0.5225 0.076935 0.56646 1.6164 0.48706 -0.92399 -1.5793 1.4509 -0.33069
0.080973 -0.045632 1.4988 -0.82262 -1.0448 -0.60829 -0.29277 -1.452 0.58835 -0.32464 1.362 -0.81631 0.6031 -1.1666 0.80179 2.7934 -0.61884 -0.58908 0.26228 0.078101 -1.017 0.64293 0.079579 -2.3609 1.8941 -0.73325 -0.2948 -0.10332 -0.7511 0.21118 1.2206 0.26757 0.22957 1.9065 -0.1737 -1.2144 -0.32433 0.34304 -0.1833
-0.061909 0.034448 1.9342 -0.86539 -1.4943 -0.27152 -0.41028 -1.847 0.062469 -0.55153 1.0478 0.19965 0.45087 -1.3208 0.74139 1.9646 -0.65309 0.090808 0.63025 0.31629 -0.3615 0.574 -0.020968 -2.1031 1.7452 -0.78956 -0.062359 -0.27875 -2.1664 0.22556 2.1133 0.27779 -0.14698 1.8215 -0.48506 -1.1924 0.84671 -0.9528 0.013396
-0.49736 0.20785 3.0129 -0.62172 -1.8423 -0.42865 -0.46342 -1.6121 0.062376 -0.46818 0.23058 0.64339 0.14457 -1.1707 0.55763 0.88846 -0.42292 1.092 0.68744 -0.34945 0.30472 0.10008 -0.85038 -1.2951 0.83002 -0.6862 0.15708 -0.48208 -2.9378 0.11606 2.5056 -0.049748 -0.40777 1.3143 -0.28347 -0.56249 1.6534 -1.8171 0.28902
-0.59941 0.45613 3.0284 -1.1652 -1.4378 0.032703 -0.25644 -0.96197 0.38546 -0.82877 -0.43868 0.64352 0.0084868 -1.1602 0.38724 -0.59101 -0.31184 2.3216 0.55304 -0.42334 0.81801 -0.052777 -1.0973 -0.63011 -0.14864 -0.58644 0.41689 -0.62773 -2.8206 -0.02378 2.1037 -0.40127 -0.21744 0.70138 -0.33709 0.03422 1.9648 -1.7147 0.547
-1.16 0.61537 2.1134 -1.5084 -0.11029 0.94087 -0.15966 -1.1208 0.87968 0.16843 0.27221 -0.11317 -0.056565 -0.98137 0.13854 -1.6123 -0.57644 2.8801 0.22298 -0.37254 0.97184 0.35025 -0.4826 0.20427 -0.76332 -0.29673 0.51581 -0.62102 -1.758 -0.087287 0.83949 -0.66145 0.38954 -0.047774 -0.31501 0.84955 1.7026 -0.84935 0.63126
-0.89878 0.50426 1.7343 -0.9635 0.81531 0.37933 -1.4115 -0.86116 0.38027 -1.9211 0.58747 -0.57438 -0.00086396 -0.69891 -0.1429 -2.242 -0.62953 3.048 0.049005 -0.11804 0.67334 -0.27055 -0.13264 1.0715 -0.85924 0.034218 0.60389 -0.50245 -0.23027 -0.071321 -0.92887 -0.60521 0.80565 -0.57604 -0.63126 1.0452 0.63397 0.21357 0.54536
-1.4295 0.25794 0.73543 -1.0603 1.7603 -0.23593 -0.58985 -0.73026 -0.0064792 -1.9226 0.38516 -0.36975 -0.14506 -0.51307 -0.25946 -1.6897 -0.43818 2.273 -0.41844 0.24663 0.26633 -0.4638 0.34166 1.2541 -0.49823 0.17892 0.53207 -0.39362 0.86461 0.01624 -2.4718 -0.28777 0.72646 -0.67064 -0.61454 1.0094 -0.53784 0.73348 0.26241
-1.2783 0.25544 0.59237 -1.7565 1.4598 -0.021571 -0.70258 -0.63841 0.82283 -0.24315 1.0232 -0.36951 0.08199 -0.35319 -0.28953 -1.0041 -0.52468 0.94233 -0.36649 0.83477 0.01703 -0.98728 0.54944 0.10836 0.14495 0.1912 0.77141 -0.37793 1.5029 0.18576 -3.6197 0.16403 -0.14722 -0.46929 0.098709 0.72299 -1.3132 0.85203 0.017487
-1.3371 0.18556 0.51302 -1.597 2.0654 0.088546 -0.27469 -0.68549 -0.4892 -0.46194 1.3958 -0.45366 0.18973 -0.23775 -0.47448 -0.56749 -0.60588 -0.56557 -0.14524 0.56288 -0.040532 -0.59756 1.1649 -0.39368 0.19263 0.11329 1.2347 -0.51477 1.2231 0.70118 -3.6536 0.63142 -0.75614 -0.32188 0.69425 0.18175 -1.5667 0.58562 -0.07706
-1.3716 0.3244 1.0257 -1.6876 1.716 -0.2655 0.061882 -0.81421 0.2004 -0.28562 1.2145 -0.27522 0.15667 0.49538 -0.69441 0.093972 -0.19996 -2.1261 0.28185 -0.58384 -0.11621 -0.0015607 0.88139 -0.73436 0.48867 0.099417 1.677 -0.48399 0.70406 1.2565 -3.076 0.63999 -1.0263 -0.20197 1.3961 0.17518 -1.1149 0.13026 -0.054918
-1.578 0.19989 0.6161 -1.8618 1.1839 0.38355 0.40838 -1.1205 -0.85893 -0.29612 -0.25646 0.028424 0.090187 1.1988 -0.95424 0.1178 0.72643 -2.8479 0.60484 -0.55017 -0.31898 0.50482 0.53781 -1.461 0.49448 0.081111 1.9397 -0.12918 0.25016 1.5176 -1.9769 0.53979 -0.62147 0.073659 1.1245 0.36149 -0.68941 -0.16726 -0.068512
-1.2441 -0.39812 0.52121 -1.6259 -0.088078 -0.31607 -1.2207 -0.60341 -0.067308 -0.60351 0.16055 -0.45512 0.032528 1.8325 -0.89329 0.0068891 1.1933 -3.5176 0.62385 -0.64649 -0.25893 1.4072 1.2122 -1.5912 0.2548 0.10483 1.5464 0.48046 -0.097863 1.3211 -0.37136 0.04857 0.38101 0.28922 0.54057 0.91618 0.038808 -0.60366 -0.192
-0.4058 -0.65563 0.95714 -1.4389 -1.4264 0.49315 -1.6567 -0.81096 0.70428 0.062693 0.029895 0.58279 0.10983 2.4536 -0.60106 -0.047388 1.5787 -3.4652 0.83948 -0.64684 0.15985 1.0693 1.7148 -1.3478 -0.020194 -0.017196 0.63814 1.1479 -0.15645 0.78048 1.0624 -0.45991 1.0396 0.34076 -0.30891 1.1475 0.54115 -0.60993 -0.37765
0.40767 -0.79117 0.72198 -0.45022 -1.6547 1.109 -0.47089 -1.2062 1.1449 0.60164 -0.66824 0.068233 0.33054 2.5453 -0.035823 -0.019355 1.8811 -2.4829 0.29236 0.19645 0.19901 0.85271 2.0982 -0.71756 -0.4499 -0.20918 -0.63441 1.4688 -0.32245 0.23625 2.1519 -0.78622 1.3646 0.20047 -1.371 0.31985 0.81321 -0.28009 -0.69509
0.6816 -0.51563 0.63185 -0.21751 -2.2818 0.5634 -0.54114 -0.99632 1.2318 1.3127 -0.66169 -0.31686 0.2663 1.943 0.614 -0.17821 1.8605 -1.4143 -0.16559 1.0566 0.10844 0.12219 2.3546 -0.82008 -0.36152 -0.46538 -1.8932 1.1965 -0.46966 -0.44665 2.2679 -0.83213 0.92972 0.1062 -1.7724 -0.64851 1.0832 0.46459 -0.82818
1.3883 -0.23108 0.86698 -0.076446 -2.8045 1.0695 -0.86575 -0.38275 0.58398 1.7671 -0.96301 -0.26345 -0.093238 0.97945 1.0548 -0.55759 1.4942 -0.60388 -0.4926 1.1696 0.14617 -1.025 1.5258 -0.23333 -0.12822 -0.96575 -2.4049 0.54295 -0.41686 -0.87846 1.7043 -0.29536 0.34128 0.28687 -1.7716 -1.4139 0.99463 1.2604 -0.64006
1.3018 -0.025756 0.47018 0.38886 -1.9895 0.09197 0.17736 -0.81933 0.27012 2.028 -0.72399 -0.77244 -0.27662 -0.05692 0.93516 -0.69261 0.91386 -0.25384 -0.48311 0.67848 0.37954 -1.7465 0.73165 0.57163 0.74332 -1.1814 -2.1735 -0.20494 -0.24271 -0.98999 1.0708 0.12704 -0.087786 0.38905 -1.0996 -1.7952 1.0544 1.3271 -0.18059
1.1036 0.18753 0.44781 0.68142 -2.332 -0.44658 -0.21248 -0.65501 0.65595 2.5503 -0.8934 -0.22295 -0.45457 -0.63652 0.74755 -0.57447 0.67406 0.059259 -0.14075 1.0392 0.61344 -1.9659 0.13626 0.57107 1.5015 -1.0433 -1.4243 -0.57004 0.2076 -0.83992 0.56068 0.42538 -0.21407 0.38293 0.039527 -1.1688 0.61402 0.91129 0.28086
0.84169 0.57552 0.065893 0.53861 -2.3558 0.51454 0.25709 -0.94962 -0.74574 1.6605 -0.2653 0.65126 -1.0239 -1.029 0.40974 -0.64558 0.37788 0.22055 -0.049497 0.93101 0.62654 -1.7393 -0.4732 0.88176 1.4599 -0.76308 -0.49635 -0.55927 0.40343 -0.55379 0.44543 0.44081 -0.10433 0.0061264 0.87929 -0.65051 0.12787 -0.18409 0.50512
0.27607 0.15676 -0.16588 0.59191 -2.3038 0.49624 0.12165 -0.42285 -1.1311 1.5988 0.20904 1.016 -0.93743 -1.014 0.32411 -0.18677 0.15526 0.19433 0.20691 0.60404 0.76232 -0.95171 -0.16358 0.8351 1.3244 -0.65206 0.35375 -0.51248 0.35823 -0.36303 0.25597 0.14353 -0.4236 -0.10561 1.3557 0.13935 -0.19744 -1.2549 0.60049
0.31694 0.47656 0.29263 0.61678 -2.3703 0.45149 0.83867 0.23445 -1.3046 1.804 -0.43234 1.6015 -0.90759 -0.73688 0.1722 -0.11374 0.11102 0.50371 0.29165 0.67281 0.30079 -0.40085 -0.39174 0.69111 0.46872 -0.43657 0.84844 -0.21792 0.40345 0.12326 0.35138 0.2823 -0.30853 -0.39347 1.3134 0.26025 -0.9496 -1.662 0.45339
0.28931 0.24052 -0.11851 0.5519 -2.0948 0.37489 0.43001 0.022415 -1.326 1.2277 0.26814 0.89687 -0.96412 -0.17565 -0.026912 -0.15502 0.10843 0.39702 0.015199 0.31672 0.55139 0.22507 0.37432 0.26747 -0.49135 -0.088469 0.57284 -0.031749 0.1725 0.56342 0.85458 0.46883 -0.28475 -0.53319 0.72418 -0.18325 -1.279 -1.5818 0.21693
0.017661 0.6021 0.40488 0.76415 -1.7332 0.021872 0.74862 -0.22693 -0.16906 2.4974 0.25586 1.0273 -1.2169 0.017424 0.20475 0.1113 0.62803 0.77265 0.66327 0.44953 -0.061269 0.44315 -0.22578 -0.7372 -0.92865 -0.2007 -0.0016304 0.29977 0.20707 0.70844 1.201 0.67999 -0.41499 -0.15469 0.38618 -0.37775 -1.556 -0.73106 -0.081472
0.19164 0.47757 -0.011417 0.77288 -1.7509 0.57625 0.68814 -0.70865 -0.48509 1.279 0.14628 0.57909 -1.1482 -0.40392 0.2514 0.027198 0.96146 1.6316 1.0283 0.13734 -0.12579 0.15106 -0.60168 -1.0121 -1.1143 -0.36618 -0.61267 0.41389 0.1194 0.39857 1.2337 0.6093 -0.61847 0.073727 0.12379 -0.89044 -1.1056 0.27606 -0.26707
0.64446 0.26945 -0.37664 0.59225 -2.0973 0.61441 0.5277 0.43939 -1.0979 2.3925 0.095674 0.07137 -0.9491 -0.63269 0.55369 0.18845 1.0253 2.0903 1.2342 -0.072173 0.31756 0.44617 -0.64105 -1.7843 -0.66859 -0.44963 -0.84297 0.33022 -0.049326 -0.25758 0.72162 0.051964 -0.87813 0.39716 0.48626 -0.48934 -0.054579 0.95356 -0.20323
0.11667 0.61461 0.48877 1.7743 -0.96414 1.84 1.127 -0.41552 -0.64672 0.69607 -1.5892 0.13405 -1.2307 -0.92122 0.5179 0.030295 0.66066 2.0018 1.0309 -0.65756 0.49113 0.47869 -1.1628 -1.4237 -0.07122 -0.46156 -0.45414 0.30709 0.0077366 -0.70175 -0.12747 -0.49811 -0.6704 0.11961 0.82863 -0.0083383 0.80168 1.3878 -0.11022
-0.57904 0.82729 0.21993 1.7511 0.45568 1.647 0.70677 0.084032 -1.142 0.92132 -1.1846 0.019393 -1.5163 -1.1943 0.64515 0.0076157 0.28011 1.9166 0.79689 -0.89921 0.39801 1.301 -0.90182 -0.6447 0.44469 -0.53168 0.040615 -0.011333 -0.12815 -1.0149 -0.90751 -1.0255 -0.25648 0.025098 0.48465 0.74968 1.5616 1.2218 0.035075
-0.53992 1.12 0.24049 1.577 0.61513 1.7195 0.15134 0.3253 0.28516 1.1191 -1.8013 0.27141 -1.593 -0.91855 0.73907 0.12574 -0.0098615 1.498 0.23085 -0.78649 0.053723 1.4693 -0.48271 0.016803 1.0857 -0.53061 0.60725 -0.23645 0.0073976 -0.88646 -1.4215 -1.1162 0.16033 0.044576 -0.030632 1.0624 1.1238 0.55372 0.17559
-0.90619 0.99379 0.11609 1.1454 0.082351 1.2914 -0.28537 0.13435 0.30722 0.65989 -0.89666 1.0955 -1.61 -0.57064 0.42222 -0.11372 -0.57951 0.69829 -0.48548 -0.53041 0.5694 0.96912 0.49702 0.61354 1.1802 -0.34997 1.0017 -0.34741 -0.10957 -0.47715 -1.45 -0.84137 0.5096 0.2724 -0.93558 0.58513 0.48142 -0.57098 0.27849
-0.91213 1.0788 -0.22566 1.0291 0.3327 1.9959 -0.2605 0.0059541 0.92229 0.39922 -0.42094 0.81163 -1.599 -0.18607 0.21662 0.098434 -0.6051 0.02919 -0.6373 -0.54434 0.47703 0.57321 0.23045 0.18993 0.66228 -0.22559 0.83219 -0.28535 -0.057232 0.26703 -0.90953 -0.3786 0.6198 0.66025 -1.0119 0.19462 -0.1697 -1.6957 0.26094
-0.37475 1.3392 0.40806 1.283 0.33769 1.1414 0.19317 0.25671 0.3716 1.652 -0.73844 1.6079 -1.6825 0.17111 0.30048 -0.19727 -0.3386 0.017226 -0.50343 -0.035258 0.70776 -0.23605 -0.10363 0.22712 -0.47464 -0.16572 0.41387 -0.14432 0.061508 0.78615 -0.3312 0.033776 0.31642 0.4519 -0.8392 -0.49827 -0.63455 -1.8674 0.16348
-1.0255 1.1075 0.30133 1.1468 0.68733 0.9288 0.52909 0.65415 0.10873 1.453 -1.0971 1.4461 -1.7844 0.14803 0.30206 0.050108 0.37012 0.19095 -0.52621 0.16784 1.2717 -0.074524 0.20503 -0.13343 -1.4503 -0.13696 -0.088638 -0.17398 -0.12204 0.65504 0.074738 0.42438 -0.09234 0.1004 -0.44857 -0.74208 -0.37706 -1.2954 0.13275
-0.80625 1.1423 0.29983 0.8197 0.38177 0.71432 -0.81007 0.72981 0.12234 0.81984 -1.3153 0.49693 -1.7943 -0.026393 0.12711 0.022471 0.42163 0.025227 -0.44416 -0.28167 1.0479 -0.48827 -0.46442 -0.49764 -1.4676 -0.09001 -0.26714 -0.24502 -0.054482 0.27004 0.11242 0.65709 -0.48035 -0.55652 -0.033817 -0.67208 -0.13843 -0.1242 0.13539
-0.24016 1.5958 -0.44647 1.1039 0.33126 1.2619 0.15157 1.0491 0.1947 0.42092 -0.83003 -0.5675 -1.7242 -0.24829 -0.00070143 -0.25408 0.25391 0.1738 0.24728 -0.62079 0.48879 -0.25588 -1.0424 -0.20573 -1.4101 -0.016405 -0.27605 -0.25519 -0.10277 -0.18168 0.19539 0.75016 -0.2775 -1.0657 -0.037663 -0.42365 0.18248 0.95214 0.10992
-0.92711 1.3022 0.41802 1.9853 0.4711 0.67199 0.094548 1.6715 0.72041 1.322 -0.69531 -0.75057 -1.7504 -0.10156 0.02419 -0.15728 0.22567 0.24317 0.51099 -0.60425 -0.01597 -0.22352 -0.79561 -0.017657 -0.73903 0.025952 -0.2067 -0.21649 0.078266 -0.37666 0.29632 0.50161 -0.040674 -1.0166 0.070439 0.21096 0.22042 1.3794 0.045231
-0.86543 1.189 0.078922 1.4113 0.41338 1.1378 -0.64857 0.90321 -0.33902 -0.024453 -1.5403 -0.11807 -1.7455 -0.30068 -0.091837 -0.065418 0.11429 0.45077 0.59215 -0.23493 -0.31695 -0.29318 -0.4569 -0.012741 0.077423 0.0095824 -0.13999 -0.18281 0.23204 -0.37251 0.19286 0.076412 0.041654 -0.67046 -0.055176 0.47263 -0.0088365 1.2951 -0.013325
-0.93726 1.232 0.011596 1.2261 0.85663 1.5667 -0.58181 0.70451 -0.054662 0.28449 -1.0598 0.017742 -1.7547 -0.36612 -0.20532 0.072548 -0.23357 0.4397 0.45924 -0.57257 -0.5729 -0.3273 -0.33766 -0.15759 0.5287 -0.018952 -0.16716 -0.16378 0.15817 -0.32842 0.097967 -0.069005 -0.060575 -0.33859 -0.054008 0.26086 -0.10413 0.75128 -0.031674
