39 246
0.92677 1.5955 -0.13966 0.68078 0.11861 0.58053 -0.57317 0.48932 -0.63582 -0.50118 -0.87732 0.50784 -1.4902 -0.42726 -0.033133 0.39595 0.15931 0.15965 -0.17636 0.35947 -0.44698 -0.67809 0.15193 -0.31977 0.16336 -0.0059669 0.15778 -0.079242 -0.19153 -0.033913 -0.21999 -0.3046 -0.091212 0.30398 0.068054 -0.010011 0.0039177 -0.44665 -0.0070882
0.52026 1.6579 0.57602 1.2244 0.54708 -0.23826 -0.62352 0.27456 -0.31701 0.74342 0.093297 0.89495 -1.4548 -0.41646 -0.16433 0.15066 0.21026 0.047549 -0.59281 0.58399 -0.32401 -0.5912 -0.032973 -0.31111 -0.29206 -0.011545 0.3408 -0.11036 -0.31046 -0.11757 -0.40874 0.032204 -0.26847 0.16296 -0.028115 0.084519 -0.11117 -0.60774 -0.023509
0.55489 1.6667 0.068311 0.55892 0.29632 0.65856 -0.088953 0.74419 -0.38576 0.229 -0.75164 0.75983 -1.4641 -0.12979 -0.10952 0.14996 0.079137 -0.21041 -0.52867 0.053933 0.090928 -0.55881 0.2338 -0.31886 -0.68393 -0.016859 0.48415 -0.10607 -0.32091 -0.26231 -0.54699 0.40342 -0.43763 -0.030466 -0.044753 -0.11272 -0.48511 -0.47049 -0.038948
0.47917 1.4741 0.14777 0.90961 0.17176 0.43555 -0.17052 -0.4352 -2.3008 -1.1199 -1.9676 0.54595 -1.5299 0.068145 -0.19457 -0.072117 -0.0055071 -0.46729 0.059201 -0.022143 -0.39211 -0.77317 0.29947 -0.5509 -0.86515 -0.044698 0.43758 -0.056752 0.031839 -0.30757 -0.50435 0.51542 -0.67522 -0.41363 0.15072 0.18958 -0.12994 0.11166 0.001369
0.5391 1.3958 -0.14873 0.99975 0.12621 -0.5214 0.15384 0.41346 -0.82794 -0.37877 -0.85679 -0.28301 -1.4925 0.24186 -0.2097 -0.10326 -0.19761 -0.67751 0.24032 -0.19735 -0.4671 -0.65683 -0.24116 -1.1971 -0.68091 -0.062241 0.07476 -0.099319 0.062683 -0.13845 -0.34817 0.07427 -0.48209 -0.2124 0.63358 0.050479 0.48754 0.64709 0.034802
0.94615 1.6181 0.25984 0.74121 -0.14731 0.042207 -1.1101 0.90801 -1.0006 0.46718 -0.88504 -0.40479 -1.4928 0.22231 -0.21456 0.32641 -0.19743 -0.72631 -0.028486 -0.60745 -0.84791 -0.20913 0.61422 -0.14115 -0.061338 0.01317 -0.049867 -0.034991 0.16762 0.13354 0.055642 -0.094917 -0.29141 0.19282 0.71525 -0.23254 0.82667 0.7777 0.11329
0.78013 1.4085 0.020475 0.85448 -0.23392 0.87728 -0.38281 -0.55123 -1.6142 0.43148 -1.3671 -0.23877 -1.5324 -0.05882 -0.27871 0.05753 -0.067298 -0.76905 -0.348 -0.59885 -0.090861 0.48719 0.19323 0.47289 0.40002 0.018322 -0.26397 0.050227 -0.02789 0.35791 0.49334 0.076086 0.24214 0.38959 0.45267 -0.25098 1.2221 0.5459 0.074838
0.68416 1.4547 0.39516 0.69706 -0.26312 0.18829 -0.51724 -0.17157 -1.281 -0.33841 -2.4157 0.32815 -1.5288 0.13416 -0.22007 0.15059 0.17532 -0.28416 0.17878 -0.39991 -0.19805 0.15113 -0.39688 0.3059 0.38606 0.1249 -0.29244 0.14199 -0.13704 0.36427 0.6673 -0.0073438 0.47628 0.6567 0.11854 -0.65595 0.7007 0.14528 -0.012192
0.76961 1.3405 0.39461 0.36296 -0.65613 0.27773 -0.90034 -0.65004 -1.2605 0.54488 -0.58386 0.72385 -1.4291 -0.19762 -0.10906 -0.077917 0.26486 0.13356 0.27686 0.14708 -0.025344 0.11828 -0.2536 1.0818 0.34433 0.020361 -0.20158 0.17969 0.082629 0.095107 0.55752 0.16063 0.43502 0.11277 -0.30482 -0.19652 0.32639 -0.070625 -0.063116
0.29804 1.1309 -0.16439 1.2236 -0.71137 -0.84425 -0.86958 0.44153 -0.98758 -1.1106 -0.62771 0.49381 -1.5289 -0.24493 -0.031472 0.12742 0.29676 0.21014 -0.35431 -0.081667 0.40799 0.24209 -0.53312 0.98799 0.27745 -0.01101 -0.34163 -0.054291 0.27814 -0.37319 0.073208 0.084457 0.41309 -0.05116 -0.11881 0.049633 -0.11065 0.23215 0.056186
1.235 1.3998 0.26114 1.2029 0.11744 0.59146 -0.64111 0.3744 -0.69323 -0.060079 -0.6348 -0.3707 -1.2884 -0.2365 -0.035253 0.21325 0.048956 0.14714 0.21433 0.061375 -0.16815 -0.16389 -0.14195 0.79812 0.25974 -0.031454 -0.066251 -0.14556 0.52555 -0.77269 -0.24542 0.46542 0.0182 -0.39397 -0.037915 0.10094 -0.61526 0.34459 0.20566
0.38698 1.5608 0.15316 0.87375 0.032935 1.089 -0.5357 0.011074 -1.5166 0.61232 0.344 0.36704 -1.6206 -0.47476 -0.35273 0.5148 -0.38061 -0.11768 0.36562 0.42009 -0.22126 0.069887 -0.33768 0.2181 0.94267 0.25464 -0.33137 -0.45796 0.46857 -1.0443 -0.36122 0.18256 -0.11029 -0.63808 0.074187 0.33423 -0.26257 0.42154 0.44495
0.34653 1.2674 0.43906 1.0609 -0.27914 -0.53833 -0.62881 -0.31841 -1.2035 -0.93893 -1.0772 0.68998 -1.5372 -0.19758 -0.21329 0.70091 -0.77766 -0.18064 0.7737 -0.086535 -0.47523 0.14875 -0.12825 0.20269 0.78931 0.26897 -0.19276 -0.64791 0.29751 -1.1115 -0.11941 -0.62498 -0.14761 -0.26744 0.56463 0.53751 0.32298 0.27084 0.82785
0.47638 1.3037 0.61688 0.456 -0.47178 0.47882 -0.69592 -0.57891 -1.5094 -0.16448 -0.70387 0.94328 -1.4804 -0.87363 -0.78612 0.74955 -1.1589 -0.34079 -0.29784 -0.2377 -0.68001 0.26113 0.17434 0.74466 0.97043 0.66461 -0.1277 -0.55219 -0.098258 -1.0138 0.30402 -1.0435 0.0020483 -0.1323 0.61616 0.7363 0.93035 -0.24968 0.99816
0.023526 0.71999 0.6791 0.16883 -0.89411 0.45624 -0.19054 -0.1631 -0.64313 -0.3828 0.081282 2.1454 -0.94096 -0.38783 -1.0142 0.64189 -1.5515 0.038204 -0.60419 0.088471 -0.45603 0.92642 0.74441 1.1941 0.85078 1.3005 -0.20462 -0.45805 -0.5382 -0.68884 0.645 -1.6403 0.24382 -0.11765 0.43259 0.1992 0.65163 -0.43078 0.96659
0.69137 1.3369 0.58021 0.50337 -0.19837 0.9237 -1.2982 0.12005 -0.76679 -0.85309 -0.32184 0.35674 -1.3451 -0.60909 -0.97054 0.35013 -1.8078 0.41803 -0.86611 0.31877 -0.48402 0.97317 0.78697 1.6267 0.29812 1.5921 -0.11074 0.1012 -0.72917 -0.17365 0.85368 -1.5053 0.2006 -0.026181 0.15852 -0.69397 0.025471 -0.65326 0.57274
-0.55896 0.50908 1.1561 -0.5655 -0.1561 -0.23108 -0.76224 -0.99111 -0.89924 1.0543 1.0155 1.2877 -0.52858 -0.70274 -0.96491 -0.11637 -1.6839 0.78213 -1.9612 0.086665 -0.79777 0.7066 -0.0045862 1.0946 0.087632 1.5998 -0.62051 0.27844 -0.86025 0.20759 0.47704 -1.4973 0.059261 0.23385 0.099672 -1.5102 -0.27911 -0.40162 0.18767
0.1646 0.47867 0.76586 -1.1573 -0.055642 -0.45877 -0.078263 -0.61575 -0.15983 0.85207 1.375 2.0337 -0.10284 -0.91402 -0.61843 -0.24549 -1.3983 1.056 -2.3899 0.13146 -0.55494 0.72017 -0.90198 0.84382 -0.20673 1.5781 -0.46112 0.54725 -0.80055 0.65047 0.10905 -0.5234 -0.17015 1.011 0.48888 -1.7686 -0.55901 -0.2147 -0.18678
-0.43595 0.37891 0.76828 -1.2318 0.00091704 -1.3861 -0.22257 -0.90999 -0.1175 -0.68075 0.70376 0.8849 0.14357 -1.3838 -0.6695 -0.67962 -1.3773 0.71802 -2.5981 0.27841 0.041776 1.2808 -1.5806 1.0106 0.13366 1.6555 -0.42782 0.63701 -0.32834 0.65657 -0.27789 1.0171 -0.20142 1.4784 0.78011 -1.0573 -0.49261 -0.081083 -0.39133
-0.40823 0.31708 0.29807 -1.4214 0.37658 -1.6553 -0.91707 -1.2865 -0.69325 -0.53032 0.65632 1.3907 0.13234 -1.1198 -0.09949 -0.87592 -0.78689 0.69663 -1.5109 -0.12228 1.0773 1.7159 -2.1387 0.52002 -0.2568 1.2169 -0.13111 0.36617 -0.01923 0.32841 -0.57641 2.1216 -0.13961 1.3707 0.86274 0.18643 -0.48271 0.096249 -0.49318
-1.0617 0.48123 0.58173 -1.1184 0.68127 -2.093 -0.37095 -0.27087 0.44319 -1.6154 1.3377 1.0994 0.56252 -1.3889 -0.039311 -0.42566 -0.80444 0.41736 -0.52842 -0.19182 1.2804 1.8387 -1.6022 0.24395 -0.1064 1.0532 0.27276 0.016885 0.39204 0.15533 -0.65051 2.6182 0.2082 0.75876 0.70958 1.4323 -0.52247 -0.22418 -0.42727
-1.4729 0.368 -0.026211 -1.7905 0.47059 -2.4931 -0.73255 -0.092513 1.0298 -1.418 1.8641 0.96547 0.69467 -1.1473 -0.25025 -0.41884 -1.0888 0.051634 0.48046 0.080156 1.5096 2.2414 -0.48812 0.23486 0.10944 0.96285 0.50345 -0.57669 0.32409 -0.09506 -0.7672 2.294 0.65995 -0.25277 0.13731 1.9842 -0.74228 -0.34649 -0.23963
-1.4359 0.3926 0.27073 -1.7485 0.59708 -1.5902 -0.52955 0.33479 1.5021 -0.92103 1.5905 1.3256 0.89161 -0.85276 -0.558 -0.18533 -0.94125 -0.2657 1.2255 0.56007 1.3137 2.5027 0.6206 0.079417 -0.60356 0.98848 0.81489 -0.71928 0.057585 0.24959 -0.54673 1.7619 0.85682 -0.99407 -0.48723 1.1912 -1.2434 -0.74563 -0.23022
-1.5143 0.38987 0.48774 -2.2923 0.3178 -1.0913 -0.32689 0.40582 1.8122 -1.5358 0.9034 1.6146 1.0211 -0.44044 -0.90379 -0.40034 -0.88297 -0.5066 1.8347 0.75397 0.57208 1.6894 0.93863 -0.9221 -0.8487 0.80364 0.68044 -0.65859 -0.31056 0.66129 -0.25373 0.87399 0.62358 -1.6086 -1.2067 -0.044196 -1.4478 -0.66522 -0.26321
-1.8044 -0.030355 0.039053 -2.6136 0.17817 -1.0234 -0.41203 0.41738 2.2883 -1.0999 0.95752 0.87502 1.0962 -0.21419 -1.0404 -0.33761 -0.45303 -0.39757 2.0376 1.1023 -0.18801 1.1332 0.20333 -1.7292 -1.4023 0.70468 0.6239 -0.40078 -0.51489 1.0036 0.15866 0.2727 0.32946 -1.6081 -1.7031 -0.76889 -1.0774 0.046527 -0.26238
-1.5574 -0.21736 0.17503 -2.134 0.2723 -0.48619 0.084198 0.3973 2.7658 0.28366 1.4004 -0.052858 1.3667 -0.18908 -1.2244 -0.93395 -0.13936 -0.3775 1.6832 0.99123 -0.87764 0.4622 -0.36204 -1.8315 -1.0779 0.6154 0.53901 -0.049288 -0.27948 1.1467 0.46443 -0.096562 0.14678 -1.2518 -1.7884 -0.85536 -0.31475 0.85498 -0.20485
-1.7391 -0.39276 -0.15052 -2.3609 0.0065302 -0.090363 0.54153 0.36327 2.3521 -1.0049 -0.1128 0.0044729 1.4275 0.19358 -1.1354 -0.89193 0.49525 0.017714 1.8032 1.0577 -1.0986 -0.37067 -0.33765 -1.6772 -0.40923 0.5948 0.3811 0.15584 -0.11753 0.86769 0.55515 -0.31382 -0.16726 -0.79415 -1.8264 -0.46692 0.25937 1.5163 -0.2519
-1.6732 -0.52335 -0.21089 -2.3333 0.13925 0.22792 0.60783 -0.47377 2.3647 -1.594 -0.86201 -0.75775 1.4333 0.36939 -0.94277 -0.6563 0.70811 0.2588 1.7742 1.041 -1.4135 -1.2213 -0.58156 -1.5961 0.62737 0.47762 0.18272 0.26268 0.25919 0.55253 0.6128 -0.44218 -0.16927 -0.26626 -1.4043 0.25672 0.81946 1.3348 -0.28154
-1.7197 -0.78097 -0.77357 -2.0751 0.07111 0.45557 0.49921 -0.65375 1.994 -1.5472 -0.79059 0.76174 1.564 0.22586 -0.88766 -0.70667 0.68743 0.44277 1.4146 0.73782 -1.4666 -1.7659 -0.65962 -1.318 1.266 0.30523 0.087341 0.38278 0.44435 0.24594 0.40335 -0.69786 -0.14481 0.155 -0.78209 0.73527 1.1183 0.58957 -0.24844
-1.1563 -0.77262 -0.34441 -1.5829 0.47933 1.1534 0.99344 -0.57604 1.363 -1.2016 -0.76183 0.98206 1.7093 0.14414 -0.85681 -0.55222 0.76285 0.68632 1.0638 0.80767 -1.2086 -1.7112 0.35004 -0.33409 1.1806 0.23681 0.091951 0.48698 0.48192 0.10762 0.12428 -0.77278 -0.038272 0.5625 0.037303 0.97746 1.0793 -0.649 -0.18507
-1.3607 -0.99653 -0.51299 -1.6477 0.52074 1.114 1.0649 -1.1418 0.86783 -0.95359 -0.78651 1.3036 1.6431 0.47773 -0.46434 -0.12332 0.91569 0.65212 0.87405 0.8779 -0.89278 -1.7148 0.75535 -0.018635 0.66534 0.25329 0.15771 0.55889 0.33515 0.027058 -0.44501 -0.84188 -0.052473 0.82893 0.68302 0.65373 0.73333 -1.5552 -0.12789
-1.5434 -1.1119 -0.7296 -1.4725 0.66645 1.1182 1.0706 -1.2068 0.52825 -1.0451 -1.0008 1.2976 1.6554 0.42357 -0.24734 -0.057047 0.79342 0.43182 0.62218 0.87952 -0.59587 -1.1475 0.77975 -0.03615 -0.62107 0.15938 0.19987 0.45337 -0.057734 -0.05752 -1.0296 -0.9535 -0.094361 1.2126 0.93 0.074538 0.54065 -1.9263 -0.18823
-1.6656 -1.2608 -0.82247 -1.539 0.81647 1.133 1.6478 -1.1675 0.49989 -0.93265 -0.73519 1.0595 1.66 0.38888 -0.15206 -0.33782 0.72693 -0.31608 0.085913 0.58316 -0.14772 -0.61788 0.51262 0.033468 -1.5036 0.10592 0.33682 0.17788 -0.29738 0.019423 -1.3525 -1.4383 -0.5023 1.7055 0.62963 0.1281 1.1167 -1.3796 -0.50575
-0.65207 -0.81315 -0.25905 -0.88302 0.82651 1.4569 1.5599 -1.5409 0.18013 -0.69729 -0.85846 0.39426 1.8225 0.56992 -0.16812 -0.56336 0.76015 -0.91071 -0.29705 0.75571 0.7938 -0.32086 0.63887 0.74533 -2.2744 -0.039599 0.76491 0.24036 0.014791 0.4138 -1.1456 -1.7158 -1.4547 2.0184 0.13138 0.40962 1.3379 0.22115 -1.0872
-1.1313 -1.0516 -0.82495 -0.97839 0.57066 1.4279 1.6741 -1.0932 0.57729 -0.4883 -0.81989 -0.1809 1.7567 1.0413 -0.16955 -0.43676 0.9734 -1.4179 -1.3136 -0.044533 1.7505 -0.80821 1.1061 1.877 -1.7675 -0.58699 0.70064 0.68287 0.74437 0.58594 -0.39665 -1.3804 -1.984 1.4849 -0.33287 0.41574 0.94426 1.8972 -1.747
-0.85084 -1.0733 -0.8634 -0.75928 -0.19327 0.97347 1.5795 -0.79043 0.4008 -0.70182 -0.7148 -1.1131 1.7598 1.5323 0.21157 0.0096783 1.4194 -1.3356 -1.836 -1.6236 2.4046 -0.75916 1.3561 1.7819 -0.00057058 -1.5138 0.5508 1.5809 1.4219 0.7127 0.36559 -0.50722 -2.028 0.077152 -0.44235 -0.20321 -0.2774 2.4484 -2.0707
-0.89305 -1.3547 -1.3726 -0.77717 -0.53559 0.51256 2.2166 -0.061187 0.24726 -0.17967 0.6451 -1.7823 1.4731 1.2228 0.92813 0.75745 1.4556 -0.89091 -1.6852 -2.0627 1.9539 -1.0621 1.04 1.448 1.7724 -2.4019 0.03862 2.1074 1.1683 0.25803 1.0795 0.52991 -1.1894 -1.3497 0.065424 -1.0249 -1.6045 1.7353 -1.6607
0.031509 -1.2275 -0.89799 -0.061435 -0.7637 -0.87586 0.58714 0.89181 -1.0283 0.43811 2.0444 -0.28031 0.79175 1.5149 2.217 1.4885 1.8049 -0.40324 -1.0447 -2.1554 0.84821 -1.0829 0.2545 0.38837 1.6592 -2.9783 -0.32512 1.509 0.35763 -0.33996 1.3363 1.1514 -0.11117 -2.0123 0.71395 -1.1575 -2.0921 0.13202 -0.36777
0.77758 -0.55655 -0.19931 0.70014 -0.2702 -0.58752 -1.1344 1.1176 -0.13809 0.63702 0.65128 2.0122 -0.16067 1.1307 2.7371 0.9984 1.2501 0.34623 -0.73379 -2.0853 -0.10346 -0.48904 -0.49081 -0.71809 1.4365 -2.9394 -0.38782 -0.25545 -1.2433 -0.99363 1.0908 1.2829 0.75078 -1.7168 1.3655 -0.65123 -2.3177 -1.4966 1.3636
0.15781 0.34794 0.60835 0.69181 -0.096712 0.12826 -0.36334 -0.12696 -1.0243 0.038443 0.33728 2.5814 -0.70544 0.98082 2.1077 0.54767 0.91791 0.8013 -0.19241 -1.844 -0.49371 0.44792 -0.3054 -1.4265 0.44726 -1.9286 -0.48482 -2.3799 -2.7013 -1.7898 0.8357 0.57655 1.5024 -0.76029 1.3618 0.57217 -1.0829 -2.1845 2.8365
0.58377 1.1762 0.30591 1.1883 -0.33311 0.3101 -0.225 -0.44858 -0.5433 -0.78827 -0.69244 -0.23444 -1.175 0.77533 0.51435 -1.1079 0.1212 0.76031 0.25015 -0.79142 -0.72458 1.0087 -0.040908 -2.3985 -1.155 -0.39484 -0.080506 -3.3731 -2.9709 -1.8509 0.75277 -0.095808 1.5497 0.4581 0.92577 1.5543 0.56284 -1.7924 3.3708
0.32003 0.96334 -0.8061 0.19405 0.11701 -0.67191 -0.6473 -0.40713 -0.088539 -1.0257 -0.78855 0.078193 -1.0287 0.79719 -1.0763 -2.521 -0.83805 1.1217 -0.47535 0.071066 -0.32159 0.99675 1.2449 -0.99417 -2.1889 1.0168 -0.0062847 -2.8854 -2.2309 -1.7051 0.6105 -0.47704 1.2996 0.90684 0.0050789 1.635 1.9866 -0.0084144 2.6938
0.88542 -0.12137 -0.68231 0.73876 0.42715 -0.31958 -0.95339 0.41744 0.60893 0.73898 -0.067319 -0.30354 -0.29049 1.081 -1.9156 -3.0342 -1.1891 1.7485 -0.76854 -0.078479 0.71104 1.1666 2.0175 0.2167 -1.4714 1.8475 0.034284 -1.0622 -0.30448 -0.72669 0.13421 -0.10059 1.0641 0.49853 -0.82422 0.60711 2.5333 1.6547 1.1402
1.4123 -0.92566 -1.9706 0.33118 0.15148 -0.32748 -1.0275 0.1315 0.13293 0.664 -2.228 -0.50982 0.30714 0.82491 -2.0184 -2.672 -1.4823 1.5789 -0.56099 0.28252 0.56595 0.4019 2.1188 1.3354 0.55653 1.9525 -0.1508 1.0106 1.2401 0.19251 -0.72277 0.50317 1.013 -0.49611 -1.3304 -1.2737 1.5821 2.4097 -0.58953
1.3899 -0.94801 -2.3944 -0.57942 1.4463 -1.0188 -0.31581 0.053657 0.65372 1.9421 0.028463 -0.81944 0.61705 0.83406 -0.97779 -1.6123 -0.85526 0.82973 0.10794 1.1327 -0.18879 -0.36975 0.81108 1.6269 1.3174 1.2543 -0.42127 2.2025 2.1435 0.78938 -1.4884 0.77687 0.81355 -0.71485 -1.2834 -2.3846 0.64733 1.9524 -1.7791
1.3573 -0.58282 -2.3107 -0.54874 2.0272 -0.61356 -0.34158 0.5943 0.38999 1.2633 0.80045 -0.14654 0.83018 0.64815 0.33205 -0.92287 -0.65312 0.1272 0.012684 1.3971 -0.83577 -0.954 -0.82343 1.5411 2.0295 0.218 -0.37304 2.2059 2.1635 1.2168 -1.6606 0.9126 0.22369 0.23292 -0.48624 -2.7018 -0.74721 0.95929 -2.0677
1.3272 -0.65373 -2.6183 -0.83807 1.0543 -0.60664 -0.086254 -0.017635 -0.1159 1.0737 1.0718 1.3001 0.63927 0.39254 0.99465 0.08981 -0.18013 -0.54477 0.37468 0.91199 0.020339 -0.77747 -1.5223 1.4381 2.3343 -0.58984 -0.2271 1.1444 1.3889 1.0589 -1.2784 0.50634 -0.3464 1.012 0.0423 -1.4355 -1.2497 -0.082385 -1.5002
1.6647 -0.31616 -2.1168 -0.16576 0.65637 -0.20036 0.79807 -0.63784 -0.4682 0.0092917 0.92121 1.7992 0.33309 0.35873 1.0872 0.51286 0.37104 -1.105 0.98554 0.80555 0.92192 -0.37366 -2.3932 -0.10463 2.2649 -0.96604 -0.15039 -0.16372 0.62702 0.93521 -0.30479 0.26714 -0.71095 0.99367 0.37483 0.44547 -1.3594 -1.6112 -0.39585
1.9975 -0.11178 -2.0648 -0.14297 0.47424 -0.54142 0.53297 -0.56431 -0.67588 0.0091709 0.78055 1.9513 0.059337 0.56396 0.76977 0.257 0.54024 -1.1439 0.55362 0.74411 0.91542 -0.55027 -1.4163 -0.11472 0.97758 -0.9403 -0.61658 -1.2782 -0.36215 0.40931 0.67288 -0.29168 -0.83649 0.043302 0.65254 1.6509 -1.6295 -2.9552 0.73058
1.6674 -0.02901 -2.1054 -0.43886 0.23766 -0.081985 -0.16165 0.96005 -0.28474 -0.33097 0.30522 2.1755 -0.16944 0.29068 0.14599 0.15584 0.67212 -0.17268 0.41505 0.095202 0.66385 -0.27276 0.072109 -0.47189 -1.0939 -0.34245 -1.385 -1.915 -0.50653 0.14415 1.2614 -0.59902 -0.61561 -0.46542 0.76309 1.5929 -1.3421 -3.2563 1.4518
1.6567 0.1889 -1.8544 -0.13127 0.75357 0.48981 0.95693 1.6031 0.5052 -0.89426 0.2327 2.4417 -0.18399 -0.71449 -0.89804 -0.4194 0.41047 0.38826 0.12317 -0.36024 0.23936 0.53916 0.73198 -1.7213 -2.9348 0.45466 -1.6005 -1.7825 0.13267 0.26549 0.93125 -0.58356 0.23301 -0.76835 0.55716 0.39556 -1.2149 -2.0504 1.6144
2.2326 -0.046506 -2.3929 0.16326 0.21437 -0.33586 0.75935 0.58067 -1.2224 0.17612 1.3206 1.1196 -0.06998 -1.5759 -1.6222 -0.10671 0.70097 0.73129 0.098311 0.15534 0.35581 0.67651 -0.10257 -2.0552 -3.4323 1.0322 -1.3026 -1.0008 0.87531 0.046781 -0.16602 -0.40672 1.0159 -1.0328 -0.015507 -0.70864 -0.36851 -0.19201 1.153
1.6269 -0.70865 -2.2438 0.29512 0.94134 -0.080341 -0.020594 -0.40085 -0.59065 1.4043 -0.019967 -0.88158 0.40026 -1.4785 -1.6438 0.626 1.0087 0.33142 -0.36201 1.1447 -0.42666 0.14564 -0.4855 -1.8162 -2.6832 1.37 -0.76207 0.26244 1.6404 -0.50424 -0.72804 0.36802 1.3607 -1.1862 -0.11425 -1.1321 0.57079 1.5731 0.36483
0.33408 -1.3087 -2.6091 0.17357 1.0999 -0.20881 0.13215 -0.22453 0.82254 0.22711 -2.5628 -2.5408 0.854 -1.7477 -1.3305 1.2598 0.46319 -0.46004 -0.090857 1.2799 -1.016 -0.085459 -0.80085 -1.1826 -1.6985 1.3408 -0.28132 1.2849 1.4801 -1.3591 -0.76854 1.0933 0.92294 -1.0683 0.13537 -0.92172 1.128 2.5623 -0.44534
-0.16762 -1.4804 -1.7804 0.72085 1.2332 -0.10066 0.96416 1.4966 0.2601 -1.2998 -1.6162 -1.4879 0.95631 -2.041 -0.55283 1.9549 -0.36984 -0.48078 0.89527 1.6781 -1.3875 0.70723 -1.2922 -0.99036 -0.14776 0.97739 0.09341 1.6554 0.8595 -1.8802 -0.14577 1.4289 -0.095564 -0.57826 0.41048 -0.46854 1.3405 2.6495 -0.9898
0.64185 -1.0499 -1.0309 1.0206 0.26227 -0.4562 2.3186 0.5095 -0.55256 -0.93097 -1.0498 -0.003466 1.1171 -1.8106 0.21779 1.9867 -1.0439 -0.41011 1.4821 1.6469 -1.246 0.69714 -1.6296 -0.15858 1.27 0.40086 0.47612 1.39 -0.10922 -1.7541 0.54087 0.70091 -1.1333 -0.31403 0.52123 -0.21257 0.79071 1.6973 -1.0625
-0.082433 -0.9528 -0.79851 0.093031 -0.23409 0.37654 2.1351 -0.82126 -0.43528 -0.67036 -0.18251 -0.42837 1.1438 -1.2642 0.65398 1.8596 -1.6075 0.032063 1.4818 0.75954 -1.4363 0.62265 -1.0472 0.41673 2.0068 0.0012199 0.49934 0.61498 -0.97486 -1.0932 0.8831 -0.34219 -1.9718 0.72138 0.35601 -0.20208 0.28559 0.37064 -0.80011
-0.6984 -0.83018 -0.59452 -0.71592 0.3795 1.1519 1.9342 -1.8844 0.50254 -0.34617 -1.1918 -0.38768 1.0265 -1.2396 0.64638 1.0927 -2.0614 0.41284 0.90613 -0.45938 -1.5999 1.0534 -1.3604 -0.2681 1.169 -0.14499 0.49554 0.0082281 -1.1907 0.04083 0.86552 -0.9885 -1.7252 1.9706 0.28841 -0.20063 -0.21029 -0.45555 -0.35754
-1.2334 -0.86695 -0.57256 -0.985 1.1468 1.7001 1.6662 -0.77041 1.2045 -1.3163 -1.7502 0.13523 0.91162 -1.3867 0.37713 0.56821 -1.8178 0.93667 0.55352 -1.0809 0.20457 1.2852 -1.8418 -0.35297 0.74134 -0.23613 0.54834 -0.24624 -1.0812 0.98284 0.18626 -1.1886 -0.72883 2.5211 -0.11848 -0.11354 0.048874 -0.60857 -0.012815
-0.96662 -0.77692 -0.43211 -1.322 1.1914 0.90068 1.2995 -0.50296 1.0427 -1.8116 -1.5346 0.9553 0.9159 -0.81667 0.37629 0.39519 -0.85922 0.93058 0.12688 -0.77056 1.7897 0.98265 -1.6443 -0.20759 0.8069 -0.14499 0.71103 -0.18417 -0.63966 1.442 -0.55034 -0.7693 0.38962 1.7159 -0.54753 0.71853 0.65198 -0.29959 0.1484
-1.1218 -0.68882 -0.41776 -1.4793 0.94719 0.28454 0.87404 -0.72433 0.71021 -2.9105 -1.343 0.26498 0.91843 -0.44452 0.33763 0.17582 -0.43759 0.17758 -0.31626 -0.50511 1.8008 0.43637 -1.1339 0.48388 0.73375 -0.023097 0.66038 -0.012071 -0.3479 1.2747 -0.96106 -0.039093 0.9648 -0.075172 -0.4824 1.4531 0.53221 -0.37886 0.14073
-1.272 -0.65963 -0.38435 -1.3624 0.98922 0.73682 1.2045 0.31826 1.0262 -2.2202 -0.91581 0.71195 0.89813 -0.3762 0.32973 0.082194 -0.15614 -0.30905 -0.074848 -0.015263 0.96049 0.37205 -0.19087 0.64718 0.44213 0.023588 0.34794 -0.049855 -0.33485 0.73278 -0.95451 0.52183 0.79805 -1.3441 -0.089393 1.7126 0.046846 -0.52669 -0.050931
-1.3252 -0.54315 -0.32685 -1.0235 1.1995 1.3466 1.3387 0.85113 1.2996 -1.8086 -0.94538 0.56694 0.97767 -0.36691 0.38288 0.063623 0.12558 -0.38459 0.58255 0.38031 0.47766 0.61899 0.50172 0.30784 0.0074434 -0.05958 0.4566 -0.053539 -0.20957 0.53999 -0.70032 0.44082 0.3155 -1.697 0.18385 1.4863 -0.47049 -0.54622 -0.27539
-1.3999 -0.56246 -0.48001 -1.5442 0.76011 0.80529 1.1671 -0.063303 1.2747 -1.8909 -0.89951 1.014 0.94854 -0.19804 0.26613 -0.18538 0.18114 -0.71601 0.6381 0.30466 -0.1699 0.72963 1.1546 -0.026335 -0.092336 -0.22185 0.80904 0.063577 -0.036421 0.46279 -0.7215 -0.34493 -0.38534 -1.4348 0.0277 0.92123 -0.63096 -0.58535 -0.52156
-1.6084 -0.54807 -0.43425 -1.2922 0.77752 1.2404 1.5603 0.091089 1.5552 -1.9588 -0.92186 0.95286 0.91047 0.32646 0.27507 -0.092756 0.36956 -1.027 0.13878 -0.075712 -0.94486 0.6589 1.3337 -0.14661 -0.30715 -0.41234 1.2058 0.49106 0.50212 0.62669 -0.66198 -1.0467 -1.2115 -0.79119 -0.73127 0.63912 -0.25995 -0.56492 -1.0043
-1.3132 -0.31019 -0.28381 -1.125 0.66526 1.3448 1.6048 -0.099294 1.5907 -1.6494 -1.162 0.38314 0.80179 0.79436 0.50626 0.08186 0.55905 -1.4392 -0.48773 -0.54653 -1.1267 0.43166 1.3435 -0.4218 -0.80032 -0.76916 1.5378 1.0995 0.65 0.90252 -0.25521 -1.2717 -1.5162 -0.077588 -1.5933 0.59373 0.20667 -0.55878 -1.4193
-1.3853 -0.50849 -0.76259 -1.1755 -0.039071 1.1264 1.1326 -0.52547 1.6634 -1.1707 -1.2423 0.11992 0.62351 1.394 1.1775 0.85871 1.0681 -1.3527 -0.781 -1.5432 -0.58469 -0.71637 1.7636 -0.030094 -0.99047 -1.6516 1.3678 1.3208 0.3737 0.93025 0.31015 -0.99849 -1.2955 0.93481 -2.1148 0.24154 0.53413 0.019154 -1.4823
-0.62667 -0.3413 -0.31699 -0.65067 -0.084889 0.94835 1.036 -0.46465 1.9521 -0.33653 -0.94312 0.50512 0.47417 2.1443 1.857 0.54416 1.4586 -1.0513 -1.2426 -1.897 -0.49623 -1.8433 2.2004 0.33628 -1.0882 -2.2386 0.45439 0.95363 0.41425 0.8688 1.0639 -0.34218 -0.44372 1.051 -1.5901 -0.61024 1.0525 0.71506 -0.78269
-0.37138 0.080776 -0.18998 -0.52819 -0.67662 0.32021 0.46879 -0.71214 1.6326 -0.70052 -1.7105 -0.63215 0.06723 2.2106 2.0518 0.36462 1.5963 -0.56328 -1.3215 -1.9112 0.57205 -2.5388 1.4244 0.56648 -0.14757 -2.4309 -1.1782 -0.024933 0.33595 0.16616 1.5636 0.13974 0.76388 0.55072 -0.41082 -1.3331 1.0678 0.94735 0.50244
0.25585 0.85563 0.81156 -0.061691 -0.56832 0.013778 -1.005 -0.47741 -0.36567 -0.01154 -0.51034 -0.21044 -1.2193 1.242 1.8408 1.0933 1.8611 0.36465 -0.84719 -1.2341 0.35412 -1.911 0.23863 1.4346 0.42325 -1.8336 -2.7477 -1.0326 0.3016 -0.90526 1.9279 0.56323 1.865 -0.054007 1.2319 -1.2977 0.73954 1.0059 1.7247
1.1755 1.3604 -0.44132 0.71565 -0.16504 -0.034845 -0.27404 -0.50849 -0.84546 0.72707 -0.48065 -0.85936 -1.4049 -0.34315 1.1442 1.2021 1.1714 1.1595 -0.7214 -0.42247 0.071688 -1.5065 -0.052299 1.6068 0.44269 -0.92148 -3.3008 -1.5248 -0.4002 -1.9045 1.6525 0.11146 2.6173 -0.74459 2.7033 -0.58658 0.089484 0.41347 2.6114
0.98219 1.2296 -0.26224 0.62635 -0.14346 -0.15362 -0.60097 0.8818 -1.066 -0.47173 -0.60233 0.91559 -1.4603 -1.6938 0.40232 0.6791 0.051819 2.0521 -0.50586 0.92982 -0.34622 0.20154 0.21667 1.3293 0.94252 0.20915 -2.6618 -1.3729 -0.93415 -2.7638 0.89806 -0.3985 2.2493 -0.69823 2.8341 0.013301 -0.60333 -0.066792 2.489
-0.5596 0.87483 1.1228 1.2977 0.53189 0.31408 -0.00083491 -0.89084 0.65132 -1.119 1.1881 0.83728 -0.74816 -2.4677 -0.049301 -0.18719 -0.9125 1.9949 -1.2869 2.0255 -0.52746 1.9978 0.21068 0.79978 0.53166 1.3969 -1.1244 -0.69756 -1.0403 -2.3747 0.20385 0.02605 1.5548 -0.43637 1.8239 0.051597 -0.82373 -0.70948 1.6281
-1.4108 0.77994 1.1869 0.25963 1.1746 -0.41341 0.36226 -0.7013 -0.20402 0.014717 0.59088 0.10882 -0.48607 -2.6505 -0.10126 0.030376 -2.0532 1.8065 -1.2978 1.8525 -0.70539 2.1991 0.14566 0.59859 0.19316 1.6292 0.38719 -0.056158 -0.97332 -1.2888 -0.43928 0.40035 0.23599 0.19474 -0.50112 -0.68532 -1.5585 -1.1295 0.23487
-1.975 0.91626 0.17954 -0.82302 1.8253 -0.51544 1.3134 -1.0822 1.3878 0.29565 -0.15851 0.66386 -0.28115 -1.9528 0.10838 -0.42959 -2.0339 1.7226 -0.27734 2.0904 -0.5961 1.2755 0.10236 0.28084 -0.87301 1.3916 1.5073 0.14696 -0.44266 0.36566 -0.72418 1.1928 -1.1259 0.69589 -1.9826 -1.3042 -1.2179 -0.6688 -0.92513
-1.6438 1.2234 -0.40204 -0.73268 1.4533 -2.0963 1.65 -0.5367 1.8014 0.50156 0.5876 0.20027 0.10786 -1.2206 0.22427 -1.0305 -1.6954 1.3138 -0.27361 1.3337 0.074017 -0.44741 -1.1618 -1.6088 -1.029 0.64747 2.0248 0.086509 0.3452 1.9268 -1.0604 1.4101 -2.0698 1.0543 -2.2052 -1.1171 -0.66553 -0.13987 -1.4275
-1.7549 1.1918 0.015765 -1.7764 1.7707 -1.0014 1.4762 -0.78531 1.3421 -0.12161 0.45525 0.076995 0.19422 -0.36335 0.065052 -0.49507 -0.42863 0.78438 0.39666 0.10066 0.44809 -0.74165 -1.8715 -0.59588 -0.45238 0.16913 1.9288 -0.089134 1.1738 2.4465 -1.5553 1.0689 -2.6957 1.0088 -1.2264 -0.083493 -0.093165 0.28076 -1.6466
-1.9398 1.0371 0.28088 -1.0597 2.2105 0.72285 2.149 -0.33511 0.30813 -1.1044 0.48837 -0.58628 0.10541 0.339 0.085521 0.69833 0.61011 0.13142 0.96086 -1.1533 0.83819 -1.3137 -1.2092 -0.33011 -0.37386 -0.41123 1.979 0.0049217 1.2325 2.5306 -1.6807 0.47074 -2.4829 0.53518 -0.15736 1.8584 0.80682 0.57072 -1.5658
-2.6536 0.9582 0.045674 -0.89292 2.3584 -0.8357 1.4071 -1.1325 -0.60692 -2.2927 -2.3869 -0.83022 -0.18817 0.87259 0.017438 0.89088 1.2124 -0.84213 1.0731 -1.8712 0.99856 -0.79591 -0.039231 -0.5523 -0.57245 -1.1375 2.1025 0.31488 0.35476 1.5556 -1.838 -0.35415 -1.5534 0.19684 0.26267 2.8306 0.58147 0.72671 -1.3039
-1.5665 0.91348 0.21381 -0.43414 2.0637 -0.39554 0.32548 0.032489 0.10484 -1.0484 0.83633 0.32774 -0.25671 1.8602 0.26202 0.57129 2.0342 -1.2852 0.25477 -2.476 0.84997 -0.72205 1.8459 0.020477 0.33807 -1.6077 2.0389 0.40397 -0.71519 0.64234 -1.5113 -0.44813 -0.1143 -0.042312 0.53771 2.1255 0.94965 0.76801 -0.71641
-1.0684 1.3319 0.93247 -0.084374 1.4835 0.13244 -0.09158 0.11607 0.5093 -0.090732 -0.082005 0.017233 -0.61772 2.8051 0.56503 0.22154 1.6587 -2.2411 0.09796 -2.2449 0.83223 -0.47373 2.572 0.41799 0.86395 -1.6547 1.0727 0.25361 -1.0115 -0.16281 -0.69253 -0.45926 1.0197 -0.48958 -0.11434 0.10039 0.28457 0.40734 0.071517
-0.53008 1.1966 0.50667 0.36997 0.11209 -0.42506 -0.44107 0.48739 0.79748 0.40448 -0.35025 -1.3719 -1.1856 3.1833 0.56502 -0.31501 1.5465 -2.235 0.6237 -1.2041 0.84404 -0.34427 1.9713 1.1286 0.67692 -1.4836 -0.81641 -0.31215 -0.5075 -1.2867 0.42612 -0.15231 1.6308 -0.54244 -0.225 -1.8609 -0.31492 -0.29774 1.0128
0.3926 1.3661 0.52935 1.0868 1.0409 -0.089629 -1.2488 -0.26685 -0.83585 1.4411 0.29048 1.0434 -1.5657 2.2199 0.34066 -0.56816 1.1701 -1.7594 0.043409 -0.56275 0.050182 -1.1979 0.11996 -0.52583 0.18266 -1.0672 -2.7786 -0.97416 0.59608 -1.8041 1.7113 -0.21088 1.6791 -0.41643 0.14972 -2.7138 -0.20624 -0.38254 1.9713
1.1364 1.5465 0.23198 0.68597 -0.4901 0.4008 -0.31492 0.38755 -0.75466 0.51906 -0.0067781 0.63019 -1.5111 0.63915 -0.1993 0.0065734 -0.025729 -0.63138 0.0018171 -0.19663 0.18636 -0.80108 -0.83608 -0.15597 -0.047632 -0.02097 -4.0459 -1.4054 1.3126 -2.2917 1.9682 -0.50202 1.1645 -0.33324 1.1574 -2.3645 0.30176 -0.58997 2.5163
1.2452 1.4006 -0.36379 1.0786 -0.0094145 -0.1087 -0.1927 0.23084 -0.31195 -0.32217 0.46451 0.1076 -1.5863 -1.0952 -0.85288 1.1652 -0.78838 0.47899 0.020876 0.46456 0.35266 0.085666 -1.7284 0.63473 0.30133 1.2745 -3.825 -1.4601 1.4672 -2.1753 1.7888 -0.10994 0.44164 -0.41904 1.8577 -0.87162 1.1605 -0.45198 2.3025
0.65056 1.2785 0.21185 1.0396 -0.057947 -0.45024 -0.78135 0.048243 -1.2587 -0.70642 -0.76595 -0.021653 -1.3371 -2.6946 -1.4372 1.2629 -1.5829 0.69295 -0.28896 0.50523 0.046969 1.4213 -2.0731 1.1641 -0.79299 2.0182 -2.4593 -0.97742 0.98374 -1.3003 0.75876 0.12847 0.10172 -1.0516 1.4412 0.48675 0.58313 -0.15628 1.3269
-0.89764 0.95473 1.4362 -0.57003 0.76424 0.13484 -0.61813 0.54438 0.068244 -0.24068 -0.19564 -0.70684 -0.54605 -3.2369 -1.7408 1.5374 -1.9509 1.2589 -0.013441 -0.081596 -0.69362 1.5413 -1.0864 1.1903 -0.53214 2.1889 -0.29935 -0.38526 0.22392 -0.14167 -0.52581 0.46014 -0.12544 -1.4722 0.60037 1.8311 -0.26228 0.16108 0.047857
-1.6375 0.23411 1.8679 -0.21361 1.0714 -0.27485 0.21243 0.65722 0.49359 -1.1347 1.5845 0.65532 0.26734 -2.867 -1.5615 1.65 -1.7731 0.5534 0.25557 0.25444 -1.3402 1.4633 -0.12156 0.7588 -0.026011 1.9855 1.921 0.22972 -0.33541 1.459 -1.2477 0.68659 0.11993 -1.4121 -0.82945 2.5581 -0.89593 0.83742 -0.98474
-2.2825 0.15611 0.96218 -0.92644 1.0659 -0.30436 -0.4589 -0.49787 0.99911 -1.1669 1.9391 -0.50152 0.37095 -1.5586 -1.4997 1.38 -0.94151 -0.50253 0.59569 0.33082 -1.8252 1.3242 1.1621 0.29696 0.26578 1.3793 2.8287 0.74338 -0.8256 2.217 -1.5487 0.59741 0.52217 -0.834 -1.7346 1.9971 -1.202 0.58146 -1.5584
-2.042 0.01927 1.3814 -1.4596 0.81156 0.42247 -0.64046 -0.59496 0.82041 -0.69957 0.77205 -0.40675 0.41155 0.056957 -1.1273 0.70382 0.53833 -0.95328 0.67038 0.51205 -2.1414 -0.15679 2.1999 -0.22852 0.73956 0.59372 2.4124 0.86618 -0.73648 2.3934 -1.1655 0.078053 0.49759 0.027589 -2.0378 0.59442 -0.98044 0.16105 -1.6471
-2.072 0.079677 1.7894 -0.68 0.37005 -0.073331 0.15932 -1.4095 0.86931 -0.22258 0.35044 0.20832 0.35507 0.58438 -0.57573 0.45594 0.88038 -1.1302 0.87889 0.77665 -1.9174 -1.2003 1.9687 -0.78271 0.41728 -0.0099175 1.5898 1.1271 -0.62439 1.7634 -0.64562 -0.46525 0.20078 1.0547 -1.6145 -0.97318 -0.26415 -0.40461 -1.3875
-1.4619 -0.3972 2.4592 -0.34893 -0.64741 0.58571 -0.36386 -1.5119 0.69866 1.2201 -0.22369 0.28602 0.38475 0.56846 -0.41379 0.72417 1.6196 -1.4917 0.25776 0.97128 -1.2348 -1.4509 0.73735 -0.71396 0.24611 -0.37926 1.1903 0.71848 -0.99976 0.62652 -0.40073 -0.58122 -0.32411 1.945 -0.33423 -1.595 0.56198 -0.85855 -0.83924
-0.9746 -0.35121 1.949 0.52636 0.35006 0.75841 0.57325 -1.5486 -0.3778 1.8082 1.0515 0.92409 0.40134 1.1588 0.23662 0.19167 1.6903 -1.5295 -0.054235 0.4698 -0.21218 -1.333 -0.14536 -0.0045905 -0.46405 -0.71153 1.1147 0.063012 -1.6368 -0.19247 -0.26862 -0.77621 -0.45349 2.0257 0.9774 -1.1459 1.1091 -0.55381 -0.067543
-1.5672 -0.18459 1.6164 0.2214 -0.091919 0.64041 0.97357 -1.7809 -0.98109 -0.23656 0.8355 0.37593 0.23877 1.998 -0.19744 -1.0443 1.2645 -1.5492 0.067248 0.024043 0.81212 -0.75664 -0.091273 0.53163 -0.85919 -0.61459 0.86873 -0.59605 -1.8472 -1.2166 -0.26093 -0.64934 -0.52849 1.6609 1.8174 -0.27213 0.779 -0.016217 0.7114
-1.8601 -0.20861 1.9693 0.80595 -1.1361 -0.25188 0.25705 -1.8898 -0.31696 -0.82608 0.13745 -0.74205 -0.1814 1.9569 -0.56232 -1.7316 0.71854 -1.627 -0.45446 0.35987 1.0229 0.48905 -0.019389 0.86531 -0.35597 -0.018207 0.28724 -1.089 -1.0846 -1.5401 0.0044382 -0.47015 -0.19009 1.1974 1.9188 0.4376 0.30082 0.81724 1.3544
0.10411 0.5064 1.8633 0.75645 -1.2522 0.39395 -0.22251 -0.59323 -0.52662 -0.058708 0.55183 -0.86851 -0.40541 1.798 -1.1138 -1.7794 -0.072799 -1.9528 -0.73721 -0.0084738 1.3987 1.4054 0.11182 0.44518 0.12488 0.59475 -0.5412 -0.79579 0.0051104 -1.5839 0.61233 -0.25895 0.24755 0.72902 1.1632 0.4301 0.073322 1.1279 1.4894
1.0627 -0.87853 0.42096 1.0335 -1.6512 0.49727 0.2096 -0.49262 0.11728 1.3575 1.2753 -0.41402 0.019453 1.8031 -1.318 -1.4798 -0.40016 -1.2951 -0.51726 0.10252 1.8399 1.5621 0.68508 0.6525 0.92816 1.1987 -1.4618 -0.31512 0.73186 -1.3346 1.0387 0.0056789 0.12546 0.17223 0.19175 0.040709 -0.12238 0.40999 1.0185
0.42635 -1.1509 0.48018 0.5841 -1.9935 -0.062624 0.98674 -0.82091 1.1522 1.4389 1.5722 0.76879 0.82258 1.0744 -1.2892 -1.171 -1.014 -0.43975 -0.37786 0.61132 1.8336 1.1262 0.47268 0.78555 1.1104 1.5426 -2.1317 0.55369 1.3026 -1.0452 1.0869 0.30939 -0.30404 -0.62257 -0.37211 -0.2513 -0.21102 -0.55367 0.12405
0.21679 -1.2151 0.22667 0.072395 -1.8942 -0.4749 0.5545 -0.19435 0.81747 0.17484 1.1335 0.80209 0.96733 -0.39846 -1.0536 -0.67734 -1.201 -0.23638 -0.62356 0.27365 1.1474 1.0462 -0.10359 0.44147 0.081965 1.3989 -1.8106 1.0816 1.6547 -0.55594 0.50394 1.0063 -1.0932 -1.4334 -0.48393 -0.37402 -0.6615 -1.3358 -0.7858
0.44535 -1.0096 0.74741 -0.024438 -1.7783 -0.084943 0.56796 0.41017 0.77768 -0.16975 1.2269 0.84307 1.1239 -1.0676 -0.21531 0.24518 -1.5429 -0.23648 -0.11445 -0.69686 0.53371 0.91912 -0.012513 0.11534 -0.77759 0.72452 -0.82639 1.1299 1.5813 0.14197 -0.22967 1.7437 -1.5267 -2.0557 -0.19861 -0.069379 -0.9473 -0.90036 -1.28
0.2824 -1.0895 0.80572 -0.37545 -1.5244 -0.36475 0.82651 0.57622 0.78569 0.49684 1.4146 0.16076 1.1345 -0.4935 0.15392 0.89644 -1.1277 -0.34289 1.2034 -1.3648 -0.30599 0.69103 0.1506 -0.3712 -1.2846 0.14783 0.22615 1.0636 1.1625 0.68474 -0.50184 2.0013 -1.2274 -2.2384 -0.12372 0.029845 -1.1784 0.35456 -1.4598
-0.15706 -1.038 0.37623 -0.49853 -1.8436 -0.25607 0.043204 0.29636 1.1987 0.87869 1.5184 -1.123 1.1552 -0.41039 0.20524 0.9892 -0.78947 -0.83239 1.9183 -1.525 -1.4514 0.9171 0.21 -0.75278 -0.34359 -0.20963 0.70011 1.1683 0.5575 1.3638 -0.38001 1.3582 -0.31505 -1.8832 -0.51367 -0.53792 -1.2153 1.7671 -1.5887
-0.64598 -1.3317 0.70818 -1.1777 -2.3098 0.34355 -0.65193 -0.57443 1.8895 1.6134 1.4646 -0.7043 0.98724 -0.2967 0.71163 1.1145 -0.34199 -0.9407 2.0439 -1.692 -2.2289 0.8148 -0.14149 -1.5428 0.66592 -0.84559 0.93943 1.8008 -0.23563 1.6994 0.8199 -0.014954 0.87542 -0.29678 -1.3179 -0.76334 -0.83198 2.1621 -1.8074
0.24254 -0.82634 1.7897 -0.67476 -2.3314 1.7555 -0.76732 -1.1047 1.635 0.41092 0.46136 -0.46853 1.0528 0.14816 1.6753 1.1684 0.51927 -0.69081 1.9654 -1.1573 -2.1795 -0.17871 -0.98869 -1.7928 2.3555 -1.7297 1.0626 1.6418 -0.68812 2.1793 1.9513 -1.3913 1.8565 1.4408 -1.8046 -0.5672 -0.26303 1.175 -1.5406
-0.13676 -0.93945 1.2272 -0.7991 -2.8269 1.7536 -1.1155 -1.4154 1.6665 -0.19802 0.018575 1.1684 0.70328 0.9876 2.7601 0.35572 1.2755 1.286 1.1524 0.11811 -0.51651 -1.4543 -0.84695 -1.5595 2.3989 -2.4493 0.46564 0.36398 -0.99891 1.9046 2.2034 -2.0014 2.3296 2.1932 -1.5582 0.26633 0.41411 -0.39155 -0.5948
0.014371 -0.076667 1.8691 -0.35902 -2.5156 1.7672 -1.2535 -1.794 1.6296 0.20928 -0.7875 1.4101 -0.0082327 0.93744 2.2278 0.071217 2.3211 2.067 -0.19665 1.1246 0.51331 -1.6444 -0.62115 -1.2864 1.5119 -2.2695 -0.18337 -1.299 -0.5491 0.99084 1.213 -1.8556 1.518 1.5746 -0.67962 1.1233 0.97468 -1.8296 0.83401
0.28594 0.73891 1.602 0.45547 -2.1993 1.5993 -0.47348 -1.6608 0.17643 -0.20343 -0.39806 3.0762 -0.96868 0.18558 1.1146 -0.21552 2.1832 2.2084 -0.55885 1.6321 0.71598 -1.6405 0.24607 -0.9499 0.14174 -1.6809 -0.69057 -2.922 -0.31652 -0.4994 -1.0414 -1.1487 0.023838 -0.051403 0.32873 1.0637 1.2046 -2.1694 2.172
1.2171 1.6165 0.35084 0.87291 0.5905 1.1109 0.31318 0.30037 -0.59702 0.65944 -0.15662 1.0558 -1.3976 0.2159 0.096089 0.41667 1.8507 1.3513 -0.5944 0.98895 0.28672 -1.4635 0.84068 -0.10239 -0.82892 -0.56552 -0.566 -3.2134 -0.37015 -1.7653 -2.454 -0.39022 -0.84901 -1.1494 1.1776 0.85756 1.4704 -1.6124 2.8462
0.3853 -0.061653 1.6607 2.0332 -0.54253 0.41956 0.64964 -0.54578 0.55554 0.35433 -0.73397 0.98884 -0.72308 0.069351 -1.583 -0.41939 0.62016 -0.46154 -0.76301 0.21403 -0.49829 -0.84487 0.67248 0.31512 -1.5394 0.73202 -0.26183 -2.5509 -0.51074 -2.0606 -3.0815 -0.46105 -0.70371 -1.61 1.696 0.23886 1.5713 -0.18766 2.641
-0.1461 -0.24665 1.6425 1.4109 -0.69748 1.7568 0.78274 -1.1381 -0.19304 0.34336 -1.2773 0.056144 -0.42268 -0.051183 -2.3724 -0.52955 -0.06084 -1.591 -0.8127 0.18211 -1.1203 0.40674 0.98195 1.0924 -1.452 1.8093 0.13011 -0.85829 -1.0196 -1.6874 -1.8938 -0.78526 0.21718 -0.58177 1.0952 0.0068403 1.1083 0.81543 1.5506
0.35636 -0.4117 2.0582 1.2133 -2.0213 0.97812 -0.88218 -1.7441 -0.20266 1.0373 0.23882 0.88698 -0.074582 -0.16045 -2.3727 -0.70805 -0.55485 -2.5961 -1.2982 0.66363 -1.7213 0.94156 0.68893 1.6708 -0.015345 2.0359 0.53133 0.81816 -0.63214 -0.4629 0.022756 -1.213 1.1552 0.87951 0.13046 -0.07274 0.38035 1.2362 0.30014
0.5562 -1.1486 0.42701 0.20871 -3.0662 0.46369 -0.71917 -2.1765 0.023142 0.6983 -0.16423 -0.26286 0.32883 0.58207 -1.0945 -1.3563 -0.58542 -1.4293 -1.7721 1.1643 -0.23329 -0.077415 0.85737 1.4888 0.28907 1.6618 0.34379 1.4597 -0.4802 0.33014 1.5388 -1.068 1.5398 1.9093 -0.88408 -0.28651 -0.8005 0.90428 -0.68903
0.63624 -0.98689 0.52601 1.0592 -2.2676 0.24602 1.08 -1.6352 0.7867 1.3055 1.6188 0.71868 0.77416 0.75212 -0.70127 -1.1987 0.057471 -0.47227 -2.516 1.9282 0.78225 -0.31149 0.59211 0.89382 0.45541 1.3627 -0.077076 1.3288 0.3074 0.7061 2.249 -0.2204 1.0609 2.1906 -0.90989 -0.013577 -1.2499 0.41372 -1.1047
0.50335 -1.1524 0.31936 0.82063 -2.3713 -0.88132 1.8427 -1.7222 1.0142 1.1472 1.4765 1.2785 0.85305 0.14224 -0.49873 -1.1928 0.23198 0.51635 -2.1695 2.4952 1.3644 -0.76594 0.43754 -0.16281 0.40072 0.86577 -0.61993 0.5903 0.93875 0.20968 1.3637 0.83378 -0.22056 0.83404 -0.23118 -0.20252 -1.1051 0.018168 -1.132
0.99009 -0.96745 0.76954 1.3145 -2.0375 -1.0345 1.6042 -0.63842 -0.77338 1.2695 0.15358 0.84583 0.99985 -0.075594 -0.20375 -0.22533 0.31049 1.0522 -1.5051 2.0219 1.766 -0.56656 0.88076 -0.068379 0.86828 0.3817 -0.61224 0.47611 0.94478 -0.31251 0.38513 1.9822 -1.5432 -0.42488 0.45264 -0.36186 -0.275 -0.49695 -0.99223
0.91066 -0.96559 0.51876 1.2642 -1.7999 -1.3509 2.1112 -0.66426 -0.80393 1.1065 0.14413 0.55685 1.0285 -0.15137 -0.24469 -0.097694 -0.32923 0.61993 -0.74269 0.67524 0.91006 -0.40373 0.29709 -0.29834 0.095958 0.049501 -0.28056 0.50148 0.83768 -0.37943 -0.58759 2.1175 -2.2843 -1.407 1.0291 -0.46168 0.38018 -0.83499 -0.87063
0.27816 -1.3163 -0.092876 0.89898 -1.9526 -1.612 2.028 -0.6855 -0.69838 1.5692 0.17425 1.1631 0.87177 -0.23402 0.058675 0.010384 -0.21686 0.28687 0.41923 -0.14913 0.18454 0.4626 -0.089147 0.39508 -0.58498 -0.072418 -0.0465 1.0818 0.68096 -0.23528 -0.64036 2.0892 -2.3989 -1.4137 0.55656 -0.75789 -0.20026 -0.87603 -1.1523
0.51175 -1.3093 0.39233 0.79941 -1.4629 -1.0808 2.5865 -0.048391 0.44961 2.1182 1.0974 1.5901 0.86121 -0.29304 0.30402 0.2457 -0.17944 -0.27859 0.76599 -0.83276 -0.58898 0.86257 -0.039175 0.38199 -0.8569 -0.52459 -0.093405 1.4768 1.1013 -0.036681 0.24651 1.6648 -1.6784 -0.59679 -0.1206 -0.45142 -0.87996 -0.54913 -1.1087
0.57325 -1.1476 0.59881 0.56164 -1.7159 -0.89141 1.7819 -1.1454 0.2931 1.0999 1.2275 0.58987 0.89631 -0.082806 1.531 0.86616 -0.18066 0.21598 1.5862 -1.858 -0.24177 -0.030399 -0.53653 -0.82185 -0.73563 -1.4718 -0.44931 0.96027 0.51934 -0.64176 0.66326 0.5215 -1.013 0.090453 -0.36877 -0.32512 -1.327 -0.47959 -0.4893
0.45884 -0.82821 0.49116 1.0525 -2.1428 -0.27894 1.2593 -1.2913 0.76768 0.77618 1.288 -0.23061 0.85316 -0.39249 1.7601 1.5238 -0.40699 1.1829 1.7383 -1.7179 -0.037633 -0.38324 -0.41929 -1.4965 -1.1436 -1.3103 -0.92677 -0.12945 -0.72072 -1.3436 0.75835 -0.36533 -0.037165 0.98253 0.38108 0.023883 -0.73704 -0.072436 0.57537
0.62283 -0.64478 0.96919 1.2181 -2.4028 -0.52979 0.58303 -1.1461 -0.47177 1.5884 -0.14281 -0.38041 0.20662 -1.0134 1.1147 0.33226 -1.2492 0.93562 0.89312 -1.6736 0.090987 0.34813 -0.5732 -1.3886 -1.5937 -0.58878 -1.15 -1.4258 -1.6324 -1.8721 0.33505 -1.1638 1.0319 1.1925 1.5525 0.19874 0.45566 0.49736 1.6005
0.5371 0.80234 1.2337 0.61466 -0.85209 0.70863 -0.20071 -0.4037 -1.1616 0.59676 -1.4643 0.52117 -1.0556 -1.5472 0.27719 -0.84571 -2.0515 0.9355 0.4402 -1.0142 1.17 1.481 0.039962 -0.84829 -0.62667 0.10192 -0.67592 -1.6424 -1.7433 -1.6644 -0.14202 -1.2233 1.3563 0.95219 1.9927 -0.43446 1.3244 1.1316 1.835
-0.51868 -0.16003 1.7853 -0.0026927 0.12035 0.41741 0.84774 -0.54576 -0.17337 1.6853 -0.85975 -0.38323 0.12697 -1.6411 -0.36432 -1.0126 -2.7136 1.0482 0.093233 -0.24185 1.4901 2.259 -0.33716 -0.21468 0.14119 0.79391 0.23 -1.1902 -0.69107 -0.5959 -0.35272 -1.0936 1.2922 0.31635 1.2067 -0.90051 1.5646 1.2444 1.4288
-0.7569 -0.78181 -0.088678 -1.1722 -1.3342 -0.57675 0.34627 -0.61239 2.0578 0.778 0.43845 -1.5988 0.99808 -1.3304 -0.53867 -1.0746 -2.6571 0.8599 -0.11328 0.15839 1.1289 2.7899 -1.4417 0.62872 0.60927 1.4057 1.217 0.00355 0.2925 0.62863 -0.42233 -0.95148 0.37736 -0.56108 -0.6125 -1.2804 1.04 0.97628 0.26316
-1.2438 -0.91133 -0.71141 -1.6498 -1.3131 -0.18019 0.26894 0.2547 2.2465 1.1497 0.22005 0.074561 1.0013 -0.68433 -0.6777 -0.8562 -2.0102 0.27598 -0.84298 0.20892 0.73511 2.2026 -1.7181 1.0773 0.67267 1.4122 1.564 0.93947 1.0451 1.6556 -0.037512 -0.71201 -0.3584 -0.94255 -2.213 -0.40878 0.46889 0.70285 -0.91241
-1.056 -0.68989 0.34673 -1.8684 -0.71224 0.072782 0.79471 0.46705 2.3464 0.41927 -0.046404 0.45838 1.0033 0.2524 0.44528 -0.38726 -1.2683 0.48188 -0.8429 -0.5312 0.45644 0.2696 -1.9553 0.63485 1.3642 0.28098 1.3497 1.1389 1.1863 1.9923 0.1726 -0.35978 -0.70129 -0.85917 -2.7579 0.73281 0.11108 -0.0004068 -1.5247
-0.66 -0.23772 0.58276 -1.8925 -0.37841 -0.15039 0.41964 -0.013779 1.9056 -0.67256 -0.1033 0.83936 0.95872 0.49261 0.88916 0.58791 -0.42915 1.1842 -0.85239 -0.60448 -0.010205 -1.0184 -0.93062 0.74063 1.3801 -0.33873 0.85162 0.67656 0.63081 1.6892 0.040146 0.37951 -0.71904 -0.47048 -2.2369 1.2587 0.053082 -0.77473 -1.3868
-0.59974 -0.23061 0.44778 -1.9122 -0.19226 -0.78652 0.34337 0.16031 1.7079 -0.7624 0.4967 0.4924 0.81554 0.60664 0.79293 0.41158 0.13585 0.78225 -0.77067 -0.80216 -0.17202 -1.2598 -0.28179 1.022 0.22536 -0.55088 0.36048 -0.24396 0.36371 1.2133 -0.54468 1.1653 -0.24117 0.23013 -0.83394 1.3423 0.0094681 -1.4418 -0.71237
-0.32787 -0.062163 0.34293 -1.9604 -0.028157 -1.1097 -0.26976 -0.18908 0.67107 -0.15369 0.56704 0.9834 0.74564 0.73519 0.40683 -0.086229 0.32693 0.23148 -0.18043 -1.057 0.13532 -1.6194 0.10604 0.98976 -0.60105 -0.74779 0.24936 -0.54468 0.24176 0.94858 -1.1497 1.8143 -0.13169 0.60061 -0.020917 0.91769 -0.70283 -1.5969 -0.4057
-0.56246 -0.12182 0.16241 -1.801 -0.11055 -1.346 -0.35963 -0.26281 1.2503 0.39401 1.6101 0.83523 0.64865 0.81194 0.23927 0.61965 0.53849 -0.13163 0.96614 -0.78677 0.83876 -1.1258 0.36346 0.5269 -1.0502 -0.83799 0.18102 -0.29269 0.31436 1.0334 -1.0057 1.819 0.22345 0.484 0.15253 0.36418 -1.3081 -1.0002 -0.46022
-0.50474 -0.11882 0.18235 -1.3903 -0.33816 -0.43164 -0.34179 0.46308 0.83681 0.5034 1.0777 0.24886 0.36162 0.86359 0.16166 0.92562 1.079 -0.6855 1.6187 -0.88334 0.66346 -1.1061 0.68967 -0.45536 -1.7503 -0.94914 0.051663 0.42664 0.23189 1.0662 -0.34462 0.79373 0.23307 -0.11644 0.011473 -0.2554 -1.4728 -0.46 -0.57515
0.25678 -0.17527 0.56205 -1.5755 -0.31591 0.073032 -0.58214 0.50077 -0.05728 -0.54906 0.91171 -0.63342 0.17143 0.88863 0.37805 0.48318 1.6216 -0.79155 1.6779 -0.47676 0.51508 -1.1797 0.20378 -0.93977 -1.571 -1.3054 -0.40656 0.85558 -0.41571 0.68898 0.55149 -0.87625 -0.30175 -0.69145 -0.080031 -0.53113 -1.0497 0.2001 -0.55112
0.40585 0.11421 1.6012 -1.2183 -0.42951 0.89775 -0.51872 1.0049 0.74248 -0.37383 0.57688 -0.53893 0.075485 0.80183 1.1327 0.4053 1.706 -0.11945 0.92478 -0.78128 0.074984 -1.5463 -0.34141 -1.2987 -1.4469 -1.5827 -0.82703 0.82064 -0.64122 0.17459 1.4575 -1.6209 -0.58854 -0.47406 0.20691 -0.051985 -0.04681 0.8823 -0.23726
0.31635 -0.080973 1.0317 -0.31034 -1.1414 0.5135 -1.1886 0.26071 -0.14908 0.9402 -0.24986 -1.9398 -0.21033 0.093373 1.3438 0.09191 1.4683 0.73635 -0.29963 -1.4362 -0.21283 -1.0481 -0.22892 -1.2059 -0.76258 -1.5452 -0.85127 0.29421 -0.53006 -0.44749 1.6329 -1.6081 -0.89819 -0.22092 0.41019 0.29025 0.51198 0.84264 0.35001
0.50972 0.41838 0.1019 0.24774 -0.79635 0.43343 -0.61867 0.16803 -0.75667 0.14992 -0.03442 -0.44022 -0.83048 -0.27226 1.2041 -0.088414 1.4753 1.5536 -0.37582 -1.5539 0.1064 -0.72301 0.80706 -0.42102 -0.11794 -1.2704 -0.6035 -0.4936 -0.14922 -0.94788 1.1895 -0.77865 -0.3753 0.50128 0.87013 0.1442 0.60259 0.70409 0.91348
0.29963 1.2461 0.73988 0.1136 0.25628 -0.3025 -1.5413 0.11706 -0.77977 -0.46327 -0.037061 -1.5292 -1.1502 -0.153 0.89232 -0.27173 0.9397 1.7336 -0.63168 -1.8366 0.073037 -0.72362 0.25124 -0.33191 -0.29172 -0.8121 -0.13215 -1.0637 0.21968 -1.1893 0.43495 0.33833 0.26792 0.51027 0.82114 -0.14511 0.10744 0.16597 1.2522
-0.38687 0.91739 0.71658 -0.053236 0.80863 -0.63117 -2.5448 0.58855 -0.31161 -0.12438 -0.6634 -0.91857 -1.1117 -0.19165 0.44877 0.29763 0.27454 1.8372 -0.34229 -1.321 0.91701 0.1069 -0.26733 -0.50329 -0.063009 -0.25334 -0.020558 -1.3472 -0.022441 -1.133 -0.50384 0.7134 0.97545 -0.040059 0.64582 -0.54884 -0.31176 0.15801 1.2289
0.26112 0.7152 1.0986 0.47245 1.3456 0.61207 -2.2246 0.9853 -0.62587 1.2032 0.76825 -0.80994 -0.90775 -0.18469 -0.24455 0.29936 -0.060593 1.5073 0.30648 -1.0548 0.38439 0.25141 0.013213 -0.94735 -0.43067 0.27128 0.055253 -1.4346 -0.68502 -0.58671 -1.045 0.99627 1.958 -0.85145 0.39245 -0.36637 0.12275 0.23878 1.1182
0.44366 0.80119 0.89277 0.25277 0.67102 -0.060949 -2.861 0.48134 -0.57078 0.0022098 -0.60108 -1.8134 -0.76198 -0.2861 -0.71866 -0.42633 -0.052647 0.66039 0.46835 -0.085486 -0.12219 0.14272 -0.21914 -0.75516 0.29229 0.46967 0.15363 -1.3746 -1.791 -0.021433 -1.1747 0.73099 2.2085 -1.8545 0.10972 -0.52926 0.62749 -0.075138 1.0349
0.00022317 0.53607 0.88404 0.12639 1.0068 -0.14906 -2.1118 1.3648 -0.15114 0.018726 -1.2158 -1.4343 -0.77248 0.0059058 -1.1772 -1.2013 0.056019 0.20929 0.7969 1.2957 -1.0659 0.089619 -0.53382 0.042857 0.06049 0.90251 0.24809 -1.2121 -2.0893 0.51728 -0.65154 0.41845 2.0648 -1.5626 0.1638 -0.53198 1.2401 -0.16986 1.0371
0.073025 0.54905 0.44916 0.025337 1.6144 0.71047 -2.2474 0.025994 -0.62808 -0.17796 -1.2939 -1.1961 -0.73273 0.0081849 -1.627 -2.3121 0.18395 0.10836 0.75812 1.7358 -1.9765 0.43637 -1.0978 0.2851 -0.51373 1.3525 0.25222 -1.0165 -1.4089 0.79412 -0.033706 0.061138 1.0828 -0.77852 0.26934 -0.58191 1.1233 -0.34671 1.0373
-0.47659 0.43366 0.27064 0.080622 1.0942 -0.060265 -1.9567 0.1177 -0.48245 -0.41127 -0.56905 -0.51318 -0.64077 0.13943 -2.0314 -2.6759 0.75612 0.47504 0.93193 1.99 -1.7366 0.46461 -0.65716 1.0717 -0.45457 1.7554 -0.014445 -0.65606 -0.25527 0.8149 0.10179 -0.54338 0.22707 0.65261 0.37413 -0.62023 0.72396 0.17085 0.68162
0.23952 -0.64063 -0.60673 0.40561 1.0701 1.0793 -0.35032 -0.60935 -0.24942 0.072496 0.55138 -1.2167 0.25176 0.1261 -2.1701 -2.3345 1.0294 0.48223 0.51349 1.6332 -1.3028 0.53271 -1.3723 1.0302 -0.29117 1.9692 -0.27301 -0.0085647 0.86349 0.60391 -0.043836 -0.85545 -0.016607 1.6778 0.17077 -0.3763 0.6001 1.038 0.072337
0.57161 -0.81772 -1.5895 0.76398 1.2677 1.2666 -0.49414 -1.4213 0.10039 -0.64516 0.39451 -2.6911 0.69718 -0.071328 -2.1163 -1.6779 1.1027 0.25406 -0.080823 1.7662 -0.12203 0.83485 -1.6921 1.1516 0.32001 1.8595 -0.68777 0.85417 1.4652 -0.059499 -0.55592 -1.4093 -0.14975 1.5694 -0.35135 -0.29533 0.16882 1.5979 -0.69612
0.27783 -1.0561 -1.6106 1.2257 1.5899 0.65329 -0.6083 -0.57177 0.021682 -0.79805 0.0020842 -2.0129 0.94741 -0.38684 -1.5955 -1.2065 1.1012 0.15286 -0.30995 1.798 0.50035 0.62563 -1.3622 1.4725 1.5002 1.4343 -0.67463 1.3856 1.8551 -0.59574 -0.93648 -1.0369 0.038762 0.76858 -0.93566 0.48581 0.31032 1.4385 -1.1211
-0.24104 -1.3484 -1.0528 1.1707 1.8903 0.41717 -0.44074 -0.073679 0.24356 -1.9241 -0.19802 -0.84325 1.0462 -0.87789 -0.73125 -0.50995 0.61957 -0.47311 -1.2502 1.6018 0.43407 -0.28333 -1.2736 1.1938 2.3618 0.72958 -0.50413 1.5312 1.7875 -1.1736 -1.0524 0.010293 -0.036717 -0.5851 -1.2062 0.95448 0.085886 0.11476 -1.1051
-0.23589 -1.4126 -1.1591 1.2445 1.4035 0.35335 0.34473 -0.10656 0.42213 -1.8835 1.1042 -0.025847 1.107 -0.71992 -0.29064 0.54056 0.20747 -1.045 -0.8102 1.7723 -0.073565 -0.81369 -0.54808 1.6424 2.0269 0.45155 -0.3648 1.2515 1.4641 -1.7105 -0.83738 1.0521 -0.32132 -1.1769 -0.68893 1.1723 -0.53269 -1.4466 -0.77867
-0.64121 -1.3542 -1.5719 1.6021 0.96603 0.08216 1.1423 0.1938 0.22955 -1.0972 2.4085 1.3962 1.138 -0.83616 0.073039 0.7813 -0.55152 -1.2747 0.18837 1.6906 -0.97308 -0.90836 -0.078772 1.2399 0.29613 0.29804 -0.38535 0.77173 1.0445 -2.0485 -0.0092703 1.9217 -0.78547 -0.77201 0.47217 0.90345 -1.3218 -2.1934 -0.41692
-0.4877 -1.3014 -1.6288 1.0917 0.4502 -0.47712 1.4295 -1.0987 -1.0739 -1.5225 1.3941 0.6386 1.1586 -1.0793 0.32596 0.87586 -1.3784 -1.1346 0.90737 1.1175 -1.0906 -0.45895 0.51954 0.35475 -0.8834 0.20341 -0.49396 0.49017 0.6122 -2.1803 0.81745 1.6723 -1.3896 0.26815 1.4646 0.018634 -2.0726 -1.613 -0.32003
-0.18456 -1.1053 -0.49643 1.1348 0.37001 0.53817 1.1485 -1.3205 -0.8269 -1.4027 2.1093 -0.71025 1.3018 -1.4081 0.39514 1.2656 -2.2595 -0.42367 1.4282 0.39994 -0.56065 0.53472 0.10555 -0.87465 -1.3479 0.078837 -0.2739 0.30021 0.39964 -1.6338 1.2772 0.88126 -1.6231 1.5343 2.0144 -0.40285 -1.7475 0.13088 -0.29241
-1.3018 -1.1435 -0.5119 0.20492 0.5208 1.1901 1.3364 -1.1727 -0.61711 -1.3943 1.0185 -1.6915 1.2719 -1.3464 0.46133 1.433 -2.8473 0.22418 1.648 -0.27415 0.2496 1.5051 -0.59049 -1.5517 -0.95704 -0.033719 0.37182 0.30343 0.094214 -0.52117 1.1334 -0.21214 -1.3031 1.673 1.5549 -0.70792 -1.1094 1.4246 -0.23625
-1.7812 -1.1063 -0.37053 -0.73314 0.54237 1.4407 1.1178 -0.83031 0.33348 -1.2102 0.7179 -1.0321 1.2311 -1.2047 0.56641 1.2398 -2.7444 0.68054 1.4402 -0.75467 1.3604 2.2829 -0.36154 -1.3919 0.61017 -0.12696 0.99543 0.34856 -0.31419 0.80702 0.4171 -1.2763 -0.66786 0.87238 0.48031 -0.10622 -0.093775 1.8158 -0.18764
-1.9423 -1.0186 -0.20429 -1.4214 0.87285 1.6342 1.1816 -0.42772 1.2267 -1.6506 0.48737 -0.66862 1.1425 -0.479 0.80735 1.0546 -2.0656 0.65404 0.51102 -0.83063 1.2234 1.8934 -0.72712 -1.6636 1.4438 -0.13296 1.3658 0.5413 -0.23549 1.9888 -0.16423 -1.8072 -0.098845 -0.37028 -0.9882 0.96489 0.3848 1.0146 -0.38764
-1.757 -0.82763 -0.15376 -1.796 1.0634 1.5418 0.76172 -0.0028555 1.27 -2.1165 0.16029 0.20908 1.1142 0.023019 0.87276 0.85676 -1.1951 0.23769 -0.35242 -0.62474 0.66256 1.3528 -0.039297 -1.0137 1.674 -0.22054 1.3933 0.38523 0.45712 2.5691 -0.75809 -1.5229 -0.022277 -0.95857 -2.443 1.8767 0.36184 -0.44273 -0.75522
-1.5682 -0.65012 0.12482 -1.9023 1.1709 1.4713 0.2237 0.16631 1.4253 -1.5936 -0.10426 1.0173 1.1084 0.59522 1.3159 1.1737 -0.044629 0.13348 -0.78183 -0.54707 -0.11971 -0.04356 1.2907 -0.95476 0.85729 -0.70736 0.98426 -0.18244 0.60643 2.3222 -1.067 -0.61564 0.14395 -1.0162 -2.2741 2.2755 0.59819 -1.3035 -0.77521
-0.94658 -0.27493 0.77978 -1.2357 1.0131 1.2826 0.34212 -0.34111 1.2345 -2.2518 -0.51196 0.26353 1.221 0.86481 1.0307 2.0248 0.86438 -0.58533 -0.71637 -0.95707 0.16414 -1.76 2.5919 -1.0073 -0.16238 -1.2428 0.6325 -0.85084 0.027191 1.6913 -1.2469 0.3057 0.45025 -0.91229 -1.2172 1.1164 0.68967 -1.5729 -0.28726
-1.9385 -0.46684 0.051607 -1.6851 0.56978 0.64287 0.91688 -0.54755 1.3733 -0.77685 -0.13083 0.59003 0.91071 0.94407 0.39519 1.5944 1.0805 -1.0921 -0.44006 -0.40521 -0.50775 -1.2137 2.7595 -0.44334 -0.71927 -1.062 0.2596 -1.6475 -1.2387 0.8771 -1.5152 0.8936 0.75867 -0.28197 0.25741 -0.58196 1.2019 -1.1309 0.5035
-0.89717 0.38358 1.121 -0.82399 1.0261 0.64931 0.33318 -0.88116 0.1208 0.56527 -0.68628 -0.0052019 0.13387 1.0367 -0.23847 0.68685 1.2854 -1.6749 0.039502 0.15299 -0.92081 -0.54785 1.5877 0.14152 -1.2496 -0.57722 0.2927 -1.793 -2.1787 0.54628 -1.1405 0.81561 1.2536 0.31476 1.3711 -2.1479 1.3225 -0.40878 1.1821
-0.71137 -0.28811 2.3758 -0.40009 0.0025216 1.0935 -0.6831 0.65766 -1.5389 0.92163 -1.0922 -0.77532 -0.27469 1.002 -1.0971 -0.48458 1.326 -2.3957 0.48515 0.34004 -0.12289 -0.096723 0.57787 0.93186 -1.2762 -0.10561 0.066057 -1.5486 -2.4162 0.4016 -0.43421 -0.20545 1.3661 1.198 1.2456 -2.5255 0.7097 0.37336 1.3475
-0.5099 -0.6764 0.91312 -0.75989 -0.21671 1.1281 0.55151 -1.0848 1.1574 0.1987 -0.070108 -0.14136 0.57288 1.3903 -1.5404 -1.0209 1.7287 -2.2414 0.32239 1.0648 0.59217 0.52927 -0.82979 1.0134 -0.87024 0.47377 -0.18568 -0.70534 -2.0869 0.14578 0.76113 -1.7636 1.0256 1.4752 0.44897 -1.5012 -0.28281 1.0684 0.98637
-0.25365 -0.81403 0.41536 -0.062533 -0.97787 1.4763 0.91395 -1.4095 1.3151 -0.95119 0.22482 -1.0767 0.94321 0.89908 -1.8183 -2.0812 1.5861 -1.6729 -0.95953 1.7499 1.0823 0.83683 -1.3394 0.57276 -0.064018 0.91457 -0.32477 0.40605 -0.88667 -0.0263 1.8625 -2.8285 -0.0057254 1.6208 -0.95978 0.10062 -1.2579 1.239 0.21452
-0.25153 -1.3955 -0.21048 0.32792 -2.0629 1.4829 0.9412 0.052227 0.69487 -0.97117 1.0383 -1.4582 0.8713 0.75056 -1.1799 -2.4283 1.4232 -0.45671 -2.4843 1.4039 1.3647 -0.067002 -0.60427 -0.26146 0.6166 0.74401 -0.34 1.1877 0.28455 -0.46462 2.4385 -2.7196 -1.3873 1.487 -1.8602 1.6296 -1.3562 1.0956 -0.45692
0.18066 -1.4994 -0.12681 0.9083 -1.274 0.55976 2.0959 0.54321 1.0545 -0.59538 0.44745 -0.31296 0.82733 0.72495 -0.52019 -1.4496 1.4377 0.54308 -3.3177 0.14175 2.6635 -1.7538 0.68749 -1.012 0.85204 0.15715 -0.064699 1.5085 1.2575 -0.77619 2.4646 -1.417 -2.2662 0.86102 -1.6931 1.9535 -0.72131 0.49937 -0.66959
0.16934 -1.3946 -0.33981 1.1292 -0.66141 -0.99607 1.8348 0.71273 0.17457 -0.40899 -0.85707 -0.046928 0.87164 0.85204 0.015842 -0.8149 0.97488 1.6592 -3.5041 -0.81834 2.7127 -1.986 1.5987 -0.9772 1.2076 0.0033857 -0.27771 1.021 1.2134 -1.1248 1.5807 0.37817 -2.3017 0.14146 -0.48284 1.0792 0.4609 -0.58494 -0.42753
0.14962 -1.4148 -0.69599 0.87852 -0.45444 -2.0213 0.86083 1.2079 -0.97037 0.14307 -1.2 0.25401 0.84349 0.73636 0.38367 -0.54642 0.4228 2.3312 -3.0576 -1.5177 2.0962 -1.6699 1.6832 -0.55077 0.78048 0.040838 -0.56877 0.31041 0.59831 -1.408 0.47732 1.7394 -1.4062 -0.7163 1.1079 0.041243 1.4429 -1.0933 -0.10886
0.48978 -1.0857 -0.74389 1.2363 0.0073188 -2.1647 0.56313 1.6621 -0.68221 0.5194 -0.65119 0.37353 0.90919 0.23567 0.26465 -0.6209 -0.082854 1.9042 -1.9181 -2.2133 1.9302 -1.0814 1.1809 0.44994 -0.7464 0.0076631 -0.72374 -0.18061 0.45167 -1.0443 -0.52424 2.2841 -0.29057 -0.95601 1.7257 -0.65015 1.4085 -1.2694 -0.028069
0.91834 -1.0258 -0.41222 1.305 0.52143 -2.0435 -0.064716 2.0952 -1.0917 0.67088 -0.18806 0.17935 0.91819 -0.018772 -0.064636 -0.43802 -0.5553 1.42 -0.90905 -1.8844 1.6604 0.09931 0.99373 1.2294 -0.7599 -0.047665 -0.56876 -0.36761 0.47301 -0.48677 -1.0906 1.9266 0.70387 -0.98 1.4281 -0.74919 0.63077 -0.66404 -0.017498
0.58086 -1.22 -0.80664 0.88458 0.94174 -2.3391 -0.23282 2.403 -0.95815 0.88769 0.21661 -0.21383 0.86821 -0.11126 -0.089802 -0.034754 -0.40505 1.0668 -0.37407 -1.2119 1.0678 0.70778 0.5849 1.0173 -1.0236 -0.0050082 -0.10443 -0.096088 0.56781 0.16551 -1.0828 1.0411 1.4177 -1.1173 0.69355 -0.49416 -0.27545 0.33608 0.060215
0.10775 -1.3361 -0.95664 0.77273 0.94836 -2.2772 -0.64399 2.5269 -0.34597 0.48145 0.35689 -1.8724 0.81769 -0.14206 -0.11537 0.034778 -0.28393 0.54404 -0.28335 -0.68166 0.61774 0.40078 0.41409 0.45579 -0.66493 0.014159 0.18609 0.16388 0.49812 0.56784 -1.0277 0.34311 1.4604 -1.0986 -0.12936 -0.28134 -0.68222 0.86492 0.098946
0.12996 -1.5044 -0.88385 0.2137 0.79175 -2.5525 -0.66708 2.5124 0.0083054 1.0262 0.44465 -0.15927 0.82037 0.11124 0.11681 0.19427 0.084845 0.15231 -0.31447 -0.10435 0.27351 0.21949 0.44068 0.26934 -0.036219 0.088063 0.1736 0.12345 0.038197 0.42351 -0.87705 -0.0038511 1.3473 -0.77619 -0.463 0.12055 -0.33063 1.2639 0.059485
0.44297 -1.1734 -0.48133 0.93552 0.91162 -2.4337 -0.55384 2.3679 -0.30808 0.92309 0.063202 -1.0212 0.9274 0.22563 0.14052 0.36869 0.22554 -0.20012 -0.30718 0.35434 -0.08395 0.099388 0.48391 0.20213 0.74233 0.089041 -0.080457 -0.028989 -0.30469 0.30736 -0.50686 0.12636 1.1873 -0.41209 -0.26317 0.14787 -0.020221 0.57925 -0.014051
0.6804 -1.0733 -0.6152 1.1468 0.83918 -2.4065 -0.3356 2.5133 -0.76767 1.0553 0.080331 -0.35807 0.94314 0.037251 0.015817 -0.14068 0.10686 -0.33049 -0.36911 0.84497 -0.09282 -0.073067 0.81434 0.46357 1.2028 0.067507 -0.25074 -0.16742 -0.36579 0.064585 -0.30244 0.33958 0.6849 -0.40189 -0.081061 -0.12839 -0.027136 -0.10636 -0.01706
0.95604 -0.99807 -0.37302 1.2555 0.90261 -2.5798 -0.24341 2.5312 -0.83367 1.2095 0.57714 -0.1186 0.98285 -0.24643 -0.11375 -0.37802 0.26315 -0.2271 -0.023314 1.1106 0.00098033 0.027283 0.54915 0.31443 0.042593 -0.0021755 -0.1844 -0.13616 -0.027623 0.075187 -0.22735 0.52552 0.11388 -0.67244 0.12413 -0.50636 -0.20183 -0.8166 0.036926
0.27002 -1.3724 -0.6665 0.71324 0.58994 -2.8053 0.088081 2.22 -0.21618 1.2673 0.62399 0.31073 0.87005 -0.11161 -0.061421 -0.12691 0.18821 -0.42886 0.16877 0.81773 -0.54895 0.111 0.14822 0.15477 0.035397 0.10147 -0.0027546 -0.082522 0.46704 0.12992 -0.38668 0.76447 -0.34312 -0.98234 0.27211 -0.69572 -0.51683 -0.82321 0.064068
-0.08468 -1.4595 -1.376 0.55675 0.47267 -2.7992 0.4269 2.4718 -0.20678 1.6889 1.0577 0.16872 0.88194 -0.03513 -0.068311 0.29974 0.32607 -0.5921 0.3913 0.56934 -1.1646 0.28563 -0.23879 -0.059997 -0.61516 0.14012 0.15863 -0.053129 0.62441 0.003471 -0.6039 0.89412 -0.52318 -0.93025 0.25689 -0.51437 -0.6086 -0.18437 0.064437
0.13902 -1.3922 -0.90806 1.1476 0.74991 -2.2453 0.74587 2.5124 -0.22864 1.4359 0.27328 -1.1099 0.87111 -0.064879 -0.15497 0.38353 0.31489 -0.91487 0.83081 0.43757 -1.4243 0.38096 -0.2462 -0.41145 -0.42501 0.11483 0.026802 -0.09338 0.36555 -0.28954 -0.72846 0.70584 -0.42246 -0.68806 0.43275 -0.58805 -0.47979 0.24023 -0.064827
0.93339 -0.90402 -0.16696 1.5546 0.31503 -2.1654 0.12518 1.3807 -0.69505 0.78586 0.10591 -0.56622 1.1833 0.034658 -0.16058 0.52417 0.21224 -1.195 1.2915 0.27615 -1.3738 0.44413 -0.32627 -0.65282 -0.1881 0.1103 0.035208 0.028357 -0.25372 -0.76483 -0.70238 0.26561 -0.33503 -0.22699 0.58706 -0.70851 0.30216 0.79517 -0.18063
0.67043 -1.2372 -0.16931 1.4656 0.069196 -2.1357 0.32702 1.0791 -0.32641 0.868 0.38379 -0.98879 1.0498 -0.087868 -0.18347 0.43414 -0.26857 -1.593 1.018 0.13363 -1.7835 0.94596 -1.0358 -0.53513 0.35511 -0.0045323 0.28178 0.20132 -0.89428 -0.87024 -0.49455 0.053707 -0.26479 0.38198 0.41559 -0.58193 1.1591 0.55463 -0.38981
0.22318 -1.5157 -0.46375 1.0619 -0.41697 -1.6524 0.56244 1.0892 0.12216 1.35 0.1756 0.014514 0.95974 0.050673 0.0033093 -0.2105 -0.74931 -1.6653 0.78674 0.058854 -1.4232 1.2353 -1.3254 0.61845 0.82737 -0.13617 0.75183 0.73288 -1.1373 -0.45223 -0.16896 -0.093482 -0.46569 0.652 -0.37168 -0.041999 1.3946 0.011676 -0.64318
-0.045428 -1.6377 -0.64051 0.70536 -0.83961 -1.1289 0.67971 1.1431 0.44266 1.1131 -0.2197 -0.076214 0.94802 0.46119 0.14093 -0.9321 -0.76071 -1.6671 1.1822 0.018934 -0.64783 0.86421 -0.96152 1.3261 0.33664 -0.4864 0.77795 1.5672 -0.40745 0.04669 0.60956 0.059478 -0.55459 0.8362 -1.1694 0.85466 0.91821 -0.46527 -0.93994
0.10376 -1.3785 -0.72653 0.48717 -1.2264 -1.7669 0.58313 0.2759 0.91938 -0.1182 0.21978 0.049182 0.8972 1.1707 1.0399 -0.93018 -0.34749 -1.4797 1.0375 -0.58038 -0.6622 -0.25836 -0.44135 1.2726 -0.18074 -0.84378 0.097274 2.149 0.91422 0.42596 1.67 0.28294 -0.45033 0.22843 -1.6196 1.1965 -0.3635 -0.49991 -1.192
1.0288 -0.93883 -0.73379 0.62062 -1.0592 -1.3469 0.43162 0.66329 0.86171 -0.39363 1.7213 -0.0070107 0.86151 0.81139 2.2068 0.021532 -0.37944 -0.41602 1.0022 -0.63171 -0.52458 -0.69431 0.33234 1.0172 -0.25942 -1.3969 -0.95607 1.8864 1.852 0.41522 2.3746 0.36793 -0.16617 -0.32835 -1.3546 1.1136 -1.382 -0.16823 -1.0713
1.6304 -0.93146 -1.2732 0.7946 -1.806 -0.38742 0.077479 0.74516 -0.069765 0.41442 2.0351 -0.51035 0.4934 0.065619 2.9569 1.0121 -0.1689 1.1467 1.3977 -0.50016 -1.033 -1.3003 0.55773 0.024939 -0.074306 -1.8952 -1.9635 0.58741 2.0422 0.25493 2.3318 0.21644 0.41051 -0.63265 -0.45324 0.53305 -2.1266 -0.12276 -0.51442
1.6495 -0.24634 -1.1655 0.98521 -1.72 -0.92094 -0.43436 0.259 -0.89327 1.2192 1.2184 -1.0949 -0.061052 -0.76036 2.6824 1.5501 -0.098249 1.8976 1.6795 -0.35869 -1.0987 -1.3835 0.89451 -0.88588 -0.13969 -1.9508 -1.9997 -0.9238 1.5105 0.30792 1.2725 -0.085248 0.6802 -0.85914 0.32076 -0.42567 -2.1876 -0.3833 0.37758
0.16117 0.83317 0.10306 0.022024 -0.41196 -0.33378 0.20386 0.55778 -0.081836 1.7061 0.787 0.27157 -0.63427 -1.6961 1.8953 2.1146 -0.024146 2.154 1.0974 0.055301 -1.6061 -0.82519 0.41054 -2.1379 -0.55726 -1.5227 -1.1962 -1.9887 0.6527 0.1607 -0.44794 -0.19003 0.79744 -0.44308 0.8912 -0.71018 -0.99511 -0.65171 1.085
-0.16351 1.2474 0.65187 0.56502 1.0204 0.45676 0.21396 -0.77975 -0.93744 0.36549 -0.37625 -0.057214 -0.98147 -2.0278 1.0308 2.2849 0.10728 1.7053 0.99555 0.38172 -1.9116 -0.24844 -0.47992 -2.3884 -0.9446 -0.88243 0.40105 -2.0142 -0.66995 0.23739 -1.8161 -0.52653 0.3635 0.26882 0.80691 -0.69426 0.23833 -0.72356 1.1931
-0.090191 0.73984 0.49782 0.59444 0.52639 0.24166 -0.038751 -0.68615 -0.67566 0.55177 0.14102 -0.51932 -0.85177 -1.5225 0.10282 1.8551 0.023077 0.35073 1.3899 0.6464 -1.4871 -0.0089792 -0.24002 -1.2664 -1.227 -0.41492 1.8029 -1.1825 -1.8168 0.12244 -2.361 -0.59496 -0.55524 1.0157 0.40556 0.567 1.3852 0.061479 0.65748
-0.51739 0.39076 1.0364 0.8553 0.56166 -0.12412 0.39452 -0.92616 -0.40492 0.5433 -1.0542 -1.6204 -0.55253 -0.090662 -0.14835 0.41648 0.31058 -0.8898 0.56414 0.027495 -0.62751 -0.10645 -0.23165 -0.83585 -1.5282 -0.2895 2.2971 0.075222 -2.1313 0.19734 -1.4377 -0.82557 -1.2347 1.1363 -0.0056853 1.3103 1.5649 1.1497 -0.082088
-0.78368 0.27414 0.97058 0.91493 -0.40002 0.79373 0.35886 -1.484 -0.73271 0.40643 -1.3398 -2.0345 -0.62348 0.70578 0.2988 -0.35947 0.10024 -1.3514 0.21809 -0.85379 -0.25797 -0.038012 1.4909 -0.077405 -0.15074 -0.59863 2.0733 0.96855 -1.7695 0.11975 -0.050958 -0.90588 -1.2988 0.8206 -0.17676 0.93208 1.2039 1.9575 -0.47796
-0.56279 0.56991 1.248 0.34898 -0.89895 1.1891 0.68355 -1.0091 -0.69474 1.6107 0.1556 -1.8048 -0.92463 1.15 1.0771 -0.60434 0.42922 -0.3591 0.062033 -1.2619 -0.30025 -0.22314 1.4242 0.22215 1.1799 -0.94354 0.95392 0.91808 -0.95631 -0.065438 1.1283 -0.45723 -0.68622 0.63692 -0.075818 -0.39757 0.32713 1.8542 -0.39276
0.48184 1.208 0.24725 0.69116 -0.49546 0.062454 -0.19572 -0.17103 -0.47684 0.5236 -0.86013 -1.499 -1.2461 1.7317 1.2894 -0.95437 0.18497 0.0048204 -0.026265 -1.226 -0.041744 -0.29236 0.90526 0.66959 1.9729 -0.97606 -0.083289 0.11941 -0.69475 -0.016325 1.3026 -0.61756 -0.093052 0.76863 0.099623 -1.9578 -0.44952 0.41525 0.11731
0.84183 1.3379 0.14186 0.87975 -0.3571 0.53667 -1.4909 -1.5852 -1.0891 2.6982 -0.27688 0.29144 -1.6238 1.1838 1.0622 -1.0851 0.15692 0.76232 -0.15515 -1.1247 0.51438 -0.11301 -0.76552 -0.54156 1.7222 -0.83071 -0.95171 -0.91368 -0.43409 -0.19675 0.50402 -0.63157 0.56715 1.1404 0.34619 -1.8988 -0.7424 -0.82256 0.65484
0.81697 1.4681 0.31672 1.5224 0.50333 0.14079 -1.1248 -1.2494 -0.78969 1.627 -0.061496 0.63203 -1.5522 0.54228 0.53233 -1.4289 0.21328 0.77442 -0.8099 -1.1192 0.84211 0.13469 -1.5264 -0.61981 0.52118 -0.43771 -1.2414 -1.5985 -0.34629 -0.082481 0.24428 -0.67929 0.86136 1.3975 0.39569 -1.6655 -0.41082 -1.3989 1.0456
1.3132 1.3396 0.23342 0.6536 -0.19979 0.45352 -0.34762 -0.99519 -0.85836 0.99286 -0.33013 0.27773 -1.3783 -0.021196 -0.2324 -1.1894 0.067986 0.31009 -0.70851 -0.24169 1.4917 0.29918 -1.3479 -0.65778 -0.049314 0.0029104 -0.60447 -1.6341 -0.22919 -0.13545 -0.13875 -0.20088 0.65755 0.74975 0.34181 -0.061882 0.31469 -1.1323 1.0672
0.15463 1.3222 -0.20373 0.75878 0.25607 0.93323 -0.89784 -0.24829 -0.78466 -0.90203 -2.4393 -0.31846 -1.6471 0.028018 -1.0201 -1.5603 0.087535 0.75392 -0.99978 -0.027703 2.2058 0.33939 -2.3002 -0.11723 -0.44578 0.54851 -0.022511 -0.91669 0.40322 -0.086174 -0.0099242 0.6268 0.39278 -0.063692 0.15395 1.0126 0.7432 -0.073519 0.65098
0.55192 1.3183 -0.888 0.81624 0.025603 -0.95673 -1.4725 0.31478 -0.33788 0.42069 -0.098236 -1.4534 -1.4917 0.32242 -1.1843 -1.4584 -0.017217 0.51254 -0.42983 -0.42287 1.303 0.51145 -0.49843 -0.15055 -0.47463 0.65756 0.40039 0.083844 1.0789 -0.049748 0.0041214 0.92021 0.34446 -0.88971 -0.13414 1.5902 1.0499 0.54615 0.15082
0.85424 0.9072 -0.89573 1.1338 -0.068999 -0.60278 -0.77496 0.85427 -0.42283 0.49436 -1.5922 -0.15854 -1.2977 0.33715 -0.68529 -0.55063 0.10735 0.67652 0.2046 -0.29058 0.81738 0.36828 0.19167 0.64728 0.53249 0.44343 0.097883 1.018 1.7705 -0.24951 -0.51319 1.0444 0.82697 -1.3757 -0.60718 1.5521 0.29361 0.7021 -0.44667
1.1248 0.13312 -1.3033 1.2696 1.3885 -0.45842 -1.4133 0.47281 -0.87051 -0.44414 0.41631 0.37095 -0.81299 0.57949 -0.23963 0.31329 -0.025048 0.38083 0.3832 0.53483 0.45271 0.030811 0.76538 1.1094 0.71107 0.33502 -0.026128 0.91501 1.2368 -0.27233 -0.8511 0.95673 1.3002 -0.95782 -0.78533 0.45341 0.37012 0.24976 -0.45812
1.3357 0.56986 -0.88398 0.96181 0.53516 0.40388 -1.3083 -0.30595 0.077574 1.2432 -1.1627 -0.57241 -0.91543 0.090655 0.39847 0.85474 -0.35036 -0.20572 0.51626 1.067 -0.051972 -0.64892 0.34684 -0.14813 0.57603 -0.12027 0.2721 0.058857 -0.15437 -0.35644 -1.253 0.63103 1.0762 -0.45467 -0.5568 0.061049 0.53533 -0.40159 -0.0010901
0.98985 1.1703 -0.10287 0.59183 0.45255 1.0124 -0.68262 0.41554 -0.56133 0.20477 0.031679 0.99802 -1.3303 0.4056 -0.026071 0.1417 -0.27114 -0.76261 1.1755 1.3826 -0.12866 -0.57566 0.38925 1.0031 0.05917 0.088095 0.54587 -1.1198 -1.6119 -0.30914 -0.73435 0.12698 0.21941 -0.036397 -0.15998 -0.01507 1.3813 -0.40055 0.71527
0.82823 1.1595 -0.20552 0.92509 0.50312 0.0029535 -0.18792 0.84695 -0.78105 0.36876 -0.29674 -0.25707 -1.3064 0.94013 -0.67819 -0.76395 -0.40341 -1.2896 0.97009 1.3387 0.22493 -0.45331 0.51879 1.795 -0.11104 0.56435 0.73007 -2.0251 -2.3444 -0.29811 0.061797 -0.4462 -0.71072 -0.066491 0.3852 0.75856 1.5377 -0.55034 1.4158
0.79001 1.4215 -0.31159 0.48877 -0.42091 -0.87506 0.013635 0.21586 -1.536 0.91848 -1.1496 -0.34048 -1.5203 1.1813 -1.7713 -1.9025 -0.5474 -0.55484 0.39014 0.80348 0.2485 -0.37416 0.65817 2.9665 0.08756 1.3206 0.052314 -1.8175 -1.5908 -0.46661 0.8661 -0.78504 -1.5657 -0.28987 0.89867 0.96215 0.043577 -0.51376 1.3742
2.0346 -0.19041 -1.5462 1.1328 -0.28312 2.0613 0.6513 0.38183 -0.88074 0.58338 1.3082 0.3132 -0.54455 1.0728 -2.4761 -2.5183 -0.74132 -0.15966 0.087745 -0.028794 -0.36512 0.066548 1.8202 2.0195 -0.75593 1.8924 -0.77458 -0.88716 -0.095676 -0.16021 1.4602 -0.99479 -1.8504 -0.0014038 1.5526 0.30794 -1.825 -0.52652 0.81452
2.5526 -0.49862 -2.0794 0.39106 -0.20334 0.92065 -0.28854 0.45098 -0.85056 0.69469 3.0009 -0.050673 -0.026997 0.44547 -2.4898 -1.9668 -0.93381 0.46658 0.17178 -0.96433 -0.39473 1.0387 1.7751 0.97736 -0.8505 1.9757 -1.5465 0.50426 1.6244 0.15791 0.94282 -1.6486 -1.1776 0.86358 1.4126 -0.94357 -3.7194 -0.26502 -0.2354
2.1876 -0.61993 -2.3224 -0.060978 0.19663 0.51038 -0.25575 0.23755 -0.48236 2.0303 2.6652 0.10256 0.23153 -0.12764 -1.9578 -0.92115 -0.49167 1.2083 -0.75166 -1.3559 0.54917 2.062 0.61928 -0.95431 -0.90401 1.749 -1.6895 1.2134 2.6294 0.50166 0.090886 -1.464 0.37995 1.8811 0.41281 -2.581 -3.3548 0.32255 -1.0213
1.5811 -0.85031 -2.3417 -0.19421 0.29444 0.22122 -0.60302 0.063 -0.89622 2.4285 0.99147 -1.0552 0.39928 -1.0935 -1.0913 0.32666 -0.38249 0.71219 -2.2245 -0.81676 1.4843 1.5613 -0.71777 -3.1737 -0.48814 0.95456 -1.0254 1.3803 2.5815 0.67687 -1.0682 -0.4066 1.7735 1.9685 -1.1235 -3.1094 -1.5059 0.4919 -1.3204
1.1154 -1.051 -1.9046 -0.083377 0.76167 0.097541 -1.4083 0.26379 0.69059 2.0561 -0.086456 -1.6384 0.55104 -1.2994 -0.92241 1.2423 -0.11001 -0.073056 -1.4087 0.6108 2.3766 0.67834 -2.3578 -2.7847 -0.21112 0.50561 -0.072589 1.2504 1.8477 0.37713 -1.8444 1.384 2.2563 0.77035 -2.098 -2.0926 1.0046 0.49251 -1.2739
1.4781 -0.92956 -1.5369 0.51894 1.0159 -0.81303 -1.2239 1.3713 1.5031 0.47474 -1.5895 -0.75202 0.61339 -0.87208 -0.4453 1.7692 0.096918 -1.0528 -0.24799 1.4473 2.5436 -0.56206 -3.2734 -1.1971 -0.074426 0.14463 0.79182 1.0331 0.7576 0.025419 -1.6474 2.6786 1.6175 -0.95223 -1.9763 -0.37094 2.4075 0.035951 -0.94483
0.98227 -1.4558 -1.4991 0.2981 0.075957 -0.97858 0.019801 2.3719 0.23216 -0.54599 -1.4985 0.24193 0.56268 -0.36504 0.040769 1.8028 -0.048016 -1.656 0.80765 1.8361 1.5303 -1.1769 -2.4989 0.11397 0.013065 -0.21233 0.64338 0.99245 -0.10373 -0.62439 -0.81571 2.3572 0.087275 -2.43 -0.90511 1.3555 1.942 -0.46185 -0.6888
0.86414 -1.3491 -0.80778 -0.29693 -0.48936 -0.49492 0.94508 2.7931 -0.81415 -1.1275 0.6845 -0.74543 0.5498 -0.075509 0.34605 1.4529 -0.36165 -1.8405 1.5978 1.6655 0.052025 -1.5609 -1.4178 0.30919 -0.54528 -0.44168 0.10897 0.90539 -0.63712 -0.91534 0.38938 1.4201 -1.3164 -2.5848 0.89611 2.0417 0.27755 -0.47218 -0.42144
1.0143 -0.84569 -0.50473 0.084115 -1.0326 0.84188 1.1162 2.2132 -1.5449 -0.55474 0.78203 -0.92638 0.37573 -0.48932 0.52554 1.196 -0.99566 -1.3231 2.0073 0.65189 -1.1208 -0.66477 -0.4208 0.44022 -1.0863 -0.48096 -0.47183 0.6574 -0.8935 -0.74131 1.3276 0.086498 -2.091 -1.258 2.1198 1.4445 -0.96712 0.29556 -0.10389
1.1431 -0.7857 -0.48591 -0.12058 -1.1297 1.1591 0.64727 0.98369 -1.02 0.26061 -0.10122 -1.5324 0.17217 -0.59808 0.99463 0.8706 -1.0666 -0.39963 1.7662 -0.51156 -1.1767 1.0509 -0.0027096 -0.79408 -0.65953 -0.50426 -0.79143 0.30302 -0.78462 -0.51798 1.561 -1.1793 -1.7195 0.74101 2.3275 0.25682 -0.90808 1.1871 0.17437
1.1808 -0.81455 -0.49352 -0.30085 -0.9096 1.2466 0.29444 0.63737 -0.18719 -0.31352 -1.1772 -1.9753 0.14808 -0.97489 0.93933 0.41246 -1.0204 0.36127 0.88277 -1.1167 -0.30841 1.9078 -0.15419 -1.3197 0.73299 -0.3745 -0.69209 -0.022595 -0.35086 -0.027177 1.2787 -1.802 -0.77744 1.8666 1.0635 -0.45393 0.090703 1.524 0.35543
0.30109 -0.73036 -0.30362 -1.1262 -0.60568 1.0162 -0.015308 1.1049 0.48582 -0.88097 -0.60005 -1.4658 0.18873 -1.2998 0.70542 0.3668 -1.2731 0.53215 -0.01049 -0.77672 1.0993 1.9713 -0.99983 -0.67513 1.2954 -0.17161 -0.46039 -0.34289 0.18863 0.14107 0.64927 -1.7887 0.052034 1.4131 -0.5165 -0.41633 1.5715 0.72794 0.50432
0.13904 -0.33568 -0.37555 -1.1486 -0.63159 1.276 -0.096019 1.8972 0.96822 -0.78347 -1.6859 -0.42989 0.012281 -1.4203 0.63312 0.78129 -0.93499 0.84866 -0.42103 -0.72931 1.3942 1.0888 -0.8676 0.56388 1.4754 0.012289 0.36432 -0.015177 0.6536 0.66469 0.12795 -1.1762 0.24612 -0.21304 -1.5097 0.32828 1.7336 -0.51314 0.13294
-0.1673 -0.25042 -0.26224 -1.1752 -0.23533 0.949 -0.26393 2.3839 0.77229 -0.85722 -0.32447 0.50803 0.14265 -1.2252 0.51727 1.0286 -0.84982 0.70758 -0.87406 -0.62291 0.73886 0.41855 -0.51218 1.4827 0.64442 0.23843 0.91884 0.2634 0.83629 0.85885 -0.22031 -0.70342 -0.045034 -1.7496 -1.7505 1.2296 1.2442 -0.88078 -0.2121
-0.2921 -0.26832 -0.077564 -1.472 -0.70204 0.92758 0.29456 2.7866 0.76565 -1.4231 -0.34217 0.060295 0.1455 -0.32422 1.0101 1.2936 -0.032372 0.55873 -0.85035 -0.7378 -0.53916 -0.40409 0.30376 1.1522 -0.17219 -0.33314 1.1147 0.43687 0.51905 0.89347 -0.40485 -0.15133 -0.41792 -2.1002 -1.3445 1.346 0.19181 -0.79218 -0.62672
-0.48029 -0.32827 0.53606 -1.1876 0.22702 0.55439 -0.73461 1.5765 0.38026 -0.5421 0.45638 -0.28356 0.21018 -0.12587 1.0098 1.6644 -0.17613 0.25035 -1.0904 -0.87689 -1.3476 -0.86667 1.0143 1.5785 0.027755 -0.39331 0.98189 0.61124 0.045289 1.1722 -0.10816 0.62307 -0.55635 -1.3834 -0.98859 0.96423 -0.25478 -0.022913 -0.95687
-0.53667 -0.3034 0.57656 -1.8455 -0.089737 -0.046759 -0.6085 1.3117 0.74524 -1.2272 0.84095 -1.5179 0.49902 0.11727 1.2011 1.4238 0.33865 0.27325 -0.59125 -1.4243 -1.6613 -1.0166 1.214 0.90639 -0.10026 -0.83628 0.70438 0.56862 -0.84574 1.1043 -0.22152 0.9325 -0.021065 -0.39583 -0.64376 0.20983 -0.62238 0.23103 -0.89021
0.22518 0.8411 0.97069 -0.71274 -0.05125 0.35813 -0.99838 0.7741 -0.080519 -0.13664 -0.081002 -0.89046 -0.73112 0.39363 1.5591 1.0378 1.0756 0.65284 0.14336 -1.368 -1.398 -1.2898 1.0736 1.0806 0.52559 -1.2876 0.67299 0.43388 -1.6297 1.3113 -0.27212 0.94835 0.63074 0.13263 -0.31386 -0.10549 -1.3485 0.35778 -0.77909
-0.28621 0.51484 1.3835 -1.6758 -0.47229 -0.14179 -1.0646 1.0323 -0.22442 0.49099 1.1325 1.061 -0.19932 0.73811 1.7938 0.014698 1.3307 -0.071738 0.24927 -0.55054 -1.2821 -1.4966 0.72645 0.12259 0.090615 -1.5398 0.48921 -0.20721 -1.9455 0.726 -0.51154 0.21917 1.2874 0.40126 0.2059 -0.50231 -1.5919 0.02754 -0.11217
-0.17887 0.70136 1.013 -0.50944 0.23371 0.55777 -2.1218 0.83255 -0.48089 -0.092213 0.80986 -0.21009 -0.75143 0.82727 1.5222 -0.68951 1.6886 -0.10984 0.23499 -0.11779 -1.2727 -1.2509 1.0464 -0.7968 0.7408 -1.489 -0.13826 -0.90048 -1.0653 -0.067203 -0.68441 -0.54015 1.2776 0.22511 0.71078 -0.50727 -1.596 -0.71197 0.54348
0.18822 1.1921 1.0802 0.18431 0.66891 1.2104 -1.3682 0.85622 -0.94859 -0.3698 1.6356 0.29541 -1.1941 0.82131 0.84051 -1.3617 1.3419 -0.36754 -0.23354 0.41018 -0.93452 -0.58923 0.18038 -1.421 -0.1726 -0.94442 -0.9303 -1.4085 0.53363 -0.84805 -0.33104 -0.89512 0.8643 0.29817 0.83178 -0.30752 -0.62748 -0.76166 1.1873
0.60553 1.5054 0.2093 0.067628 -0.49723 0.1083 -0.9615 -0.45245 -1.3809 0.17855 -0.10764 -1.5465 -1.3013 0.10288 0.37217 -0.27691 0.95555 -0.57477 -0.60934 0.5923 -1.1265 -0.25633 0.28898 -1.422 -1.039 -0.57645 -1.529 -1.4387 1.3509 -1.5466 0.3042 -0.72477 0.13819 0.34895 0.84068 -0.47661 0.14715 -0.87109 1.4388
0.65934 1.3902 0.023362 0.40764 -0.36843 0.099985 -0.77589 -0.1082 -0.68051 0.72709 -1.0117 0.7987 -1.3489 -0.62573 -0.23597 0.79604 0.18075 -0.49239 -0.97604 0.73983 -0.76713 -0.25742 0.46812 -0.85388 -0.83204 0.20846 -1.6627 -0.99765 1.5531 -1.2949 1.3538 -0.019007 -0.43833 0.46346 0.51771 -0.37244 1.1336 0.34809 1.0944
0.92947 1.2932 -0.14767 0.40462 -0.56021 -0.12986 -0.76774 0.26856 -0.69125 -0.050675 -1.3828 -0.68494 -1.405 -1.2916 -0.60035 0.74778 -0.50157 0.59807 -0.72767 -0.034453 -0.66909 0.33794 -0.09054 -0.78151 -0.99825 0.60608 -1.0071 -0.25482 0.69339 -0.76969 1.6696 0.47738 -0.41016 0.51271 0.17143 -0.39942 1.603 0.98519 0.56832
-0.9826 0.6306 2.042 -0.43517 -0.67281 -0.51781 -0.99134 -0.30633 -0.72461 0.62488 0.4375 -1.139 -0.70307 -1.5732 -0.51681 1.0204 -0.24849 1.8372 -0.20923 -0.13767 -0.2522 0.20289 -0.40362 0.57966 0.59281 0.49628 -0.035602 0.46685 -0.14887 0.048394 1.0847 0.81973 -0.37222 0.15756 -0.073014 -0.16685 1.4575 1.4131 -0.17367
-0.72314 0.77834 1.8287 0.16297 0.22952 -0.1256 -0.96971 -0.028956 -1.4133 0.16762 0.20894 -1.4278 -0.68608 -1.2926 0.045309 0.89735 -0.20567 1.6972 -0.11392 0.22401 -0.37673 -0.11075 -0.10572 1.1445 0.52604 0.33459 1.3244 0.88557 -1.0631 0.52525 -0.38247 0.55145 0.051358 0.23108 -0.12672 0.060206 0.51842 1.4264 -0.71029
-0.8899 0.99602 0.58439 -0.59386 1.4301 0.13849 -1.3685 -0.58172 -0.27847 -0.47775 -0.72852 -1.3956 -0.77792 -0.68294 0.311 0.43242 0.12589 1.1992 0.22604 -0.12341 -0.60004 -0.16103 0.13487 1.1681 1.6853 0.021159 1.9241 0.6722 -1.4222 0.29239 -1.7417 0.32815 -0.016188 0.28952 0.10719 0.057206 -0.41131 0.3111 -0.7168
-0.86939 1.1356 0.89191 0.32745 1.53 -0.34835 -0.78277 -0.517 -1.0437 0.20162 0.41281 1.4578 -1.0687 0.74148 0.63133 -0.95702 0.26056 0.15881 0.069839 0.039491 -0.038229 0.28129 -0.2225 -0.01582 1.766 -0.476 1.7269 0.097114 -1.0753 0.29502 -1.9556 0.61305 -0.22907 0.5564 0.32314 0.13562 -0.84285 -0.55153 -0.4827
-0.68555 1.4422 1.3246 0.10939 0.76161 -0.21807 -0.20187 -0.19381 -0.85503 0.75006 0.62722 0.60047 -0.97324 1.0062 0.44045 -0.72284 0.0496 -0.93061 0.30301 -0.094317 0.14969 0.25023 -0.21426 0.3139 0.67203 -0.43016 1.0872 -0.24213 -0.5821 0.16001 -1.2737 0.46778 -0.49026 0.64788 0.51057 0.28998 -1.0229 -1.7915 -0.16606
-0.54785 1.1144 1.3689 0.24859 0.33197 0.15814 -1.6116 -0.74248 -1.0886 0.10704 0.92055 0.9259 -1.0612 1.0915 0.16534 -0.54657 0.36841 -1.2122 0.97611 -0.2491 0.34106 0.37195 0.36492 -0.15894 -0.28789 -0.33671 0.28644 -0.36652 -0.29187 0.14638 -0.1127 0.3224 -0.47777 0.28687 0.024636 0.29185 -0.75365 -1.2449 -0.0052811
0.27337 1.2367 0.48975 -0.19497 -0.20541 -0.4771 -0.88234 -0.058364 -0.22808 -0.12855 -0.52198 0.53899 -1.2063 1.178 0.1002 -0.87192 0.36548 -0.69544 0.63404 -0.94028 0.48174 0.86819 0.46229 -0.86003 -1.5116 -0.3574 0.061426 0.050459 -0.39899 0.23397 0.6532 0.09487 0.28156 -0.096677 -0.28937 0.28001 -1.0474 -0.43332 -0.10452
0.34978 1.3073 0.51481 0.032283 -0.029871 0.67865 -1.2147 -0.066541 -0.97305 -0.40351 0.57371 -1.0696 -1.1426 1.1984 0.12721 -1.4388 0.37166 -0.16555 0.49788 -0.47466 0.3617 0.045568 0.064297 -0.97655 -0.086135 -0.52271 -0.19165 0.22926 -0.248 0.09243 0.64141 -0.44716 0.60724 -0.37736 -0.8692 0.036986 -0.30054 -0.11462 -0.098225
0.099082 1.2051 0.19267 0.45219 0.51038 1.4067 -1.3598 -0.35028 0.16706 0.88113 -0.79183 -0.36235 -1.2299 1.076 0.55784 -1.0334 0.47428 -0.094972 0.71688 0.54252 -0.04419 -0.16034 0.53619 -1.4272 -0.47262 -0.5318 -0.46211 0.03764 0.052556 -0.029624 0.016748 -0.86083 0.92238 -0.20794 -0.86826 -0.038366 0.14457 0.35052 0.027399
0.5978 1.3832 0.46233 0.91296 0.51411 -0.40111 -2.0289 0.18936 -0.072573 1.1206 -0.36343 -0.63896 -1.485 0.79381 0.36611 -0.94008 0.48617 -0.17757 0.11175 0.16025 -0.12804 -0.88232 0.41637 -0.49422 -1.105 -0.43245 -0.75151 -0.23424 0.39329 -0.1961 -0.45873 -1.2375 0.43039 -0.066 -0.61441 -0.31634 0.34151 0.031935 0.23048
0.9379 1.4693 -0.39479 0.20511 0.10053 0.46699 -0.72086 -0.10409 -1.6132 -0.1355 -0.51382 1.7224 -1.5815 0.52725 0.05532 -1.0334 0.26123 -0.63158 -0.75726 0.49945 0.32563 -0.43447 0.21598 -0.80764 -0.21072 -0.35216 -0.96605 -0.59379 0.3953 -0.3312 -0.44318 -1.0855 -0.083207 -0.15777 -0.35133 -0.47095 0.30982 0.60756 0.33014
1.0177 1.7986 0.23554 0.64829 -0.22079 1.253 -0.37378 -0.90633 -0.82498 0.57154 -1.8229 -1.0911 -1.6112 0.080093 -0.050688 -0.71361 0.13227 -0.81141 -1.0428 0.35732 0.053183 -1.0609 -0.43123 -0.58906 -0.17153 -0.18501 -0.88358 -0.48628 0.76682 -0.3046 -0.12476 -0.55925 -0.18458 -0.29623 0.099185 -0.31038 0.258 0.81913 0.35004
1.0912 1.388 -0.71182 0.46053 -0.26531 -0.35458 -1.3449 0.16111 -1.5326 0.31459 -0.072804 -2.6377 -1.5203 -0.35984 -0.32908 -0.41768 0.062734 -0.66043 -0.70379 0.26611 -0.43774 -0.7725 -0.021207 -0.74745 0.45397 -0.042922 -0.51739 -0.17065 0.92085 -0.2297 0.30255 0.068745 -0.1968 -0.51444 -0.12911 -0.35201 0.78257 1.1099 0.31586
0.57293 1.1312 -0.54715 0.64799 -0.45088 -0.18968 -0.78822 0.50719 -0.49542 0.55428 -1.1451 0.098091 -1.5125 -0.40156 -0.33781 0.17584 0.044687 -0.39458 -0.94423 -0.096021 -0.31986 -0.48644 -0.10812 0.0017595 0.45134 0.062496 0.030294 0.24188 1.021 0.051325 0.53876 0.83017 0.25014 -0.013337 0.15598 -0.37413 0.83747 1.3338 0.18159
0.21982 1.3199 -0.23114 0.81832 -0.24782 -0.50461 -1.2745 -0.58623 -1.7332 0.35202 -1.6764 0.18723 -1.5502 -0.18802 -0.11246 0.23375 -0.10121 -0.19788 -0.67988 0.32966 -0.48776 -0.96525 -0.67632 0.49835 2.0472 0.11017 0.51362 0.59395 0.66975 0.22267 0.79165 0.94034 0.2828 0.32882 0.070386 -0.47917 0.88576 0.17555 0.066278
0.52483 1.1926 -0.090373 0.63952 -0.41467 -0.66003 -0.99929 -0.77012 -1.6827 0.77561 -1.4116 0.97193 -1.6127 0.05933 0.29399 0.85992 0.3126 0.082316 0.47343 0.78913 0.057501 -0.62063 -0.881 0.50197 2.1257 0.075163 0.57085 0.53117 0.04151 0.31141 0.94061 0.93342 0.1757 0.48987 0.44347 -0.041197 0.36453 -0.94968 -0.0039929
0.77587 1.3698 -0.043487 0.19079 -0.51059 -0.060907 -0.52786 -0.54564 -1.9844 -0.46466 -0.24907 0.38339 -1.4633 0.3761 0.46031 0.48249 0.3348 0.74309 0.31834 0.34997 0.021519 -0.53787 -0.63328 0.81536 -0.0013738 0.073316 0.25115 0.25782 -0.35977 0.35581 0.98432 0.33774 -0.42684 0.40525 0.83705 0.53131 -0.22612 -2.0686 -0.037834
0.87797 1.614 0.029431 0.63767 -0.4316 -0.12719 -0.19895 -0.9082 -2.0925 -0.17626 -0.55049 1.1439 -1.4266 0.38949 0.36477 0.1187 0.39205 1.0814 0.27489 0.21417 0.38815 0.23617 -0.20588 0.5877 -0.77713 0.072992 -0.12012 -0.12003 -0.70409 0.12978 0.72443 -0.51032 -0.82543 -0.12049 0.73424 0.95256 -0.72141 -1.7706 -0.076396
0.81734 1.5044 0.28665 1.3126 -0.0225 0.34866 -0.42034 1.1632 -1.6615 -0.48453 0.12882 1.3152 -1.4775 0.12388 0.33466 -0.078919 0.50415 1.3384 0.041181 -0.22198 0.1442 0.35364 0.11544 -0.010832 -1.3739 0.040478 -0.33482 -0.23674 -0.43382 0.091171 0.30642 -0.51433 -0.64223 -0.29264 0.53426 0.88672 -0.95431 -0.69417 -0.099893
0.78755 1.5809 -0.122 0.99956 0.82327 -0.34376 -0.93475 -0.60511 -1.519 0.31248 -0.8918 -0.74378 -1.4972 -0.029882 0.13927 -0.18662 0.46715 1.2892 -0.32719 -0.53104 -0.23393 0.46905 0.761 -0.56654 -1.363 -0.050816 -0.27078 -0.17705 -0.18648 0.028068 0.078062 -0.42724 -0.45834 -0.41783 0.13011 0.60745 -0.69726 -0.2354 -0.090965
