39 225
-1.0172 0.95081 -0.72934 1.451 0.83234 0.93441 0.7259 1.745 -0.2072 0.41559 0.53499 1.068 -1.875 0.33514 0.48469 1.121 0.43948 -0.75664 0.495 -0.27814 -0.68568 0.54581 0.69354 0.056174 1.0418 0.050867 0.086066 -0.079018 -0.063377 -0.082257 0.11709 -0.095238 0.40381 0.23274 -0.13957 -0.11191 -0.14317 -0.50138 0.062621
-0.87473 1.1246 -0.26307 1.072 0.13294 1.4852 0.24403 1.027 -0.29089 1.3345 0.43386 0.83768 -1.8646 0.43023 0.45093 1.1587 0.29123 -0.70821 0.41192 0.10099 -0.48245 0.3715 0.53102 -0.06887 0.72085 0.11871 0.06412 -0.19452 -0.5001 -0.20568 0.11165 -0.19944 0.30382 0.1046 -0.33581 -0.49087 -0.11256 -0.95186 0.045492
-0.88383 1.3402 0.27118 1.6626 0.82345 1.7761 0.45698 0.75661 0.14918 1.1866 -0.018206 1.6419 -1.8481 0.44082 0.34318 0.96214 0.33436 -0.56577 0.33568 0.21265 -0.29225 0.38325 0.51561 -0.20032 0.19359 0.12794 -0.053968 -0.40452 -1.1835 -0.34909 0.26742 -0.38836 0.01334 0.00872 -0.52331 -0.76055 0.048287 -1.0539 -0.018261
-0.56895 1.5961 0.61513 2.1618 -0.20348 1.15 0.55668 1.4586 0.80177 0.95228 1.003 2.664 -1.796 0.39352 0.17901 0.22368 0.079198 -0.64622 0.17175 -0.0081635 -0.64218 0.013951 -0.259 -0.075842 -0.3927 0.092177 -0.29934 -0.5852 -1.5201 -0.5518 0.27031 -0.47356 -0.45209 -0.24031 -0.49492 -0.63529 0.15274 -0.96485 -0.092152
-0.61056 1.2869 0.27996 1.3815 0.33148 1.3076 1.1256 1.4294 -0.15957 0.83888 0.2092 1.1138 -1.7054 0.23866 -0.15222 -0.69759 -0.13877 -0.3174 -0.15418 -0.18747 -0.55625 -0.23581 -0.50969 0.1082 -0.45264 0.028066 -0.49151 -0.56171 -1.1424 -0.58779 0.45687 -0.36615 -0.49585 -0.62202 -0.38436 -0.18773 0.28216 -0.6807 -0.12247
-0.62187 1.2524 0.16808 1.6819 0.32081 1.4454 0.76053 1.3018 0.26147 1.2687 0.087095 0.74311 -1.7619 -0.053233 -0.41534 -0.94242 -0.54013 -0.35726 -0.27763 -0.43079 -0.7961 -0.22678 -0.29599 0.02594 -0.83922 -0.0017683 -0.55851 -0.28055 -0.24028 -0.19931 0.13182 -0.31886 -0.25866 -0.31175 0.21385 0.45881 0.31376 -0.021959 -0.10469
-0.59072 1.2413 -0.5694 1.2545 -0.22024 1.4439 0.15259 0.22745 -0.41206 0.063145 0.4775 0.52435 -1.811 -0.28821 -0.42928 -0.66217 -0.492 0.081519 -0.16582 -0.38009 -1.42 -0.19945 0.1184 0.24632 -0.93023 -0.050627 -0.3779 0.083457 0.67894 -0.081583 -0.26174 -0.31757 0.11768 0.43699 0.46804 0.74473 0.065995 0.3118 -0.05835
-0.63548 1.0076 -0.86583 1.2519 0.10929 1.2962 0.038817 0.46933 -0.22005 0.97381 0.58395 1.3281 -1.8443 -0.42372 -0.2213 -0.27294 -0.14497 -0.60559 -0.45692 -0.32455 -0.79803 0.40055 0.34595 0.4133 -0.25813 -0.061684 -0.24055 0.33673 1.0333 0.088518 -0.2995 -0.34164 0.60875 1.4073 0.34631 0.56491 -0.33197 0.70351 -0.037357
-0.9364 0.9295 -0.23894 1.3807 0.18789 1.0792 0.33303 0.44261 0.4508 0.84598 0.17353 1.1106 -1.7817 -0.31102 -0.1009 0.24998 -0.51432 -0.62111 -0.69653 -0.032333 0.34593 0.32605 0.6786 -0.0029401 -0.21772 -0.05093 0.2489 0.18009 0.27782 -0.2472 -0.49202 -0.07616 0.63304 1.6351 -0.059049 -0.13234 -0.52256 0.77923 0.13984
-0.84589 1.0701 0.061293 1.4562 0.081224 1.0171 0.62658 -0.050535 0.15112 1.2742 1.3277 0.68243 -1.8129 -0.51382 0.046965 0.56277 -0.385 -0.49791 -0.69093 0.41383 1.1516 0.16055 0.56195 -0.53092 0.069034 -0.072401 1.2657 -0.27471 -0.95467 -0.68202 0.0041069 0.43214 -0.22791 0.67094 -0.79983 -0.67494 -0.32925 0.71268 0.49741
-1.0802 1.0781 -0.25878 1.2272 -0.66862 0.80929 0.55918 0.88178 0.52871 1.2492 0.30209 0.42795 -1.7978 0.2218 -0.23264 -0.56626 -0.8634 -0.79105 -0.21268 0.3093 0.88886 -0.18006 -0.29097 -0.32896 0.31357 0.20612 2.2353 -0.96061 -1.8385 -0.54417 0.147 0.38992 -1.3592 -0.5527 -0.93864 -0.82064 0.04837 0.16025 0.98258
-0.76377 1.1444 0.15256 0.7448 -0.4205 0.58647 0.24241 1.624 0.25068 1.7056 -0.10301 0.56736 -1.877 1.7212 -0.68325 -1.7125 -1.2848 -0.4973 0.12296 -0.85733 0.29694 -0.81888 -0.59078 -0.099954 0.75805 0.7113 2.7754 -1.3802 -1.3886 -0.15158 0.50659 -0.25348 -2.0532 -1.5392 -0.65896 -0.40861 0.51986 -0.49828 1.3373
-1.3481 1.1972 -0.14272 0.97519 -0.42632 0.64297 0.72163 1.2786 -0.37213 0.5397 -0.27991 1.3405 -1.921 2.839 -1.5585 -2.1535 -1.1179 -0.35557 -0.36354 -1.6253 -0.29359 -0.91379 -0.46733 -0.16972 -0.32268 1.3408 2.1369 -1.2188 0.21453 0.61319 0.47824 -0.96074 -1.3827 -1.6365 -0.26329 0.32252 0.72297 -1.1523 1.3296
-0.00070241 0.34761 -2.0213 0.28187 -0.64608 1.3039 0.4932 0.87036 -0.066624 0.45919 0.6165 1.7523 -1.3304 3.4789 -1.9049 -1.3227 -0.56819 0.16051 -1.1232 -1.9925 -1.2858 -0.6842 -0.22156 0.34333 -0.61574 1.7889 0.67341 -0.53062 1.9371 0.77203 -0.089039 -1.0461 -0.27771 -1.1487 0.22385 0.66203 0.73807 -1.2976 0.89827
1.5831 0.022987 -2.143 0.057534 -0.25176 1.1746 -1.2205 0.19746 -0.85687 0.46241 0.57795 1.464 -0.68886 3.422 -1.932 -0.36866 -0.084726 -0.29191 -1.4688 -1.3904 -1.5419 -0.72626 0.16208 0.79321 -1.2363 2.0818 -1.3029 0.68625 3.0661 0.21665 -0.31919 -0.51641 0.4742 -0.42184 0.30263 0.29854 0.64501 -0.55629 0.11074
2.0607 -1.0414 -2.0553 0.48247 -0.72964 -0.18793 -1.2898 0.14484 -0.77917 1.293 0.49312 -1.0549 -0.14741 2.7072 -1.5074 1.088 -0.36377 -0.66389 -1.3692 -1.4189 -1.331 -0.48934 0.43305 0.7914 -1.2962 1.9711 -2.954 1.4812 2.8263 -0.73856 -0.42409 0.4622 0.99573 0.44104 0.44684 -0.46958 0.24889 0.23639 -0.63486
2.1085 -0.83933 -0.62815 0.72972 -0.27093 -1.0629 -1.4754 0.013972 -0.082971 1.1112 0.2898 0.2682 0.089077 0.71926 -0.47088 2.4973 -0.83363 -0.46876 -1.2581 -1.1156 -1.0776 -0.44201 -0.20649 0.80039 -1.0948 1.4482 -3.3872 1.8219 1.8134 -1.4352 0.21198 1.4234 0.91688 0.61262 0.67686 -1.2628 -0.047549 1.2023 -1.1043
2.1946 -0.85468 -0.1954 0.6808 -0.99856 -0.66755 -0.28004 0.055389 -1.256 1.3607 1.1781 -0.14348 0.404 -0.83587 0.15153 2.6409 -1.6151 -0.4545 -0.34845 -0.4729 -0.60867 0.0099497 -1.0348 0.7734 -0.30329 0.94857 -2.5374 1.3547 0.1384 -1.1242 0.41949 1.806 0.92475 0.48623 0.5348 -1.2769 -0.31576 0.95185 -1.1278
1.7208 -0.69334 0.2388 -0.14746 -1.3056 0.009702 -1.3126 -0.40878 -0.87268 0.56826 1.0577 0.52942 0.46532 -1.302 0.6687 2.3107 -2.199 -0.020469 0.76478 -0.33649 -0.65257 0.28634 -1.7392 0.66675 0.47291 0.58251 -0.7391 0.39165 -1.2756 0.21578 0.3131 1.3625 0.6718 0.39445 0.33958 -0.40495 -0.65993 0.24259 -0.89388
1.1152 -0.16527 0.5708 -1.0747 -0.65016 -0.23521 -1.8515 -0.55276 -0.82958 -0.043181 1.7033 -0.025122 0.51028 -1.151 0.47105 1.4279 -1.8324 -0.1597 1.1053 -0.26861 -0.54444 0.14565 -1.4649 0.20784 -0.34699 0.35062 0.83499 -0.39107 -1.9819 2.0795 0.27258 0.098382 0.76658 0.52229 -0.23705 0.7002 -0.85822 -0.29255 -0.65458
0.89211 -0.30623 0.89186 -1.3606 -0.73244 0.15584 -1.7723 -0.24915 -0.50827 -0.50066 1.0932 0.075008 0.57812 -0.54955 0.099524 0.64114 -0.34018 -0.068397 0.64097 -0.095226 -0.29312 0.12776 -0.85559 -0.22795 -0.67806 0.11909 1.6463 -0.92031 -2.4383 3.1992 0.13285 -0.8394 0.71771 0.60104 -0.73555 1.5303 -1.0086 -0.48696 -0.54093
0.97066 -0.29963 1.1189 -1.2748 -0.58916 0.34453 -1.1859 -0.60493 0.015854 -0.58146 1.1356 -0.12844 0.61634 0.37479 -0.31136 -0.34027 1.3677 0.048459 -0.11194 0.68539 0.28243 -0.34102 -0.059291 -0.47105 -0.34256 -0.012701 1.6942 -0.76162 -2.6307 2.7002 0.15814 -1.0698 0.28261 -0.013671 -1.0559 1.3923 -0.62496 -0.010522 -0.53981
1.2024 -0.40253 1.032 -0.67819 -1.0175 0.37018 -1.2096 -0.54142 -0.70508 -0.11654 0.69167 -0.28753 0.58813 1.075 -0.6867 -1.4955 2.2323 0.11728 -0.27047 0.38479 0.16144 -0.82377 0.68905 -0.97426 -0.51085 -0.22218 1.1987 -0.25944 -2.4117 0.9309 0.28431 -0.66094 -0.35316 -0.38353 -1.1578 0.81703 -0.21774 0.38655 -0.5073
1.6354 -0.80314 0.34198 0.50856 -1.3418 0.14529 -0.73887 -0.35002 -1.3412 0.31363 1.0777 -0.88114 0.51867 1.2684 -0.58287 -2.5627 1.9683 0.032217 -0.52958 -0.028234 -0.76668 -1.3253 0.60885 -0.66298 -0.51324 -0.46305 0.41405 0.30877 -1.4664 -0.89941 0.47423 -0.1336 -0.74944 -0.40679 -0.33218 0.038058 0.15827 0.4694 -0.39114
1.9241 -0.8485 -0.28397 0.8648 -0.68606 -0.54464 -0.95575 0.029653 -1.1785 0.081984 0.56233 0.53206 0.43423 1.2868 -0.2637 -2.887 1.0978 0.43862 -0.44804 -0.30703 -0.49902 -1.5156 0.46886 -0.59417 0.073792 -0.58094 -0.21774 0.76243 -0.072295 -2.007 0.55718 0.34341 -0.20231 0.051944 0.69365 -0.36675 0.45432 0.64109 -0.11848
2.0762 -0.99123 -1.225 0.60443 -0.25229 -0.24176 -1.8188 -0.55501 -1.6942 0.61823 -0.03095 -1.0827 0.21279 1.05 0.050838 -2.4728 0.20913 0.70902 -0.2984 -0.19116 -0.16404 -0.60155 0.10121 -0.40141 0.18793 -0.54734 -0.47602 0.74138 0.98437 -1.9303 0.3887 0.68648 0.59113 0.72973 1.3966 -0.3024 0.55485 0.37374 0.21637
2.1211 -0.84633 -1.9871 0.18308 -1.031 -0.19614 -1.4784 -1.7964 -2.0664 -0.17582 0.46301 -0.57028 0.0081702 0.75587 0.42658 -1.6976 -0.71017 0.7409 0.26368 0.14653 -0.0043616 0.10768 0.15759 -0.27699 0.28531 -0.39831 -0.59064 0.43146 1.4956 -1.1558 -0.022726 0.73476 1.1281 0.78356 1.7747 -0.25071 0.90975 0.32042 0.556
2.4499 -0.45927 -1.8466 -0.042027 -0.23118 -0.03688 -1.2096 -0.56439 -2.2292 0.27262 0.35165 0.21753 -0.012594 0.61105 0.46239 -1.2899 -0.80453 0.55716 0.42958 0.73441 0.46935 0.45828 0.11204 0.19949 0.023345 -0.16384 -0.76657 -0.14503 1.3942 -0.45254 0.010607 0.69668 0.57235 0.49158 1.6356 0.23287 1.0998 0.0064138 0.81412
2.4208 -0.52823 -1.6494 0.25223 -0.48123 -0.21923 -1.0686 -0.079588 -1.097 0.19134 0.30942 -0.34867 0.031552 0.36409 0.33583 -0.63137 -0.60635 0.49234 0.59661 1.1057 0.77468 1.2499 -0.082289 0.80779 0.69782 0.23532 -1.0459 -0.78837 1.015 0.18327 0.067569 0.54042 -0.45106 0.11388 1.663 0.57608 1.0907 -0.46515 0.92567
2.4956 -0.34612 -1.7658 -0.085969 -0.27071 0.367 -0.58454 -0.28991 -0.95266 0.66119 0.48176 -0.24132 0.096757 -0.23307 -0.1868 -0.35322 -0.72283 0.86766 0.86993 0.28772 0.45621 1.8651 0.67372 1.1234 -0.069022 0.61316 -1.4868 -1.1782 0.79031 0.35951 0.26293 0.07653 -1.3294 0.022014 1.2714 0.52234 0.1459 -0.73432 0.85644
2.6089 -0.46587 -2.4814 -0.075932 0.052151 -0.1107 -0.53772 0.077477 -0.96792 0.14683 0.63947 -0.1069 0.19028 -0.83565 -0.74636 -0.23964 -0.42773 0.71668 1.0753 -0.36027 0.26089 2.4928 1.0379 1.3108 -0.6089 0.89332 -1.5664 -1.2036 0.64135 0.64476 0.1458 -0.65858 -1.0778 0.54412 0.48895 0.21037 -1.1337 -1.1316 0.6009
2.3708 -0.61431 -2.108 -0.25109 -0.15977 0.7261 -0.58511 -0.57513 -0.10002 0.10812 1.4586 0.019348 0.51088 -1.6468 -1.2299 0.0099131 -0.23699 0.90759 0.32247 -0.71205 0.80225 2.2002 0.60212 0.18392 -0.77154 1.0614 -1.1484 -0.7714 0.59505 0.82363 -0.062807 -1.1632 0.27896 1.4124 -0.54722 -0.49549 -2.2344 -0.47527 0.26254
1.7083 -1.1298 -2.1889 -0.80795 0.169 0.95417 -1.5266 -1.0673 0.56258 1.2668 1.9312 -0.69574 0.79057 -1.9391 -1.4241 0.39735 0.34745 0.7362 -0.42291 -0.15868 1.7159 1.9966 0.35963 -0.94317 -1.1488 1.1009 -0.42699 -0.10252 0.45855 0.79849 -0.037533 -1.281 1.4109 1.8114 -1.4651 -0.99132 -2.8149 0.25854 -0.084279
1.5164 -1.4422 -1.8089 -0.02098 0.47274 1.1588 -1.5663 0.62838 1.8386 1.7727 1.6561 -0.82527 1.0677 -1.8913 -1.3134 0.44986 0.42485 0.76766 -0.65273 0.66129 2.5695 1.1084 -0.038226 -2.0835 -0.75857 0.98385 0.54916 0.58937 0.31567 0.7947 -0.1891 -0.55359 1.9853 0.93989 -1.7438 -1.1488 -2.1354 0.87441 -0.36041
0.51387 -2.0065 -1.6768 0.034655 0.47594 -0.47989 -1.4021 1.0578 1.3533 0.25462 -0.56914 -1.2548 1.2326 -1.5423 -0.90734 0.40044 0.72903 0.7393 -0.93732 1.295 3.0115 0.33404 -0.71661 -3.0038 -0.19039 0.77601 1.1228 0.95583 -0.0033963 0.30626 -0.31177 0.42291 1.2068 -1.3096 -1.7648 -0.91105 -0.5791 1.2898 -0.5405
0.80913 -1.8576 -1.6193 0.33361 0.44274 -0.36982 0.03221 1.5908 1.2317 0.7362 -0.82022 -1.3922 1.3407 -0.8055 -0.38484 0.59465 1.0527 0.60145 -0.51 1.8509 2.0557 -0.18911 -1.2594 -2.9295 0.33622 0.5657 1.2539 0.98425 -0.26803 -0.030845 -0.24948 1.3678 -0.13471 -3.2928 -1.0038 0.019315 1.5416 1.2813 -0.56957
0.76317 -1.9404 -2.0949 -0.045715 0.80729 -0.19121 0.25047 2.325 0.32457 -0.013525 -1.4544 -0.44695 1.3886 -0.34418 -0.093117 0.29991 0.58958 0.30651 0.30964 1.2518 -0.59914 -0.6141 -0.93869 -1.6761 0.67457 0.32436 0.86768 0.65773 -0.38462 -0.37619 0.086459 1.7839 -1.3492 -3.9485 -0.28834 1.0039 2.7221 1.0533 -0.4833
0.55831 -1.7274 -1.4454 0.3378 0.63668 0.15232 0.11933 2.0005 1.0185 -0.10314 -1.8462 -0.36166 1.5194 -0.1015 0.12836 -0.031973 0.41264 0.57699 1.36 0.47468 -2.1409 -0.26763 0.084522 0.16821 1.1636 0.17126 0.35915 0.22686 -0.482 -0.51208 0.31601 1.3007 -1.7139 -2.8529 0.24563 1.7004 2.5939 0.49301 -0.38003
0.8661 -1.7196 -1.1319 0.74227 0.93206 0.51953 0.25653 1.1139 1.0705 0.13119 -1.6694 -0.69271 1.5302 -0.24484 0.068536 -0.041735 0.31354 0.91463 1.5708 -0.229 -2.7099 -0.15195 0.65577 0.62914 1.3205 0.091668 0.079869 -0.090088 -0.50103 -0.50984 0.49108 0.23756 -1.0518 -0.60615 0.35787 1.4307 1.5399 -0.16024 -0.28708
0.76918 -1.8575 -1.634 0.48533 0.59653 0.91548 -0.35953 -0.58183 0.79096 0.28866 -0.8558 -0.32893 1.4373 -0.17918 -0.0466 -0.17658 0.19802 0.85008 1.3656 -0.22254 -2.5298 0.043452 1.4254 0.85366 0.88063 -0.011756 -0.077551 -0.16316 -0.54551 -0.59908 -0.039169 -0.74659 -0.47594 0.94991 0.21736 0.40967 0.22879 -1.1323 -0.23785
0.33199 -1.8225 -2.0268 0.35109 1.274 1.082 -0.24941 -0.77137 0.84573 0.6666 -0.17195 0.24803 1.4534 -0.16397 -0.18492 -0.6063 -0.2916 1.0198 0.75134 -0.12087 -1.5778 -0.098148 1.3163 0.89331 0.45093 -0.10895 0.14704 0.076243 -0.44295 -0.49569 -0.39668 -1.0182 -0.27267 2.0031 0.38183 -0.41259 -0.54257 -1.5594 -0.26442
0.60297 -1.7535 -1.6593 0.53258 1.6485 1.5957 0.10752 -0.14158 0.65924 1.4351 -0.73151 0.55689 1.5039 -0.30191 -0.062143 -0.81343 -0.44218 0.47428 0.30577 -0.35059 -0.78577 0.11675 0.57183 0.4312 -0.60083 -0.16374 0.70874 0.39223 -0.28827 -0.15605 -1.0942 -0.8993 -0.58929 2.0248 0.30533 -0.97501 -0.70442 -1.1559 -0.52889
0.60222 -1.9772 -1.9694 0.27216 1.4149 1.3256 0.021463 0.033035 0.76368 1.5758 -0.9494 0.22726 1.4042 0.086477 0.21103 -0.59054 -0.32807 0.44562 0.10999 -0.60079 0.43353 0.52728 0.20267 -0.24544 -0.94374 -0.31595 0.77809 1.2024 0.57212 0.78708 -1.3408 -0.47003 -0.60878 1.2011 -0.049245 -0.91672 -0.29675 0.030334 -1.22
0.50686 -1.9526 -2.0161 0.12486 1.6424 0.85092 -0.095746 -0.14091 1.0833 1.1307 -0.53676 -0.47422 1.3735 1.0408 0.48668 -0.75534 -0.10265 -0.70354 -0.073823 -0.9408 0.52325 0.30494 -0.058727 0.026506 -0.66565 -0.87271 0.13075 1.9118 1.6336 1.4928 -0.96262 0.011943 0.14294 0.53944 -0.97739 -0.72483 0.37673 1.149 -1.9102
0.42838 -1.7239 -2.43 0.24367 0.95922 1.0708 -0.65373 -0.80462 1.1873 0.38489 -0.76658 -1.7611 1.2758 0.64264 1.8013 0.4423 1.0047 -0.65053 0.013517 -0.81614 0.18828 -0.2747 -0.28907 0.4818 0.47777 -1.9755 -1.0021 2.0337 2.1528 1.7786 -0.46242 0.29643 0.99764 0.10152 -1.6909 -0.47559 0.84899 1.5733 -2.0789
0.88946 -1.4355 -2.3536 0.12058 1.5321 1.3769 -1.1325 0.17552 1.6002 0.97164 -1.0948 -0.4597 0.9924 -0.34122 2.7427 1.7815 1.6932 -0.59509 0.36099 0.0070166 0.44181 -1.2836 -0.7068 0.74668 0.79335 -2.8099 -2.0135 1.4743 2.201 1.3332 0.27698 0.24228 1.5911 0.15354 -1.604 -0.095222 0.48378 1.2822 -1.4702
2.0101 -1.1521 -2.833 0.44416 0.3168 1.1582 -0.94144 0.18576 0.77135 1.2533 0.012279 0.29506 0.15724 -1.1524 2.9131 2.2472 2.1168 -0.37709 0.45122 0.58546 0.70835 -1.8011 -0.48326 0.98022 1.2323 -3.13 -2.0505 0.093635 1.0351 0.15953 0.0090467 -0.1914 1.4668 -0.067327 -0.89807 0.060626 0.085769 0.09554 -0.22039
0.65599 1.0925 -0.10259 2.1008 1.3188 1.5486 -0.41647 -0.034231 -0.086277 1.1318 -0.22353 1.3531 -1.3435 -1.9276 2.7049 2.5408 1.841 -0.35381 0.16097 0.9977 0.60075 -1.8935 -0.18637 0.66191 1.3134 -2.9714 -1.2266 -1.7337 -0.26857 -1.0541 -0.62747 -0.81358 0.78018 -0.35596 0.4399 0.18746 -0.22629 -0.56925 1.4205
-0.61527 1.2336 0.31971 1.7336 0.8385 1.529 0.35337 0.38138 -1.083 -0.10543 0.10382 -0.23952 -1.8258 -2.501 1.9878 2.0273 1.2091 -0.73946 -0.27379 1.1228 0.007147 -1.6241 -0.4523 0.64468 0.33519 -2.2983 0.50113 -3.5069 -1.7211 -1.8982 -1.2095 -1.5552 -0.081779 -0.34464 1.2868 0.29431 -0.22508 -1.0382 2.9372
-0.72024 1.0016 -0.27819 2.0334 1.1501 1.3627 0.094107 0.34521 -0.733 0.45184 0.60671 0.16539 -1.8114 -2.0264 -0.076844 1.3583 0.12834 -1.4625 -0.87032 1.0397 0.11677 -0.54863 -0.36346 0.43586 0.10511 -0.646 2.4305 -3.9751 -2.2694 -1.5646 -1.0109 -1.752 -0.79674 -0.046892 1.3048 0.54683 -0.16793 -0.67889 3.546
-0.97135 1.2126 0.018455 1.6343 0.43483 1.2623 -0.03506 0.039315 -0.73243 0.81458 -0.58853 0.41045 -1.9195 -0.15518 -2.3258 -0.47772 -0.64297 -1.8592 -2.065 0.4436 0.29723 -0.081655 0.1847 0.61697 -0.18517 1.0446 3.5098 -3.1698 -1.8753 -1.2036 -0.69147 -1.1826 -0.90871 0.61554 0.80272 0.41936 0.079735 -0.3259 3.1508
-1.0087 0.95582 -0.29525 1.3767 0.26339 0.82303 0.19405 0.15056 -0.68837 0.59918 0.33556 0.43872 -1.8952 1.5407 -2.6518 -0.57348 -0.21769 -1.4933 -2.3571 0.036773 0.39469 -0.23957 0.59584 0.3092 0.22995 1.8014 3.1054 -1.4093 -1.2511 -0.76428 -0.0040358 -0.3263 -0.73442 0.97209 0.28625 -0.2231 0.5017 -0.64526 2.0007
-0.28122 -1.2024 0.01682 1.1595 -1.2934 0.015226 0.72733 0.36855 -0.10875 0.58447 0.73655 0.83687 -0.68668 2.4228 -2.7181 -0.61829 -0.9194 -1.8813 -1.8398 0.13897 1.1245 -0.28334 -0.094384 0.81693 -0.40492 2.2037 1.4193 0.47226 -0.46284 -0.57941 0.39226 0.57836 -0.41486 1.1563 0.45401 -0.63915 0.32407 -0.76175 0.7633
0.26195 -1.8674 -0.78651 1.5977 -0.072156 -1.3194 0.13653 0.54075 -0.8984 0.98125 0.69318 0.15008 -0.058914 2.6176 -2.5504 -0.98694 -1.2035 -1.4419 -1.6318 -0.0056423 1.6684 0.091067 -0.71264 1.2549 -1.0652 2.4092 -0.2695 1.7049 -0.4871 -0.63202 0.70962 0.7669 -0.35148 0.95883 0.8302 -0.76844 0.095136 -0.99221 -0.30534
1.1799 -1.293 -0.4156 1.7967 -0.27009 -0.89672 0.14858 0.81003 -1.6723 0.78362 0.20359 0.011049 0.069844 2.0118 -1.4942 -1.1763 -1.2702 -1.2027 -1.3223 -0.2056 1.992 0.60258 -0.50868 0.72212 -1.0376 2.1257 -1.2633 2.3511 0.036189 -0.064209 0.94442 0.90681 -0.23584 0.24158 1.066 -0.57642 -0.47833 -0.32031 -1.1332
1.6351 -1.7623 -0.98552 0.27924 -1.4127 -0.099477 0.2589 1.6221 -0.62336 0.15589 1.6292 -0.27771 0.5006 1.2187 -0.054328 -1.2463 -1.262 -0.6118 -1.1449 -0.35678 1.8998 0.8637 -0.81154 0.49509 -1.3885 1.2824 -1.8531 2.3168 0.91339 0.51328 1.4703 1.1566 -0.20568 -0.90535 0.4241 -0.5257 -1.1884 0.14066 -1.6979
1.3307 -1.9887 -1.2429 0.10094 -1.203 -1.0269 0.11322 1.7651 -0.026206 -0.3588 1.3201 -0.87793 0.87754 0.6924 0.46323 -0.43783 -1.0352 -0.67711 -0.34104 -0.060498 1.5214 1.3133 -1.2631 0.23437 -0.91039 0.70392 -1.7499 1.9698 1.9675 1.1601 2.3044 1.1957 -0.58985 -1.7858 -0.87747 -0.21616 -1.8081 0.45701 -1.9107
0.95773 -1.5084 -1.6171 0.35645 -1.3665 -1.4903 0.1887 2.2681 0.50718 0.50088 1.1044 -0.26497 0.97544 -0.28153 0.83536 0.37531 -0.37311 0.80701 0.1041 -0.40347 0.13561 0.52987 -1.4489 -0.82683 -0.92623 0.030096 -1.2429 1.5179 2.6101 1.2022 2.2721 1.2999 -0.90575 -2.1377 -1.9825 0.42911 -2.0655 0.83359 -1.7268
1.325 -1.3137 -1.5155 0.40068 -1.1536 -2.0812 0.048699 2.1496 0.3164 -0.31106 1.0813 -1.2364 0.8289 -0.59942 1.7703 1.764 0.45738 2.0154 0.35578 -1.1414 -0.64484 -0.84679 -0.66441 -2.1322 -0.46927 -0.72503 -0.65733 1.109 2.3423 0.63181 1.8033 0.98712 -1.0145 -1.8662 -2.4665 0.85292 -1.6288 0.62526 -1.3639
1.5966 -1.0178 -0.65793 0.73456 -0.64123 -0.74442 0.12291 2.0341 0.2889 -0.88664 0.72425 -0.77406 0.63602 -0.52615 2.1486 2.6353 0.24342 1.9146 1.0113 -1.2967 -1.2357 -1.719 -0.25318 -2.3311 -0.099157 -1.1455 -0.15253 0.48395 1.4744 -0.23724 0.012926 0.57808 -0.34695 -0.85901 -1.6541 0.92525 -0.40042 0.61572 -0.68902
0.72035 -0.35745 0.19722 0.74483 0.52367 0.07886 -0.48189 0.63151 -1.2107 -1.3846 -0.91006 -1.3197 0.056111 -0.45513 1.8911 2.9014 -0.17127 1.8461 1.1034 -1.2736 -1.4718 -2.1212 -0.1283 -2.1846 -0.20705 -1.191 -0.034686 -0.38809 0.062668 -0.85654 -1.543 -0.23987 0.40687 -0.0069337 -0.40263 0.62497 0.86686 0.15598 0.056354
0.7895 0.49388 1.1317 0.47985 0.52783 -0.3978 -1.44 1.3412 -1.5748 -0.0056223 -1.3067 -0.73948 -0.23395 -0.65717 1.6794 2.613 -0.53136 0.92996 0.83511 -0.89573 -1.1269 -1.8875 0.16501 -1.6135 0.041552 -0.99252 0.14063 -0.92009 -0.9486 -0.76436 -2.3374 -0.91043 0.93146 0.83693 0.71047 0.33635 1.6135 -0.21412 0.57272
0.73218 0.61336 1.4175 0.29806 0.1408 -0.50299 -1.031 0.76074 -1.8424 -0.16415 -1.3775 -0.76719 -0.26435 -0.61183 1.2631 1.8767 -0.79991 -0.094814 -0.037443 -0.65648 -0.68084 -1.4994 0.38851 -0.87097 -0.30813 -0.70191 0.22754 -1.0529 -1.3664 -0.34262 -2.2121 -0.76813 1.3309 1.0938 1.2433 -0.21957 1.6692 -0.33406 0.71487
0.83315 0.44909 1.404 0.20265 0.43284 -0.50532 -0.93442 0.8916 -2.0215 -0.14652 -1.2393 -1.0246 -0.29931 -0.19012 0.71636 1.3116 -0.91248 -1.0657 -0.19992 -0.054309 0.065285 -0.70543 0.15461 0.065564 -0.5154 -0.35159 0.25138 -0.95095 -1.206 0.12241 -1.1565 -0.38179 1.0753 0.80912 1.27 -0.52008 1.1979 -0.41606 0.58747
0.69005 0.71198 1.7243 -0.011815 -0.2131 -0.41975 -0.72319 0.92653 -2.013 -0.89148 -0.90933 -1.2236 -0.35166 -0.2646 0.37572 0.91551 -0.65273 -0.89416 0.1152 0.51574 0.13945 -0.4011 -0.60455 0.13616 -0.62163 -0.21462 0.078407 -0.69422 -0.84558 0.4631 -0.18099 0.15618 0.51644 0.27156 1.0206 -0.54223 0.44924 -0.1541 0.38999
0.54106 0.78741 1.8459 -0.038735 -0.29304 -0.4594 -1.0988 0.81086 -2.2624 -0.40999 -1.1883 -1.3676 -0.42107 -0.36109 0.31863 0.76433 -0.39684 -0.61684 0.0022656 0.3065 0.10419 -0.076001 -0.44028 0.13861 -0.64947 -0.17092 -0.044959 -0.80689 -0.95035 0.81408 0.65441 0.26029 -0.021001 -0.55306 0.66155 0.13163 -0.13882 -0.14588 0.38699
0.57178 0.83534 2.1504 -0.36664 -0.59977 -0.3095 -0.90405 1.0334 -2.2015 -0.57316 -1.0597 -1.7612 -0.46548 -0.38777 0.14214 0.51167 -0.20482 -0.61006 0.14815 0.029301 -0.12805 0.084766 -0.46158 -0.089201 -0.59463 -0.086052 0.20224 -1.1468 -1.323 0.83503 0.70719 0.35075 0.2673 -0.7417 0.72699 0.75329 0.16399 -0.26389 0.73227
0.53612 0.98034 2.2696 -0.11782 -0.23999 -0.32617 -0.49981 1.4172 -2.0985 -0.83551 -1.3013 -1.1736 -0.47067 -0.22612 -0.69932 -0.32589 0.38076 -0.080705 0.27216 0.16835 -0.86854 0.28553 0.32671 -0.13243 -0.86693 0.28485 0.18857 -1.4938 -1.7732 0.50453 0.5261 0.54741 1.1511 -0.75959 0.99908 0.82339 0.35021 -0.48595 1.1059
0.34424 0.8523 2.183 -0.05857 -0.32423 -0.66458 -0.68031 0.5451 -1.8637 -0.67895 -1.0466 -1.7519 -0.43933 0.043549 -1.2894 -1.0928 0.51531 0.054407 0.64423 1.0399 -0.81689 0.77322 0.53888 0.54235 -1.0736 0.88599 -0.16234 -1.4831 -1.9315 -0.33598 0.084779 0.56926 1.8224 -0.40778 1.4442 0.80034 0.5919 0.012593 1.201
0.39359 0.57618 1.9582 -0.10367 -0.54197 -0.10601 -1.099 0.71573 -1.961 -1.0562 -1.3511 -1.8976 -0.38789 -0.22729 -1.7948 -1.8495 0.17442 -0.039797 0.79957 1.7145 -1.0297 1.4388 0.73112 0.45102 -1.3896 1.3508 -0.57831 -0.90283 -1.4012 -1.3204 -0.35686 0.47689 1.9889 0.31867 1.7905 0.32124 0.54788 1.4354 0.84629
0.47341 -0.53315 1.0375 0.55511 -0.2902 -0.013419 -0.47488 -0.34568 -1.6747 0.21174 -1.1374 -2.5435 0.16893 -0.70947 -2.1193 -2.4459 -0.76109 -0.47027 0.97216 2.2772 -0.82616 2.1915 0.96027 0.71126 -0.37232 1.5617 -0.88379 -0.16649 -0.58341 -1.7351 -0.38615 0.1507 1.2257 0.62449 1.7046 0.0086637 0.20834 2.9347 0.18674
0.73205 -0.71362 0.62344 0.1959 -0.32536 0.52261 0.76155 0.5543 -0.94563 0.19383 -0.029171 -2.6616 0.83863 -0.96818 -1.998 -2.3526 -1.5037 -0.40769 1.0168 2.8454 -0.19799 2.901 0.75103 0.79079 1.4278 1.4828 -0.78546 0.7334 0.41131 -1.5758 -0.13663 -0.13838 -0.38849 0.82641 1.0033 -0.61554 -0.24065 3.5389 -0.51386
0.0052753 -1.1218 0.11388 -0.50292 -0.6374 0.46483 1.3902 0.13078 0.13007 -0.12551 -0.97935 -3.1537 1.0652 -1.2894 -1.5113 -1.9776 -1.9531 -0.40069 0.81169 2.511 0.041349 3.2077 0.51865 0.72829 2.9917 1.1567 -0.34674 1.4143 1.3695 -0.55441 0.49277 -0.43545 -2.0852 0.50805 -0.032643 -0.90679 -0.88327 2.3965 -0.98099
-0.58159 -1.464 -0.56291 -1.2259 -0.90223 0.60685 1.7516 0.32151 1.0362 0.25931 -0.33984 -0.72902 1.1302 -1.4525 -0.72345 -1.3141 -2.2356 -0.29013 0.5953 0.97071 0.21218 2.7974 -0.34695 -0.063659 3.5424 0.61622 0.32338 1.7154 1.8708 0.536 0.69406 -0.71269 -3.0487 0.16895 -1.0404 -0.82596 -0.92936 0.6014 -1.0627
-0.53012 -1.5417 -0.30671 -1.5179 -0.6631 0.68372 2.1082 0.30107 1.884 0.026291 -0.1588 0.29663 1.1105 -1.1426 -0.095878 -0.35978 -1.468 0.32367 0.32233 -0.21193 0.011289 2.1916 -0.39089 -0.6014 3.029 0.20854 1.2291 1.8497 2.0147 1.6088 0.97793 -0.80816 -2.729 0.078181 -1.6831 -0.63162 -0.93949 -1.3421 -1.0349
-0.73824 -1.4886 -0.5111 -1.5678 -0.78423 0.98214 1.5366 0.42473 2.0212 0.059415 -0.41703 1.1156 1.1192 -0.43405 0.5235 0.40434 -0.7553 0.42447 -0.13673 -0.80926 0.18524 1.491 -0.52747 -0.37275 2.481 0.021819 1.867 1.8371 1.6801 2.1135 1.1657 -0.7196 -2.0802 -0.1544 -2.5888 0.18924 -0.65942 -2.5779 -1.0881
-0.89013 -1.3046 -0.55754 -1.7285 -0.47508 0.76415 0.58685 0.039579 1.8846 -0.43413 -1.3395 0.36968 1.157 0.54276 1.348 1.0048 0.32803 0.91815 -0.40562 -1.0877 0.24251 0.75265 -0.72316 -0.96499 0.92755 -0.43068 1.7697 1.3127 0.94955 1.7416 1.0118 -0.63803 -1.3126 -0.32422 -3.0257 0.41573 -0.093613 -2.6557 -0.99939
-0.6025 -0.76965 0.38787 -1.3729 0.048117 0.81986 0.98304 0.59169 2.3589 -0.30489 -1.0845 -0.0047075 1.1854 1.2673 2.0137 1.2042 0.84302 1.4074 -0.45231 -2.0095 -0.17825 -1.2687 0.1817 -1.192 -0.33328 -1.0454 0.98262 0.32213 0.14419 0.82876 0.63523 -0.57828 -0.91783 -0.53751 -2.7771 0.40116 0.5085 -1.8983 -0.58168
-0.61296 -0.62406 0.35955 -1.6294 -0.64504 0.018195 0.91103 0.34725 2.525 -0.63503 -0.92832 0.93426 1.0573 1.3828 1.628 1.0411 1.0055 1.5658 -0.77329 -1.7635 -0.41948 -2.0233 0.084593 -0.41565 -0.6372 -1.0777 -0.19844 -0.79512 -0.67726 -0.35309 0.18534 -0.84588 -0.57287 -0.44942 -1.7327 0.043565 1.3468 -0.7592 0.22247
0.37392 0.35587 0.6378 -0.67936 0.31758 0.29981 0.71677 0.64276 2.1654 -0.60154 -1.6922 0.90728 0.31574 1.0154 0.98242 0.6439 0.45092 1.1952 -1.0904 -1.9717 -0.52042 -2.2553 -0.13136 0.28466 -0.38087 -0.71508 -1.0787 -1.3596 -0.97709 -1.0005 0.19009 -1.1449 0.18148 0.018926 -0.046681 -0.52842 1.7717 -0.17893 1.0123
0.84086 0.99049 0.94771 -0.7352 0.98161 0.49093 -1.1884 -0.261 -1.1584 0.88646 -2.0123 -0.42423 -0.33356 0.27731 0.35333 -0.031288 -0.16776 1.3552 -1.743 -2.0378 -0.44787 -1.9542 -0.50486 0.83805 -0.54384 -0.19424 -1.5878 -1.214 -0.94541 -1.1667 0.024227 -1.3005 0.67437 0.22979 0.92816 -0.39259 1.8977 -0.096652 1.3361
0.18789 -0.16831 0.41615 -0.77837 0.74076 -0.18779 -0.46773 -0.11992 -0.26147 -0.5601 -0.69536 0.10058 0.32757 -0.25635 0.075046 -0.15028 -0.48747 1.8517 -2.2037 -1.5589 -0.09419 -1.381 -0.64261 1.5384 -0.78034 0.35041 -1.3625 -0.59252 -0.60245 -0.4983 -0.020987 -1.021 1.7332 0.44487 1.6827 -0.064121 1.6657 -0.012569 1.1052
-0.13465 -0.29578 0.48175 -1.678 0.49073 -0.86871 -1.4107 -0.18445 -0.02167 -1.033 -0.69023 -0.0082508 0.8164 -1.0322 -0.21935 -0.39177 -0.75699 1.295 -2.7547 -0.84309 -0.14342 -0.73278 -0.4984 2.5566 -0.68261 0.81582 -0.49093 0.34163 -0.077413 0.32684 -0.28173 -0.14865 1.921 0.34768 1.2366 0.85713 0.70221 -0.078708 0.33184
-0.37518 -0.11087 0.3428 -1.6087 1.3857 -1.8523 -0.86199 0.42366 0.64024 -1.0482 0.13883 -0.17302 0.96999 -0.94946 0.14097 -0.34869 -0.22112 1.206 -2.5805 0.30472 0.24423 0.25894 -0.29512 2.5791 -0.398 0.7865 0.26074 0.75125 0.10888 0.99355 -0.64633 0.75255 1.5182 -0.025511 0.31103 1.3899 -0.57116 -0.18259 -0.44037
-0.23173 0.26804 0.44641 -1.5374 1.8677 -2.4228 -0.85775 0.29784 0.18572 -0.96255 0.60152 0.0076636 0.91559 -0.32743 0.9561 -0.098949 0.2941 1.2162 -1.859 0.2141 0.10653 -0.47534 1.0627 1.6217 -0.94631 0.18819 0.77224 0.64005 0.40164 1.0635 -0.86218 1.618 0.57689 -0.28952 -0.53306 1.3056 -1.7828 -0.35078 -0.82829
-0.51517 0.38793 0.26935 -1.1653 1.6477 -2.6118 -0.93398 -0.1654 -0.59686 -0.18826 1.6255 -0.61469 0.8438 -0.12115 0.89635 -0.10662 0.84385 0.81043 -1.2085 0.4316 -0.23767 -0.92493 1.418 0.86515 -1.0558 -0.13928 0.72484 -0.017964 0.55109 0.54146 -1.5543 2.1543 -0.24176 -0.52737 -0.75636 0.43428 -1.9774 -0.11315 -0.75377
-0.30605 0.71436 0.41267 -0.91551 1.9058 -2.4426 -0.48502 0.019187 -0.40992 0.03194 1.3957 -0.74531 0.80766 0.020364 0.60207 0.2382 0.69983 0.045813 -0.31947 0.059411 -0.44597 -1.1193 1.3122 -0.053384 -1.0783 -0.23009 0.66434 -0.60716 0.48496 0.074944 -1.8191 2.4743 -0.51253 -0.29847 -0.051916 -0.73003 -1.9144 0.57799 -0.55746
-0.21805 0.88777 0.31977 -0.95467 1.7149 -2.5388 -0.65283 0.11508 -0.59528 0.52478 0.78533 -1.0795 0.74054 0.25267 0.27486 0.52008 0.57724 -0.8305 0.81101 -0.002751 -0.496 -0.81107 0.44847 -0.42392 -0.60825 -0.37768 0.79928 -0.65382 0.31902 -0.22044 -1.4647 2.3905 -0.86133 0.0037396 0.15475 -0.9636 -1.8398 1.0705 -0.5742
-0.42298 0.66722 0.32676 -0.91189 1.5888 -2.7828 -0.8611 -0.30194 -0.9835 0.3656 0.38555 -1.1765 0.73917 0.74587 0.11141 0.49835 0.54569 -1.0344 1.913 -0.40029 -0.3256 -0.61967 0.012204 -1.4532 -0.14238 -0.70903 0.80043 -0.51863 -0.10178 -0.18529 -0.75969 1.6133 -0.73286 0.20355 0.092439 -0.82655 -1.4662 1.2511 -0.59515
-0.30912 0.65154 0.88382 -0.93006 1.6084 -2.2726 -0.83367 -0.043429 -0.98808 0.39989 0.39735 -1.2944 0.6808 1.0346 -0.10183 0.35602 0.48016 -1.119 2.2946 -0.74563 -0.25819 -0.8794 0.050596 -2.0113 0.4331 -0.94666 0.57726 -0.27651 -0.42256 -0.17288 -0.0074703 0.51157 -0.49419 0.35714 -0.062458 -0.25789 -1.0152 1.066 -0.41874
0.11124 0.65562 1.0827 -0.73688 0.60188 -0.95581 -0.79528 -0.53572 -1.0984 -0.58979 0.8101 -0.58154 0.32136 1.1501 -0.19788 0.10668 0.37413 -1.083 2.051 -0.76425 -0.12788 -0.90518 -0.22332 -2.1187 0.69867 -1.0305 0.031175 -0.13896 -0.66334 -0.22392 0.33844 -0.742 -0.021061 0.17331 0.0091316 -0.0654 -0.24866 0.44513 -0.034513
0.53553 0.72998 0.61037 -0.3874 0.81578 0.047906 -1.4036 -0.30958 -1.3263 0.28779 -0.97229 -0.96651 -0.17654 1.1441 -0.10171 -0.11225 0.31227 -0.80256 1.7179 -0.62208 0.14756 -0.77524 0.0056745 -2.0843 0.91962 -0.98112 -0.52434 0.016983 -0.62195 -0.22623 0.76233 -1.6423 0.45299 0.055708 0.3144 -0.1413 0.46156 -0.28007 0.3817
0.81388 0.62556 0.6704 -0.55761 0.95692 -0.28858 -1.3866 -0.071095 -1.7692 0.60368 -1.8683 -0.25633 -0.26421 0.7393 -0.1602 -0.55703 0.18228 -0.60188 0.7464 -0.48273 -0.15162 -0.64609 -0.12851 -1.9382 0.39139 -0.75741 -0.91845 0.052538 -0.16381 -0.2199 0.78407 -1.7745 0.83272 -0.17478 0.59125 -0.38569 1.1857 -0.36422 0.69233
0.67697 0.50147 0.40828 -0.75662 0.58297 -0.96526 -1.5274 -0.17785 -1.8998 -0.038823 -1.7764 -0.54265 -0.28896 0.22477 -0.097817 -0.52233 0.12436 -0.049318 -0.25385 -0.1249 -0.10332 -0.41796 -0.31667 -1.2596 -0.0044682 -0.3921 -1.2532 -0.17149 0.42902 -0.022372 0.69568 -1.3384 1.0072 -0.60997 1.1708 -0.54954 1.8421 -0.19876 0.975
0.67603 0.57968 0.58886 -0.57676 0.8028 -0.51975 -1.3515 -0.12242 -1.8102 0.26738 -1.7208 -0.11295 -0.30809 -0.15994 -0.10985 -0.020687 0.028337 -0.11247 -0.42032 0.37521 -0.31778 0.01988 -0.88653 -0.2989 0.41075 -0.069153 -1.2304 -0.28089 0.87803 0.062594 0.24684 -0.50734 1.0304 -0.71089 1.7795 -0.43336 2.1514 0.035977 1.1505
0.55435 0.46497 0.23717 -0.62303 0.5344 -0.77258 -1.3119 -0.63135 -1.6992 -0.31888 -1.7876 -1.0635 -0.31981 -0.81679 -0.45984 0.42305 0.32334 0.14983 -0.31023 0.62487 -0.95012 1.0687 -0.77795 0.58838 0.47215 0.44456 -0.97946 -0.34227 0.68665 -0.18187 -0.57914 0.10334 0.61007 -0.782 1.8734 -0.097509 1.9087 -0.39175 1.1395
0.53751 0.65768 0.38183 -0.38065 0.74182 -0.83914 -1.0917 -0.48972 -1.7161 -0.69869 -1.4046 -0.62086 -0.32201 -1.1067 -0.51867 0.63404 0.1777 -0.26614 -0.22539 0.85659 -1.1097 1.9149 -0.82065 1.224 0.15816 0.91314 -0.4475 -0.1907 0.24506 -0.5682 -0.91647 0.42388 -0.037006 -0.3806 1.4152 0.48062 1.242 -0.78294 0.92061
0.48489 0.50701 0.84259 -0.51951 0.77137 -0.48292 -0.96382 -0.43288 -1.3551 -0.49437 -1.961 0.17097 -0.25871 -1.1883 -0.54876 0.44738 -0.31809 -0.93906 -0.16709 0.65509 -1.2302 2.1126 -0.57907 1.5993 -0.68009 1.1856 0.28622 0.073449 -0.25585 -0.94898 -1.1115 0.61545 -0.61108 0.21552 0.28271 0.71665 0.49494 -0.78305 0.43119
-0.42928 -0.31048 1.2816 -0.25182 1.0837 -1.1216 -0.67556 -1.417 0.19368 -0.30129 -0.66285 0.27297 0.57955 -0.84232 -0.43461 0.41814 -0.74989 -1.1071 0.3139 0.31312 -0.90235 2.1275 -0.021952 1.5359 -0.55311 1.2313 0.83035 0.25099 -0.61889 -0.74245 -0.81683 0.71225 -0.93732 0.55304 -0.98435 0.82149 -0.060296 -0.38211 -0.15987
-0.48428 0.058124 0.98002 -0.72479 -0.14275 -1.1122 -0.4889 -1.293 0.84958 -1.2157 0.10428 -0.96327 0.86147 -0.41259 -0.37242 0.02225 -1.0325 -1.2998 0.5974 -0.097568 -0.59296 1.4947 0.27397 1.3384 -0.71241 1.0666 1.1592 0.42659 -0.64993 -0.25274 -0.45872 0.66651 -0.74983 0.80443 -2.0725 0.66637 -0.69216 0.29494 -0.74937
-0.37244 0.091318 0.67197 -1.1073 -0.43787 -0.53654 -0.80919 -1.4911 0.48459 -0.40759 0.09038 -1.7982 0.8916 0.083426 -0.14221 -0.35773 -0.89383 -1.4558 0.75735 -0.29954 -0.29629 0.40964 0.42055 1.1945 -0.60942 0.6791 0.90033 0.32873 -0.37993 0.32281 -0.0057224 0.20536 -0.21701 0.61897 -2.4866 0.35095 -1.033 0.75834 -1.0033
0.022276 0.13576 0.82024 -1.3558 -0.23199 -0.15917 -1.066 -1.2335 0.76171 -0.31959 -0.28662 -0.98339 0.87352 0.55633 0.10117 -0.42849 -0.74802 -1.5269 0.88746 -0.26168 0.09865 -0.85779 0.54718 0.39703 -0.15827 0.096348 0.3834 0.22268 0.12323 0.73355 0.50565 -0.2786 0.48878 0.38707 -1.7482 0.035738 -0.91452 1.042 -0.8853
0.11208 0.0379 0.66487 -1.3014 -0.25994 -0.088963 -1.1517 -0.95692 0.060678 -0.24613 -0.0023596 -0.54189 0.87754 0.38518 -0.060021 -0.10298 -0.30473 -0.98692 0.55093 0.051207 0.014931 -1.2925 0.53777 -0.020613 0.53779 -0.11056 -0.040548 0.09766 0.46494 0.90984 0.73337 -0.56243 0.85013 0.066516 -0.69709 -0.13551 -0.49831 0.84038 -0.60857
0.10234 -0.028886 0.645 -1.1384 -0.74027 -0.0145 -1.003 -1.2761 -0.31503 -0.0085575 0.19505 -0.46735 0.85003 0.15894 -0.0023427 0.11244 0.037732 -0.65966 0.14418 0.54762 0.053377 -0.88301 0.26098 0.14611 0.61722 -0.15103 0.0022032 0.15019 0.37498 1.0606 0.73669 -0.65636 0.71326 -0.2659 0.41993 -0.48998 -0.079635 0.92116 -0.4435
-0.012734 -0.030793 0.70991 -1.1937 -1.1327 -0.27304 -0.6971 -1.4455 -0.72646 -0.090072 0.091886 -0.82042 0.77992 0.19298 0.084703 0.24409 0.41172 -0.62835 0.022171 0.71259 -0.10915 -0.85997 0.25575 0.31913 0.52558 -0.30654 0.062415 0.39575 0.12622 1.154 0.51365 -0.37886 0.26989 -0.34312 1.08 -0.67653 0.016643 0.95681 -0.53748
-0.079111 0.079299 0.8385 -1.2724 -1.1678 -0.26616 -0.48012 -1.292 -0.76853 -0.47972 -0.15367 -0.82857 0.73296 0.64513 0.30313 0.097888 0.8775 -0.43954 -0.1371 0.59858 -0.33584 -0.2876 -0.35149 0.030115 1.523 -0.61487 -0.26191 0.20221 -0.31602 1.1787 0.87352 0.036807 -0.0038719 -0.17495 1.432 -0.38355 -0.3514 0.77255 -0.49923
0.015209 0.15089 0.88225 -1.1524 -0.63674 -0.13112 -0.32191 -1.206 -0.12564 0.15528 0.22552 -0.70139 0.72904 0.25004 0.52514 0.12759 1.4359 -0.20884 -0.059259 0.48513 -0.44055 0.41862 -0.58079 0.025174 1.8273 -0.85872 -0.92269 -0.26863 -0.77347 0.9255 1.1991 0.26683 0.13221 0.058681 1.5041 -0.17021 -0.56943 0.60001 -0.16181
0.48495 0.19566 1.1002 -0.73174 -0.89989 -0.013574 -0.45672 -1.2577 -0.80551 0.067733 0.29775 0.17909 0.42296 -0.38247 0.14997 -0.45335 1.733 0.62951 0.2401 0.66904 -0.09659 1.1385 -0.14071 -0.4257 1.3611 -0.78547 -1.5513 -0.73423 -0.85529 0.32636 0.74632 0.30158 0.41891 0.0088849 1.0826 0.099309 -0.080744 0.0049866 0.32105
0.97114 0.43119 0.51363 -0.12001 -1.0666 -0.41544 -0.51656 -1.6335 -0.4088 -1.0726 -0.1048 1.7897 -0.003735 -1.071 -0.35507 -0.9808 1.712 0.88861 0.33482 0.90958 -0.07986 1.2213 -0.22919 -0.59033 1.6758 -0.5183 -1.5104 -0.88169 -0.66447 -0.17787 0.45242 0.45141 0.78723 0.022179 0.68185 0.15227 0.47578 -0.67348 0.66147
-0.30481 0.66725 0.9551 0.37607 -1.2379 -0.12975 -0.21819 -1.9263 0.4272 -0.67981 0.17585 0.82846 -0.17721 -1.6755 -0.65209 -1.0052 1.3336 0.29478 0.23449 1.0916 -0.46629 1.3247 -0.35044 0.13869 1.5454 -0.20423 -1.0254 -0.63561 -0.057094 -0.77514 0.12737 0.87936 1.0351 0.36077 0.19959 0.45897 0.98327 -1.2809 0.70078
-0.84345 -0.21573 -0.089853 0.27609 0.086744 0.19152 0.44884 -1.0541 1.0801 0.17246 -0.96834 -0.25616 0.11916 -2.0063 -0.74753 -0.88814 1.2754 0.74275 0.80272 1.5868 -0.17937 1.597 -0.18973 0.61224 0.40175 0.05044 0.13041 -0.16191 0.2378 -1.085 -0.069614 0.86087 0.58263 0.64322 -0.11726 0.37784 0.59915 -1.5702 0.48732
-1.1027 -0.53248 -0.31905 0.28341 -0.077262 0.20383 0.63039 -1.3158 0.70636 -0.69577 -0.61494 1.7463 0.34281 -1.8893 -0.86293 -0.62761 0.46072 0.93497 1.6952 2.0524 0.7028 1.329 0.75888 0.81656 -0.48129 0.20142 1.0879 0.53296 0.56456 -1.0346 -0.25272 0.47779 -0.34969 0.70209 -0.54392 -0.36799 -0.061644 -0.96319 0.025892
-1.2313 -0.43484 0.1289 0.27622 -1.0966 -0.028652 0.67458 -2.1688 1.2849 -0.44243 1.3614 1.7799 0.35014 -0.72599 -0.56452 -0.73252 0.071299 0.46672 1.2576 1.4046 0.64691 1.0107 -0.031997 0.17684 -0.33614 0.16201 1.3481 1.0385 0.57515 -0.91062 -0.56829 -0.377 -1.3094 0.23394 -1.0056 -0.9001 -0.78603 -0.80416 -0.40484
-1.2656 -0.30276 0.10465 1.1741 -0.049044 1.1808 1.432 -1.4205 1.48 -0.72337 0.82206 0.58367 0.11326 -0.24455 0.25334 -0.019853 -0.046097 0.020225 0.91736 0.61985 0.54895 0.61928 -1.2171 0.19388 0.034284 -0.21581 1.1125 1.4017 0.26495 -0.51162 -0.45015 -1.2568 -2.0083 -0.55939 -1.2812 -0.79972 -1.0593 -0.56423 -0.63347
-1.5405 -0.55315 -0.17062 0.10944 0.072563 2.0968 2.1412 -0.40186 1.7453 0.64669 0.35684 0.32573 0.11622 -0.2596 0.64572 -0.10857 -0.2182 0.25196 0.44441 0.15669 0.39498 0.098299 -1.088 -0.62963 -1.436 -0.47987 0.54714 1.5918 0.072932 -0.11786 -0.0023306 -1.4589 -1.9391 -0.90673 -1.2737 0.28991 -0.27183 -0.24921 -0.79919
-1.0454 -0.29788 -0.51128 0.29331 -0.479 0.72943 1.0125 -1.2248 1.9569 -1.0536 -0.86661 0.15122 0.2159 -0.0044258 1.1688 -0.45049 -0.3864 0.2947 -0.35151 -0.62312 -0.25139 -0.57864 -0.39219 -0.85805 -1.0587 -0.63223 0.50187 1.2823 -0.077924 0.52714 0.22789 -1.1939 -1.3999 -0.47017 -1.2501 0.97412 0.72851 0.52469 -0.9585
-1.2014 0.17231 0.12254 0.22962 -0.018569 0.92073 0.86921 -0.77033 1.4716 -2.3446 -0.10979 1.3083 -0.13194 0.18981 1.9735 -0.39601 -0.0051759 0.34188 -0.95305 -1.1592 -0.7238 -0.74033 0.12586 0.13679 -0.32265 -1.0857 0.39802 0.66232 0.12327 0.93965 0.070581 -0.016361 -0.40535 0.81689 -1.0487 1.1381 1.1228 1.0159 -1.0639
-1.645 0.34266 -0.29482 0.22161 -0.25081 0.58252 0.94152 -1.644 0.6671 -1.4568 -0.45196 -0.53032 -0.29273 0.47994 2.0011 -0.043978 0.82151 0.37841 -0.7153 -1.0179 0.2056 -1.2678 0.15871 1.1651 0.40473 -1.6584 0.20369 -0.46949 0.15925 1.1392 -0.36399 1.0241 0.54265 2.0141 -0.63519 1.1747 0.49173 0.55099 -0.82138
-1.0969 1.2098 -0.54194 0.20028 -0.45884 0.06344 0.27367 -2.3366 0.68812 0.26997 0.5039 0.16609 -0.51289 0.24862 1.4707 -0.094174 0.9327 0.34625 0.5784 -0.30064 1.8231 -1.4904 0.95777 0.47028 -0.31388 -1.904 -0.010911 -1.5427 0.15344 0.60067 -0.30691 1.3166 0.96313 2.1639 -0.11315 0.70351 -0.52353 0.65263 -0.084073
-1.0293 2.2176 -0.45517 1.1112 0.78047 0.70759 0.54999 -1.241 1.0326 -0.094817 0.82134 0.26565 -1.3883 0.34456 0.5247 -0.31482 1.2772 -0.30891 0.85238 -0.14296 2.5126 -1.3712 1.5887 -0.12491 -0.086285 -1.7193 -0.35147 -2.1742 0.053482 -0.37589 -0.033405 0.29367 0.88452 0.66596 0.68163 -0.47581 -1.1096 0.49381 1.2066
-0.74966 1.3878 -0.048289 0.94558 -0.0083005 0.98537 0.76057 0.47539 -0.10817 -0.55655 1.431 1.3398 -1.8819 0.22509 -0.20984 0.014869 0.88025 0.18101 0.79998 0.0065367 2.4581 -0.88947 0.83504 -0.26744 1.0914 -1.211 -0.28737 -2.085 0.0058985 -1.1071 0.35263 -1.0045 0.41814 -1.4237 1.3322 -1.7218 -0.44257 0.31007 2.3702
-1.1175 1.181 -0.50173 1.0791 -0.27104 1.7684 0.66444 0.92975 -0.32722 -0.82406 -1.3795 -0.7703 -1.9202 -0.19264 -1.2723 -0.01457 0.11275 0.42069 -0.2728 0.302 1.2447 -0.29723 -0.79035 -0.64047 0.57099 0.18587 -0.093848 -1.1818 0.28981 -1.7742 0.65212 -1.501 0.025729 -2.7206 1.598 -1.5584 0.4611 -0.092263 2.7768
-1.0678 0.59611 -0.48397 1.5517 -0.68584 1.4836 0.63436 0.8787 -0.55592 0.62273 -0.11685 0.86776 -1.9026 -0.044416 -1.5762 -0.25154 -0.60396 0.59631 -0.82303 0.18088 -0.34173 0.44843 -1.4353 -0.16575 -0.12031 1.45 0.55013 -0.3443 0.7209 -1.9804 -0.029066 -1.5921 -0.55288 -2.704 1.1756 -0.32712 1.1841 -0.3203 2.3927
-1.2416 0.68574 -0.26713 0.8023 0.53489 0.84021 0.68419 -0.30253 0.042917 0.1858 0.078568 1.3418 -1.521 0.28814 -1.0325 0.35512 -1.3621 0.6066 -1.2629 -0.1736 -1.4654 0.92798 -0.52139 0.66531 0.28269 1.9959 1.0922 0.49685 1.2534 -1.7488 -0.74416 -0.85707 -1.0179 -1.4307 0.37029 0.84367 0.89118 -0.38219 1.2541
-1.182 -0.019152 -0.52757 0.37732 0.61305 -0.73555 0.79807 -0.96966 0.88002 -1.8652 0.1115 0.62671 -0.05694 1.0263 -0.98892 1.1927 -2.154 0.05508 -1.8085 -0.6538 -1.5318 0.68376 -0.0029003 1.3087 0.56841 2.2314 1.0705 0.70158 1.3982 -1.0341 -1.6874 -0.034192 -0.98371 0.28773 -0.63586 1.4325 -0.061014 -0.5177 0.055091
-0.77476 0.20517 -0.67269 0.54354 1.0719 0.54135 0.86452 -0.46152 1.2571 -2.3797 0.81255 -0.23598 0.05938 1.3513 -0.63714 1.6463 -2.4456 -0.55535 -1.4582 -0.94603 -0.97304 0.27961 0.20697 0.28906 -0.55725 2.0724 0.58182 0.61804 0.80396 -0.166 -1.8839 0.80796 -0.72557 1.133 -1.2976 1.492 -1.0581 -0.85981 -0.87461
-0.43708 0.20388 0.78196 -0.62667 -0.34516 0.058124 0.25828 -0.50335 0.40787 0.28264 1.2436 1.5451 0.032853 1.4617 -0.45857 1.7633 -2.043 -1.6703 -0.80782 -1.0419 0.016484 -0.3962 1.1296 -0.13893 -0.73989 1.509 -0.23362 0.55652 -0.14777 0.5346 -1.2322 0.94203 -0.2938 0.76313 -1.2056 0.96445 -1.4826 -0.83494 -1.2429
0.092349 -0.35069 1.0937 -1.0422 -0.60262 -0.73596 -0.35401 -0.73214 0.14459 0.24812 0.17572 0.31995 0.56643 1.1727 -0.14012 1.5917 -1.7553 -1.7117 -0.21261 -1.1626 0.045835 -0.9264 1.9643 -0.68632 -0.74816 0.76403 -0.72842 0.39658 -1.0947 1.1677 0.17237 0.84703 0.28004 0.16438 -0.52625 -0.12242 -0.82842 -0.36209 -1.1371
0.14544 -0.044492 1.3442 -1.0368 -0.54835 -0.59809 -0.24711 -0.66801 0.17265 0.26739 -0.0023661 0.1522 0.67299 0.65688 -0.19602 0.91837 -1.5109 -1.4417 -0.62072 -1.0162 -0.49146 -0.93725 1.0813 -1.094 -0.97421 0.62289 -0.93176 0.29409 -1.5938 1.3708 1.1663 0.67277 0.62097 -0.35039 0.10748 -1.0179 -0.15359 0.10841 -0.85765
0.12709 -0.015907 1.2919 -1.1985 -0.92637 -0.41877 -0.14504 -0.39351 0.052638 0.1008 0.020863 0.04037 0.73467 0.34781 -0.028946 -0.047181 -0.52516 -0.36072 0.074545 -0.48276 -0.35996 -0.41571 -0.049788 -0.86798 -1.186 0.44522 -0.65466 0.08159 -1.4411 1.3893 1.1537 0.48062 0.83002 -0.29441 0.42923 -1.1619 0.54001 0.66119 -0.55781
0.062996 -0.062597 1.0426 -1.3103 -0.84971 -0.30326 -0.51752 -0.88984 -0.22588 0.33697 -0.44561 -0.54113 0.7546 0.078969 0.031824 -0.48959 -0.087292 -0.34987 0.33703 -0.34319 -0.44516 -0.44375 0.007167 -0.38712 -0.3792 0.10625 -0.33197 0.088237 -0.85588 1.1923 0.71106 0.39287 0.83031 -0.21936 0.40336 -0.66405 0.89172 1.0193 -0.50578
0.024157 -0.11302 0.86671 -1.521 -0.89757 -0.54985 -0.57218 -1.1682 -0.30067 -0.2488 -0.36966 -0.6229 0.72519 0.1969 -0.10922 -0.48401 0.13875 -0.28315 0.22434 -0.11554 -0.53054 -0.36949 0.074604 -0.04721 0.13901 0.0053133 -0.178 0.42296 -0.035445 0.84299 0.268 -0.058267 0.74667 -0.62321 -0.014134 -0.15448 1.1706 1.2618 -0.60661
0.24257 -0.0021501 0.96588 -1.1219 -0.66479 -0.027968 -0.3965 -0.76458 -0.037612 0.48901 -0.12833 0.13744 0.76037 0.085331 0.0014869 -0.52163 0.39017 -0.25728 0.050048 0.18427 -0.81016 -0.20461 -0.37992 0.16337 0.22354 -0.079604 -0.26842 0.76421 0.39284 1.1965 0.97759 0.18519 0.75327 -0.024989 -0.22813 -0.075435 0.39613 0.5883 -0.89718
0.20136 -0.2799 0.57335 -1.0432 -1.1333 -0.42165 -0.74236 -1.1816 -0.53371 0.22697 -0.4794 -0.20657 0.71847 -0.0076328 0.7755 -0.11762 0.80801 0.064207 0.088873 0.49957 -1.3845 -0.5527 -0.20331 1.06 0.83037 -0.56761 -0.68859 0.5689 0.33927 1.0431 1.4946 0.28453 0.86668 0.72192 -0.16021 0.031718 -0.54533 -0.25611 -0.95559
0.38049 -0.10111 0.94526 -0.9861 -0.95982 -0.2581 -0.095404 -1.1029 -0.27372 0.275 0.072903 0.30295 0.69443 -0.34411 1.023 0.061362 1.819 1.152 0.7477 0.60621 -0.035629 -0.76588 -0.037766 -0.22439 0.32227 -1.2414 -0.69472 -0.10997 0.14435 0.25726 1.638 0.049888 0.90341 1.0597 0.2908 0.41125 -1.2286 -0.68193 -0.48184
0.0068727 0.072007 0.47909 -0.93169 -1.2191 -0.40337 -0.017295 -1.6453 -0.25326 -0.76605 0.0033653 -0.29062 0.62589 -0.91806 0.44483 -0.14401 1.375 1.5652 0.41109 1.1176 0.55 -0.37681 -0.059156 -0.94443 -0.45636 -1.1541 -0.40671 -1.1154 -0.52453 -0.70094 0.72644 -0.46127 0.47668 0.83624 0.98612 0.18885 -1.5684 -1.4044 0.46685
0.017487 1.3854 1.1053 -0.39962 -0.44728 -0.15987 -0.04791 -2.8427 -1.3523 0.35015 1.4211 0.68829 -0.24906 -0.80086 -0.049997 -0.25041 0.57002 1.7886 -0.030498 1.3799 0.362 0.25473 0.36883 -1.2373 -0.4825 -0.66528 0.40388 -1.5821 -0.82764 -1.3865 -0.62933 -0.83805 0.076092 0.077696 1.4944 0.016246 -0.79006 -1.2874 1.3509
-0.35682 0.87273 0.94495 1.0186 0.88414 0.98756 0.092338 0.30224 -1.1554 0.096664 -2.0897 -0.40686 -0.9616 -0.56934 -0.80299 -0.98528 0.0823 0.9952 -0.43267 0.91328 0.1118 0.77196 -0.04491 -1.4888 -1.4797 -0.0097167 1.2275 -1.4553 -0.92834 -1.1277 -1.6937 -0.66158 -0.50493 -0.22983 1.57 -0.38367 -0.32301 -0.91882 1.6261
-0.85772 -0.3821 0.41169 -0.38437 0.40447 -0.20432 1.1226 -0.23867 -0.054081 0.43073 -1.5488 -0.75933 -0.027432 0.24315 -1.3491 -1.1223 -0.18234 0.38528 -0.47171 0.84798 0.3702 1.4359 -0.039513 -1.5131 -1.6577 0.63974 1.5672 -0.66992 -0.62526 -0.6191 -2.3251 -0.39338 -1.0376 -0.73709 0.78166 -0.47611 0.46132 -0.27162 1.1837
-0.24164 -0.45476 0.31711 -1.148 0.21253 -0.99077 0.98935 -1.7943 0.20537 0.55537 -1.3628 -0.4104 0.44874 0.89818 -1.6622 -1.5053 -0.40674 -0.59137 -0.66738 0.56451 0.1211 1.9488 -0.67518 -1.4708 -1.6651 1.147 1.4096 0.73176 0.25923 0.41483 -1.737 0.16831 -1.3978 -0.49183 -0.62553 -0.015732 0.44528 0.41316 -0.052324
-0.14941 -0.7462 -0.57807 -0.72529 -0.56081 -0.70953 0.55409 -1.6881 0.69892 -0.72495 -1.2189 -1.9516 0.72224 1.4539 -0.89431 -1.2069 -0.38074 -1.348 -0.69214 -0.14354 -1.0762 1.1226 -0.32707 -0.40483 -0.96506 0.90571 0.51104 1.9254 1.0052 1.2352 -0.5895 0.48609 -1.7381 0.22809 -1.9294 0.58549 0.3046 0.77429 -1.3366
0.50455 -0.73068 -0.31406 -0.31819 -0.29614 -0.31185 0.87144 -1.0894 1.0827 -0.28377 -1.7228 -1.6795 0.74377 1.5122 0.34184 -0.46482 0.94306 -1.0698 -0.012245 -0.88323 -0.11082 -0.22109 0.038228 -1.2323 -1.1093 -0.2407 -0.29843 2.4487 1.6095 1.2678 0.84113 0.48023 -1.4545 0.8075 -2.498 1.3291 0.37391 1.072 -2.0057
0.77041 -0.71007 -0.5828 -0.10008 -0.33881 -0.44305 0.68308 -1.2324 1.1785 -0.34001 -2.088 -1.2297 0.57741 0.90289 1.2744 0.26484 1.4569 -0.35966 0.12716 -1.2819 0.97196 -1.0435 0.78431 -1.0918 -0.53754 -1.0995 -1.0187 1.9245 1.5706 0.71618 1.4475 0.077371 -0.97947 1.0864 -1.8854 1.3067 0.51018 0.77166 -1.6765
0.83825 -0.58281 -0.46826 -0.10887 -0.7088 -0.44597 0.16629 -1.1249 0.20523 0.24435 -2.5168 -1.5241 0.28507 0.59091 1.867 0.82399 1.0503 0.35839 -0.16197 -1.252 0.73502 -1.5856 1.4848 -0.45365 0.080916 -1.5 -1.0345 1.0014 0.92184 -0.12389 1.105 -0.26426 -0.21625 0.46495 -0.77031 1.0963 1.2427 0.35681 -0.71799
0.74618 0.37138 0.06999 0.2916 -0.85082 -0.6902 -0.0082601 -1.0353 -0.6652 0.58078 -3.1412 -2.3813 -0.33171 -0.046925 1.967 1.1395 0.89757 0.41096 -0.48341 -1.5611 0.69341 -1.678 1.619 0.14115 -0.16709 -1.5156 -0.82137 0.018296 0.36534 -0.056346 0.73965 -0.022494 0.50319 -0.047394 0.37759 -0.3687 1.4377 0.42812 0.10682
0.62153 1.2767 0.4655 0.55034 -0.071507 -0.71957 -0.78006 -0.55853 -0.83503 1.044 -2.1718 -1.2295 -0.81281 -0.0047403 1.8768 0.84557 0.96469 0.43676 -0.23556 -1.0863 0.98527 -1.3217 1.8559 0.49286 -0.68415 -1.3409 -0.85381 -1.0876 -0.45146 0.16504 0.78215 0.72997 1.1027 -0.13381 1.117 -2.0821 1.4613 1.0531 0.70183
0.80991 1.2534 0.28334 0.32356 0.038864 -0.68262 -0.43814 -0.85511 -0.83071 0.99279 -1.578 -1.7641 -0.8261 -0.38313 1.2949 0.9355 1.3695 0.87288 0.10417 -0.52043 0.78482 -0.46744 -0.19055 1.1508 0.58993 -0.98764 -1.0085 -1.7795 -1.1683 -0.10374 0.91982 1.135 1.7356 -0.33982 1.3073 -3.0628 1.1858 1.7075 0.92828
0.47111 1.2369 0.99952 0.67987 -0.094215 -1.0182 -0.96524 -0.34844 -0.85497 1.7344 -1.933 -1.7819 -0.87383 -0.88695 0.14058 0.042437 1.1031 1.4713 0.94358 0.061068 0.45546 -0.11354 -1.9368 1.8028 1.6266 -0.49076 -1.5199 -1.928 -1.3313 -0.67055 0.6564 0.78874 1.6736 -0.72688 1.4259 -2.6185 1.0728 2.2459 0.93372
0.98789 1.5005 0.0075658 0.97717 -0.33606 -0.5356 -0.43421 -0.12816 -0.90761 2.1674 -2.0119 -2.5916 -1.0677 -1.5479 -0.53356 -0.71589 0.60847 1.4712 1.1118 0.7429 0.3148 0.14771 -2.8356 1.7186 1.8362 -0.25578 -1.5535 -1.6828 -1.2649 -1.5346 -0.42223 0.20917 1.8213 -0.74208 1.266 -0.81402 0.66707 1.623 0.81613
0.06357 1.2439 1.2074 1.6892 0.38964 -0.25517 -0.44858 -0.46164 -0.61433 -1.4215 -0.97535 -0.14358 -1.1054 -2.3434 -0.85794 -0.89799 0.052556 1.268 0.77394 1.0575 -0.19295 1.0201 -2.2553 2.2244 2.8672 -0.012079 -1.0437 -0.97829 -0.49744 -2.0083 -1.5185 -0.69814 1.3407 -0.52497 1.3846 1.3626 -0.079784 0.44959 0.74442
-0.48051 0.59273 -0.22913 1.1623 1.3956 0.79069 -0.10766 -0.56923 -1.0039 -1.9719 -0.045536 0.16671 -0.99979 -2.6402 -1.392 -1.0363 -1.0331 0.27424 0.57843 2.0005 -0.33444 1.3191 -1.7399 2.1765 2.9689 0.25399 0.21037 -0.2116 -0.15275 -2.0618 -2.1069 -1.1828 0.44929 -0.37464 1.1336 3.087 -1.0852 -1.1981 0.72406
-1.0704 0.66258 -0.60931 0.66614 1.2914 0.21303 0.2207 -0.17969 -0.44807 -1.4964 0.058575 0.32557 -1.1106 -2.3503 -1.2863 -0.76897 -1.9006 -0.49113 -0.15971 1.6584 -0.23164 1.8736 0.30024 1.3765 1.8457 0.60495 1.3288 0.45822 0.45319 -1.1204 -2.1516 -1.3593 -0.47813 -0.1979 0.33441 2.7098 -2.0642 -2.4089 0.5257
-1.7437 0.24471 -0.26074 0.34237 0.62882 -0.43856 0.64176 -1.16 1.1815 0.096576 1.0767 1.2293 -0.7119 -1.1532 -0.72807 -1.0916 -2.3407 -1.2087 -0.73124 1.1978 -0.37863 1.8291 2.2312 0.014936 0.023714 0.74928 1.675 0.74947 0.51729 0.36617 -1.0163 -0.93993 -1.3016 0.18107 -0.5182 1.2803 -1.9423 -2.3254 0.16163
-1.9164 -0.48319 -0.17627 -0.32044 -0.5992 -0.11517 1.8308 -0.33667 0.59947 -0.27861 0.20016 1.0225 -0.61742 -0.5547 -0.33407 -0.020581 -1.4378 -1.6259 -1.2233 0.68399 -0.53216 1.3931 1.3252 -0.70189 -0.26784 0.69321 1.386 0.72642 0.1163 1.2443 0.37305 0.16885 -1.2725 0.81599 -1.1801 -0.98371 -1.0762 -1.3261 -0.33755
-1.3537 0.22609 -0.50816 -0.64116 -0.25474 -0.54207 0.8954 -0.42031 1.6649 1.3012 -0.31984 -0.31701 -0.32056 -0.34314 -0.46242 -0.43796 -0.59509 -0.8669 -0.72862 0.35425 0.20812 0.60845 0.36253 -0.55725 -0.42441 0.50085 0.51111 0.47991 0.0089745 1.5768 1.7133 1.1166 -1.11 1.216 -1.3776 -2.2643 0.41922 0.42952 -0.65619
-1.0745 0.43307 -0.81686 -0.75526 0.09365 -0.70029 0.58693 -1.1665 1.2705 0.36504 -0.86111 -0.056859 -0.27594 -0.11359 -0.056933 -0.8915 -0.44193 -0.01251 0.15022 -0.0053435 1.1299 0.30725 -0.82438 -0.44764 -0.49495 0.11259 0.24981 0.072123 -0.024289 0.76507 1.6833 1.3208 -0.65793 1.2749 -1.3124 -1.4388 1.5669 1.6404 -0.56971
-1.5697 0.094492 -0.025291 -0.011051 -0.23128 -0.97331 0.84716 -1.0792 0.7531 -1.0177 -0.49997 0.38803 -0.34803 -0.40693 0.030154 -0.65749 0.12213 0.90883 0.73116 -0.27485 1.2407 -0.17041 -1.3965 0.64849 0.88484 -0.15631 0.47035 -0.048964 0.76665 -0.25044 0.48856 0.44562 -0.59768 0.62057 -0.71945 -0.064242 1.9994 1.9306 0.011898
-2.0612 -0.45414 -1.3682 0.02292 0.1757 -0.67331 1.1675 0.39179 0.96892 -0.26062 0.23541 0.40412 -0.49916 -0.056134 -0.45341 0.024106 -0.37197 0.35956 0.59178 -0.072935 1.5189 -0.63918 -0.79375 1.6592 2.1097 -0.016883 0.93358 0.067353 1.3649 -0.88702 -0.51427 -0.73602 -0.86551 -0.21982 -0.19359 0.86225 1.4876 1.2039 0.7684
-1.7704 0.16021 -1.3102 -0.86137 0.066554 0.36186 1.0992 0.50406 1.9383 -0.76425 0.11635 0.43246 -0.56224 0.517 -0.36582 0.5546 -1.1276 -0.20737 -0.10146 -0.58402 1.2799 -0.24197 0.18644 2.1836 1.8529 0.58435 1.281 0.61221 1.7351 -1.0029 -1.1803 -1.6957 -1.033 -0.75848 0.075003 0.48286 0.073936 -0.34207 1.1634
-2.0147 -0.080189 -0.69324 -0.24403 0.65305 0.6964 0.99844 0.64774 0.17672 -1.4377 0.85846 1.9772 -0.6809 1.2001 0.259 1.0991 -1.5194 -0.31089 -0.87689 -1.2647 0.70537 -0.0067411 0.136 1.5966 1.2296 1.1364 0.9383 0.9974 1.391 -0.054524 -0.56672 -2.0244 -1.0131 -0.86287 0.05292 -0.56665 -1.1336 -1.6944 0.95464
-0.75525 -0.34726 -0.09378 -1.3451 -0.14626 -0.76825 0.41027 0.43992 0.63717 0.85684 1.7744 2.2124 -0.0094142 1.4057 0.8205 2.1109 -1.2259 -0.74292 -1.8389 -1.3693 0.17138 -0.33898 -0.89274 0.77757 0.61671 1.3795 0.26123 0.93491 0.41509 0.76765 0.16053 -1.4659 -0.55045 -0.53127 0.022275 -1.4886 -2.0135 -2.4394 0.24808
-0.73214 -0.11736 0.087177 -1.7012 -0.48393 -1.5023 -0.14447 -0.077241 1.115 -0.13044 1.9668 1.6222 0.68765 1.2842 0.82716 1.8926 -0.44959 -0.31817 -2.4813 -1.3378 0.38953 -0.48393 -1.4521 0.14178 -0.5318 1.3184 -0.62471 0.55722 -0.96675 1.2626 1.2255 -0.081374 0.012905 -0.21938 0.024726 -1.6819 -2.2185 -2.7314 -0.59846
-0.70617 0.55535 0.72394 -1.2872 -0.25445 -1.7724 -0.39586 0.45659 1.1048 -1.3819 1.1071 1.2359 0.8695 0.96348 1.1059 0.93458 -0.2332 0.085076 -2.158 -1.4416 0.41356 0.046619 -2.1208 -0.99877 -1.9316 0.94158 -0.9125 0.047694 -2.0966 1.2599 2.0509 1.3246 0.36876 -0.32818 0.2192 -0.4821 -1.5162 -2.4701 -1.1632
-0.75296 0.92224 1.0762 -1.2979 -0.48338 -2.1314 0.0030642 0.95074 0.50371 -2.0405 0.79226 1.0931 0.75164 0.21376 1.1591 -0.1836 0.35025 1.3714 -0.89129 -1.1932 0.18025 -0.14501 -2.7502 -1.8185 -2.7123 0.26444 -0.73527 -0.21054 -2.052 1.0215 2.0782 2.2117 0.77505 -1.3022 -0.041921 0.99009 -0.29306 -1.1143 -1.3966
-0.3938 0.83166 0.88067 -0.95583 0.31427 -2.2912 -0.45207 0.95641 0.54068 -2.4698 0.62896 0.30435 0.73345 0.18257 0.73538 -0.8867 0.73514 1.9095 -0.08147 -0.81908 -0.34437 -0.093756 -1.2671 -1.1973 -3.0161 -0.21127 -0.3098 -0.23515 -1.1284 1.364 1.0982 2.6407 1.3863 -1.8278 -0.5058 2.3951 0.57963 0.31846 -1.5642
-0.57201 0.97945 0.13774 -1.0498 0.47024 -2.3179 -1.1527 0.66188 0.57641 -2.7492 -0.14554 -0.23687 0.6199 0.2556 0.60572 -1.1469 0.97592 2.3131 0.75312 -0.35621 -1.7889 -0.48263 0.13678 -0.36573 -2.1548 -0.64722 -0.071948 -0.16189 0.1393 1.6552 -0.73417 2.5617 1.8441 -0.97168 -0.62818 2.8424 0.52282 1.5983 -1.6419
-0.5924 1.1268 -0.50861 -1.315 1.2909 -1.8083 -1.1129 0.081432 0.8986 -2.4358 -0.54584 -1.3613 0.59317 0.338 0.92939 -0.76429 2.0119 1.4946 2.1244 0.44132 -2.2044 -0.71253 1.3519 -0.65654 -1.6723 -1.4493 -0.35021 -0.1955 1.0671 1.7939 -1.7299 2.3337 1.9214 0.52322 -0.53252 2.2817 0.13019 2.5422 -1.5882
-0.54878 0.94155 -0.45224 -0.53977 1.3254 -1.5858 -0.7982 -0.33 1.0542 -1.6822 0.80354 -1.8951 0.51084 -0.013206 0.74722 0.0035575 2.8209 0.34922 2.9572 1.2334 -0.78978 -0.99022 1.78 -1.1294 -0.43148 -2.1047 -0.89738 -0.62793 1.1607 0.88105 -2.1094 1.2648 1.7178 1.8463 0.19422 1.5919 -0.082108 2.8211 -0.95324
-0.32964 1.6465 0.034375 -0.040138 2.0425 -0.83102 -0.296 -1.4753 -0.40234 -1.3677 0.66703 -0.29689 -0.16852 -0.36495 0.28634 0.56414 3.1842 -0.028278 3.3257 1.5705 0.22875 -0.81742 2.5935 -0.60972 0.85577 -2.373 -1.2333 -1.4508 0.19009 -1.259 -1.8152 -0.89974 1.0296 1.7687 0.67698 0.72141 0.20118 2.6687 0.52413
-0.21382 2.2346 0.39732 1.3061 0.54693 0.80481 0.61221 -0.88766 -0.54839 -0.48179 -0.98691 -1.1307 -1.4022 -1.1223 -0.2674 0.39425 2.0337 -0.4892 2.5889 1.9275 0.69835 -0.061765 2.7742 -0.59093 1.8409 -1.9214 -0.88308 -1.6348 -0.92623 -3.09 -0.9569 -2.8955 0.15573 0.43472 1.203 -0.36629 0.90896 1.2777 2.2068
-0.74093 1.3041 0.55581 1.8012 0.57609 1.0872 0.40618 1.1451 -0.40204 -0.84827 -1.6489 -0.30986 -1.7193 -1.4798 -1.3115 -0.61396 -0.0008555 -1.1507 0.54764 1.8072 0.60099 0.085703 2.316 -0.58369 2.1637 -0.59093 -0.10955 -1.08 -1.3538 -3.9594 0.47243 -3.7974 -0.73026 -0.78349 1.111 -1.62 1.4666 0.015773 3.27
-1.2167 1.0006 0.24656 1.6242 1.1422 1.4633 0.29968 0.52276 0.22776 0.87783 -0.15204 0.361 -1.7729 -1.1578 -1.5493 -1.2006 -1.4584 -0.69734 -1.2847 1.3861 -0.079202 0.79486 1.1345 0.55852 1.2624 1.0136 0.82828 -0.021306 -0.82479 -3.0944 1.466 -3.3256 -1.3896 -1.4505 0.58389 -1.9825 1.6022 -1.0175 3.0598
-1.9584 0.67607 -0.37167 0.049972 1.0715 0.58377 1.5216 -0.1708 1.345 1.1245 -0.43587 0.53615 -1.0688 -0.56844 -1.1208 -1.2508 -2.587 0.89398 -2.1174 0.6504 -0.90828 0.82052 0.040836 1.587 1.112 2.1018 1.2785 1.1632 0.24186 -1.3719 1.6065 -1.6165 -1.3103 -1.2589 0.11155 -2.1026 0.88325 -1.1866 1.7203
-1.6983 -0.59186 -1.2835 -0.72483 -0.15562 -1.6849 1.4705 -0.64711 -0.15274 0.74403 -0.023283 1.0537 0.097785 -0.0039121 -0.41216 -0.88618 -2.5533 0.99306 -2.5437 0.22715 -1.3992 0.6609 -0.20896 1.3556 0.38435 2.2925 1.222 1.667 1.2509 0.66821 1.2985 0.41918 -1.0889 -0.51347 -0.62496 -1.5662 -0.1309 -0.65846 -0.0096319
-0.94419 0.67768 -0.81038 -0.58603 1.1695 -1.5311 1.3517 -1.3413 0.51253 -0.62022 0.74514 0.27947 0.57092 0.37921 0.30676 -0.32631 -2.0735 0.74705 -1.9737 0.23881 -1.2103 0.36802 -1.381 0.66931 0.30121 1.8945 0.68042 1.5676 1.7187 1.9819 0.78236 1.9008 -0.33087 0.10118 -0.72658 -0.46056 -1.0754 -0.68037 -1.2902
-0.90354 0.96866 -0.55238 -0.71136 2.0531 -0.55999 0.81256 -0.40675 0.7856 -0.5131 0.66786 0.27862 0.50136 0.69604 0.87464 0.71531 -0.47405 1.5963 -0.55987 -0.19076 -0.91706 -0.12753 -1.4161 0.7219 0.36268 1.097 -0.068262 0.63966 1.3758 1.8298 0.58174 2.3988 0.080718 0.42689 -0.943 0.54804 -1.1291 -0.22519 -1.6264
-1.2924 0.51287 -0.43828 -0.76483 1.57 -1.8542 0.55325 -0.2539 0.97284 0.24652 0.21651 0.50205 0.6395 0.37257 1.186 1.223 0.10092 1.9366 0.56056 0.32752 -0.91591 -0.1221 -0.33453 -0.20486 -0.22364 0.35098 -0.37337 -0.22374 0.74879 1.0466 -0.036803 1.675 0.10265 0.34413 -0.90548 1.3892 -1.0263 -0.59314 -1.3069
-1.2644 1.2 -0.55461 -1.3607 1.2985 -1.1645 1.6187 -1.5866 0.99459 -0.83189 0.54115 1.1579 0.60792 -0.14279 0.34662 0.95658 -0.20099 1.402 0.82461 0.33006 -0.66523 -0.83168 0.37103 -0.4192 0.15912 0.1044 -0.31886 -0.73468 0.12425 0.20325 -1.0766 0.6096 -0.10386 0.68933 -0.38779 1.1483 -1.0559 -0.87466 -0.8341
-0.91968 1.271 0.4092 -0.28562 2.6052 -0.76263 1.3427 -1.4886 0.17909 -0.8968 0.83346 1.0233 0.68511 0.072368 0.13918 0.96919 -0.25266 0.79809 0.56597 0.16186 -0.61963 -0.94806 0.56508 -0.77456 -0.77889 0.011703 -0.056362 -1.033 -0.22733 0.089858 -1.6243 -0.30417 -1.4387 1.5143 0.24602 0.49789 -0.21215 -0.58609 -0.55195
-0.94465 1.2861 0.26629 -0.55553 2.3411 -0.90695 1.8271 -1.7353 -0.23591 0.37418 -0.52485 -0.20167 0.66502 0.22422 0.0018613 1.0617 0.063855 0.35461 0.60335 -0.2652 0.33782 -0.42396 0.47652 -1.0646 -1.0727 -0.25278 0.20928 -0.78052 -0.3517 -0.06278 -2.2731 -0.66626 -1.9783 2.0575 0.92072 -0.54704 0.63216 -0.15227 -0.43083
-1.287 0.90294 0.21374 -1.207 2.9461 -0.05734 1.0362 -1.1936 -0.32286 -0.10651 0.39771 0.67585 0.65017 0.069656 -0.60108 0.71631 0.115 -0.28015 0.065186 -1.7346 1.626 0.13839 0.61241 -0.3336 -0.7763 -0.47681 0.26072 -0.72166 -0.32902 -0.11419 -2.5224 -0.57726 -2.0705 2.1007 0.92573 -1.6545 1.4916 0.71538 -0.19163
-0.88573 0.95899 0.61581 -1.1297 2.0979 -0.74435 0.73177 -0.80209 0.025137 0.42514 -0.78392 -0.88946 0.50009 0.24766 -0.76596 0.39063 -0.5272 -1.9005 -0.23315 -1.9717 2.3356 0.33896 -0.81011 0.52979 -0.19226 -0.43752 0.40003 -0.41391 -0.21987 -0.16326 -2.281 -0.38054 -1.3388 1.1143 0.30396 -2.2275 1.582 0.7057 0.20265
-1.0305 0.80356 0.90015 -0.52124 1.4959 -1.1967 0.76164 -0.30405 0.89332 0.076186 -1.0528 -0.072452 0.23808 0.54822 -0.8485 0.6558 -0.1968 -2.3391 -0.15136 -2.3871 2.5911 0.39362 -2.2353 1.2476 0.067798 -0.24721 0.41024 0.13934 0.03593 -0.085192 -1.1018 0.41998 -0.087147 0.023169 -0.39725 -2.1034 1.1908 0.6522 0.5484
-1.0869 0.43479 0.3943 -0.83528 1.6363 -0.81142 -0.85166 0.093785 0.76287 -0.29973 1.1286 0.61716 0.044104 0.73918 -0.66503 0.65218 -0.11279 -2.4711 -0.042478 -2.1339 2.1033 0.020089 -2.7263 1.1377 -0.22612 -0.0020112 0.14675 0.42826 0.11112 -0.074058 0.34858 0.75877 0.4307 -0.86774 -0.80739 -0.87937 0.39849 0.030323 0.6694
-0.4777 0.35954 0.86473 -1.2367 0.382 -0.91331 -0.44449 0.99409 -0.12396 -2.1022 1.2789 0.31926 0.39535 0.59768 -0.3977 0.63583 -0.277 -1.8485 0.76808 -1.7832 1.8204 -0.42911 -2.7998 1.6045 0.40834 0.29963 -0.19355 0.56842 -0.02827 -0.28818 0.9242 0.62174 1.0611 -1.4905 -0.69433 0.4781 -0.52491 -0.30548 0.56775
-0.46208 0.14763 1.1831 -0.98418 0.29876 -0.62044 -1.0965 0.94444 0.27281 -2.4443 0.82824 -0.3871 0.51268 0.49233 -0.19208 0.59497 -0.65082 -1.5378 0.76233 -1.5489 1.0276 -0.73617 -2.3713 1.0723 -0.36812 0.50326 -0.44473 0.41674 -0.18201 -0.15815 1.3782 0.40359 0.89185 -1.8754 -0.094636 1.6274 -0.67869 -0.082795 0.27084
-0.46672 0.27943 1.1174 -1.2738 0.39186 -0.32752 -1.3097 0.80937 -0.075048 -2.8216 0.89188 -0.2606 0.58779 0.28962 -0.021092 0.61169 -0.49676 -1.2207 0.63571 -0.91467 0.19729 -0.50537 -1.4539 0.22845 -0.50035 0.52953 -0.33031 0.091795 -0.33447 -0.0052719 1.0025 0.058116 0.80052 -2.0888 0.29328 2.207 -0.63798 0.051751 -0.003264
-0.42883 0.62075 1.4468 -1.0643 0.18986 0.10803 -1.1191 1.2868 -0.070276 -2.4266 1.3503 0.28706 0.69066 0.030362 -0.075809 0.29698 -0.32577 -0.42941 0.79015 -1.0825 -0.78229 -0.1083 -0.067823 0.47856 0.0092254 0.37259 -0.10251 -0.21723 -0.31324 0.24504 0.3618 0.27881 0.74716 -1.7518 0.52203 2.4145 -0.18449 0.53636 -0.11072
-0.61493 0.32982 1.2749 -1.4743 -0.11657 -0.52071 -1.6485 0.71673 -0.14055 -2.9237 1.1367 -0.39582 0.71533 0.18484 -0.29176 0.12545 -0.47306 -0.68491 0.85069 -0.68146 -1.3961 -0.19115 0.57641 0.63233 0.25451 0.35616 0.21982 -0.40219 -0.19675 0.2028 -0.44347 0.52845 0.64026 -1.1795 0.58917 2.1335 -0.17417 0.40087 -0.080829
-0.50091 0.25882 1.2256 -1.5077 -0.041425 -0.079886 -1.7365 0.49467 -0.18212 -2.6152 1.4783 -0.11501 0.79454 0.33698 -0.47605 0.21939 -0.22247 -1.1753 1.1793 -0.41865 -1.6271 0.082235 1.5698 0.47197 0.20361 0.38577 0.50959 -0.37898 0.09957 0.33475 -1.0973 0.6223 0.96758 -0.26535 0.67506 1.4323 -0.82079 0.30433 -0.020697
-0.34744 0.12226 1.3744 -1.3892 0.047382 0.3295 -1.9127 -0.025629 -0.0045731 -2.0914 1.7202 0.15238 0.88548 0.54559 -0.58944 0.25497 -0.18816 -1.5841 1.4497 -0.17612 -1.6936 0.49921 2.1036 -0.1468 0.095987 0.37312 0.585 -0.35658 0.19648 0.54441 -1.0432 0.30877 0.97621 0.55076 0.86374 0.71629 -1.3393 0.30479 -0.096839
-0.19411 -0.20066 1.3479 -1.5768 -0.55013 0.66162 -1.7492 -0.63832 -0.12306 -1.7411 1.5138 -0.099933 0.96849 0.81396 -0.65163 0.40445 0.14177 -1.8258 1.6812 0.27534 -1.129 0.80544 2.0973 -0.75181 0.59986 0.32362 0.5657 -0.35721 -0.050143 0.59018 -0.67729 -0.36112 0.94551 1.0365 0.79429 -0.025106 -1.256 0.095729 -0.22111
-0.12448 -0.042212 1.5923 -1.3541 -1.1403 1.3216 -1.5724 -0.45946 0.12398 -0.47941 1.5307 0.14787 1.0918 1.0547 -0.88634 0.39084 0.35163 -2.1139 1.1823 0.59634 -0.51767 1.0556 1.7632 -1.3712 0.56863 0.20831 0.44167 -0.38908 -0.42451 0.63743 0.039989 -1.0131 0.87551 1.056 0.55631 -0.36953 -0.60683 -0.12667 -0.30981
0.092401 -0.1409 1.7046 -1.457 -1.6085 1.4641 -1.4846 -0.46522 0.85087 -0.22344 0.71325 0.051385 1.1033 1.1538 -1.0112 0.036843 0.60108 -2.0436 0.59657 0.76926 -0.12169 1.2838 1.66 -1.3712 0.085099 0.063307 0.14556 -0.42177 -0.8925 0.48968 0.5729 -1.4565 0.77338 0.45601 0.076233 -0.53552 0.082926 -0.58889 -0.33062
0.3321 -0.63477 1.679 -1.2976 -1.7282 1.4044 -1.4078 -0.44397 0.91196 -0.94371 0.071548 0.5695 1.0669 1.2096 -1.1534 -0.39312 0.76506 -1.391 0.011367 1.0356 -0.065078 1.2991 1.5312 -1.0463 0.051593 -0.062868 -0.17096 -0.19108 -1.0466 0.56795 0.82068 -1.1101 0.95573 -0.016936 -0.48348 -0.40959 0.84555 -0.6424 -0.25229
0.78582 -1.0068 1.6737 -1.0317 -2.0362 1.2434 -1.0412 -0.18061 1.211 -0.42995 -0.10026 0.57277 1.0326 1.0036 -1.3235 -0.93215 0.83828 -1.1986 -0.57394 1.3459 -0.41625 0.83363 1.0796 -0.79925 -0.31547 -0.14478 -0.41258 0.14653 -0.85623 0.61247 0.74627 -0.60334 1.1171 0.0014828 -0.95225 -0.028205 1.0422 -0.35305 -0.12406
0.85465 -1.1402 1.2212 -0.77261 -2.1802 1.0734 -0.99726 -0.55307 1.669 0.44291 0.33816 -0.32521 0.97544 0.79099 -1.1001 -1.1486 1.2844 -1.1272 -0.40117 1.899 -0.37185 0.39402 1.1797 -0.078053 -0.5059 -0.14922 -0.59102 0.44411 -0.44531 0.52723 0.52937 -0.21568 0.94496 0.39877 -1.3248 0.14499 0.74851 -0.033049 -0.0074113
1.0266 -1.4589 0.87588 -0.83011 -2.0437 0.91306 -0.34192 -0.7908 1.5858 0.71368 0.32073 0.090379 0.95078 0.56181 -0.77041 -1.2445 1.477 -0.89251 -0.38329 2.1948 0.066867 -0.01849 1.7494 0.10134 -0.36504 -0.12193 -0.60746 0.62058 0.14423 0.36543 0.69818 -0.1286 0.59765 1.0126 -1.3089 0.044635 0.32203 0.32816 0.09596
0.82506 -1.6107 0.53646 -0.54706 -2.709 0.66454 0.045638 -0.92851 1.2271 0.54833 -0.034895 -0.21808 0.9472 0.28762 -0.60077 -1.1087 1.42 -0.62918 -0.51837 2.1843 0.51856 -0.71949 1.4675 -0.10372 -0.048772 -0.09063 -0.58957 0.56285 0.50378 0.15148 0.96939 -0.43836 0.00193 1.3298 -0.98834 -0.27317 -0.15165 0.33109 0.14099
1.0605 -1.513 0.55735 0.12979 -2.843 1.2714 0.86076 -0.58509 1.404 0.71169 0.42635 -0.25731 0.92498 0.080915 -0.41087 -0.69428 1.4385 -0.24623 -0.7809 2.2034 1.1845 -1.0249 0.99972 -0.21233 0.012308 -0.0024677 -0.44159 0.42099 0.61089 0.043473 1.297 -0.57682 -0.58386 1.2991 -0.46035 -0.51004 -0.060092 0.24793 0.14106
1.1375 -1.6614 0.29296 0.333 -2.5148 0.76099 1.0751 0.057186 0.92045 1.689 0.0055942 0.35623 0.9153 -0.10869 -0.2265 -0.47698 1.5668 0.21131 -1.0686 1.912 1.746 -0.92436 0.9624 -0.25652 -0.1327 0.044521 -0.30735 0.29264 0.37934 -0.095561 1.4866 -0.59193 -0.92316 0.87699 0.12722 -0.47154 0.2095 0.17698 0.10044
1.0881 -1.8265 0.30003 0.29484 -2.6097 0.30643 1.2554 0.22526 0.23395 1.6158 -0.18541 0.095284 0.90886 -0.096872 -0.17199 -0.40846 1.4624 0.90489 -1.2429 1.3817 2.0687 -0.75984 0.9208 0.01821 0.081895 0.064087 -0.1717 0.13413 0.051277 -0.26652 1.47 -0.16401 -1.0061 0.34968 0.43216 -0.56242 0.43973 0.20273 0.0055586
0.85235 -1.6876 0.3804 0.59908 -2.294 -0.094665 1.7092 0.46468 0.47069 1.4192 0.16141 -0.5447 1.0116 -0.22335 -0.17696 -0.54333 1.2037 1.3347 -1.4514 1.0861 1.8526 -0.60768 0.50532 0.13905 0.18755 0.055834 -0.014742 0.0054344 -0.085983 -0.42984 1.4124 0.37662 -0.80993 0.040982 0.46994 -0.75829 0.40918 0.37686 -0.086103
0.81248 -1.7476 0.17556 0.9826 -2.0639 -0.36334 1.9891 0.99735 0.49726 1.7164 -0.20008 -0.10556 1.0014 -0.20197 -0.19164 -0.5814 1.0921 1.7033 -0.92372 0.9704 1.8588 -0.37418 0.03904 0.38992 0.17189 -0.00088312 0.11743 -0.022838 -0.14825 -0.53784 1.1724 0.64663 -0.5337 -0.1944 0.25273 -0.78707 0.049108 0.4314 -0.20961
0.91929 -1.7822 0.0028118 1.251 -1.8148 -0.40625 1.6655 1.4214 0.35691 1.7715 0.31626 0.086492 0.99004 -0.095889 -0.21563 -0.5738 0.91479 2.2256 -0.51402 0.79538 1.9647 -0.23814 -0.19029 0.29902 0.47053 -0.082406 0.37917 0.24773 -0.074318 -0.67807 0.39362 0.79096 -0.5449 -0.59433 -0.058249 -0.90214 -0.31697 0.76655 -0.40173
0.91183 -1.8053 -0.22477 1.3064 -1.2898 -0.58162 2.2553 1.418 0.39866 1.6108 0.46444 0.29261 0.95427 0.052666 -0.20497 -0.6958 0.5653 2.4656 -0.47384 0.66053 1.6583 -0.46783 -0.38439 -0.011654 0.69153 -0.25075 0.48135 0.81859 0.052984 -0.70507 -0.93144 0.66812 -0.74548 -1.3104 -0.34715 -1.0759 -0.55763 0.88723 -0.77216
0.88386 -2.0196 -0.32119 1.2706 -0.73996 -0.36339 2.2402 2.1236 0.063839 1.6475 0.29007 0.28812 0.89283 0.36364 0.28817 -0.64706 0.16017 1.638 -0.1587 0.35605 0.8032 -0.65999 -1.1735 -0.31285 1.3112 -0.5525 -0.017783 1.3969 0.12294 -0.57589 -1.6783 0.91245 -1.3034 -1.9932 -0.53995 -1.0462 -0.14812 0.59238 -1.2134
0.86948 -2.009 -0.17413 1.2686 -0.22102 -0.45896 2.3037 2.3414 0.049564 1.1213 0.084936 0.24005 0.8472 0.47818 1.0926 -0.46179 0.11144 0.43257 0.17802 -0.025859 -0.13408 -0.79741 -1.7186 -0.41885 1.3627 -1.1726 -0.86711 1.5598 0.22514 -0.12839 -1.7609 1.0778 -1.6064 -2.2462 -0.37308 -0.69568 0.58803 0.26618 -1.4405
0.9199 -1.8362 -0.58722 1.3402 0.20086 -0.98374 2.5477 2.1712 -0.12182 1.0989 -0.09738 0.40397 0.66572 -0.35421 1.7634 -0.47378 0.028221 0.41004 0.91325 -0.99792 -1.0704 -1.0646 -1.711 0.17408 1.1898 -1.8305 -1.6474 1.1393 0.35397 0.15157 -1.0396 1.0078 -1.4681 -1.7369 -0.0050038 0.09576 1.1468 -0.15127 -1.257
1.4604 -1.0698 -0.66347 1.189 -1.0579 -0.34012 2.0573 1.5593 -0.47432 0.021041 -0.51048 2.1062 0.19056 -1.2598 1.9928 -0.36962 0.36472 0.10717 1.064 -1.2989 -1.8394 -0.94772 -1.58 0.82963 1.1916 -2.2336 -1.8077 0.42623 0.48054 0.0078454 0.1744 0.74185 -1.2277 -0.73275 0.5459 0.9623 0.86669 -0.44778 -0.56196
1.3748 -0.16776 -0.47712 1.4769 -1.5809 -0.021403 1.6559 1.073 -0.70557 -0.36251 0.15916 1.3411 -0.68319 -1.9325 1.9797 -0.033476 0.29683 0.052655 1.3365 -1.4156 -1.7659 -0.58535 -1.0733 1.2203 1.0485 -2.3102 -1.1653 -0.35155 0.41476 -0.2456 1.1437 0.19154 -0.56041 0.41414 1.1521 1.7038 0.33506 -0.67848 0.33446
-0.22589 0.14048 -0.84172 1.2255 0.21437 0.93083 0.87671 0.5344 -1.2019 -0.044228 1.0644 1.1473 -1.3025 -2.2047 1.7799 0.22022 -0.031576 0.92361 1.3888 -1.8285 -1.2112 -0.017295 -0.079083 0.67775 0.52571 -1.9574 -0.17689 -0.86311 0.22716 -0.47662 1.6941 0.045203 0.3476 1.2131 1.0497 1.9288 -0.24895 -0.8493 1.101
-0.72495 -0.061318 -0.59758 1.853 -0.27518 0.46482 1.0779 0.53037 -0.94096 -0.19292 1.2482 1.5531 -1.5278 -2.124 1.197 0.007427 -0.26201 1.9593 1.1061 -1.6437 -0.52871 0.61256 1.0277 0.84912 0.17985 -1.3634 0.98996 -0.90652 -0.089287 -0.33125 1.0093 -0.22803 1.0695 1.4597 0.59921 1.34 -0.79785 -0.62964 1.4132
-0.82841 0.32569 -0.14947 1.399 -0.25726 0.76123 1.0487 0.73893 -0.4064 -0.10608 1.1835 1.708 -1.6437 -1.5142 0.74554 0.026615 -0.28148 2.0454 1.2507 -0.59723 -0.013323 0.40607 1.3231 0.49313 -0.039189 -0.7081 1.5586 -0.64733 -0.32164 -0.2004 -0.27497 -0.38611 1.3476 1.2902 -0.043285 0.37206 -0.75024 -0.64105 1.2172
-0.68393 0.72413 -0.44606 1.004 0.75022 0.832 0.015034 0.81268 -0.096221 0.9679 -0.21338 1.5348 -1.6007 -0.39421 0.7763 -0.12629 -0.22872 1.2211 0.94719 -0.25256 0.57001 0.32142 0.96374 -0.26324 0.080246 -0.36831 1.4759 -0.35752 -0.13284 0.15505 -1.4751 -0.4188 1.3005 0.81271 -0.50075 -0.49313 -0.60141 -0.6541 0.79154
-0.65551 0.6464 -0.87834 0.9859 0.78526 1.3055 0.040556 0.74921 0.21828 1.1674 1.4359 2.0789 -1.7099 -0.097555 0.75903 -0.34772 -0.45107 0.84234 0.70334 -0.2865 0.8374 0.05686 0.69279 -0.25056 -0.69675 -0.24478 0.8119 -0.20972 0.098871 0.34347 -2.0109 -0.75116 0.99993 0.4478 -0.52806 -1.0583 0.17876 -0.37215 0.36211
-0.98201 0.71222 -0.42992 1.4262 1.08 2.0478 1.464 0.80443 -1.0196 1.0353 1.3857 0.60495 -1.7499 -0.018488 0.5061 -0.078475 0.092669 0.073524 0.55148 0.36079 0.69428 -0.13145 0.29663 0.022201 -0.78826 -0.1588 0.16187 -0.30219 0.4808 0.4996 -1.6538 -0.73613 0.60065 -0.069799 -0.37425 -0.96439 0.41867 -0.056608 0.20287
-0.7951 1.0578 -0.92975 1.2435 0.97636 1.5406 0.49387 1.3178 -0.6277 0.59972 0.28053 1.758 -1.84 -0.15943 0.47551 0.1736 0.18434 -0.77741 -0.024264 0.76004 0.84724 -0.33668 -0.5562 0.64944 -0.36986 -0.15735 0.094973 -0.29929 0.58482 0.41511 -1.061 -0.94383 -0.16616 -0.6218 0.19263 -0.47952 0.29376 0.73282 0.1664
-0.81514 0.96034 -0.7256 1.0357 0.17575 0.90859 0.44005 1.5755 -0.33173 0.66961 0.73582 0.47797 -1.8167 -0.064938 0.33837 0.51572 0.37557 -0.75955 -0.13264 0.22931 0.45852 -0.16616 -0.43081 0.04637 -0.2528 -0.046051 0.05711 -0.29935 0.38421 0.005988 -0.22359 -0.67908 -0.66161 -1.0399 0.48748 0.25294 -0.20952 0.61399 0.16476
-0.72433 1.0363 -0.073724 1.4312 0.16721 1.7028 1.2955 1.2236 -0.22356 0.86012 0.92966 0.99651 -1.7602 0.095952 0.26869 0.45715 0.16956 -0.52548 -0.801 -0.48084 -0.24898 0.4397 0.038414 0.25717 0.35533 -0.0014724 0.038008 -0.30074 0.12257 -0.24858 0.60872 -0.19367 -0.61335 -0.96617 0.69965 0.56284 -1.1329 -0.014335 0.12021
-0.96857 1.3262 -0.52942 1.1315 0.15428 0.88947 0.9449 1.6845 -0.73401 0.19915 1.6573 1.5588 -1.8459 -0.048379 0.03517 0.49736 0.087833 -0.41557 -0.39317 -0.096316 -0.79336 0.39189 0.49333 -0.22806 -0.055239 0.059951 -0.090646 -0.23847 -0.13764 -0.54794 0.68112 -0.048604 -0.13032 -0.23219 0.67001 0.16139 -1.5449 -0.90447 0.010208
-0.79872 0.91756 -0.088368 1.7374 0.39243 1.7539 0.55575 0.97213 -0.43856 0.78861 1.0833 1.176 -1.759 -0.10648 0.050152 0.39908 -0.16582 0.10011 -0.28574 -0.075072 -0.4159 0.68876 0.1155 -1.4324 -0.55848 0.0053468 -0.11945 -0.17643 -0.063069 -0.51808 0.48661 0.3033 0.40857 0.52188 0.52246 -0.2865 -1.8435 -1.6268 -0.040078
-0.75947 1.2192 -0.15931 1.3342 0.58587 0.33228 0.36765 0.56302 -0.023978 1.1376 1.0327 1.2498 -1.7947 -0.14877 -0.011767 0.26249 -0.51735 0.10004 -0.5007 -0.17451 0.11248 0.95887 -0.16434 -2.1189 -1.5652 -0.033766 -0.060497 0.0084108 -0.10537 -0.48993 0.20639 0.10138 0.43684 1.0397 0.36113 -0.65097 -1.0688 -1.2818 -0.081389
-0.88929 0.99812 -0.32855 1.0734 -0.080023 1.1274 0.61838 0.70716 0.12228 1.2757 -0.50247 1.0324 -1.7372 -0.094045 -0.050122 0.4352 -0.53194 0.058968 -0.17528 0.24646 0.36813 1.1325 -0.25237 -2.3808 -2.0218 -0.030347 -0.042055 0.05451 -0.064451 -0.30213 -0.12314 0.077496 0.52419 0.85437 0.050966 -0.50731 -0.1244 -0.69082 -0.052341
-0.95772 1.1244 0.10676 0.90872 0.34608 0.90805 0.95314 1.5717 0.73097 0.3024 -1.1749 -0.53596 -1.8365 -0.18193 0.091977 0.25886 -0.67991 -0.028344 -0.26799 0.47777 0.91437 0.84755 -0.69475 -1.8499 -1.8048 -0.073044 -0.034258 0.097467 -0.038231 -0.11253 -0.111 0.10444 0.45689 0.52438 -0.14177 -0.35044 0.30137 -0.036248 -0.031769
