39 289
-0.75825 1.1543 0.74917 1.5374 -0.17553 0.43375 -0.87761 1.7706 -0.2972 0.031262 0.39664 -0.67345 -1.7675 -0.50277 -0.26628 -0.66426 -0.44683 -0.065785 0.65656 0.25577 -0.96708 -1.1438 -0.10452 -0.58941 0.69287 -0.10456 0.10243 0.080324 0.12151 0.18129 -0.19347 -0.36655 -0.27634 0.010082 0.25369 -0.15672 -0.28139 0.074668 0.037563
-1.0888 0.75079 0.094032 0.95603 -0.54302 0.20702 -1.0044 0.92685 -0.71792 0.28011 0.40862 0.50786 -1.7787 -0.41854 -0.22083 -0.78423 -0.31259 -0.26467 0.2635 0.026749 -0.69699 -0.7518 -0.17463 -0.80357 0.81246 -0.084123 0.2022 0.21973 0.39092 0.46925 -0.071696 -0.41103 -0.15372 0.084167 0.29768 0.13424 0.032 -0.19262 0.035934
-1.2829 1.0597 0.5627 0.97052 -0.35188 1.3817 0.65327 1.972 -1.5552 0.728 0.1872 -0.25842 -1.8517 -0.34283 -0.13854 -0.35761 -0.15445 -0.31607 0.17308 -0.20607 -1.0509 -0.81478 -0.38043 -1.0427 0.78816 -0.043464 0.35501 0.42104 0.72146 0.63099 0.19634 -0.23026 0.1972 0.080106 0.44547 0.38105 0.58691 -0.55646 0.033785
-1.2095 0.87029 -0.050183 1.2671 -0.062234 1.0441 -1.2705 0.03191 -1.6881 -0.71213 -0.75917 0.20127 -1.9016 -0.1945 0.067022 -0.078581 0.3269 -0.069451 0.13774 0.16042 -0.72622 -0.69587 0.29098 -0.29385 0.26207 -0.066862 0.43074 0.34693 0.66055 0.40332 0.21695 -0.1609 0.44476 0.062352 0.47486 0.38124 1.1614 -0.57087 0.066876
-1.0436 0.97545 -0.0036213 1.3171 -0.68351 0.17594 -1.0769 1.4995 -0.51983 -0.026483 -0.51254 0.41312 -1.8066 0.058616 0.34324 0.32599 0.46813 0.19408 0.28621 0.57832 -0.76163 -0.26562 0.40247 0.3389 -0.14775 -0.048994 0.27037 0.16073 0.27518 -0.12992 -0.063227 -0.02235 0.87449 0.6106 0.55307 0.37589 1.3454 -0.56382 0.060446
-1.154 0.98217 0.68314 1.2887 -0.58257 0.63025 -1.1522 0.20175 -1.5233 -0.28792 -0.86895 0.45901 -1.7826 0.19548 0.16057 0.10574 0.16773 -0.12488 -0.10072 0.52882 -0.68621 -0.061845 0.17408 0.84235 0.13558 0.045196 -0.023887 -0.0311 0.0023768 -0.5192 -0.048802 0.22237 0.43081 0.24892 0.26777 -0.18638 0.71688 -0.049709 0.034198
-1.1565 1.1468 0.40794 1.814 -0.17211 0.79407 0.15976 0.99192 -1.5604 1.1714 0.82238 -0.26648 -1.9049 -0.022371 0.10744 0.077739 -0.32104 -0.4018 0.23553 1.3804 0.1778 -0.011836 0.40774 1.0954 -0.27923 0.014946 -0.22235 -0.18756 -0.2151 -0.37133 0.18712 0.12981 -0.27846 0.15105 0.057779 -0.41628 0.022334 0.46411 -0.013044
-1.1024 1.2716 0.50957 1.2662 -0.13997 1.2423 0.62591 0.035574 -1.3457 0.55208 0.71601 0.12474 -1.8752 -0.18769 0.1382 0.074507 -0.28229 0.14121 0.54941 0.6252 -0.66846 -0.26979 -0.080563 0.77202 0.23244 -0.033852 -0.31742 -0.072852 0.086302 -0.014569 0.31499 -0.2066 -0.8745 0.1247 0.31118 -0.39509 -0.75522 0.55009 -0.039433
-0.98356 1.0222 0.23129 1.1199 -0.70559 0.85837 0.20156 0.79664 -1.5967 -0.21279 0.52991 0.33935 -1.7565 -0.15384 0.030814 -0.026869 -0.022868 0.40177 0.17987 -0.050543 -0.43819 -0.025979 -0.28833 0.42359 0.74313 -0.033508 -0.21068 -0.015322 0.30764 0.18201 0.45282 -0.90479 -1.2233 0.24776 0.69833 -0.16432 -1.0941 0.30629 0.06763
-1.3219 0.93416 -0.018023 0.80081 -0.93757 0.80021 0.50344 0.88554 -1.0873 -0.14953 0.33001 -0.22969 -1.8795 -0.32025 0.078275 0.34037 -0.0030283 0.046067 -0.46329 -0.55195 -0.098454 0.58448 -0.2546 -0.33349 0.73686 -0.0043396 -0.12733 0.04651 -0.014208 -0.26985 0.41648 -1.2352 -0.44364 0.30636 1.175 0.15018 -0.67121 -0.49105 0.28422
-1.3391 1.2959 0.64807 1.3414 -0.01644 1.0166 -0.74405 -0.19904 -1.3831 0.18948 0.40635 1.2034 -1.8561 -0.33836 0.11861 0.53163 -0.099766 0.46855 -0.91271 -0.53858 0.41796 0.96964 0.16895 -0.54406 0.090072 0.12816 0.038091 0.1599 -0.33213 -0.7961 0.42752 -1.1032 0.16382 -0.26739 1.0617 -0.3263 -0.013175 -1.0618 0.54199
-1.2485 1.0488 0.65037 1.7147 0.30957 0.94501 -0.64078 -0.14984 -1.8144 0.076552 0.41246 1.2529 -1.8777 -0.32215 0.18493 -0.20609 -0.76233 0.86467 -1.1572 -0.048322 -0.45452 1.5883 -0.020515 -0.08723 -0.42514 0.4214 0.089223 -0.18156 -0.93481 -1.2553 0.14457 -0.76353 0.60542 -0.599 0.76376 -0.90386 0.45756 -1.3186 0.70027
-1.5266 1.3431 0.75663 1.4343 -0.62331 0.10718 0.013279 1.2425 -0.15918 0.89053 0.32192 0.33528 -1.8806 -0.070911 0.26878 -0.33598 -1.1859 0.76935 -1.487 0.018953 -0.7623 1.6029 -1.0477 0.27868 -0.80923 0.77542 0.065691 -0.47155 -0.96686 -1.0917 -0.18829 -0.21752 0.39437 -0.92289 0.36273 -0.9808 0.5602 -1.1572 0.69585
-1.3831 1.2311 0.84615 0.5631 0.24189 0.06023 -0.14199 0.87778 -0.11505 0.033347 -0.36723 -0.14656 -1.5612 -0.27657 -0.30981 -0.90954 -1.8964 0.15921 -1.5749 0.39119 -0.67174 1.8065 -1.4171 0.17859 -1.4641 0.99209 0.17101 -0.66989 -0.55356 -0.32147 -0.281 0.234 0.025 -0.75449 -0.1609 -0.30864 0.39823 -0.65853 0.58279
-1.4696 1.1396 -0.73702 -0.18816 0.28874 -0.41625 0.25267 -0.57254 0.55729 -0.6144 0.80563 -0.33899 -1.1921 -0.22765 -0.46023 -0.85894 -1.6506 0.48094 -1.114 0.033148 -1.2827 1.6022 -1.0539 0.45256 -1.716 1.1545 0.25656 -0.46983 0.020967 0.7026 -0.33495 0.46258 0.035009 -0.30301 -0.16415 0.67345 0.19215 -0.016508 0.26816
-1.3316 1.4597 0.26126 -0.028231 0.2852 -0.60942 -0.2965 -0.69737 0.29259 -1.4786 0.88916 -0.4915 -1.0115 0.086254 -0.62778 -0.93161 -1.1489 0.50034 -0.93635 -0.017216 -1.6678 1.2897 -0.6252 0.63014 -1.2931 1.3305 0.44118 -0.019673 0.87034 1.3144 -0.14241 0.6954 0.0072125 0.61187 -0.50945 1.031 -0.18059 0.7472 -0.062578
-1.8108 0.52993 -0.15748 -0.52532 -0.018643 -0.58936 -0.15086 -0.54313 0.62917 -0.81089 0.27864 -0.60488 -0.8505 0.23735 -0.39538 -0.26201 -0.18556 -0.0076186 -0.98506 0.28177 -0.83744 1.5559 -0.13252 0.44341 -0.92323 1.112 0.29029 0.14694 0.70242 0.99575 -0.46454 0.45339 0.36835 1.0496 -0.80661 0.83107 -0.36089 1.3063 -0.37965
-1.4971 0.68395 -0.021299 0.11109 0.76717 -0.36138 -0.41581 -0.93071 0.76279 -0.17571 0.95988 -1.755 -0.63791 0.32514 -0.36873 0.40715 -0.06412 0.1464 -0.39661 0.26881 0.35687 0.83807 0.13196 -0.17478 -0.35107 0.89596 0.14414 0.39066 0.57634 0.57603 -0.4727 0.19071 0.16387 0.55271 -1.1453 -0.034959 -0.2799 1.2922 -0.59874
-1.1984 0.7786 -0.45896 -0.31499 0.039664 -1.2308 0.27644 -0.803 1.832 -0.029923 0.93006 -1.324 -0.1783 0.20554 -0.32138 -0.22004 -0.24845 -0.18359 -0.57927 0.62856 -0.17087 0.24597 0.18661 0.13505 0.44824 0.657 0.021849 0.24361 0.12679 0.086601 -0.34113 0.19346 0.039738 -0.33204 -1.2786 -0.68808 -0.34275 0.99464 -0.62283
-1.101 1.0163 0.303 0.25089 0.22711 -1.2431 0.52821 -0.52554 2.0224 -1.0365 0.44403 -1.0759 -0.32966 0.38205 0.034904 0.12527 0.010272 -0.26798 -0.81024 0.13081 -0.86779 -0.31051 -0.85782 0.22698 0.62807 0.43039 0.081896 0.13524 -0.18868 0.07512 -0.066244 0.28993 -0.20263 -0.95715 -0.96535 -0.77315 -0.2157 0.42971 -0.60091
-1.2632 0.68627 0.031674 -0.56618 0.5701 -0.49325 0.17635 0.075669 0.68102 -0.94331 0.48073 -0.4592 -0.23418 0.26057 -0.15776 0.13524 -0.047532 -0.41805 -0.44426 0.41903 -0.85617 -0.38992 -0.98683 -0.441 0.59485 0.17178 0.59986 0.030569 -0.32032 -0.11668 0.17264 0.27736 -0.6876 -0.83988 -0.66812 -0.050783 -0.51328 -0.06984 -0.27881
-1.4776 0.6639 -0.35289 -0.51626 -0.26994 -1.4189 0.62909 -1.59 0.30673 -0.77973 1.1846 0.19247 -0.32575 0.46136 -0.2029 -0.090694 -0.0117 0.14471 0.04453 -0.052444 -1.1781 -0.74155 -0.79674 -0.31519 0.44567 0.0068185 0.93066 0.0042846 -0.67337 -0.21693 0.31385 -0.085508 -0.47744 -0.4354 -0.25065 0.77455 -0.74472 -0.67322 0.1419
-1.1365 0.63496 0.11249 -0.0052099 -0.00135 -1.5818 -0.52135 -2.09 0.64891 -1.6443 0.73346 -0.78872 -0.25518 1.2962 -0.14007 -0.67281 -0.45787 -0.075476 -0.52077 -0.69488 -1.6595 -0.84541 0.052097 -0.61983 0.40353 0.34397 1.2121 0.20267 -0.6357 -0.17622 0.45994 -0.18107 -0.35842 0.33909 -0.25826 0.81725 -0.74215 -1.0813 0.44197
-0.96368 0.61111 0.045933 0.069669 0.18789 -0.86714 1.0501 -1.3889 1.2933 -0.95588 -0.12989 -1.2049 -0.27631 1.6119 0.041958 -0.67665 -0.20006 0.13138 -0.94313 -0.29871 -1.3033 -0.56003 0.13139 -1.1743 -0.62721 0.61221 0.80885 0.22423 -0.35961 -0.16133 0.24051 0.03949 0.31333 1.1966 -0.17522 0.40392 -0.74096 -1.095 0.4214
-0.52521 0.69849 -0.47256 -0.40436 0.51527 -1.0445 0.02466 -1.7995 0.78051 -1.2816 0.52357 -0.12627 -0.19702 1.9583 0.086802 -0.70888 -0.28963 0.4243 -0.29461 -0.20157 -0.086289 -0.97308 0.1412 -1.497 -1.0414 0.70241 0.025456 0.27612 0.066148 0.13318 0.35862 0.51033 0.68218 1.3636 -0.14211 -0.31585 -0.28349 -0.86362 0.03911
0.53038 0.77157 -0.65049 -0.91502 -0.033467 -1.9945 -1.1519 -2.5678 -0.13318 -0.66873 -0.50286 0.077166 0.25579 1.6507 0.088821 -0.70523 -0.40312 0.33242 -0.01336 0.32713 0.45252 -1.0051 -0.056804 -1.3597 -1.0321 0.62218 -0.66501 0.30652 0.36927 0.31719 0.31416 0.89501 0.74911 0.89771 -0.013118 -0.59339 0.064262 -0.28123 -0.33079
0.051602 0.66691 -0.73821 -0.54491 0.47481 -1.9775 0.46855 -1.9055 -0.24716 -0.91309 -0.86684 -1.9596 0.47623 1.3352 0.33348 -0.51302 -0.090464 0.47589 -0.077929 0.37064 0.21303 -0.88444 -0.47571 -1.0917 -1.1284 0.41322 -1.3222 0.26819 0.65174 0.40715 0.49258 1.0254 0.88359 0.036976 0.19383 -0.86728 0.44383 0.21637 -0.5621
0.70682 0.74347 -0.7722 -0.37438 0.25776 -1.3106 0.21752 -1.5014 -0.64162 -1.1203 -0.85697 -1.7212 0.29179 0.69328 0.4694 -0.075129 0.32435 0.67681 0.55278 0.93013 0.36831 -0.60956 -0.72434 -1.2432 -1.1453 0.13405 -1.2256 0.071114 0.39688 0.28732 0.70979 1.1472 0.42363 -0.61595 0.019144 -0.70079 0.60567 0.86505 -0.50417
0.48391 0.71524 -0.46586 -0.42204 0.56853 -1.0044 0.63826 -1.1185 0.19484 -1.7683 -1.2575 -2.0799 0.27737 -0.019611 0.37946 0.19174 0.1457 1.147 1.2627 1.2861 0.060641 -0.7648 -1.2244 -0.65936 -0.54436 -0.11213 -0.95369 -0.4361 -0.037785 -0.076552 0.65451 0.9502 0.063469 -0.58467 -0.052741 -0.1005 0.65671 1.0193 -0.13784
0.66901 1.2079 -0.80054 -0.27015 0.92121 -1.2663 1.039 -1.8005 0.013018 -1.3394 -1.1902 -1.7611 0.14882 0.051817 0.2 -0.3077 0.044656 1.2858 1.3772 0.72055 -0.66852 -1.006 -1.0565 -0.35506 0.42256 -0.064605 -0.33578 -0.90766 -0.24502 -0.18222 0.18273 0.23845 -0.51689 -0.30486 0.044281 0.7806 1.0297 0.84125 0.27151
0.45851 1.2348 -0.59466 -0.26609 1.0817 -0.87291 0.67212 -1.875 -0.74305 -1.8517 -1.578 -1.356 0.18319 -0.11289 -0.29529 -0.44116 -0.092922 1.3601 1.214 0.59208 -0.4034 -0.77019 -0.51073 -0.21242 0.1451 0.25336 0.034408 -1.2652 -0.092341 -0.13754 -0.5288 -0.26287 -0.64617 0.64347 0.34185 1.1775 1.207 0.23327 0.56356
0.22152 0.91954 -0.41026 -0.86267 1.4366 -0.49703 1.4369 -2.3854 -1.6166 -2.1648 -1.3587 -1.4863 0.29101 0.1242 -0.79122 -0.18182 0.095702 0.90307 0.99256 0.21023 0.02346 -0.49802 0.43932 0.6055 0.20873 0.46344 -0.11709 -1.3703 0.13725 -0.11389 -0.93685 -0.16731 -0.28 1.6499 0.98801 1.2046 1.6925 -0.13441 0.54272
0.4607 0.73454 -1.4669 -0.18851 1.8681 -0.11058 1.3182 -2.3718 -1.373 -2.0841 -1.2157 -1.4065 0.3873 0.01931 -1.3556 -0.015336 -0.14083 0.38032 0.96275 0.21073 1.0289 -0.3186 0.32368 1.2886 0.037023 0.68629 -0.37504 -1.0168 0.22029 0.067121 -0.9616 0.068148 -0.43944 1.867 1.3664 0.72955 1.7687 0.44867 0.36815
0.65504 0.29298 -0.99423 -0.50858 1.7058 -0.001052 1.0046 -1.2658 -0.66001 -1.5556 -1.3138 -1.9206 0.63202 -0.22188 -1.6866 -0.24518 -0.14636 0.07732 1.1836 0.32743 1.9367 0.75249 0.87524 2.2976 0.21067 0.74211 -0.9601 -0.40694 0.49738 0.041943 -0.40207 0.15924 -0.59309 1.1716 1.1054 -0.37888 0.83288 0.87646 0.23159
0.69858 0.065112 -0.36037 -0.11004 1.4321 -0.3355 0.92458 -1.2784 -0.19744 -0.7719 -0.031418 -1.4757 0.73248 -0.62884 -1.6387 0.017708 0.16542 0.029637 1.2256 -0.37548 2.3942 1.3409 0.69204 2.4977 1.0524 0.80827 -1.1265 0.36991 0.57869 0.14143 0.23013 -0.068188 -0.77014 -0.12332 0.39386 -1.4066 -0.46581 1.1297 0.064562
0.38362 -0.24664 -0.79084 -0.75837 1.2886 -0.076624 1.4947 -0.59498 -1.3541 -1.6939 0.4895 -1.4329 0.92197 -1.3325 -1.3615 0.73523 0.030888 0.35024 1.1332 -0.71898 1.7083 0.8898 -0.48991 1.678 1.4707 0.83937 -0.80085 0.99916 0.55395 0.038431 0.35783 -0.20469 -0.59469 -0.95287 -0.55427 -2.2498 -1.7431 0.59436 -0.057955
-0.13951 -0.80392 -1.1329 -0.63834 1.4611 1.0293 1.518 0.2998 0.1932 -1.0501 1.679 -0.88324 1.0026 -1.5166 -0.85519 0.57662 0.052475 0.66263 0.84819 -0.84945 0.92828 0.4163 -1.7468 0.66774 1.6866 0.75985 -0.079456 1.395 0.26249 -0.18355 -0.30217 -0.51512 -0.069455 -1.3147 -0.71608 -1.838 -2.0738 -0.4171 -0.23803
-0.42375 -0.82803 -0.67283 -0.16944 1.895 0.95069 0.24743 0.22816 0.27548 -1.5821 1.4223 0.33768 1.2603 -1.2616 -0.30183 0.51231 -0.0084157 0.41128 0.98536 -0.66118 0.80054 0.13413 -2.306 -0.28293 1.0952 0.65765 0.83335 1.4979 -0.17933 -0.48443 -1.2898 -1.1891 0.44547 -1.0464 -0.12394 -0.25225 -1.2285 -1.0774 -0.42334
-0.9307 -0.68231 -0.16479 -0.18156 2.3678 0.81747 -0.072167 -0.60281 -0.3433 -2.8575 -0.051109 0.1455 1.4115 -0.80168 0.30855 0.63347 -0.16547 -0.54782 0.35047 -0.55881 0.2575 0.31651 -1.9959 -0.68127 0.40495 0.45114 1.3863 1.2315 -0.38194 -0.7387 -2.1831 -2.027 0.66561 -0.82493 0.27603 1.7242 0.17237 -1.5092 -0.73675
-0.70768 -0.557 -0.17717 -0.55965 2.0879 0.39664 0.08199 -0.20878 -0.28949 -3.3297 -0.21392 0.13785 1.4542 -0.12395 0.71587 0.4037 -0.79625 -1.3833 -0.78742 0.031403 -0.0119 0.71423 -0.86299 -0.10949 -0.053368 0.19657 1.6306 1.3343 -0.4272 -0.027245 -2.0326 -1.9332 0.36068 -0.6325 0.063737 3.0619 1.191 -1.2086 -1.5083
-0.57371 -0.31404 -0.21572 -0.4118 1.3445 1.1732 0.8345 0.29962 -0.48815 -3.2043 0.37837 -0.43633 1.442 0.51259 0.82371 -0.042441 -0.98457 -2.3994 -1.952 0.14892 -0.27947 0.69563 0.89585 0.9318 -0.77357 -0.39732 1.3143 1.3012 -0.19528 1.139 -1.062 -0.72395 -0.32382 -0.17014 -0.70517 3.1957 0.93605 -0.65 -2.2276
-0.67619 -0.10989 -0.48317 -1.0919 0.292 0.63239 0.68329 0.034647 -0.09885 -3.2472 0.41406 -0.75189 1.3872 1.1352 1.8103 0.094193 0.35479 -2.3492 -1.3801 -0.29226 -0.1612 0.092081 2.226 1.3067 -0.74471 -1.7597 0.39943 1.0287 0.47589 2.2509 0.30688 0.77846 -0.98557 0.2765 -1.3376 2.3017 -0.28728 -0.021863 -2.4959
-0.32636 -0.11822 -0.5522 -1.4461 0.32975 -0.28803 0.98514 0.090599 1.916 -1.3742 1.9431 -0.058023 1.2649 1.0323 2.0724 0.45599 1.4824 -1.9903 -0.68034 -1.0701 0.023951 -0.75293 2.6989 0.49484 -0.55357 -2.7676 -0.84498 0.38142 1.0355 2.4657 1.6484 1.5606 -0.62209 0.66862 -1.5199 0.84225 -1.1894 0.82693 -1.8749
0.061093 0.1283 -0.38782 -1.0028 -0.55094 -1.8806 -0.32272 -0.87038 0.092721 -1.0089 1.8459 -0.90825 0.65081 0.37248 1.9204 1.0488 2.3575 -1.0298 -0.030022 -1.3818 0.41886 -1.1989 2.7282 -0.46317 -0.20266 -3.3208 -1.8914 -0.89079 0.74831 1.0621 1.8391 0.54906 0.49276 0.59681 -0.95517 -1.0483 -1.4715 0.79466 -0.066081
0.48205 2.0537 0.24694 1.1251 0.15402 0.35384 -0.55058 -0.41835 -1.2452 -1.0509 0.81848 -0.89794 -1.216 -0.67203 1.452 1.3972 2.8194 -0.06738 0.18233 -0.58777 0.79493 -1.6585 2.2857 -0.56681 0.62533 -3.1491 -1.9085 -1.6037 0.20509 -0.88555 1.6271 -0.35045 1.5877 0.2956 0.66434 -2.1647 -0.83482 0.5619 1.8702
0.16715 1.5153 0.26243 1.1744 -0.49112 0.56079 -1.179 0.6035 -1.4202 -0.7036 0.043195 -0.6969 -1.5945 -1.5314 0.55234 1.0157 1.76 0.027046 -0.83359 0.45869 0.67454 -1.3325 0.37957 -1.1124 0.27079 -1.6928 -0.94923 -2.2831 -0.47737 -2.8642 0.67692 -1.1739 1.3975 -0.24455 1.9923 -2.2851 0.11855 -0.20367 3.4289
-0.75687 1.3349 0.81764 1.6552 0.031682 0.94809 -0.6616 0.8861 -1.0358 -0.14764 -0.02091 -0.6163 -1.8215 -1.5665 -0.073374 0.87194 0.064453 0.4344 -0.92943 1.2348 0.51667 0.65494 -0.36123 -0.85213 0.34594 -0.056924 0.82653 -2.3614 -0.8131 -3.6721 -0.36746 -0.77963 0.020952 -0.7209 2.2731 -1.43 0.52987 -0.72291 3.725
-1.6374 1.0719 0.7814 1.4187 0.34109 -0.68534 0.67649 0.53675 -1.0478 -0.09625 1.0812 0.94658 -1.5711 -0.94082 -1.3492 0.46365 -1.8327 -0.051377 -1.6161 0.54419 0.1014 1.6245 -0.41801 -0.077796 -0.46836 1.5948 2.2934 -1.9676 -0.66889 -2.9598 -1.0722 0.75211 -1.4042 -0.29594 1.6982 0.30175 0.95293 -0.17188 2.7371
-1.5254 0.48503 0.21817 0.07336 -0.1808 -2.7763 1.4166 0.0084981 -0.14859 -1.6156 0.32258 -0.77104 -0.15191 0.58602 -1.7681 0.21194 -2.5242 -0.69356 -0.85439 -0.60058 -0.32501 1.4012 -0.11433 -0.015485 -0.45609 2.2266 2.6779 -1.3454 -0.468 -1.2537 -1.5905 2.1893 -1.9609 0.24311 0.5748 1.4111 0.62179 0.49401 1.1825
-0.80588 1.1878 0.95178 -0.26303 0.18472 -1.0429 0.62547 -0.14736 0.54139 -1.489 -0.022875 -0.75807 -0.17321 1.6832 -2.0741 0.14796 -2.6993 -1.3529 0.4744 -1.5001 0.53632 1.69 0.84096 0.38738 0.33041 2.3233 1.7998 -0.38661 -0.29658 0.64122 -1.2694 2.9829 -1.2015 0.46019 -0.01637 1.9765 0.20772 1.6403 -0.43999
-0.30495 0.12369 0.78015 -0.83899 -0.32607 -0.22571 -1.1855 0.55659 0.43547 -0.79346 0.55095 -1.8129 0.19504 2.1299 -2.0836 0.19914 -1.9355 -1.7991 1.9731 -1.7549 0.8151 1.7853 1.7617 0.16848 0.94608 1.8075 0.16714 0.12692 -0.45527 1.6612 -0.65699 1.5075 0.30383 0.15547 -0.081041 1.4767 0.22501 1.8728 -1.1432
0.61779 -0.90186 0.59176 -1.353 -1.4777 -0.067962 -2.2328 0.40797 -0.10285 -0.022275 -0.033798 -0.3113 0.66627 1.6568 -1.8673 -0.047329 -0.87236 -1.8002 2.355 -1.3417 0.48014 1.4207 2.5011 0.25199 2.1384 0.97576 -1.1052 0.89831 -0.60894 1.9126 0.099031 -0.50433 1.3866 -0.63403 -0.28527 0.14021 0.20312 1.2968 -1.3786
0.31714 -0.96585 1.0081 -1.2731 -1.1929 0.52782 -1.3814 1.8126 1.5574 1.0206 1.4443 1.318 0.81945 0.92201 -1.6385 -0.4978 -0.19795 -1.6606 0.91861 -0.072921 0.044203 1.3956 1.9362 0.50869 2.4159 0.74689 -1.5434 1.526 -0.43335 1.3355 0.8784 -1.7888 1.3206 -0.59247 -0.60808 -1.0924 0.57312 0.12088 -1.2465
0.44011 -1.0185 0.71397 -0.96352 -1.7333 0.3037 -0.62867 0.71166 1.6422 0.79241 0.6668 1.5067 0.80593 0.23562 -0.69851 -0.59178 0.16084 -1.2413 0.072158 0.47401 -0.31151 1.3388 1.0229 0.62981 2.2117 0.2565 -0.98452 1.9493 0.16032 0.53354 1.2851 -1.7338 0.19576 -0.28719 -1.3796 -2.0326 0.24107 -1.3638 -1.1181
0.37384 -1.0456 0.21708 -0.9576 -1.9185 0.27329 -0.83772 -0.068211 1.6115 0.71364 0.073369 1.398 0.76983 -0.028822 0.040985 -0.29594 0.1536 -0.48375 -0.14067 0.017753 0.060511 0.63872 0.36154 1.1351 1.1576 -0.18103 -0.65906 2.4556 1.1973 0.51503 1.7827 -0.40661 -0.92113 0.12856 -1.9809 -1.8042 -0.10829 -2.1105 -1.4906
0.42867 -0.94654 0.42996 -0.68743 -1.7178 0.13499 -0.3254 0.23909 1.9922 0.68128 1.1194 1.8279 0.76093 0.30582 0.75095 0.16935 -0.0030829 -0.055997 -0.271 -1.0006 -0.069637 -0.92155 -0.6879 0.42754 0.026047 -0.66655 -0.62895 2.4823 1.4382 0.91731 1.727 0.60481 -0.57013 0.42934 -2.3117 -1.0381 -0.37055 -1.9287 -1.7202
0.20687 -1.0798 0.13401 -1.0864 -2.2051 -0.15269 -1.5418 0.67899 1.7213 0.65629 1.5556 1.618 0.61513 -0.3321 1.9908 1.3342 0.89303 0.98223 0.33765 -1.2269 0.21073 -1.3901 -0.73835 0.39705 -0.73644 -1.5998 -0.9857 2.0796 0.62866 1.3371 1.3753 0.98046 0.8015 0.21365 -2.1345 -0.09881 -1.0186 -1.3856 -1.6914
0.6285 -0.77804 0.759 -1.2816 -1.7008 0.18552 -2.1989 1.4239 0.94193 0.8936 2.1384 1.9482 0.48363 -0.77557 2.728 1.246 1.583 1.1601 0.9118 -0.079148 0.50064 -2.22 -0.46019 0.25944 -0.72038 -2.275 -1.4044 0.96769 -0.37452 1.2907 1.2528 0.74106 2.1638 -0.30803 -0.97539 0.5676 -1.2667 -0.55517 -1.0738
0.77694 0.23561 1.2939 -1.025 -1.2278 0.25951 -2.4567 0.93957 0.071679 -0.26493 0.85301 1.0298 -0.13628 -1.3167 2.7411 0.33922 1.9694 1.4046 1.0269 1.1788 0.23251 -2.9331 0.04987 -0.82142 -1.2546 -2.5634 -1.251 -0.89701 -1.3667 0.2529 0.59217 -0.62586 2.4641 -1.4816 0.23396 0.24096 -1.3079 0.11118 0.41104
-0.50232 1.6544 2.173 0.95869 -0.40556 0.89345 -1.8116 0.038226 0.14603 0.046734 0.62603 0.1155 -1.4272 -1.8117 2.0967 0.0070379 1.9773 2.0069 0.70986 2.1966 -0.66371 -2.0675 0.022291 -1.5021 -0.82809 -2.2076 -0.20249 -2.7655 -1.8764 -1.0062 0.064508 -1.6094 2.0457 -1.8752 1.9387 -0.21689 -0.82108 0.11857 2.2446
-0.5929 1.6927 0.80361 0.90209 -0.99928 1.2526 0.25917 0.93315 -1.1756 0.61296 1.1608 1.1744 -1.6859 -2.1377 0.72732 -0.51936 1.1947 1.6344 -0.71093 2.6477 -2.1305 -0.9805 -0.51352 -1.3437 -0.45397 -0.85844 1.654 -3.9214 -1.8879 -2.173 -0.80227 -1.8643 1.0443 -1.1028 2.5439 -0.66754 0.0069901 0.11659 3.674
-1.0229 1.3287 0.091736 0.94469 -0.38559 0.78998 1.0918 0.96706 -1.8356 1.0721 0.099057 -0.00095737 -1.7607 -0.73206 -1.1511 -1.7292 0.018779 1.1635 -1.1496 3.3457 -2.0263 0.67732 -0.60703 -1.1234 -0.87721 1.1026 2.8933 -3.7413 -1.3848 -2.0316 -1.038 -1.1641 -0.19032 0.36127 1.716 -0.98639 0.25565 -0.18549 3.7848
-1.4795 0.80396 0.75188 0.50654 0.51353 0.37516 0.48964 -0.31288 -0.2677 0.27507 -0.43104 1.0713 -1.4137 1.2411 -2.5665 -2.2181 -1.2737 0.37209 -1.4353 2.7212 -1.2543 0.77077 -0.94454 -0.99201 -0.99055 2.705 3.0342 -2.3347 -0.54421 -0.80107 -0.69796 0.23533 -1.4473 1.7521 0.47362 -1.0984 0.24759 0.10051 2.6137
-1.5185 0.2595 0.9206 -0.051102 0.12058 -1.1315 1.0558 -2.1874 -0.20763 -0.73417 0.26522 0.98374 -0.1268 1.9092 -2.8691 -1.6496 -0.73554 0.75619 -1.0522 1.759 -0.35026 0.48781 -1.6943 -1.1599 -0.9286 3.1429 1.6141 -0.45233 0.25948 0.77821 -0.143 1.2417 -2.5044 2.4008 -0.66605 -0.60311 0.45486 0.58863 0.70753
0.43009 -0.61307 -0.82303 -0.18582 0.043074 -0.15555 3.3762 -1.0964 1.3544 -0.72459 -0.80958 -1.4206 0.92072 2.2149 -2.5371 -1.5291 0.019558 0.57306 -0.34985 0.4766 0.55668 0.076306 -2.1209 -0.82362 -0.22115 3.0469 -0.40439 0.89274 0.63009 1.6737 0.62737 1.8984 -2.8718 2.3298 -0.57344 0.34273 0.56383 0.94524 -1.0856
1.1773 -1.076 -0.82672 -0.38188 -0.59352 -0.094709 2.4813 0.0013582 -0.54287 -0.15481 -0.2684 -0.6378 1.2368 1.8041 -1.9579 -1.5749 0.89338 0.80484 0.53973 -0.65229 1.8869 -0.27823 -1.202 -0.28963 -0.071837 2.2653 -1.8794 1.5192 1.1636 1.1931 0.83879 1.4496 -2.8934 1.1811 -0.15079 1.1425 0.70838 1.1433 -1.9725
0.69087 -1.4007 -0.8916 0.63206 0.6757 0.13574 2.4763 1.146 -1.6156 -1.2694 -0.97978 0.41068 1.2852 0.54983 -1.4339 -1.0794 1.1759 1.4872 1.1898 -1.9426 2.3043 0.035046 -0.52575 -0.29032 0.48924 1.0986 -2.3122 1.633 1.4132 0.37376 0.9861 0.69058 -1.9765 -0.51273 0.69932 1.1752 0.29936 0.26528 -2.0531
0.56348 -1.3274 -0.85585 1.0069 0.78829 -0.025838 0.39478 0.32762 -0.70317 -1.8864 -1.1497 0.51604 1.5575 -0.75471 -0.72381 0.27665 1.0151 1.8221 0.78641 -2.945 1.1623 0.22963 -0.26426 0.00053686 1.0233 0.4008 -1.4898 1.4796 1.1172 -0.64191 0.2024 -0.069311 -0.67269 -2.0533 1.1836 0.841 -0.15721 -0.60974 -1.4952
0.24549 -1.4035 -0.74529 1.2084 1.3262 0.49911 -0.31084 0.89954 0.45064 -0.93003 -0.081255 0.63691 1.484 -0.80974 -0.25597 0.15244 0.6928 1.8547 0.76091 -2.4206 -0.072436 1.233 -0.29834 -0.36293 -0.22975 0.1111 -0.095155 1.1557 0.3648 -1.054 -0.60716 -0.31698 0.96228 -2.1303 0.78741 0.59368 -0.49571 -1.1028 -0.81806
-0.22623 -1.7139 -0.97572 0.76789 1.5237 0.52762 -0.3535 0.81744 0.4861 -0.96782 -0.57824 0.32501 1.3983 -0.28545 0.079838 -0.12452 -0.10768 0.98957 0.61234 -1.798 -0.98822 1.4959 0.32277 -0.56432 -0.93546 -0.057674 0.79434 0.70453 -0.33179 -0.93031 -1.1801 -0.099279 1.823 -1.2767 0.016415 -0.035794 -1.1796 -0.84505 -0.37357
0.15402 -1.4923 -0.30031 0.76436 1.7476 0.70693 -0.71522 0.67636 0.41486 -0.77679 -0.93205 0.13347 1.4775 0.14853 0.2179 -0.18751 -0.30738 0.80324 0.68653 -0.56645 -0.8375 0.98758 0.33599 -0.99858 -0.74734 -0.21305 0.65583 0.36344 0.00017028 -0.41192 -1.3542 -0.16161 1.7987 -0.18139 -0.84652 -0.53945 -1.0704 0.37919 -0.096103
0.34015 -1.349 -0.92189 0.91201 1.8393 0.69299 -0.82376 -0.0033343 0.19148 -1.3313 -1.2977 -0.87213 1.3623 0.25944 0.29441 -0.1351 -0.28871 0.20817 0.62753 -0.16696 -0.97004 0.40579 -0.65611 -2.0455 -0.41491 -0.1405 0.019612 0.00033101 0.28189 0.13349 -1.3021 -0.48744 1.4852 0.67735 -1.4809 -0.81592 -0.55308 0.92542 0.10809
0.3463 -1.2149 -1.212 0.63955 1.6418 0.67501 -0.80065 -0.48542 0.82122 -1.1238 -1.8353 -0.53007 1.3093 0.1526 0.28825 0.18266 -0.01168 -0.21021 0.44439 0.41934 -0.41216 0.11658 -0.86769 -1.7669 0.2783 -0.028033 -0.33391 -0.26534 0.82487 0.27626 -1.6619 -1.1176 0.94835 0.84247 -1.7943 -0.097642 0.64953 0.83845 0.23343
0.55691 -1.1843 -0.88682 0.75856 1.9385 1.022 -0.46204 -0.11033 1.1313 -1.0457 -1.9072 0.072545 1.2935 -0.23999 0.05357 0.23016 0.010945 -0.86474 -0.16549 0.72522 0.18095 -0.99082 -0.67439 -1.286 0.42 0.054035 -0.15046 -0.35954 1.3944 0.26348 -1.7392 -1.6638 0.85199 0.9407 -1.7717 1.1288 1.9778 0.60955 0.14309
0.10639 -1.3208 -0.73491 0.71183 1.4603 1.2951 -0.61459 0.013997 0.68009 -1.9429 -3.3004 0.13659 1.3502 -0.21399 -0.12295 1.1619 0.087131 -1.6741 -0.95695 0.90874 0.29812 -1.859 0.1496 -0.069439 0.52834 0.13008 0.42176 -0.16561 1.2175 0.1457 -1.9606 -1.9795 0.58161 0.17997 -1.2778 1.5798 2.239 0.054783 -0.18976
-0.010039 -1.366 -0.38676 0.83091 1.2908 0.81382 0.42727 0.48281 0.20034 -1.8438 -2.6064 0.64196 1.4522 0.17285 -0.12796 1.9482 0.18134 -2.214 -1.7007 1.3131 0.58184 -2.1064 1.036 1.0818 0.69226 0.050603 1.0067 0.59637 0.5765 0.28144 -1.575 -1.3733 0.19083 -0.34419 -0.18299 1.5604 2.2657 -0.29269 -0.89793
0.024524 -1.3512 -0.42368 0.81376 0.58292 0.11896 0.073489 0.52153 -1.6014 -1.3753 -2.3527 -0.15275 1.5002 0.74415 0.094235 1.5733 0.19336 -3.0913 -2.3884 1.2987 -0.22263 -1.8442 1.3592 1.5496 0.25722 -0.38333 0.35811 1.5797 -0.45531 0.34086 -0.4359 -0.02702 -0.60526 -0.19216 1.0816 0.91405 1.615 -0.53707 -1.8178
0.34706 -1.421 0.37678 0.93453 -0.31297 -0.5805 0.41158 -0.3099 -1.7137 -0.64008 -0.89885 -0.12995 1.4175 1.1706 1.0087 1.1026 0.51225 -3.0123 -1.9526 0.90661 -0.21397 -1.341 1.765 2.4585 -0.029105 -1.3807 -0.80232 2.1743 -0.90655 0.22463 0.98207 1.3285 -1.2968 0.23206 1.9957 0.17534 0.66911 -0.50703 -2.3306
0.80628 -1.2794 1.1817 0.8283 -0.62818 -0.90594 1.449 0.58986 -0.85764 0.25629 -0.54013 1.2452 1.2665 -0.033656 2.1126 0.77725 0.59173 -2.0645 -0.89624 -0.13516 0.3439 -0.071446 1.5663 2.4896 -0.18775 -2.579 -1.8177 1.298 -0.94696 -0.020467 2.0718 2.2195 -1.4267 0.67776 2.1727 -0.23512 -0.46066 -0.22854 -1.6896
1.2822 -1.0259 0.2775 1.009 -1.8057 -1.3148 1.1953 -0.67516 -1.0059 -0.49647 -1.0326 0.17834 0.65681 -0.92462 2.7191 0.71413 0.42599 -0.94442 -0.057752 -0.62752 0.79241 0.99409 1.2703 1.9599 -0.10154 -3.2425 -1.911 -0.52185 -0.70067 -0.55223 2.1731 1.8476 -1.1666 0.22003 1.5911 -0.63679 -1.3727 -0.46681 0.039685
1.0551 0.24311 0.17634 1.5509 -1.5981 -0.43517 0.52443 0.33481 -1.5364 -0.24391 0.27446 -0.062104 -0.57039 -1.5894 1.5444 0.061576 0.20333 -0.3653 0.6666 -0.85649 0.65684 1.3268 1.1424 0.87856 -0.16205 -2.6356 -1.0327 -2.1641 -0.112 -0.7771 1.95 1.283 -0.17869 -0.59144 0.94302 -0.56685 -1.4405 -0.19868 1.8883
-1.084 1.2421 0.57729 1.4269 -0.54701 -0.17716 -0.46468 1.3801 -0.25865 0.1405 0.98147 0.088262 -1.635 -1.607 0.37761 0.20464 -0.3616 0.081793 0.59505 -1.1247 0.099427 1.1427 0.72801 0.51251 -0.97725 -1.2771 -0.024869 -2.9706 0.11932 -0.97778 1.1569 0.16181 0.5256 -1.8518 0.39936 -0.73955 -1.367 0.021965 3.1262
-0.76736 1.2607 1.0005 1.045 -0.67465 -0.41527 -0.51725 0.99876 -0.34867 0.529 0.28392 -0.063444 -1.7877 -1.6087 -0.53811 0.85194 -0.52017 0.96148 1.0842 -0.26375 -0.45796 1.7491 0.72511 0.32559 -0.14525 -0.0030552 0.93056 -2.1552 0.2689 -0.86008 0.4402 -0.66169 0.8743 -2.488 0.21171 -1.0518 -0.91389 0.36929 3.1064
-0.66286 -1.0911 0.50087 1.0322 -1.3772 -0.10222 0.25642 -0.011043 0.37401 0.99548 -0.27096 0.43851 -0.60713 -0.95048 -1.4884 0.56163 -1.1085 0.49242 0.010124 0.13524 -2.3119 1.5974 0.02914 -0.50371 -0.060975 1.3323 0.89327 -0.62491 0.052357 -0.58714 0.074124 -0.50599 0.73629 -2.0194 -0.070792 -1.3476 -0.5797 0.4863 1.9539
-0.16851 -0.89709 1.1067 0.29991 -1.078 -0.66409 -0.22532 0.10381 0.12651 0.29407 0.014556 -1.0537 0.17578 -0.1702 -1.3284 0.39911 -1.0904 0.22927 -0.25535 0.28377 -3.068 1.541 -0.56811 -0.44368 0.12819 1.9137 0.46608 1.1873 -0.21922 -0.44919 0.13555 -0.39785 0.22945 -0.30855 -0.58718 -1.8042 -0.36563 0.33831 0.25181
-0.92462 -0.45905 1.1418 0.99467 -0.11998 0.74285 0.82351 -0.95793 1.2133 0.14475 0.22392 0.42557 -0.19149 -0.64834 -0.32483 0.55136 -1.2125 0.58364 0.33233 0.090313 -2.5914 1.1269 -1.2632 -0.26219 -0.12997 1.4469 -0.10331 2.0116 -0.12361 0.19176 0.62721 0.21108 -0.073382 1.7152 -0.8182 -0.96488 -0.038308 0.47105 -1.2072
-0.95984 -0.58598 0.72563 0.00043667 -0.85215 -0.95282 -0.12855 -2.2958 0.55271 -0.12582 -0.23884 -0.068733 0.24779 -0.87914 0.98952 0.48107 -1.3357 1.163 0.1864 0.21386 -0.9024 0.83836 -2.1587 -0.52466 0.57524 0.41471 -0.15695 1.5031 -0.045731 0.51504 0.27768 0.052891 -0.15881 2.7033 -1.0681 0.062968 0.0085148 0.26622 -1.6352
-1.187 -0.13178 1.2291 0.082845 -0.43381 -0.56163 -0.26188 -2.0586 1.9743 -0.1628 0.1853 0.40007 0.36809 -0.7779 0.92084 0.31937 -0.60599 1.1647 0.15513 0.0077575 0.056749 0.3436 -1.0656 -0.53546 0.6688 -0.19235 0.22286 0.56193 -0.13952 0.92384 -0.14901 0.47276 0.29769 2.8038 -0.9381 1.0418 0.41303 0.28574 -1.3963
-1.3248 -0.069461 1.5854 -0.5049 -0.31552 0.57516 -0.0060576 -1.8648 0.71024 -0.82295 -0.52728 -0.62962 0.18273 -0.38742 0.71718 0.45615 -0.38462 0.44379 -0.087298 -0.011608 1.0298 -0.16918 -0.54863 -0.28527 0.26962 -0.34733 0.26775 -0.21546 -0.38048 0.73166 -0.84791 0.56524 0.44627 1.8424 -0.70246 1.5841 0.73309 0.0091887 -0.89276
-1.3865 0.028133 0.97549 -0.64186 0.34421 -0.16614 0.95929 -0.092142 1.4097 -2.0199 -1.0498 1.4509 -0.042162 -0.46742 0.81413 0.33346 0.1166 0.67419 1.3089 0.79737 2.0648 -0.21274 -0.03742 0.45215 0.60296 -0.8027 0.03507 -0.36517 -0.63153 0.36942 -1.1132 -0.071411 -0.0034298 0.46388 -0.097688 0.86262 0.52245 -0.26278 -0.48569
-1.1405 0.2623 1.4765 0.41794 0.5618 -0.29583 -0.35209 -0.52162 0.61106 0.058156 -0.21618 -0.058 -0.25665 -0.52382 0.6699 -0.19667 -0.26638 -0.12873 0.61667 0.71639 1.7987 -0.25861 0.41768 0.45821 0.63139 -0.96179 -0.18406 -0.56616 -0.94508 0.18108 -0.7528 -0.38866 -0.61853 -1.1426 0.25168 0.19292 0.21417 -0.61353 -0.10372
-1.4434 0.21171 1.5059 0.233 -0.51489 0.011864 0.52471 -0.81797 0.98327 -0.34751 -0.020352 0.68299 -0.35655 -0.63335 0.30655 -0.4837 0.060526 -0.56744 -0.34247 -0.37602 0.62844 0.21503 0.132 0.14652 -0.036516 -0.79975 -0.055887 -0.65711 -1.0209 -0.05622 -0.48764 -1.0577 -0.78582 -1.6266 0.2784 -0.71576 0.066746 -0.7925 0.36663
-1.6986 0.53861 1.147 -0.18906 0.13874 1.2863 1.3161 0.41019 0.77816 -0.37256 0.73104 0.89967 -0.59392 -0.63703 -0.022671 -0.83776 0.0025166 -0.29987 0.01832 -0.69913 -0.49936 0.13794 -0.26112 0.30226 -0.64137 -0.5437 0.30951 -0.56596 -0.95161 0.062685 0.47138 -0.6137 -0.47507 -1.0022 0.096441 -0.93098 0.30244 -0.82456 0.61436
-1.8676 0.60608 1.0047 -0.92175 -0.69241 0.00042073 0.66562 0.13266 1.5092 -0.28439 -0.047273 1.0466 -0.77167 -0.5042 0.0058138 -1.1871 -0.12059 -0.12367 -0.32348 -0.11025 0.0012344 0.1631 -1.1013 0.66882 -0.3518 -0.32037 0.8242 -0.38105 -0.44182 -0.058932 0.82385 -0.20376 0.047815 -0.48953 -0.19437 -0.49365 0.20617 -0.30926 0.72282
-1.9619 0.0032327 0.8435 -0.0032596 -0.5295 -0.67993 -1.2605 -1.1237 0.99363 -1.6102 -1.2286 -0.73735 -0.68438 0.00010177 -0.17301 -1.5594 -0.047149 0.50584 -0.52034 -0.39812 0.14493 -0.020143 -0.78949 0.80903 -0.86665 -0.043317 1.7563 -0.41495 -0.041715 0.016816 0.50516 0.0036466 0.41984 0.00356 -0.133 0.41708 -0.074094 0.35369 0.92249
-1.8479 0.026598 0.12485 0.027415 0.57518 0.12112 -0.13288 -0.98821 1.2273 -1.4042 0.25 0.39503 -0.61604 0.59709 -0.28431 -0.90569 -0.022655 0.52562 -0.45841 -0.44179 -0.63883 -0.071344 -0.57312 0.31179 -0.54191 0.31258 2.3433 -0.54535 0.33229 -0.31239 -0.40637 0.164 0.41411 -0.1809 0.24246 1.4395 -0.53397 0.59649 1.1194
-1.6968 0.57268 0.45928 0.26498 -0.17502 -0.29602 0.67343 0.091193 0.67589 -0.79999 1.6568 -0.071451 -0.64229 2.1008 -0.60365 -1.0301 -0.0070448 0.29322 0.076071 0.31009 -0.14114 0.011694 0.28498 0.33667 0.17065 0.87859 2.1379 -0.49377 0.76296 -0.55737 -1.4724 -0.025595 0.23986 -0.075128 0.79259 1.7809 -0.89278 0.5251 1.107
-1.4662 0.068635 -0.41997 -0.47597 0.19251 0.092351 0.27344 0.034366 1.0705 -1.1079 0.96326 -0.3352 -0.45807 2.8293 -0.73567 -0.81991 -0.74193 -0.75335 -0.34105 0.36739 -0.18538 0.64986 1.1694 -0.16251 0.33544 1.3285 1.1856 -0.37445 0.58958 -0.71526 -1.56 -0.19393 -0.43741 0.09703 0.96129 1.8316 -0.73774 -0.0072552 0.78553
-1.0058 0.19312 0.66867 -0.61946 0.38766 0.27344 -0.11525 -1.1797 0.99703 -1.126 -0.26819 0.42992 -0.24775 2.8845 -0.81285 -0.18336 -0.76557 -1.5246 -0.64167 -0.32633 -0.20053 1.2152 1.8143 -0.7418 -0.24319 1.5352 -0.26682 0.17411 0.7971 -0.46061 -0.95315 -0.34074 -0.96692 0.28382 0.55559 1.3989 -0.15034 -0.5587 0.12228
1.0963 -0.62358 -0.4668 -0.35758 -0.64516 -0.4951 0.47926 -0.45835 1.5493 -0.20667 -0.23584 0.9091 0.48942 2.4286 -0.83408 -0.227 -1.0287 -1.3944 -0.46698 -1.0284 -0.38456 1.2581 2.2363 -0.62564 -0.34487 1.465 -1.3635 0.71177 0.66784 -0.11046 0.22124 0.05237 -0.62438 0.86388 -0.42866 0.4951 0.49316 -0.68758 -0.60067
0.87161 -0.76362 -0.24094 -0.849 -1.2903 -1.0731 -0.55892 -1.4264 1.9654 -0.22189 -0.64136 -0.48767 0.8751 1.8141 -0.23799 0.15476 -0.75338 -1.1142 -0.49425 -0.97671 0.55552 0.83252 2.4802 0.27105 -0.60953 1.0413 -2.2963 1.2483 0.84383 -0.12438 1.1046 0.55051 0.22107 0.86267 -1.5012 -0.73657 0.53839 -0.66306 -1.2111
0.71089 -0.3176 0.29024 -0.71111 -1.2023 -0.3158 -0.15771 -0.21462 2.6561 1.139 0.5644 -0.25462 0.86271 0.8309 0.24486 0.25611 -0.95631 -0.55591 -0.33625 -0.59355 1.1904 0.010174 1.7991 0.32598 -0.86125 0.44413 -2.2155 1.2423 1.1523 0.11541 1.2583 0.80709 1.1553 0.6478 -1.9432 -1.7064 -0.041982 -0.41122 -1.3926
0.53875 -0.35496 -0.10288 -1.4386 -1.2474 -0.41401 -1.3132 -0.41905 1.8318 1.383 0.67813 -0.55515 0.78062 -0.59101 0.86518 1.1418 -1.0372 0.061427 0.27344 -0.10569 0.7634 -1.1233 0.58892 -0.13187 -1.3155 -0.23583 -1.5556 0.61833 0.99694 0.33889 0.93481 0.7467 1.4546 -0.24165 -1.7109 -2.3344 -0.90271 0.030585 -1.0698
0.85027 -0.098523 0.10509 -1.2308 -0.57981 -0.39671 -1.0165 0.50651 1.8116 1.1885 0.61475 -0.60818 0.63444 -0.49236 0.82114 1.4099 -0.65555 0.30179 0.59423 0.87939 0.83441 -1.6047 -0.15692 -0.5038 -0.81524 -0.52 -0.61843 0.032803 0.75242 0.81241 0.41407 0.4495 1.3729 -0.60856 -0.77576 -1.8918 -1.015 0.51355 -0.50881
0.7347 0.14587 0.6783 -1.6414 -0.69514 -0.61739 -0.27024 0.1302 0.85369 0.61088 -0.60846 -0.40697 0.49702 -0.41643 0.57648 1.4244 -0.23754 0.15415 0.37622 1.2405 0.28271 -1.7392 -1.1077 -1.122 -0.56622 -0.49193 0.10336 -0.46357 -0.048823 0.83564 0.081998 -0.041014 0.66158 -0.57265 0.26933 -0.85091 -0.6015 0.81801 0.040037
0.072663 0.25319 0.93843 -1.6089 -1.143 -0.28912 0.31197 -0.27373 0.24397 0.26344 -0.5873 -1.8962 0.38346 -0.39958 0.45558 1.5145 0.23165 0.15021 0.40993 1.5204 0.24825 -1.2027 -1.0536 -1.2123 -0.19701 -0.38603 0.12071 -0.45811 -0.46487 0.53703 0.22203 -0.30576 -0.33938 -0.56232 0.98619 0.26691 0.1481 0.78497 0.27952
0.3391 0.16572 1.4829 -1.4176 -0.967 0.032371 0.82611 0.030044 0.58826 0.32968 -0.55301 -1.2124 0.3351 -0.43362 0.23587 1.0249 0.1522 0.28724 0.27501 0.91025 -0.054394 -0.76824 -0.63009 -0.98073 0.02736 -0.22683 0.25969 -0.088771 -0.71772 0.18095 0.37057 -0.25288 -1.0637 -0.45258 1.0281 0.99085 0.79526 0.93972 0.17596
0.34583 0.25425 1.3964 -1.0472 -0.92517 0.017017 0.86481 0.27871 0.42178 0.16288 -0.64475 -0.60948 0.34071 -0.24761 0.18903 0.78474 0.20142 0.63932 0.074888 0.33963 -0.087322 -0.10953 0.12102 -0.27236 0.4734 -0.12531 0.32328 0.62934 -0.69856 0.3483 0.17913 -0.058247 -1.6547 -0.50457 0.29575 0.65458 0.868 0.67418 -0.40853
0.27958 0.22173 1.3638 -1.2009 -0.65747 -0.17998 0.61407 0.23216 0.35669 0.27038 -1.1244 -0.69665 0.3215 0.0031056 0.56098 0.50222 0.13641 0.58315 0.069553 -0.35125 -0.42094 -0.22186 0.23622 0.0095947 0.99563 -0.2902 -0.10318 0.9586 -0.5559 0.94935 0.08947 0.37904 -1.5423 -0.34111 -0.11466 0.13231 0.82646 0.31463 -1.0846
0.27463 0.27336 1.2513 -1.4264 -0.15736 -0.30477 0.32778 0.13477 0.48086 0.31493 -1.1506 -0.76163 0.34806 -0.0037428 1.4151 0.52382 0.92408 0.32851 0.39088 -1.2362 -0.5436 -0.86728 -0.21254 0.040147 0.6812 -1.1236 -0.72151 0.50597 -0.84081 1.0396 -0.011019 0.40031 -1.2323 -0.14908 0.087711 -0.73392 0.75603 -0.09458 -1.0475
0.16339 0.4522 1.8533 -1.4574 -0.29005 -0.40782 0.57167 -0.39284 0.51546 0.80294 -0.65571 -0.2725 0.29326 -0.73721 1.3276 0.16409 1.6452 0.60623 0.78702 -1.4601 -0.4754 -0.59637 -0.20953 0.52718 0.56176 -1.7708 -0.89959 -0.55697 -1.4043 0.25478 0.017821 -0.30184 -0.42967 0.13291 0.45786 -0.94072 0.55663 -0.65615 -0.16036
0.20382 1.0641 1.599 -1.2004 -0.78782 0.23043 -0.17554 -0.77268 -0.2141 0.3095 -0.36037 -0.26144 -0.12468 -1.213 0.70945 -0.55815 1.477 0.60905 0.42467 -1.6319 -0.32631 0.27287 -1.0949 0.9916 0.50461 -1.3583 -0.42153 -1.7366 -1.8686 -1.2001 0.14037 -1.3719 0.45914 0.5641 0.83698 -0.40736 0.32512 -0.79299 1.2742
0.45058 2.0955 2.0808 0.50765 -0.58525 0.65847 -1.3747 -0.12688 -0.84585 -0.33434 -0.84364 -0.066309 -1.4036 -1.0601 -0.063552 -1.4985 0.36247 0.47647 -0.51019 -1.0424 -0.23345 0.13881 -1.1655 0.65623 -0.23265 -0.47447 0.4026 -2.1649 -1.5779 -2.3717 0.014238 -2.1457 1.1982 0.89567 0.88445 0.64909 0.037809 -0.62957 2.3166
-1.0736 1.1304 1.0815 0.83282 0.34158 0.67921 -1.0744 -0.11367 0.20332 0.18445 0.0016233 0.060565 -1.5941 -0.61802 -0.95422 -2.0351 -0.76358 0.6493 -1.4609 -0.52139 0.49143 0.44929 -0.53528 0.63312 -0.51372 0.62978 0.96263 -1.8394 -0.78917 -2.7428 -0.16268 -1.8731 1.6039 0.82744 0.52517 1.936 -0.056201 -0.1337 2.3963
-1.0943 0.37827 0.44112 -0.58405 0.21821 -0.43866 -1.6376 -0.33662 1.519 -1.2272 0.26045 -0.18213 -0.30592 -0.27248 -1.6635 -1.9563 -1.8437 0.6132 -2.1717 0.41542 0.93295 1.0939 0.77419 0.78701 -0.19211 1.6008 1.2219 -0.64315 0.36133 -1.9026 -0.58331 -0.78064 1.1709 0.46678 0.013356 2.3308 -0.042909 0.71656 1.413
-0.36564 0.18413 -0.20798 -2.0056 -0.005717 -1.3499 -0.35458 -0.58847 -0.0776 -0.37959 -0.50901 -1.4184 0.36659 0.2005 -1.7375 -1.7468 -2.7511 0.24682 -2.1524 0.89741 0.77163 0.85982 1.7134 0.81804 0.21985 2.1199 0.98447 0.87668 1.2662 -0.14518 -0.78165 0.85525 0.40477 -0.13325 -0.81341 1.8913 -0.26161 1.1109 -0.32418
-0.058633 -0.10914 0.11066 -1.9947 0.1044 -1.6017 -0.45593 0.49076 0.52003 0.59514 0.39894 -0.56959 0.74947 0.82168 -0.80179 -0.9577 -2.3398 -0.37928 -1.5942 0.62333 0.58837 -0.019066 2.2597 0.48229 0.84825 1.4435 0.516 2.0691 1.6185 1.9215 -0.58273 2.2496 -0.92209 -0.44757 -1.3293 0.27707 -0.41748 0.97202 -1.9747
-0.19351 -0.14847 -0.016288 -2.0564 -0.014303 -1.4684 -0.068708 0.76462 1.1694 1.2503 0.63423 0.16699 0.71258 0.68298 0.17472 -0.19587 -0.79139 -0.27128 -0.21737 0.18735 0.42907 -0.58984 2.4126 0.26485 1.2078 0.098101 0.058748 2.4061 1.4859 3.4914 -0.45409 2.4846 -1.7356 -0.50847 -1.0244 -1.3494 -0.60659 -0.0099964 -2.7925
-0.13929 -0.02048 -0.076415 -2.2738 0.13604 -1.3697 -0.35099 0.49046 0.56545 1.3965 0.40759 0.49734 0.58282 0.46012 1.0504 0.25062 0.92279 -0.18368 0.91767 -1.1228 0.24278 -0.802 0.96121 0.23001 1.276 -1.1087 -0.15538 1.7971 0.83185 3.6624 -0.1992 1.7636 -1.4357 -0.52232 -0.20265 -2.3676 -0.72546 -0.97015 -2.3858
-0.31856 0.061225 -0.28285 -2.4276 -0.30203 -1.5117 -0.58123 0.0079829 0.35066 1.916 0.52342 0.96585 0.33657 0.50181 1.6029 0.38908 2.4192 -0.67353 1.0742 -1.7818 -0.03847 -0.76365 -0.27871 -0.26914 -0.009422 -1.8653 0.14627 0.85932 0.32372 2.633 -0.29471 0.87219 -0.60747 -0.64226 0.050557 -2.547 -0.93725 -1.7926 -1.2814
0.1031 0.74335 0.21492 -1.7 -0.09813 -0.80144 -1.0963 0.081687 -0.020093 1.2723 0.10514 0.54987 -0.053506 0.6332 1.6729 0.29463 3.1893 -0.53828 0.93697 -1.3328 -0.18836 -0.31404 -1.0255 -0.70271 -0.492 -2.0697 0.37954 -0.029855 0.14132 1.0598 -0.026452 0.4947 0.43118 -0.78963 -0.30951 -2.0691 -0.97217 -2.0456 -0.10276
0.37295 1.4356 0.23887 -0.34315 -0.11759 -0.23614 -2.3999 0.39185 -1.1164 0.6534 0.18512 0.39595 -1.0038 0.88029 1.3926 0.39833 3.2063 -0.62738 1.3359 -0.9593 -0.60505 -0.7125 -1.5755 -1.146 -1.5131 -1.8353 0.10796 -0.74794 0.15053 -0.50811 0.2124 0.196 0.78526 -0.90233 -0.62993 -1.0712 -0.61794 -1.575 0.74532
0.36194 1.4649 0.50848 1.2227 -0.98917 -0.70047 -2.8397 0.78673 0.64561 0.52765 0.1928 -0.73826 -1.3096 0.99007 1.1111 0.52886 2.5984 -0.25347 1.6662 -0.66754 -1.0175 -1.4218 -2.438 -1.2789 -2.0867 -1.3168 -0.52763 -1.3131 0.36615 -1.3966 0.19691 -0.10582 1.138 -0.23957 -0.78447 -0.10644 -0.22028 -0.65553 1.2392
0.35499 1.4138 -0.077123 0.91775 -0.31827 -0.67251 -0.9382 0.060315 0.92978 0.41066 -0.64359 0.12143 -1.3684 0.53574 0.5685 0.57167 1.7325 -0.42932 1.0481 -0.52581 -1.3922 -1.4408 -1.6703 -1.2171 -2.3789 -0.83684 -1.2942 -2.154 0.10061 -1.7412 0.57339 -0.60121 1.6082 0.70215 -0.43578 0.94334 0.36737 1.0365 1.5784
0.8789 1.3432 0.36948 0.55375 -0.71204 0.41659 -1.792 -0.96453 -1.5315 -0.17316 -1.3257 -1.8142 -1.2224 -0.16827 -0.23054 0.90171 1.2149 -0.2788 0.87296 0.75845 -0.24144 -1.488 -1.1908 -1.1048 -1.3744 -0.23341 -1.6372 -2.6979 -0.31466 -1.5347 0.42994 -1.373 1.6986 1.9185 0.68377 1.6649 1.1346 2.1125 1.595
0.91936 1.6676 0.62428 0.53773 -0.29658 0.79076 -2.1815 -1.1672 -2.2615 -1.4005 -1.0128 -1.9312 -1.1745 -0.94488 -1.7404 0.42038 0.51607 0.4268 0.62764 1.5947 0.43821 -1.5245 -0.36058 -0.49077 0.22263 0.59779 -1.0079 -2.3797 -0.91782 -1.1713 0.21229 -1.5246 1.4603 2.3772 1.9823 1.6989 1.5341 2.8734 1.3438
0.50599 1.6511 0.98259 1.1945 -0.86415 0.0072587 -2.8361 -1.0034 -1.5074 -0.1156 -1.2243 -2.7468 -1.5025 -1.3141 -2.5008 0.054094 0.22638 0.099729 -0.62583 1.7236 1.9243 -0.00021292 0.15556 0.64082 0.87126 0.97193 0.35418 -1.597 -1.5202 -1.1763 -0.63044 -1.537 0.49215 1.3955 2.5863 1.6368 1.4927 2.6428 1.0459
-0.22634 0.80976 1.2335 2.0872 -0.72529 0.35726 -0.22528 1.5129 -1.6902 -0.44889 -1.141 -0.57975 -1.3695 -0.76129 -2.4996 -0.6572 -0.046138 -0.23219 -0.97942 1.957 2.2966 1.7755 0.97121 0.99504 2.2892 1.0931 1.5695 -0.34634 -1.6472 -1.3379 -1.3973 -0.9983 -0.1986 0.28292 2.3805 1.2065 1.2272 2.1817 0.67517
-0.82531 -1.3712 0.1491 1.1994 0.10879 -0.13547 0.75407 0.66482 -0.76328 0.4285 -0.58987 0.55164 -0.12436 0.41179 -2.6688 -1.313 -0.78654 -1.0918 -1.1228 1.5682 1.6434 2.0224 1.3368 1.1543 2.9189 1.4903 2.1555 0.81812 -1.2607 -1.3693 -1.3825 -0.12797 -1.0658 -1.3454 1.1658 0.6879 0.66116 1.0939 0.30332
-0.48404 -0.99631 -0.042924 0.39562 -0.54604 -1.2824 0.73512 1.7897 0.193 -0.039379 0.24864 0.03105 -0.25977 1.132 -2.261 -1.8817 -1.5746 -1.5111 -0.94776 1.2546 1.174 2.2156 1.4015 1.7214 3.5968 1.6113 1.6935 1.7475 -0.01336 -0.70894 -0.85485 0.41984 -1.6382 -1.5451 -0.052493 -0.020358 0.55395 -0.55677 -0.23219
0.88635 -0.37682 -0.037814 0.55886 -1.3018 0.092634 -0.36378 0.93757 0.17673 0.4622 -0.28038 0.83231 -0.29423 1.7727 -1.1639 -1.613 -1.6676 -1.7677 -0.88969 -0.11161 -0.16635 2.1173 1.2798 1.6099 2.4249 1.2849 0.3368 1.8382 0.90782 0.14602 0.27372 0.67243 -1.5295 -1.3046 -0.71711 -0.013403 0.48544 -1.7548 -0.61343
1.4703 -1.1867 -0.52499 0.044173 -2.0716 -0.72926 -0.49089 0.61197 0.084841 0.45448 0.33313 1.9173 0.37409 1.7295 -0.15112 -0.50698 -0.97864 -1.4439 -0.35211 -0.55684 0.15128 1.6446 0.95521 1.8842 1.4198 0.75885 -1.0269 1.3132 1.3713 0.69481 1.1633 0.41873 -1.0098 -0.83123 -1.154 0.087744 0.19518 -2.8713 -0.69111
0.80647 -1.423 -1.0134 -0.19405 -2.2719 -1.0416 0.63812 1.7634 1.4873 1.7631 1.3412 3.4233 0.33721 0.75249 -0.46229 -0.31671 -0.79366 -0.62759 -0.21943 -0.65799 -0.41589 0.90367 1.529 2.0523 0.47855 0.76122 -1.5916 0.87392 1.552 0.71285 1.5905 0.84046 -0.5458 -0.2169 -1.5018 -0.047145 -0.40826 -3.1444 -0.64474
1.1783 -1.1903 -0.60057 -0.00568 -1.8752 -0.81655 -0.014271 0.83679 1.1361 0.77166 0.9564 2.2294 0.45969 -0.26325 -0.27939 0.00086394 -0.65268 0.030627 -0.54102 -0.54426 -0.32781 0.55008 1.4436 1.8968 -1.2073 0.57148 -1.3043 0.89162 1.8313 0.075421 1.5117 1.1028 -0.54553 -0.21351 -1.6257 -0.71162 -1.4715 -3.1759 -0.55044
1.1599 -1.1672 -0.026171 -0.12473 -1.3339 -0.70186 -0.3979 1.3031 1.4963 1.1498 2.3974 1.3654 0.57129 -0.19022 0.45513 0.99382 -0.43658 0.38182 0.71025 -1.2438 -0.32825 -0.29903 0.93872 0.78853 -2.5888 0.16425 -0.94032 1.3126 2.1626 -0.47672 1.1896 1.1974 -0.084593 0.71243 -1.4808 -1.2754 -2.1446 -2.1412 -0.64562
0.75667 -1.3026 -0.57129 -0.62661 -1.7464 -1.1207 -0.95549 0.65192 0.77477 2.1163 2.6149 0.64572 0.52479 -0.22228 0.97642 2.2091 -1.0037 0.79529 1.1636 -1.3893 -0.28723 -0.96386 -0.14484 -0.43387 -3.4373 0.0207 -0.85573 1.2852 1.723 -0.86706 1.034 0.79941 0.73253 0.94153 -1.3203 -1.398 -2.4654 -0.33458 -0.56513
0.75991 -0.88986 -0.33699 -0.24636 -1.7813 -0.73072 -0.99685 0.41571 0.80349 2.126 1.873 -0.26557 0.57022 -1.0119 1.2412 2.5558 -1.5392 1.1495 1.08 -0.42079 1.0156 -1.2612 -0.17353 -1.084 -2.7135 -0.17938 -1.0816 0.91029 0.55298 -0.72585 1.1441 -0.48315 1.5974 0.73691 -0.65363 -1.2744 -2.1167 1.13 -0.34133
1.2876 -0.68698 0.71685 -0.53664 -1.7481 0.42741 -2.0135 0.92255 0.016636 1.4305 1.0818 -0.76372 0.49492 -1.4385 1.6104 2.3931 -1.7821 1.5239 0.70528 0.52536 0.90893 -1.5719 -0.73655 -2.1128 -1.8139 -0.32104 -0.93071 0.42485 -0.86331 -0.045298 0.98089 -1.4847 1.647 -0.1091 -0.057313 -0.88148 -1.361 1.7995 -0.19186
0.45553 -0.094581 1.9994 -1.6894 -0.75632 0.21048 -1.0964 1.4319 0.46216 0.73056 0.47371 -1.5708 0.34931 -1.5897 1.7574 1.937 -1.4533 2.0945 0.048254 1.0438 0.57428 -1.2731 -1.2602 -2.6176 -1.1203 -0.30751 -0.20794 -0.065381 -1.7307 0.67074 0.37494 -1.8983 1.1203 -1.2912 0.40892 -0.7767 -0.48665 1.5441 0.015591
-0.34765 0.12264 2.002 -1.8901 -0.15932 -0.018302 -0.19493 2.6115 -0.5314 0.96061 0.40063 -1.2856 0.2868 -1.6593 1.4785 0.96548 -1.1282 2.1036 -1.0252 1.2245 -0.25304 -1.051 -1.3286 -2.3951 -0.60556 -0.27622 0.81016 -0.60016 -1.9854 1.2625 -0.69251 -1.0839 0.14334 -1.7063 0.58327 -0.36834 0.51946 1.0019 0.088527
-0.5811 0.51565 1.5827 -2.156 0.052902 -0.49687 0.34497 1.4023 -0.76336 1.0613 -0.20988 -0.87701 0.21357 -1.2786 1.1997 0.13154 -0.55417 1.5412 -1.5083 1.5017 -0.94717 -0.68818 -1.3999 -1.9153 -0.20361 -0.17187 1.8003 -0.69982 -1.6433 1.5843 -1.4917 0.36168 -0.73129 -1.6556 0.76583 -0.23775 0.98797 0.66868 -0.057508
-0.65251 0.65341 1.0411 -1.6382 0.33323 -1.0472 -0.025373 0.52799 -0.632 0.72394 -1.3993 -1.2129 0.26668 -0.071212 0.83544 -0.3078 0.23205 0.54547 -0.49523 0.57598 -1.702 -0.68438 -1.3912 -1.4162 -0.24994 -0.22151 2.1129 -0.52909 -0.78249 1.7654 -1.7823 1.641 -1.3323 -0.69197 1.1035 -0.33736 1.1312 0.46928 -0.26422
-0.57341 0.67373 1.2396 -1.4804 0.41021 -1.3473 0.051321 0.18462 -0.53583 0.10598 -1.3989 -1.5062 0.25962 0.98676 0.84877 -0.40491 0.95663 0.16856 0.42184 -0.13608 -1.9717 0.086348 -1.6982 -1.1186 0.053211 -0.44268 1.4004 -0.33493 -0.12122 1.6104 -1.4196 1.9738 -1.5634 0.28107 1.2084 -0.037842 1.7245 0.50351 -0.45609
-0.21861 0.7825 1.7669 -1.8038 0.12813 -0.88895 0.66788 0.60151 -0.72382 -0.58231 -1.1973 -1.2563 0.24433 1.162 0.72593 -0.17166 1.5588 -0.44219 0.96463 -0.68638 -1.0896 0.7755 -1.8433 -0.51733 0.21576 -0.63815 -0.067429 -0.31541 0.17315 1.2763 -0.81687 1.3019 -1.003 0.84758 1.2258 0.44813 1.879 0.9502 -0.49194
0.22478 0.91536 1.74 -1.5366 -0.073644 0.18502 -0.23848 -0.12971 -0.91695 -0.41493 -1.1246 -1.9078 -0.045636 0.72901 0.67008 -0.13343 1.9233 -0.53925 1.3194 -1.0683 -0.66174 1.0042 -1.2525 1.1027 0.58219 -0.8224 -1.5351 -0.57519 0.26494 0.85493 -0.099364 0.47763 -0.34737 0.77387 1.1381 0.67379 1.4206 0.99653 -0.32978
0.7137 1.3397 0.95809 -0.44891 0.29611 0.22203 -0.3693 -0.22107 -0.25582 -0.66037 -1.4803 -0.44481 -0.34552 -0.057268 0.37491 -0.1025 2.2393 -0.58134 1.397 -1.0162 -0.63561 1.3135 -0.74319 1.2508 1.4037 -0.95806 -2.159 -0.77725 0.4316 -0.17692 0.51234 -0.17055 0.13326 0.69085 0.94024 0.79427 0.78354 0.95061 -0.031375
0.29755 1.2829 1.1743 0.0018914 -0.57761 -0.13719 -0.9501 -0.11617 0.663 -1.1418 -1.3846 -0.75877 -0.44675 -1.2575 0.014667 0.069302 2.2869 0.059137 1.0542 -0.69239 -0.62437 2.1 -0.9365 0.85454 1.4707 -0.90358 -1.8199 -0.91056 0.76331 -1.3007 0.80338 -0.39373 0.3246 0.90286 0.22536 0.43982 -0.10409 0.025611 0.33782
-0.26002 1.2663 1.1229 0.53975 -0.058624 0.12562 -1.5273 -0.29208 0.42994 -0.66316 1.0135 -0.67983 -0.57311 -1.8628 -0.31357 0.54034 1.0394 0.18938 0.77212 -0.61533 0.30047 2.117 -0.45414 1.1847 1.6905 -0.65614 -0.4311 -0.62504 0.55933 -2.1726 0.96601 -0.36378 0.30137 0.9075 -1.4727 0.14162 -0.48758 -1.1644 0.66274
-0.68736 0.90188 1.6792 0.65673 -0.36885 0.57224 -0.6413 -0.46839 0.81725 -0.93377 -0.1412 0.83415 -0.81722 -1.7535 -0.58881 0.96469 -0.0015099 0.53417 0.9026 -0.61949 0.70177 1.0711 -0.54236 0.93139 0.49511 -0.33627 1.3465 -0.038943 -0.34686 -2.2989 0.47147 -0.65563 0.5856 0.34182 -2.9753 0.38177 -1.1851 -1.8595 0.78551
-1.5422 0.8404 1.8689 0.7065 0.54534 0.76147 -0.31261 -0.3715 2.1467 -1.9165 -0.88694 0.24893 -0.82124 -0.60289 -0.42118 0.49659 -0.83805 0.93496 0.7978 -0.4508 0.54212 -1.0778 -0.6683 0.23804 -0.44849 0.0076228 2.3274 0.61195 -1.4508 -1.4893 0.041578 -1.25 0.99476 -0.54776 -3.3508 0.73638 -1.4215 -2.1429 0.7279
-1.2779 0.80857 1.889 -0.57056 0.031459 0.96189 -1.8338 0.65498 1.7199 -0.46687 0.5688 0.83685 -0.80811 0.63625 0.0078713 -0.51809 -1.2416 0.54296 -0.16213 0.40683 -0.032451 -2.1944 -0.088213 -1.0471 -1.1995 0.2452 2.2537 0.95069 -2.0078 -0.66392 -0.52815 -1.7959 1.4541 -1.0866 -2.2695 1.3211 -1.0779 -1.2379 0.55876
-0.94875 0.73556 1.8855 -0.12687 0.66143 0.88327 -1.6494 0.6348 0.62128 -1.67 -0.1875 -0.70765 -0.63978 1.2966 0.4794 -1.345 -1.2324 0.26168 -0.97525 0.88744 -0.39366 -2.8884 0.75286 -0.67565 -1.7726 0.42523 1.0538 0.76944 -1.3641 0.027695 -0.70631 -1.6835 1.6852 -1.0385 -0.17415 1.3149 -0.66882 -0.23644 0.3341
-0.13611 0.90741 1.4455 -0.7227 0.51607 0.64664 -1.5405 -0.073961 -2.0006 -1.8284 -0.3421 -1.7047 -0.39403 1.5134 0.65168 -1.7591 -1.0897 -0.086103 -1.4789 1.6642 -0.96612 -2.5127 1.3236 -0.77153 -1.331 0.50832 -0.19172 0.28202 -0.0038168 0.25434 -0.59931 -0.72109 0.89353 -0.30719 1.6028 1.0485 0.14931 0.97177 0.078766
0.29324 1.3098 0.38189 -0.60036 0.30153 -0.25932 0.45687 -0.96763 -1.6987 -0.31571 -1.3562 -1.2828 -0.46973 0.93595 0.62694 -1.3511 -0.85343 -0.030648 -1.6083 2.3445 -1.0308 -1.2439 1.1902 -1.238 -0.85416 0.50615 -0.81631 -0.36385 1.2282 0.75625 -0.68858 0.25618 -0.24207 0.54705 2.8834 0.41851 0.51436 1.7305 -0.20106
0.0038275 1.4174 0.50843 -0.74148 0.10549 -0.38838 0.81258 -0.60406 -1.3121 -0.21267 -1.0006 -1.1715 -0.41422 0.46969 0.44152 -0.49741 -0.92947 -0.39688 -1.1676 1.4878 -0.29538 0.18939 1.7371 -0.46144 0.30287 0.3537 -0.58296 -0.70843 1.546 1.4841 -0.7643 0.76272 -1.7386 1.2845 2.6167 -0.17322 1.1681 1.3045 -0.48512
-0.12889 1.4148 0.27023 -1.0734 0.45196 -0.60276 1.1046 -0.88173 -0.22447 -0.18415 -1.1321 -1.1238 -0.21313 0.30601 -0.051121 0.2933 0.16592 -0.83089 -0.68337 0.46917 0.39298 1.5115 1.3591 0.20679 0.89996 0.12423 0.28964 -0.76111 0.4296 2.1151 -0.59378 0.89791 -2.5997 1.2738 1.3366 -0.16762 1.2458 0.50388 -0.76099
-0.21839 1.3129 0.95785 -1.5403 0.2456 -0.57872 1.0227 -0.16621 -0.52007 0.119 -1.2608 -0.91877 -0.1624 0.7514 -0.2547 0.26873 1.2956 -1.0713 -0.57665 -0.95656 0.91469 1.3306 0.89598 0.85631 0.42365 -0.21428 0.7938 -0.52084 -0.92807 2.2644 -0.080837 0.86562 -2.3386 0.78335 0.080867 -0.43485 0.71831 -0.33249 -0.92807
0.068595 1.2234 1.392 -1.1742 0.058083 -0.27487 -0.10358 0.081754 -0.50411 0.079086 -0.66745 -0.59671 -0.23523 1.3465 -0.36359 -0.92447 2.157 -0.76941 -0.29426 -1.748 0.93551 0.86248 1.2785 0.60934 0.10486 -0.64324 0.65953 -0.10614 -1.8285 1.2378 0.48763 0.74705 -1.3455 0.29883 -0.51718 -0.5412 0.12137 -0.22883 -0.82476
0.61781 0.9058 1.123 0.23718 -0.8972 -0.50474 -0.15175 -0.1735 -0.0077377 0.21432 -0.3029 -0.24602 -0.40965 1.4417 -0.31568 -1.5599 2.4886 -0.57302 0.18892 -2.1857 1.0266 0.69543 0.92299 0.78429 0.035617 -1.0108 0.0074132 0.041489 -1.802 -0.31476 0.75709 0.8288 0.23131 0.014633 -0.44773 -0.5949 -0.24386 0.46522 -0.41511
1.1419 1.254 0.056834 1.2175 -0.86818 -1.3257 -0.75118 0.17963 0.20871 0.90174 -0.17525 -1.1221 -0.86009 1.2025 -0.20016 -2.1092 1.985 -0.19411 0.27019 -1.6731 0.96403 0.8221 0.28339 0.49119 0.63792 -1.0311 -0.61016 0.080888 -0.77281 -1.8507 0.73361 0.57899 1.4482 0.018978 -0.55323 -0.89869 -0.13124 0.94025 0.22751
1.2622 1.0035 -0.99281 1.1964 -0.04968 -0.46167 -1.6659 0.48656 -0.043929 1.3043 -0.68508 -1.1442 -1.08 0.84811 -0.25468 -2.4074 0.77567 0.015828 0.6255 -0.53506 0.9607 0.48184 0.22641 0.4304 1.0987 -0.80201 -0.71109 -0.090539 0.24228 -2.4866 0.22249 0.24463 2.0336 -0.3357 -0.58491 -1.0056 -0.14218 1.1865 0.87412
1.0802 1.0403 -0.66291 0.98646 -0.098735 0.0014174 -2.0192 0.62243 0.60708 0.38952 -0.033035 -0.69786 -1.245 0.51553 -0.24262 -1.8884 -0.58153 0.26837 0.5195 0.36734 1.0374 -0.1093 -0.13391 0.52745 1.4714 -0.31838 -0.51625 -0.32029 0.9892 -1.9014 -0.58985 -0.22079 1.7937 -0.90231 -0.43418 -0.85343 0.2373 0.78353 1.2485
1.0202 1.0399 -0.58791 0.43347 -0.2943 -0.30028 -1.1273 1.1043 0.3965 0.04516 -0.53636 0.87248 -1.1548 0.46909 -0.44636 -1.203 -1.0607 -0.39935 0.49089 0.92855 0.35154 0.019594 -0.83805 0.48535 2.0128 0.28052 -0.14238 -0.54027 0.93917 -0.60984 -0.81463 -0.56288 1.1153 -1.4116 -0.26171 -0.42237 0.31723 0.1286 1.3063
1.3171 0.74462 -1.36 0.23027 -0.57754 0.25769 -0.29715 0.9268 0.043949 0.75734 0.33075 0.95341 -1.0801 0.43956 -0.66284 -0.87907 -0.79052 -1.0554 -0.078595 1.2404 -0.49967 0.21125 -0.85666 0.94489 1.7634 0.78075 0.11551 -0.68833 0.37802 0.56002 -0.48473 -0.25696 0.3737 -1.4505 -0.25858 0.038779 0.34475 -0.75267 1.0715
1.4852 0.79433 -1.3096 0.054201 -0.52384 -0.69213 0.2127 1.1154 -0.30172 0.48189 0.40775 0.95462 -0.82317 0.63129 -0.9924 -1.1711 -0.30002 -0.79895 -0.11095 1.2901 -1.0546 -0.17768 -0.24224 0.86335 1.2164 1.1104 0.028984 -0.61469 0.31249 0.77707 0.62081 0.33532 -0.32024 -0.64968 -0.6113 0.048908 0.21186 -1.4432 0.74421
1.735 0.6862 -1.5658 0.23391 -1.1305 -0.38654 -0.41666 0.32478 0.57452 -0.17785 -0.017562 1.3746 -0.57567 0.66089 -1.1794 -1.1889 0.1347 -0.40998 0.33883 0.93588 -1.1209 -0.50368 -0.36079 1.0354 0.35869 1.2861 -0.20967 -0.47231 0.73092 0.3335 1.7072 1.2745 -0.53634 0.13789 -0.73894 -0.069751 -0.0228 -1.5715 0.40738
1.4388 0.12584 -1.6609 0.33589 -1.2256 -0.21803 -0.28974 -0.29991 0.6082 -0.0015041 0.98037 1.3451 -0.21098 0.42342 -1.2676 -0.45236 -0.0043411 0.4055 0.87303 0.41492 -0.60235 -0.81691 -0.99517 0.87019 -0.18635 1.4307 -0.66883 -0.15579 1.2526 -0.11894 2.2766 1.3571 -0.28179 0.45534 -0.58797 0.14106 -0.24641 -1.6131 0.11428
1.7716 -0.11995 -1.8906 0.48459 -0.76389 -0.042053 0.46994 -0.29581 -0.10758 0.29058 0.88797 1.5426 -0.013452 0.16311 -1.3528 0.12191 -0.28262 1.441 1.7207 0.5714 -0.41977 -0.91676 -0.62123 0.90036 -0.69506 1.3888 -0.87134 0.28165 1.2478 -0.12171 2.1979 0.8415 -0.09402 0.097869 -0.047691 0.76213 -0.94335 -1.272 -0.13248
1.8951 -0.28686 -2.1592 0.42231 -0.69366 0.34104 0.70691 0.20785 -0.86827 -0.13591 1.0853 1.1602 0.2805 -0.35708 -1.1731 0.48711 -0.31617 2.4072 1.639 0.88492 -0.46609 -1.1188 0.15886 0.44074 -1.5004 1.275 -0.95799 0.5506 0.95608 0.22563 1.4243 -0.020318 -0.4488 -0.49218 1.0028 1.1501 -1.476 -0.61457 -0.27939
1.7709 -0.55058 -1.4639 -0.10804 0.15037 1.0072 0.035942 0.5588 -1.0532 -0.77262 1.4079 0.37298 0.61162 -0.56404 -0.7199 0.64625 0.06042 2.5778 1.4632 0.49636 -0.96278 -0.42668 0.5466 -0.63942 -1.5409 1.1149 -0.89965 0.57566 0.69837 0.67831 0.31816 -1.0685 -1.1762 -0.55541 1.8484 0.80344 -1.7969 0.34119 -0.33708
1.5846 -0.68176 -1.0048 -0.27961 1.0794 1.2587 0.90329 -0.036501 -0.63058 -0.19503 1.3177 0.17841 0.75974 -0.98989 -0.6013 1.0573 0.26993 2.4224 0.94869 -0.47561 -1.2812 0.95173 0.66343 -1.319 -0.99626 1.0417 -0.5478 0.32099 0.34993 0.88508 -1.0488 -1.5888 -1.5488 0.033548 1.8985 0.34222 -1.1356 1.3284 -0.36732
0.98646 -0.74645 -1.3123 0.24569 1.4332 1.1997 0.9914 -1.0519 -0.60316 0.57973 0.49632 -0.73344 0.89887 -1.1885 -0.61162 1.1377 0.75111 2.0118 0.11497 -1.1598 -1.0887 1.7422 0.69159 -1.8231 -0.25533 0.87079 -0.26216 -0.12296 0.041838 0.6398 -2.0691 -1.8276 -1.3693 1.1541 0.90553 -0.112 0.41435 1.704 -0.40097
1.0453 -0.62329 -1.325 0.84165 1.4365 1.2548 0.44596 -1.5917 -0.045868 0.79168 -0.2344 -0.17518 1.0583 -1.0563 -0.65087 0.9055 1.0677 0.78867 -0.58003 -1.4584 -0.30515 1.5905 0.75029 -1.2431 0.5365 0.70544 0.15009 -0.23881 -0.1971 0.18465 -2.34 -1.5997 -0.55159 1.9258 -0.64423 -0.65533 1.7465 1.3181 -0.46931
0.82032 -0.9152 -0.68583 0.59387 1.8213 0.97275 -0.80196 -1.0527 1.1042 0.39619 -0.78046 0.63396 1.2755 -1.0092 -0.9044 0.82323 0.91339 -0.35786 -1.0979 -1.8175 0.88176 1.0743 0.27958 0.15927 1.1287 0.52805 0.42121 -0.17522 -0.3767 -0.42962 -1.7976 -0.88202 0.56972 1.8325 -1.8728 -0.97392 2.0449 0.14673 -0.60808
0.5754 -1.1667 -0.62176 0.99278 1.7539 0.56518 -1.3118 -0.32032 1.0231 -0.018978 -0.86875 0.56502 1.3289 -0.78855 -0.86922 0.87896 0.55484 -0.63674 -1.3578 -1.2844 1.605 0.026248 -0.41577 1.2014 0.97075 0.3293 0.59906 0.355 -0.54764 -0.94234 -0.76915 0.11905 1.7944 0.32181 -2.0649 -0.65298 0.93362 -0.78157 -0.87431
0.60152 -1.3451 -0.37701 0.93547 1.0104 0.50446 -1.3185 0.14345 0.4898 0.501 0.60151 0.86091 1.3946 -0.52538 -0.80422 0.48718 0.17809 -0.53544 -1.1095 -0.097725 1.6416 -1.1765 -0.6331 1.0653 -0.17224 -0.086393 0.61944 1.0338 -0.35029 -1.238 0.10761 1.001 2.3791 -1.577 -1.5342 -0.055294 -1.0487 -1.1699 -0.97039
0.18417 -1.7322 -0.45282 0.92768 0.59345 -0.01305 -1.2408 0.43454 0.44494 0.61732 1.769 1.372 1.3025 -0.1693 -0.064389 0.097351 -0.39195 -0.5167 -0.37497 1.3283 -0.012245 -1.3667 -0.073982 0.18327 -0.38215 -0.63423 0.21383 1.5412 0.3548 -1.1976 0.55325 1.5437 1.8919 -2.5587 -0.30708 0.12906 -2.3228 -1.1943 -0.88925
0.21297 -1.4312 -0.49119 1.1173 1.0925 -0.22804 -0.73342 0.28974 -0.70574 -0.090473 1.2392 0.31544 1.2962 -0.15192 0.53108 0.5985 -1.0159 -0.22139 0.20678 1.7152 -1.4233 -1.2573 -0.0040992 -1.4327 -0.54585 -0.81813 -0.37369 1.6598 1.286 -0.96353 0.35964 1.0916 0.51069 -2.2782 0.86764 0.26882 -1.9464 -0.96151 -0.58041
0.6291 -1.541 -0.67774 0.84833 1.3218 0.26223 0.13418 0.42373 -1.0833 -0.2354 -0.21213 -0.58824 0.89262 -0.56535 1.1989 1.4963 -1.1722 0.21122 0.76292 1.6546 -1.934 -0.52279 -0.48285 -2.2089 -1.2426 -0.97989 -0.92702 1.1113 1.461 -0.74186 -0.046104 0.12723 -0.72521 -0.65932 1.2725 0.26485 -0.25063 -0.38135 -0.1255
0.59707 -0.75486 -0.4459 -0.10912 1.129 0.7442 1.1362 -1.6356 0.081716 0.59619 -1.0694 0.76681 0.43619 -1.0138 1.5098 2.1624 -1.3003 -0.24567 0.28171 0.76787 -1.9097 0.14658 0.091846 -1.6422 -1.6735 -1.0067 -1.1078 0.42431 0.49981 -0.35446 -0.5512 -1.1324 -1.1762 0.95681 1.7029 0.31914 1.9766 0.13307 0.34028
0.14407 -0.66948 0.52346 -0.1971 1.0202 0.67739 0.59651 -1.8991 -0.79708 0.1851 -2.1896 0.10354 0.60504 -1.4574 1.4212 2.01 -1.6869 -0.58693 -0.19837 0.31021 -1.0528 0.4809 0.39079 -0.21054 -0.58153 -0.7759 -0.73015 -0.3722 -0.96915 0.0031545 -0.57471 -2.042 -1.1003 2.0999 1.4293 0.081178 2.9223 0.81867 0.70316
-0.52253 -0.12192 1.5216 -0.11277 1.0946 1.0766 0.69457 -1.4155 -0.046207 -0.31098 -0.74539 -1.1531 0.35086 -1.7623 1.1792 1.2797 -1.4417 -0.82105 -1.3792 -0.024172 0.075187 1.6459 0.17791 1.5418 -0.6037 -0.27841 -0.17472 -0.77882 -2.2098 0.30713 0.05511 -1.8311 -0.58773 1.87 1.0086 -0.2998 2.4121 1.2256 0.71833
-0.98579 -0.17852 1.5122 -0.35168 0.23619 -0.52367 -0.56229 -1.3638 0.17545 0.7787 0.20798 -1.5359 0.18413 -1.5428 0.71385 0.1912 -1.0887 -0.54248 -2.1204 -0.20617 1.2923 1.5888 -0.37201 2.0717 -0.12421 -0.018528 0.61255 -0.79008 -2.5187 0.52157 0.55384 -1.0642 -0.27636 0.74767 -0.02511 -0.3941 0.71873 0.94048 0.56182
-0.94975 0.0069396 0.83887 -1.2567 0.74588 -0.17435 0.59097 -0.64339 -0.55382 0.22398 0.37013 0.3311 0.37475 -1.2863 0.49352 -0.94187 -0.99496 -0.16665 -2.0892 -0.18533 0.67792 1.6178 -0.11728 2.0647 0.57068 -0.031288 1.0943 -0.667 -1.5612 0.5325 0.68453 0.46371 0.25852 -0.29754 -0.97719 -0.1847 -0.78342 0.44191 0.33497
-1.1189 -0.09101 0.32908 -1.0491 0.32768 -1.1924 0.81374 -0.28506 2.3441 0.12303 1.2963 -1.0561 0.56186 -0.5414 0.37412 -1.4574 -0.8885 0.091913 -1.7867 -0.1856 0.16791 0.46592 -0.2364 0.97589 0.72986 0.1597 1.1298 -0.51062 0.034808 0.82733 0.23876 1.3086 0.43964 -0.92705 -1.1854 0.064785 -1.5701 -0.76929 0.20381
-1.1832 0.10013 0.23685 -1.2095 0.70651 -1.3826 0.5295 -0.48291 1.3681 -0.21416 0.63555 0.79433 0.42048 -0.20998 0.17693 -0.72442 -0.49881 0.1049 -0.72277 0.47999 0.075112 0.28629 -0.25553 0.52137 -0.13613 0.26419 1.0102 -0.50344 1.5368 1.3736 -0.20611 1.5627 0.38277 -0.50474 -1.5974 0.088538 -1.7013 -1.2245 0.0071172
-1.6787 0.040108 0.15605 -1.1068 0.93678 -1.1949 -0.19971 -1.5831 0.80761 0.12038 0.91272 -0.078068 0.37284 0.038361 -0.023202 0.17071 0.28006 -0.24383 -0.4505 0.34499 -0.22394 -0.080223 -0.18105 -0.30458 -1.3152 0.21831 0.59237 -0.48821 1.874 1.7108 -0.60708 1.3896 0.27453 -0.086251 -1.1681 0.398 -0.79087 -0.95338 -0.34829
-0.96286 0.37304 0.12358 -1.2981 0.80286 -1.2678 0.025129 -1.0122 -0.19046 -0.1574 0.75308 -0.65285 0.49938 0.31999 -0.19045 1.0772 1.1008 -0.37145 0.055878 0.31722 -0.10162 -1.2628 0.02329 -0.70647 -0.86775 -0.04664 0.30634 -0.15851 1.0862 1.7451 -0.65597 0.81758 -0.14207 0.4218 -0.54871 0.16897 -0.3403 0.33454 -0.8132
-1.1799 -0.14964 0.80147 -1.2446 0.18119 -1.0894 1.2632 -0.55423 0.99631 0.56834 1.1651 -1.4829 0.64478 0.30998 -0.29788 1.091 1.648 -0.77002 0.32381 0.44289 0.11536 -1.06 0.3971 0.0064515 -0.81942 -0.34062 -0.1265 0.072348 -0.50853 1.2781 -0.14436 0.79843 -0.45363 0.70786 0.39281 -0.42065 -0.41177 1.2739 -1.2474
-0.9294 -0.088694 0.8521 -0.57104 0.35839 -1.0908 1.2538 -0.73518 0.66659 -0.42436 -0.26373 -1.7707 0.68996 0.2368 0.04206 0.82496 2.2202 -0.82082 0.35413 0.12852 0.77768 -0.29342 -0.2192 -0.31277 0.29437 -0.9881 -0.2097 0.49844 -1.9659 0.46437 0.22562 0.86697 -1.1974 0.72662 0.75115 -0.65922 -0.60532 1.2611 -1.4538
-0.89932 -0.24682 1.5493 0.64125 0.12472 -1.3277 0.57253 -0.67082 0.13596 0.14603 0.2699 -0.76297 0.20359 -0.14522 -0.0031037 -0.60788 2.2145 -0.27978 0.82975 -0.49858 0.77908 0.23656 -0.88646 -1.3236 0.67378 -1.6609 0.13605 0.74964 -2.6417 -0.61803 0.14728 1.104 -1.2771 0.83219 0.44413 -0.24782 -0.63536 1.0494 -1.1636
-1.1768 -0.09307 0.93447 0.48248 -0.02127 -0.78038 0.6287 -0.97458 -0.66855 0.55714 1.3862 -0.15541 -0.15606 0.16716 0.55259 -1.6414 1.7279 -0.20597 1.3564 -1.6667 1.0466 -0.39747 -0.62774 -1.2522 0.92997 -2.1252 1.0498 0.45606 -2.9524 -1.7386 -0.3864 0.70173 -0.5631 0.51388 0.12031 0.48148 -0.17083 0.3302 -0.073809
-1.2229 0.45703 0.77901 1.2539 -0.0053779 -0.81361 -0.084462 -0.078933 0.78007 -0.61584 0.089361 0.019558 -0.85361 0.6096 0.78184 -2.4787 0.69795 -0.80898 1.8053 -1.2767 1.6715 -0.10451 0.1124 -0.7949 0.9807 -1.964 2.0718 -0.014886 -2.0553 -1.9762 -1.0136 -0.28163 0.40298 0.19837 0.39712 0.93605 0.4067 0.36824 1.1985
-1.1258 -0.037493 -0.93422 0.85073 0.53488 -0.079323 -0.049232 0.24376 0.84813 -1.2868 -1.9415 -0.68973 -1.2611 1.8294 0.46501 -3.6104 -0.39855 -1.256 1.1206 -0.64355 1.3873 0.13706 0.2174 -0.91544 0.81056 -0.9751 2.3482 -0.75899 -0.89955 -1.6008 -1.0077 -1.0397 1.2931 -0.578 0.6003 1.0259 0.88712 0.61108 2.2147
-0.65846 0.57479 -0.56921 0.85351 -0.27677 0.48088 -1.5658 0.60659 -0.18499 0.26738 -0.36544 -0.39808 -1.5931 2.9008 0.022659 -3.3548 -0.56167 -1.5923 0.42138 -0.20111 1.0354 0.77933 0.51519 -0.67064 1.4797 0.022862 1.9247 -0.96369 0.6779 -0.67643 -0.23434 -1.3594 1.2362 -1.0627 0.027106 0.5293 1.5377 0.60645 2.4614
-0.035843 0.75107 -1.3676 0.47683 -1.048 0.68702 -0.098174 1.2269 0.12778 0.30061 -0.46193 0.34201 -1.3399 3.4145 -0.40272 -2.8226 -0.75099 -1.6412 0.1495 0.41985 0.24314 0.37441 1.1706 0.4716 1.9157 1.055 0.53993 -0.87373 1.99 0.0097304 0.94257 -0.57132 1.0244 -0.88384 -0.60219 -0.43449 1.8022 0.066694 1.974
1.3968 -0.013373 -2.663 0.027366 -1.4081 -0.74235 0.030255 0.30295 0.17293 0.40129 -0.33525 0.84851 -0.54739 3.4197 -0.48145 -1.6092 -0.43561 -1.0402 -0.18688 0.69976 0.15541 -0.14846 0.66527 1.6039 1.6541 1.6596 -1.1052 -0.59468 2.546 0.18985 2.2326 0.4086 0.34617 -0.43518 -1.373 -1.2202 1.4741 -1.1237 1.1295
1.8677 -0.0034829 -2.3843 0.36675 -1.4827 -0.33646 0.083996 0.43212 1.5343 0.2601 -0.28914 2.2229 -0.29477 2.5884 -0.82089 -0.82191 -0.43596 0.1793 0.37398 0.98236 0.09588 -0.57491 -0.71135 1.5707 0.86243 1.9267 -2.3667 -0.18924 2.6077 0.32352 2.8486 1.2798 -0.33713 0.4185 -1.4923 -1.3925 0.50036 -2.1207 0.12227
2.1661 -0.096801 -2.4012 0.43765 -1.297 0.02711 0.26432 0.35279 0.93426 0.38833 -0.044192 1.8954 0.081118 1.2622 -0.81236 0.32226 -0.34303 1.5492 1.0327 0.21082 0.27229 -1.4537 -0.93274 1.7443 -0.25172 1.7158 -2.7696 -0.12231 1.9785 0.17696 2.6213 1.2594 -0.58373 0.44429 -1.1077 -0.28603 -0.64854 -2.4214 -0.49083
2.4355 -0.20725 -2.1372 0.34382 -0.5526 0.22544 0.29508 0.96423 -0.70387 -0.17584 1.1868 0.81233 0.30809 0.087473 -0.56385 1.0017 -0.16096 2.2334 1.8407 -0.03601 1.0503 -1.9177 -0.75591 1.4108 -1.3971 1.2577 -2.4661 -0.11262 1.2843 0.33417 1.7021 0.2923 -0.59423 0.011934 0.13282 0.74957 -1.8272 -1.6236 -0.71448
2.0351 -0.23881 -1.5559 -0.016086 -0.32175 1.1944 0.3809 0.93627 -1.0923 -0.68977 1.7675 0.85731 0.62134 -0.4874 -0.81812 1.1193 -0.22203 2.6896 1.3439 0.0057172 0.59525 -1.6576 0.12392 0.38628 -2.0875 1.0697 -1.7808 -0.29786 0.30384 0.53203 0.47471 -0.61105 -0.23417 -0.60632 1.5868 0.82516 -2.8978 -0.21224 -0.6152
1.5835 -0.49565 -1.6376 -0.13319 0.75037 1.0466 0.077834 1.1398 -1.2856 -0.50096 1.3447 0.27521 0.81669 -1.128 -1.009 1.1512 0.16057 2.6982 0.73133 -0.13973 -0.010713 -0.18819 0.22017 -1.4145 -1.4844 0.90407 -1.1519 -0.42496 -0.46384 0.54969 -0.41259 -1.447 -0.033845 -0.92307 2.2351 0.43718 -2.5744 1.2367 -0.49371
1.7706 -0.65531 -1.7264 0.20785 0.86474 1.2269 -0.10241 1.6546 -1.2222 -0.09061 0.95859 -0.55576 0.83011 -1.4425 -1.1086 0.82743 0.53832 2.1792 0.46461 -0.22766 -0.37521 0.85564 0.18678 -2.6571 -0.6307 0.73401 -0.61151 -0.14917 -0.7469 0.45536 -1.2231 -1.0788 0.35262 -0.39725 1.5525 -0.19777 -1.1517 1.8678 -0.51532
1.5316 -1.0103 -1.0828 0.25999 1.5645 0.98353 0.4007 0.6431 -0.25345 0.89957 -0.21472 -0.53027 0.99096 -1.5738 -1.1624 0.32463 0.53534 1.7414 -0.35614 -0.0011261 -0.27412 1.2882 0.062131 -2.2322 0.36958 0.49586 -0.022872 0.17387 -0.8513 0.087417 -1.6865 -0.52143 0.86267 0.053394 0.054898 -0.53457 0.87543 1.3065 -0.52947
0.83152 -1.2417 -1.0748 0.71985 1.8346 0.81102 0.014194 0.29234 0.25914 -0.14472 -1.8964 0.020765 1.2077 -1.3948 -0.99711 0.19223 0.48347 0.95028 -0.082018 0.64276 -0.034155 0.71036 -0.18824 -1.5127 0.75139 0.30339 0.50434 0.43002 -0.75441 -0.21702 -2.1031 -0.083708 0.9698 0.74362 -0.95538 -0.49487 2.452 0.46661 -0.55936
0.66929 -1.3656 -1.2258 0.73389 1.7258 1.3261 -0.1148 0.81873 -0.23509 -0.68206 -1.565 0.27438 1.1994 -1.1836 -0.74873 -0.062348 0.3648 0.2543 0.044182 1.1716 -0.043676 0.014399 -0.64158 -0.22413 0.46013 0.12225 1.1682 0.57604 -0.059071 -0.28173 -2.4656 -0.014938 0.85906 0.953 -1.2081 0.21262 2.3964 -0.17038 -0.53623
0.13778 -1.5586 -1.4932 0.24134 1.8896 0.50566 0.45424 1.0597 0.31088 -0.44949 -0.14642 1.5003 1.1449 -0.6855 -0.54608 -0.33313 0.2079 -0.89152 0.096566 1.151 1.0236 -0.38521 -0.43306 1.267 0.26837 -0.13263 1.422 0.54143 0.65104 -0.17918 -2.1994 -0.57404 0.44219 0.69644 -0.54783 0.74685 1.2092 -0.45946 -0.39978
0.45866 -1.5726 -1.4181 0.59507 1.7486 1.2616 1.3702 1.3974 -0.8967 -0.079877 -0.73497 0.31013 1.0898 0.26256 -0.36011 0.50398 0.1315 -1.8097 -0.48879 1.4839 1.1286 -0.54399 0.59524 1.1945 0.27273 -0.29599 1.3239 0.48956 1.1117 0.028161 -1.4204 -0.7021 -0.1392 0.21198 0.071242 0.65135 -0.52434 -0.61137 -0.15805
0.59256 -1.5251 -1.4729 0.82921 1.1835 1.2169 1.8347 0.79701 -0.81496 -0.49061 0.212 -0.57559 1.0062 0.54671 -0.22492 1.1234 0.25808 -2.0067 -0.87124 1.3756 0.79964 -0.078286 0.6479 0.21055 -0.075405 -0.24024 0.68634 0.41288 0.897 0.11475 0.016622 -0.67142 -0.69192 -0.42483 0.52956 -0.029144 -1.5353 -0.43396 0.09871
0.52424 -1.7377 -1.3273 0.62338 0.35102 0.90152 1.3739 2.0799 -0.13737 0.14706 0.78234 0.46749 0.91656 0.68187 -0.034596 1.2657 0.40119 -1.7638 -0.7595 0.76262 0.5221 0.023365 0.085886 -0.7441 -0.59437 -0.1212 -0.043272 0.35962 -0.13313 0.13343 1.398 -0.087212 -1.1831 -0.37287 0.53557 -0.74943 -1.3844 -0.40765 0.23073
1.2293 -1.6552 -0.15175 0.84383 -0.33604 -0.020867 2.0231 1.7084 -0.57557 0.36931 -1.0564 1.2057 0.89836 0.39656 0.030166 0.9499 0.30305 -0.88305 -1.0001 0.087762 0.51069 0.40435 -0.24008 -0.84179 -0.16721 -0.033488 -0.25101 0.38216 -1.0126 0.093276 2.2194 0.44162 -1.2021 -0.36873 0.078612 -0.95627 -0.40376 -0.59686 0.20478
0.8788 -1.6532 -0.22546 0.80723 -0.0080616 0.23655 2.0459 1.6916 -0.09091 -0.15651 -1.0445 0.27478 0.97933 0.26778 0.1571 0.37208 0.37537 0.16615 -0.59858 -0.29771 0.56054 0.29985 -0.42984 -1.0544 -0.49752 0.035921 -0.36709 0.28481 -1.5467 -0.016902 2.1833 0.71887 -0.96863 -0.3272 -0.11528 -0.69589 0.71422 -0.71281 0.10505
0.84535 -1.5259 -0.55985 0.84877 0.32883 0.24049 1.7133 1.5556 -0.29218 -0.54113 -1.1396 -0.3542 1.0301 0.29622 0.36387 -0.25557 0.4592 1.0561 -0.16838 -0.55851 0.076191 -0.039459 -0.96747 -0.44033 -1.321 0.067591 -0.15779 0.18908 -1.2757 0.025403 1.2557 0.88746 -0.57594 -0.29826 -0.40561 -0.21063 0.99273 -0.615 -0.003603
0.86342 -1.5479 -0.76692 1.0898 0.81362 0.34355 1.4191 1.9949 -0.46865 -0.38291 -1.0562 -0.11857 0.989 0.057885 0.31091 -0.93363 0.29691 1.2289 0.10996 -0.90244 0.11793 0.037019 -0.91487 0.49396 -1.4481 0.026749 -0.058269 0.0046147 -0.45 -0.12406 0.16638 0.71533 -0.20447 -0.34187 -0.2686 0.23911 0.8937 0.016418 -0.046845
0.95638 -1.4138 -1.0746 1.2218 0.95175 0.42791 1.1971 1.9748 -0.10992 -0.61043 -0.82068 -0.73634 0.97707 0.21795 0.2962 -0.70391 0.3984 0.865 0.23621 -0.79721 0.16829 -0.24945 -0.41386 0.38203 -0.9256 -0.035151 -0.052978 -0.13447 0.21088 -0.34782 -0.72899 0.54223 0.078273 -0.47752 -0.054593 0.71939 0.16826 0.70094 0.005822
1.2239 -1.2804 -0.97254 1.1401 1.1478 0.26077 0.81201 1.9342 -0.43625 -0.86056 -0.34341 -0.98822 0.98189 0.20908 0.20742 -0.20151 0.171 0.56484 0.47804 -0.60813 -0.13618 -0.10809 -0.24419 0.33356 -0.65743 -0.00043623 -0.052334 -0.20704 0.4248 -0.40627 -0.86057 0.52013 0.4395 -1.1905 0.0054926 0.88058 -0.99142 1.1202 0.074737
1.0501 -1.3831 -1.0863 1.0551 0.93151 0.091481 0.89087 1.6207 -0.36426 -0.78059 -0.60412 -0.98589 0.96065 0.13266 0.18596 -0.21163 -0.14809 0.06689 0.61306 -0.55882 -0.71794 -0.05455 0.098067 -0.017602 -0.30012 0.092694 -0.20622 -0.26173 -0.065044 -0.48843 -0.31002 0.4918 0.57769 -1.5806 0.18512 1.0496 -1.3235 1.1674 0.079818
0.99528 -1.306 -1.016 1.4014 1.0577 0.77982 0.91601 1.9797 -0.59691 -0.58576 -0.85257 -1.0266 0.96108 0.013764 0.0079353 -0.37884 -0.21385 0.067953 0.847 -0.13811 -1.782 -0.028667 0.54501 -1.2923 0.49967 0.10419 -0.14002 -0.15146 -0.31846 -0.45581 0.29579 0.34394 0.36871 -1.5092 0.13461 1.2276 -0.7724 1.0674 0.044874
1.0835 -1.3258 -0.73802 1.0172 1.2017 0.90981 0.71301 1.4059 -0.37643 -0.79442 -0.66475 -1.0886 1.0508 -0.05833 -0.058928 -0.70949 -0.35306 0.55226 0.9259 0.13312 -2.1298 0.09957 1.2377 -1.4578 0.85143 0.063475 0.067128 -0.085018 -0.048628 -0.41542 0.47872 0.083436 -0.025732 -1.1772 0.042109 1.261 0.12353 0.85606 -0.015369
1.076 -1.2652 -1.3423 0.85927 0.79338 0.93831 0.38484 0.95551 -0.38262 -0.1862 -1.0588 -0.50845 1.1138 0.054172 0.070133 -0.50993 -0.60693 0.86005 0.92807 -0.21494 -2.4087 0.10321 1.5799 -0.49258 0.92098 0.099268 0.25276 0.044767 0.32319 -0.32299 0.19872 -0.24577 -0.50961 -0.42661 -0.18092 1.2058 0.94709 0.5584 -0.05474
1.0531 -1.4307 -1.5965 1.018 1.2163 1.2101 1.2041 -0.76343 -0.23395 -0.091983 -3.1184 0.098569 1.0471 0.24863 0.012716 -0.21034 -0.75335 0.54062 0.70729 -0.58567 -2.7211 -0.015957 2.0397 -0.16472 1.2178 0.066738 0.23826 0.11929 0.76505 -0.13447 -0.20336 -0.2776 -0.67197 0.31719 -0.32576 0.80839 1.1072 0.27157 -0.052079
1.0758 -1.3704 -1.7433 0.68 2.0519 1.1097 1.0784 -0.27031 -0.42497 0.74703 -1.7475 0.0098254 0.98686 0.34288 0.059658 -0.013183 -0.63561 0.43555 0.49499 -0.83079 -2.3059 -0.3096 2.4954 -0.032429 1.4457 -4.5336e-05 0.02308 0.15044 0.77601 -0.013061 -0.46538 -0.33924 -0.41635 1.0116 -0.25294 0.14983 0.96121 -0.24882 -0.033835
1.0878 -1.1809 -1.1926 0.39252 1.8337 1.4228 0.10199 -0.83113 -0.34936 0.90732 -0.27394 -0.025944 1.1237 0.25285 0.16574 0.46486 -0.59375 0.39683 0.62348 -0.94213 -1.5175 -0.32055 2.3548 0.54003 1.1407 0.015541 -0.23877 0.16494 0.41553 0.11014 -0.51029 -0.29219 0.062388 1.173 -0.022829 -0.78144 0.61433 -0.79148 -0.0064678
1.4203 -1.3466 -0.94264 0.45888 1.2014 1.6379 -0.29294 -1.3999 -0.6672 1.6 -1.2666 0.79135 1.0743 0.10603 0.26818 0.59522 -0.70547 0.088908 0.33941 -0.89858 -0.96202 -0.22631 1.7103 1.0898 0.46322 0.061652 -0.35161 0.071426 -0.21358 0.21294 -0.4015 -0.40443 0.6384 0.96854 0.18231 -1.6634 0.22268 -1.2534 -0.028021
1.4382 -1.2493 -1.1642 0.29545 1.5159 1.2508 -0.42692 -1.4774 -0.81434 2.1263 -1.5744 1.2863 1.0489 -0.067632 0.20868 0.26945 -0.49739 -0.21058 0.2397 -0.43733 -1.0228 -0.082124 0.90058 0.51239 0.11997 0.024242 -0.34051 -0.011199 -0.84917 0.34808 -0.14724 -0.45646 0.91149 0.91436 0.16669 -1.9133 0.045061 -1.3602 -0.081521
1.1398 -1.0975 -1.1024 0.29631 1.5981 1.8428 -0.29059 -1.1426 -0.60341 2.2443 -1.1239 0.96876 1.1092 -0.14215 0.17291 -0.28118 -0.26269 0.012111 -0.061723 0.20596 -0.59078 -0.045667 -0.032469 0.4332 -0.56315 -0.056654 -0.13532 -0.12987 -0.82492 0.41186 0.088379 -0.25598 0.86627 0.95232 -0.072174 -1.616 -0.10645 -1.1061 -0.11174
1.0674 -1.1088 -1.0146 -0.022431 1.7815 1.3793 0.17517 -1.8422 -0.45598 1.5469 -0.80019 0.062265 1.1006 -0.24762 0.20188 -0.62415 -0.13103 0.16937 -0.018766 0.35171 0.15132 -0.058762 -0.51694 0.96348 -1.0805 -0.078374 0.13521 -0.12634 -0.52743 0.31319 0.098248 -0.22264 0.53681 0.9185 -0.27712 -0.92905 -0.086611 -0.60271 -0.083692
1.0472 -1.1276 -1.3489 0.073727 1.5624 1.493 -0.008897 -1.6754 -0.57666 1.7039 -0.37885 0.17778 1.0323 -0.045611 0.050072 -0.44088 -0.080422 0.060539 -0.011161 0.46078 0.38109 -0.36057 -0.74321 0.65516 -1.1592 -0.097046 0.25745 -0.080309 -0.16659 0.2381 -0.16499 0.04943 0.10243 0.6637 -0.25574 -0.21949 -0.38905 0.071104 -0.023763
1.1916 -1.0643 -1.4565 0.25979 1.5205 1.3611 0.18067 -1.6833 -0.65622 0.96381 -0.22786 -0.42454 1.0281 0.14733 0.054831 -0.58995 0.027678 -0.055287 -0.20501 0.51724 0.35399 -0.45454 -0.56408 0.23218 -0.79096 -0.11272 0.25586 -0.041325 0.076876 0.17009 -0.25359 0.033329 -0.0553 0.39666 -0.06237 0.0207 -0.69132 0.23964 0.028695
1.1591 -1.0983 -1.7389 0.30913 1.5144 1.6421 0.018157 -0.8066 -0.93533 1.623 -0.38239 -0.15729 0.96771 0.15173 0.11263 -0.5781 0.12802 -0.17363 0.10459 0.31931 0.6625 -0.33515 -0.44251 0.022338 -0.56001 -0.083718 0.11372 -0.012032 0.053325 0.040283 -0.24134 -0.23114 -0.24389 0.26962 0.39692 -0.023424 -0.69094 0.12023 0.048309
1.2874 -1.1754 -1.3514 0.040333 1.7635 1.3653 0.43091 -1.0314 -1.2965 1.3989 -0.88882 -0.32657 0.9872 0.1421 0.10578 -0.39043 0.10246 -0.17234 -0.032605 0.29688 0.83272 -0.17457 -0.63159 -0.10357 -0.8928 -0.030429 0.054814 -0.088604 0.064418 -0.071143 -0.34084 -0.69735 -0.39492 0.16986 0.89545 -0.42322 -0.75278 0.062839 0.013003
1.2031 -0.96614 -1.7624 0.22691 1.5186 1.4311 0.72759 -1.3022 -0.88562 1.3537 -0.59769 -0.37673 0.9975 0.18013 0.011622 -0.41857 -0.032737 -0.31752 -0.5322 0.060791 0.71048 0.30908 -0.75997 -0.55965 -0.86144 -0.046624 -0.080469 -0.26623 -0.13497 -0.11012 -0.55136 -1.5956 -0.3833 0.56243 1.0402 -0.5576 -0.48719 0.6152 -0.08126
1.1866 -0.97858 -1.7682 0.18832 1.4053 1.6005 0.33494 -1.0408 -0.75486 0.83613 -0.41686 -0.80947 0.98164 0.24632 -0.043153 -0.52737 -0.023721 -0.60044 -1.1656 -0.17169 0.69982 1.0237 -1.237 -0.98368 -0.50897 -0.10623 -0.13041 -0.32403 0.14761 -0.046136 -1.0726 -1.9021 -0.12674 0.98107 0.52897 -0.34545 0.1103 1.4042 -0.16676
1.2738 -1.0403 -1.8055 0.34041 1.3158 1.3402 0.33345 -0.34168 -0.91779 0.74208 -0.43329 -1.4327 0.99504 -0.039652 -0.27574 -0.73167 -0.016515 -0.95861 -2.2344 -0.24088 1.8816 1.1536 -1.234 -0.51119 0.49165 -0.1984 -0.3308 -0.20312 0.90824 -0.16582 -1.5796 -1.5008 0.083348 0.70169 -0.14888 0.38559 0.81558 1.6306 -0.2151
1.4545 -1.1496 -1.9936 0.12684 1.1843 0.52863 0.13124 -0.6298 -0.25097 0.37284 -1.579 -1.2846 0.92382 0.019529 -0.31566 0.060487 0.011243 -1.7964 -2.6419 0.17647 2.2347 0.47521 -1.0743 0.098358 1.263 -0.26822 -0.71136 0.086922 1.772 -0.65307 -1.5592 -0.55448 -0.053677 -0.25269 -0.59194 1.1946 1.3527 1.6289 -0.20942
1.4478 -1.1705 -2.2035 0.16782 0.86162 0.1442 -0.066333 -0.054808 0.43541 0.29358 -2.1118 -0.26315 0.8138 -0.3129 -0.20328 0.97191 -0.36626 -2.584 -2.5278 0.04391 1.3734 0.30832 -0.092684 0.54166 1.541 -0.3704 -1.0408 0.65479 2.2083 -1.096 -0.62755 0.58693 -0.38405 -1.3959 -0.52392 1.7446 1.7245 1.2687 -0.21597
0.94909 -1.4807 -2.2398 0.067971 0.51223 -1.4133 0.45042 1.6264 -0.022753 0.048067 -0.61611 0.85899 0.76331 -0.93368 0.082765 1.8837 -1.1132 -2.6152 -2.0392 -0.43633 0.48109 0.29087 0.52179 1.2106 2.2513 -0.4143 -1.2238 1.2328 1.8534 -1.2873 1.036 0.79593 -0.7802 -2.1807 -0.22369 1.9251 1.5609 0.57077 -0.26848
1.323 -1.1584 -1.214 0.38465 -1.0329 -0.88236 1.1835 1.1335 -0.88796 0.10171 0.27438 0.91943 0.71009 -1.4944 0.69218 2.417 -1.5806 -1.6865 -1.4893 -0.73049 0.0058235 0.22549 1.372 2.4001 2.557 -0.53177 -0.79678 1.7801 0.87691 -0.95442 2.5562 0.79388 -0.62696 -2.438 0.17622 1.4941 0.53325 -0.40424 -0.3305
0.74946 -1.1575 -0.41554 -0.5119 -1.5466 -0.78813 -0.24893 -0.13325 -0.25489 1.1965 -0.081666 0.31731 0.54478 -1.6627 1.4266 2.7496 -1.8803 -0.36435 -1.7363 -1.0403 -1.3991 0.092943 1.9501 2.308 1.909 -0.69289 -0.24796 1.8011 -0.46826 -0.25155 3.1623 0.3898 -0.037552 -1.8652 0.64015 0.69247 -0.76061 -1.4096 -0.33523
0.10631 -0.89195 0.041743 -1.4018 -1.0309 -1.0852 -0.86513 -0.15234 0.086251 1.1789 0.33196 2.0759 0.52166 -1.4244 2.2834 2.1661 -1.8335 0.92936 -1.2581 -0.94552 -2.5172 0.77832 2.1077 1.0684 0.90281 -0.85331 0.3994 1.3078 -1.5693 0.6545 2.4413 0.27201 0.84752 -0.76131 0.74913 -0.47383 -1.662 -1.847 -0.18523
-0.26302 -0.19848 0.045443 -1.6088 0.035405 -1.5241 -0.82738 0.018651 0.48594 1.8394 1.7169 2.9793 0.21585 -1.4205 2.4829 1.178 -1.4696 1.8152 -1.4653 -0.41818 -1.9457 1.3074 1.5022 0.3539 0.24453 -0.88466 0.64726 0.22684 -2.2 1.2668 0.78011 0.6346 1.5541 0.79043 0.68855 -1.2514 -1.3085 -1.6643 0.04066
-0.31677 0.45306 0.5691 -1.6581 0.50491 -2.8191 -0.98126 -1.2759 -0.072402 2.2116 1.2198 2.1562 -0.028762 -0.85924 2.4868 0.35952 -0.50549 1.654 -1.1486 0.67411 -1.208 1.1278 0.66537 0.04458 -0.32526 -0.78437 0.69557 -1.008 -2.0803 1.3131 -0.91158 0.76782 1.6548 1.6412 0.28314 -1.8394 -0.68089 -1.1407 0.34598
-0.17394 1.2355 0.13149 -1.6557 0.65658 -2.128 -0.1414 -1.703 0.74247 2.1799 0.40881 1.1538 -0.19834 -0.72645 1.7347 -0.34289 -0.072277 0.6899 -0.65831 1.3065 -0.4464 1.3074 0.22135 0.19716 -0.82359 -0.65021 0.71941 -1.6944 -1.6946 0.95784 -1.7233 1.0779 1.1143 1.5898 0.004837 -1.7973 -0.24602 -0.50729 0.54711
-0.46703 1.2674 0.26407 -1.5338 0.3067 -2.0321 0.15767 -1.2247 1.1366 1.7738 0.37779 0.89469 -0.23223 -0.4625 0.88199 -0.85053 0.030143 -0.16052 -0.28764 1.5542 0.037037 1.3619 -0.85069 -0.21573 -0.85551 -0.31807 0.49985 -1.8692 -0.95207 0.32778 -1.4108 0.72957 0.078749 1.2194 -0.2234 -1.3489 0.064902 0.26904 0.59729
-0.4445 1.4014 0.021884 -1.3606 0.37943 -2.0113 0.40561 -1.1961 1.229 1.8646 0.38848 1.0205 -0.25228 -0.26541 0.29501 -1.2892 0.13339 -0.40261 0.039699 1.4014 0.63312 1.2209 -1.2562 -0.0052711 -0.50715 -0.086352 0.49536 -1.2517 -0.20051 -0.055607 -0.39135 0.28162 -0.57788 0.58304 -0.64306 -0.68023 0.26403 0.75848 0.49029
-1.0325 0.892 -0.43157 -1.7459 0.063905 -2.2032 0.97929 -0.23769 1.8243 1.6937 1.8892 2.0141 -0.29069 -0.14606 -0.092962 -0.88261 0.036267 -0.35793 -0.19294 0.77448 0.71502 0.74795 -1.2363 0.28079 0.063026 0.059712 0.43629 -0.45727 0.55355 -0.12744 0.34278 0.15817 -0.89424 -0.12705 -0.87743 0.25698 0.17745 0.64883 0.2871
-0.53518 1.04 -0.71251 -1.5931 0.12142 -2.4924 1.3092 -0.78516 1.807 0.76192 0.78517 1.2602 -0.17614 0.050654 0.015373 -0.66866 -0.17688 0.079873 -0.21206 0.50506 0.40837 0.35727 -0.91972 0.48373 0.24924 0.085277 0.39559 0.22418 1.2166 -0.053892 0.65342 0.26475 -0.89505 -0.77838 -1.0154 0.82709 -0.25137 0.27724 0.14955
-0.37571 1.2379 -0.85047 -1.3793 0.1986 -2.4536 1.0461 -1.0061 1.4484 0.93196 0.42308 0.6196 -0.1847 0.20456 0.22089 -0.12456 -0.056059 0.22138 0.10833 0.16586 -0.072868 0.070836 -0.52159 -0.09924 0.07759 0.13764 0.0048862 0.41137 1.6002 0.047674 0.52927 0.40687 -0.7575 -0.87099 -0.96778 1.2798 0.086892 0.27856 0.054689
-0.48013 1.2063 -0.39731 -1.6141 0.15252 -2.0363 0.76523 -0.61655 1.8358 0.89263 0.81634 1.418 -0.14879 0.30841 0.54314 0.57969 0.081347 0.49444 0.35213 -0.13241 -0.49408 -0.43768 -0.0022807 -0.31531 0.048577 0.15701 -0.49682 -0.011539 1.7779 0.07985 0.086315 0.20067 -0.76992 -0.51632 -0.83675 1.4131 0.62747 0.55559 0.042552
-0.58717 1.3079 -0.46642 -1.821 0.55324 -2.3158 1.0648 -0.57911 1.5533 1.0247 1.5853 1.6646 -0.18316 -0.25492 0.37948 1.4422 0.0066151 0.39627 0.24537 -0.4644 -0.53957 -0.75698 0.80086 0.85947 0.72902 0.12743 -0.67663 -0.65864 1.2833 -0.10132 -0.37868 -0.088194 -0.89966 -0.071194 -0.95369 1.0953 1.016 0.37057 0.10029
-0.41041 1.4646 -0.2761 -1.4102 0.44232 -1.9002 0.90474 -1.1801 1.511 1.3267 0.33777 1.3937 -0.083889 -0.63586 -0.076027 1.8217 -0.046135 0.15028 0.06645 -0.76276 -0.35683 -0.87082 1.1755 1.269 1.0471 0.1711 -0.37835 -1.3428 0.41015 -0.27436 -0.94902 0.22369 -1.0935 0.65152 -0.77206 0.41488 0.88564 -0.14417 0.2495
-0.51078 1.5618 0.14152 -1.5687 0.63164 -2.0207 0.91902 -1.0871 1.059 1.2729 1.095 1.7058 -0.068061 -0.57512 -0.62683 1.6242 -0.18282 -0.2923 0.075168 -1.3665 -0.25238 -1.587 1.0249 1.1534 0.32929 0.3201 0.35478 -1.652 -0.51716 -0.45411 -1.0043 0.81709 -1.1299 1.4989 -0.33061 -0.62148 0.33235 -0.82847 0.40092
-0.93791 1.4194 1.0575 -1.5236 0.45611 -2.3937 0.2463 -1.6017 0.59508 1.8101 2.3045 2.1688 -0.04502 -0.22665 -1.3218 1.2628 -0.35121 -0.88174 0.82594 -1.9243 0.69265 -1.5361 0.6916 1.3207 -0.037144 0.53134 0.96856 -1.4876 -0.84779 -0.31605 -0.84533 1.741 -0.72985 2.0449 0.56462 -1.4363 -0.25106 -1.2598 0.46728
-1.2444 0.8723 1.0997 -1.6118 0.23927 -2.2004 -0.35921 -0.88483 0.62796 2.3264 2.2781 2.4291 0.018154 0.21345 -1.913 0.80115 -0.71796 -0.9085 1.3288 -2.2008 1.9559 -1.0605 -0.17625 1.5056 -0.39244 0.7033 1.3143 -0.8907 -0.69922 0.20049 -0.38821 2.3837 0.096929 2.0211 1.5228 -2.0393 -1.124 -1.1756 0.39997
-0.9063 0.38095 0.89805 -2.061 -0.18462 -1.8199 -1.2796 -0.77491 -0.51707 1.6837 2.1353 1.396 0.28707 0.78826 -2.0573 0.7085 -0.38697 -1.074 2.5757 -1.8469 2.6481 0.0088411 -1.035 0.59341 -1.1241 0.86052 1.3568 -0.08194 -0.30838 0.88925 -0.096204 2.1661 1.0866 1.0016 1.7092 -1.958 -2.0825 -0.9067 0.17992
-0.4312 -0.12227 0.59545 -2.0348 -0.52005 -0.84036 -1.5728 0.40918 -0.12213 1.6606 2.787 1.3625 0.51031 1.3811 -1.8271 0.64821 0.23193 -0.89923 3.5 -1.2203 2.8315 0.68767 -2.1012 -0.73521 -1.4899 0.90972 1.0221 0.51379 -0.069071 1.4917 -0.21044 1.2925 1.8818 -0.36062 1.5696 -0.9502 -2.4872 -0.29239 -0.15537
-0.10886 -0.51359 0.84641 -2.2725 -0.2474 -0.51165 -2.0929 1.317 0.46939 0.78634 2.456 1.0397 0.70396 1.7325 -1.5015 0.80038 0.91117 -1.0596 3.6461 -0.21123 2.2834 1.0072 -2.1765 -1.7357 -1.3095 0.76769 0.32981 0.71152 -0.30703 1.5066 -0.28275 -0.3776 2.2506 -1.8176 0.75555 0.23528 -1.8794 0.23041 -0.46272
0.05496 -0.52494 1.6634 -1.6578 -0.62053 0.86375 -1.4556 1.6451 1.3771 0.32048 2.063 0.36527 0.84035 1.6597 -1.2733 0.6536 1.5429 -1.2962 3.1176 0.80625 1.4502 1.5803 -1.4669 -2.3193 -0.88379 0.45749 -0.35313 0.59618 -0.89478 1.1194 -0.43025 -1.7559 2.2474 -2.6633 -0.21455 1.2844 -0.73035 0.35216 -0.60802
0.37607 -0.6432 1.8086 -0.98715 -0.60386 1.3699 -1.6231 1.4786 1.1376 -0.31339 0.7377 0.4108 0.92967 1.2754 -1.0667 0.16933 1.8963 -1.3872 2.0669 1.7169 -0.2549 1.0849 -0.89721 -2.3835 -0.95847 0.21528 -0.74474 0.39777 -1.5352 0.41575 0.0037959 -2.5779 1.7579 -2.4501 -1.1666 1.3818 0.45119 0.29507 -0.54753
0.81081 -1.0166 1.5074 -0.73998 -1.3958 1.6084 -0.67755 1.6047 1.0486 0.21014 -0.29226 0.56201 0.88168 0.96159 -0.98107 -0.64683 1.9246 -1.5148 1.094 2.3862 -1.1793 0.24334 -0.23596 -1.8731 -0.95153 0.040784 -0.81927 0.3606 -1.5682 -0.23392 0.57769 -2.6694 1.1784 -1.5101 -1.6434 0.8859 1.4254 0.14309 -0.35861
1.0465 -1.2746 1.0882 -0.45064 -1.8635 1.4803 -0.15851 1.1658 1.6736 0.38962 -0.23086 0.21884 0.79863 0.70263 -0.93531 -1.3304 1.5361 -0.9422 -0.026081 2.5711 -1.2566 -0.62183 -0.096833 -1.0482 -0.67675 -0.055119 -0.69386 0.53816 -0.94975 -0.50773 1.1428 -2.0199 0.30993 -0.32279 -1.3734 0.14906 1.7862 0.24104 -0.14968
0.80414 -1.3739 0.77428 0.011767 -1.7326 1.2677 0.88536 0.015824 1.3665 0.35099 0.23421 -0.24041 0.82467 0.42806 -0.69251 -1.4378 1.2744 -0.46934 -0.68562 2.7696 -1.0292 -0.81133 -0.14081 -0.12024 -0.73177 -0.082492 -0.47434 0.67495 -0.070661 -0.60732 1.3392 -1.0999 -0.61846 0.3945 -0.96153 -0.25012 1.3557 0.50915 -0.018502
0.86659 -1.5059 0.56713 0.055853 -1.8682 1.1298 1.4328 0.21111 0.76097 0.1011 -0.039286 -0.56186 0.83008 0.25816 -0.25024 -1.1462 1.2399 0.16462 -0.71701 2.1445 -0.94257 -1.0964 -0.65828 0.33134 -0.57822 -0.0045673 -0.18291 0.7594 0.48709 -0.63489 0.86281 -0.055817 -1.4387 0.50546 -0.5349 -0.042428 0.49492 0.807 -0.055309
0.96707 -1.5171 0.4506 0.28555 -1.3982 1.0855 1.9936 0.57389 0.21835 -0.18503 0.13276 -0.18417 0.82227 0.30952 -0.1208 -0.84341 0.89738 0.36267 -0.56849 1.3255 -0.51859 -1.4094 -0.4487 0.16396 0.02923 -0.018815 -0.0065216 0.6924 0.4884 -0.80727 0.37165 0.59822 -2.0002 0.34287 -0.17621 0.71964 0.051897 1.0947 -0.31309
1.0795 -1.4816 0.21777 0.55713 -1.467 0.60611 2.5379 0.47821 0.30442 -0.2145 0.10262 -0.41782 0.80523 0.43146 0.1311 -0.71278 0.4957 0.20838 -0.20203 0.34624 -0.47289 -1.365 -0.030536 -0.19183 0.57256 -0.19064 -0.16814 0.63321 0.14124 -1.103 -0.3248 0.71765 -2.0771 -0.059043 0.34032 1.1007 0.0025223 0.74222 -0.73594
1.1793 -1.2835 0.22668 0.82888 -1.4761 0.96663 2.1639 0.038943 0.071043 -0.39282 0.19732 -0.28109 0.86709 0.34013 0.35051 -0.73733 0.082116 0.1843 0.12376 -0.42322 -0.54923 -1.0064 0.94669 0.25022 0.90208 -0.57887 -0.62425 0.8211 0.20288 -1.1167 -0.63254 0.9415 -1.7009 -0.27682 0.59447 0.82683 0.17728 0.17334 -1.0528
1.2618 -1.5625 0.12034 0.52492 -1.5098 0.83547 1.7112 0.043595 -0.22281 0.18041 0.066484 0.2844 0.74158 -0.060036 0.64303 -0.91656 -0.49229 -0.3342 0.21999 -1.2299 -1.0139 -0.60072 0.79001 0.29795 0.4847 -1.1107 -1.2622 0.92459 0.68727 -0.64219 -0.34959 0.88998 -1.1922 -0.090133 0.69458 0.25336 0.22331 -0.66374 -1.1173
1.2236 -1.1799 -0.078506 0.44951 -1.5699 1.1376 1.4403 -0.62355 -0.75013 0.30349 -0.29881 0.50846 0.51731 -0.59879 1.0847 -0.34615 -0.77519 -0.51235 0.90894 -1.368 -0.76902 -0.58926 0.75184 0.27971 0.42694 -1.542 -1.591 0.9606 1.2869 0.33171 0.23902 0.82542 -0.46721 0.29527 0.4996 -0.50123 -0.053642 -1.4038 -0.84437
1.2257 -1.0744 -0.31506 0.11063 -1.408 1.2342 1.0726 0.077201 -0.5068 1.3242 0.76504 0.74736 -0.0071348 -1.4437 1.4086 0.37221 -0.31879 -0.076271 1.0005 -1.6255 -0.51165 -0.17236 0.5572 0.2465 -0.52173 -1.8138 -1.5388 0.67228 1.5648 1.2505 0.95307 0.39186 0.26888 0.66862 0.235 -0.60801 -0.076726 -1.368 -0.37751
0.73258 -0.66698 -0.66733 -0.21781 -2.0249 0.99718 0.31799 -0.91413 -0.2278 -0.042195 0.46318 -0.13654 -0.55436 -1.9261 1.6761 0.99474 0.64762 0.49024 1.2117 -1.191 -0.18045 -0.20686 0.078984 0.17292 -1.4168 -1.8178 -1.1131 0.21301 0.8074 1.5558 1.341 -0.71647 0.36681 0.78628 -0.10542 -0.63087 -0.16144 -0.73038 0.12317
0.30698 -0.1039 0.36261 -0.066789 -2.0802 2.0701 0.76415 -0.39996 -0.63897 0.50308 0.26015 0.29215 -0.8214 -2.2571 1.5454 1.2972 1.2367 0.89484 0.7618 -0.7828 0.056247 -0.30406 -0.066316 0.20197 -1.3434 -1.6836 -0.22292 -0.34286 -0.41876 1.031 1.246 -1.4206 0.25852 0.76038 -0.42864 -0.4304 -0.30162 0.39309 0.50417
-0.6086 0.10786 0.89753 0.84477 -1.0902 1.9711 -0.65085 -0.57286 -0.21143 0.49246 0.31081 -1.1959 -1.0548 -2.2585 1.4016 0.69148 1.4815 1.4363 -0.2853 -1.0541 0.5461 -0.71206 -0.17382 -0.017515 -0.62826 -1.3744 0.63949 -0.75161 -1.5757 0.0087742 0.68983 -1.8635 0.18231 0.38006 -0.39704 -0.34108 -0.14242 1.3368 0.63936
-0.65832 0.2719 0.94785 1.538 -0.71334 2.1589 0.40537 -0.19467 -0.99415 0.45971 0.16757 -1.5196 -1.2675 -1.6827 0.9474 -0.21681 1.2775 1.7125 -0.83954 -1.1795 0.6725 -0.75074 -0.16211 -0.25924 -0.11967 -1.0849 1.3723 -0.69292 -1.731 -0.81978 -0.11449 -1.3364 0.35427 0.27135 -0.050491 -0.26019 -0.035568 1.6764 0.69376
-1.1109 0.44542 0.78092 1.4696 -0.71092 1.551 0.36131 -0.4616 -1.0855 0.57381 0.55163 -0.55783 -1.5586 -1.009 0.65323 -1.1033 0.65099 1.3342 -1.378 -0.63364 0.30043 -0.75168 -0.54432 0.12223 0.66804 -0.91187 1.4268 -0.51342 -0.8602 -1.1596 -0.97144 -0.49747 0.56575 0.37683 0.52662 -0.12356 0.062429 1.0465 0.66626
-1.2635 0.58076 -0.2918 1.2374 -0.1137 0.32072 -1.3187 0.74936 -1.3047 0.60831 0.6688 0.27338 -1.7063 -0.30997 0.70161 -0.94408 0.063207 0.73945 -1.1279 -0.2833 0.75129 -0.36373 -0.3942 0.065356 1.389 -0.60707 0.90413 -0.30382 0.47836 -0.89954 -1.4315 0.22457 0.8077 0.59961 0.69702 -0.072557 -0.034743 0.16945 0.59865
-1.0669 0.46824 -0.56659 1.107 -0.33023 0.79943 -1.4067 -0.43058 -1.0597 -0.4382 -0.47471 -0.57755 -1.7842 -0.27127 0.62416 -0.49225 -0.16142 0.16169 -1.0582 -0.36117 1.2892 0.16183 -0.30394 -0.049779 0.72941 -0.35742 0.40954 -0.16118 1.4884 -0.38829 -1.4887 0.77867 0.92747 0.30994 0.32408 0.10498 -0.33598 -0.58012 0.48418
-0.99915 0.72731 -0.14328 1.0823 -0.34794 0.99868 0.34526 -0.24257 -1.5389 0.093036 0.84753 0.77288 -1.8599 -0.35343 0.43258 0.3765 -0.060333 -0.29711 -0.60914 0.31867 1.4049 0.19852 -0.42881 -0.23832 0.19559 -0.2336 -0.051029 -0.15218 1.2984 -0.069625 -0.94331 0.29804 0.51255 -0.55332 -0.24807 0.32101 -0.25754 -0.67022 0.27425
-0.96368 1.0582 0.45202 1.3871 -0.1118 0.97643 -0.69846 0.88802 -0.63348 0.36123 0.30875 0.35762 -1.698 -0.21213 0.51082 0.98112 -0.03625 -0.84715 -0.24379 0.94406 0.62279 -0.36793 -0.32664 -0.39589 0.10127 -0.18574 -0.081467 -0.18516 0.55488 -0.030253 -0.40705 0.043344 -0.1894 -1.3807 -0.52233 0.22128 -0.17982 -0.23519 0.12394
-1.3433 0.9366 0.27065 1.3397 -0.74458 0.42169 -0.30215 1.7164 -0.92065 0.22129 0.13277 -0.67092 -1.7799 -0.42387 0.49727 0.71657 -0.1282 -0.46623 -1.0117 0.096597 0.012182 -0.57098 0.23962 -0.27403 0.35813 -0.1756 -0.056404 -0.24891 -0.39341 -0.18248 0.2112 0.10575 -0.69116 -1.6218 -0.36545 -0.034345 0.15775 0.042447 0.052104
-1.7373 0.7886 0.70986 1.1933 -0.91383 0.33203 0.18024 1.1581 -1.1119 -0.20943 0.1074 0.21211 -1.9683 -0.37718 0.27243 0.37635 -0.17968 -0.49096 -0.79474 -0.64919 -0.7366 -0.47059 -0.21054 -0.38831 0.17927 -0.15233 0.20898 -0.34935 -0.9616 -0.093576 0.81642 0.61711 -0.89989 -0.97206 0.21193 -0.30037 0.5339 0.071172 0.099221
-1.0952 1.2154 0.39998 1.0247 -1.1511 0.38415 0.036432 0.22789 -2.2613 -0.17937 -0.3585 0.47299 -1.9527 -0.36527 0.11958 -0.015439 -0.33707 -0.090779 -0.1585 -0.30702 -1.1185 -0.45555 -0.55871 0.079321 0.2468 -0.15158 0.4948 -0.37824 -0.96352 0.19101 0.92359 1.3046 -0.23221 -0.1077 0.44788 -0.40797 0.50349 -0.37453 0.21476
-1.5156 1.1263 0.21216 0.96769 -0.38807 -0.38745 -1.2811 -0.82506 -1.6187 0.35194 -0.2204 0.48029 -1.9561 0.15946 0.089723 -0.38557 -0.10725 0.44755 0.43067 -0.70214 -0.71925 0.016365 -0.51912 0.50416 0.30499 -0.010249 0.2636 -0.42806 -0.76548 0.37146 0.83021 1.0987 0.28504 1.0336 0.40455 0.097046 0.26716 -0.73232 0.24969
-1.4013 1.0776 0.61673 1.1277 -0.93419 0.49644 -0.91307 -0.043964 -1.4302 -0.1524 0.50276 0.72606 -1.9116 0.24209 -0.072439 -0.63866 0.214 0.74137 0.72151 -0.36328 -0.18018 0.096449 -0.40798 0.2954 -0.45418 0.15857 0.12328 -0.33347 -0.14255 0.46532 0.080477 0.31753 0.38047 1.4936 0.22164 0.60886 -0.4 -0.91929 0.18328
-1.6651 1.065 0.35826 0.96825 -0.33321 0.87816 -0.53666 0.54417 -1.0891 -0.58342 0.31035 -0.098406 -1.8942 -0.17803 -0.38079 -0.68632 0.27438 0.60041 0.73828 -0.052535 0.88645 0.078214 -0.10103 0.044759 -0.94018 0.16362 -0.11416 -0.14071 0.423 0.23784 -0.38874 -0.60556 0.34748 1.0756 -0.14524 0.73094 -0.92073 -0.44734 0.014947
-1.0205 0.95788 -0.23113 1.2524 -0.38999 0.78362 -1.1656 0.81028 -1.2133 -0.47437 0.75812 0.14432 -1.8643 0.044441 -0.227 -0.10096 0.38439 -0.01994 0.24631 0.13132 1.0883 -0.025175 0.41716 -0.48949 -0.97706 0.10737 -0.01356 0.15543 0.90559 0.00077407 -0.61484 -1.058 -0.080911 0.4214 -0.24499 0.53437 -0.84161 0.59515 -0.11808
-1.3211 0.84828 -0.016229 1.4428 -0.08711 0.92647 -0.13087 -0.049556 -1.8239 -0.43858 -0.21273 -0.35201 -1.7603 0.056139 -0.073692 0.14323 0.27711 0.12421 -0.44453 -0.25359 0.82264 -0.19061 0.49177 -0.94749 -0.32966 0.044053 0.078503 0.39472 1.0596 -0.17745 -0.39714 -0.907 -0.29078 -0.1548 -0.11695 -0.014251 -0.51679 1.1804 -0.14167
-1.6844 0.75291 -0.34502 1.1815 -0.43903 0.72504 -0.7828 1.127 -2.0708 0.26524 -0.38366 -0.82263 -1.8023 0.1106 0.057391 0.62613 0.22082 -0.13472 -0.61914 -0.44055 0.72315 -0.23515 0.335 -0.8937 0.44374 -0.0035999 0.044606 0.32829 0.62976 -0.29168 -0.054774 -0.32353 -0.36575 -0.11442 0.1344 -0.60008 0.15424 1.2702 -0.12117
-1.3776 1.0042 0.80249 1.4958 -0.84296 -0.12158 -1.2092 0.68356 -1.0318 0.76043 -0.53278 -0.52819 -1.8798 -0.053709 0.18389 0.91107 0.017489 -0.061443 -0.48758 -0.3724 0.7914 -0.028368 -0.092547 -0.78615 0.73123 -0.047297 0.089982 0.21866 0.3037 -0.2386 -0.052886 0.14856 -0.17912 0.072665 0.28169 -0.69422 0.50102 0.83712 -0.082199
-1.2868 1.0518 0.6018 1.3199 -0.35661 0.38363 -1.1997 1.3349 -1.6056 -0.42646 -0.61192 0.63247 -1.8639 0.19351 0.23353 0.69061 -0.04678 -0.025222 -0.33428 -0.56796 0.90681 0.18164 -0.46795 -0.25576 1.0551 -0.074729 0.10482 0.10885 -0.038506 -0.15744 0.069639 0.20866 -0.10415 0.10544 0.25208 -0.50458 0.44745 0.38167 -0.045314
