39 251
-0.79966 0.91308 0.66462 1.3 0.48247 1.1088 -2.1152 0.014028 0.15135 0.0045407 -1.4946 0.57799 -1.4009 -0.40454 0.29768 0.47528 0.03241 -0.85874 -0.50557 1.5037 0.69567 -0.57612 0.24055 1.205 -0.007181 -0.13034 0.46711 0.0012136 -0.31693 0.010132 0.31383 0.48174 -0.37552 0.051118 0.016135 -0.080982 -0.17887 -0.35693 0.030679
-1.2109 1.1881 1.1014 0.99334 0.08019 0.39224 -1.1189 0.69709 -0.35351 0.5729 -1.3023 0.70936 -1.5174 0.11597 0.36789 0.011185 0.080684 -0.53093 0.14166 1.2484 0.75931 -0.24991 0.11425 1.026 -0.25967 -0.10621 0.48509 -0.077975 -0.27965 0.045298 0.44081 0.43994 -0.58174 0.018045 0.13784 -0.26223 -0.6076 -0.48049 0.052911
-1.0426 1.2998 1.1989 1.2162 -0.92929 0.12125 -0.51235 0.62759 -1.0556 0.46731 0.68344 0.92319 -1.528 0.1975 0.25861 0.11292 0.033889 -0.44104 0.18174 0.82388 0.74295 -0.67915 0.15063 0.90277 -0.58204 -0.085878 0.41268 -0.23923 -0.22396 0.039992 0.6857 0.18083 -0.87936 -0.18756 0.25749 -0.29446 -0.72152 -0.24188 0.11572
-1.1646 1.0639 0.97525 1.538 -0.28018 0.88939 -0.17414 0.86911 -0.096868 0.016062 -0.56765 0.28854 -1.4971 0.18964 0.18271 0.13146 0.12933 -0.25421 0.073526 0.60807 0.68353 -0.21085 -0.2456 0.069113 -0.66291 -0.057004 -0.0761 -0.32742 0.097797 0.085852 0.88471 -0.21239 -0.76247 -0.48105 0.052283 0.0044591 -1.0159 0.12889 0.11978
-0.29186 1.3014 0.31816 1.342 0.31741 1.8482 -1.1592 0.86741 0.18816 0.087785 -0.75537 0.14819 -1.4735 0.32124 -0.010071 -0.006192 0.094874 0.26328 -0.095429 -0.029466 0.32483 -0.032474 -0.17786 0.15854 -0.28129 0.050915 -0.23111 -0.084438 0.14717 -0.01322 0.66022 -0.43008 -0.53673 -0.58327 -0.018523 0.15995 -0.35912 0.48667 0.10374
-0.83734 1.1305 1.146 1.1732 -0.2412 0.7996 -1.2105 0.98071 -1.3979 0.45596 -0.39683 -0.13127 -1.504 -0.078232 -0.043485 0.24835 0.23093 0.74053 -0.1733 0.064458 -0.040221 -0.43783 0.30363 -0.74148 -0.15943 0.038382 -0.3363 -0.025808 0.089059 -0.15126 0.18391 -0.40939 -0.33104 -0.45296 -0.068031 0.30327 0.37285 0.58538 0.13699
-0.99543 1.2588 1.1677 1.4043 -0.27724 0.38018 -0.45299 1.2108 -0.01534 -0.29888 -1.4593 0.10304 -1.524 -0.084718 0.22656 0.32399 -0.039137 0.27544 -0.60767 -0.046351 -0.11272 -0.57783 0.22546 0.53998 0.11774 0.051253 -0.057494 -0.0030247 -0.53258 -0.18278 -0.092889 0.050557 -0.17888 -0.23243 0.2539 -0.11611 0.3451 0.48536 0.12641
-0.83364 1.1786 1.0751 1.1895 0.16938 0.0077434 -0.8201 0.96952 -0.6843 0.57094 0.40836 0.84623 -1.4317 -0.21613 0.015895 0.12771 -0.10869 0.084181 -0.53953 -0.098529 -0.048887 -0.053544 0.20112 0.6388 0.28245 0.18605 0.28108 -0.14619 -0.97298 -0.23327 -0.16201 0.50134 -0.3302 -0.20483 0.55976 -0.46891 0.32798 0.38948 0.092375
-1.1614 1.167 1.2833 1.8892 0.51622 0.79046 -0.11904 0.36371 -1.5247 0.86777 -1.2029 0.25415 -1.4899 0.29193 -0.050702 -0.94172 -0.10491 0.43068 0.18891 -0.34716 -0.1713 0.33107 -0.35295 0.17088 0.44671 0.20173 -0.067798 -0.065679 -0.90764 -0.33197 0.12402 0.43101 0.083249 -0.37991 0.95941 -0.59836 -0.43586 -0.11829 0.083814
-0.7294 1.5187 0.91567 1.1102 0.013046 0.52405 -1.0417 0.97109 -0.41757 -0.064338 0.56835 0.12006 -1.4237 0.25511 -0.15181 -0.93445 -0.20922 0.37598 0.48069 -0.49844 -0.45496 0.30096 -0.36937 0.10979 0.4372 0.12802 -0.32113 0.30135 -0.46077 -0.39126 0.041552 -0.15524 0.49513 -0.4921 0.71079 -0.41098 -0.10144 -0.23979 0.0035059
-0.66572 1.102 0.66616 1.0311 0.041239 0.70607 -1.541 1.0552 -0.077767 0.47273 -0.17956 0.47932 -1.2245 -0.43747 0.19618 -0.83895 -0.66411 0.36468 -0.21389 0.29858 -0.71157 1.2712 -0.7215 -0.12387 -0.19325 0.23011 -0.61806 0.30402 0.47967 -0.062048 -0.32415 -0.73533 0.93798 -0.27724 -0.11358 0.2416 0.0086027 -0.5018 -0.090877
-0.62187 1.0391 -0.016376 1.2645 0.4898 0.77499 -1.1123 0.72108 -0.74695 -0.57923 -0.93934 0.72916 -1.366 -0.43242 0.38329 -0.78585 -0.62579 0.20181 -0.67109 0.57861 -0.80994 0.98445 -0.45599 0.55617 0.13079 0.18067 -0.31998 0.21257 1.0029 0.37623 -0.47513 -0.67039 0.6741 0.13976 -0.87367 0.40849 0.14566 -0.5895 -0.22816
-0.89176 1.1217 0.56332 1.2559 0.4429 0.88396 -0.8156 0.17626 0.17861 -0.16731 -0.6608 0.95672 -1.4402 -0.48895 0.17698 -0.12756 -0.018884 -0.065112 -0.79202 1.0336 -0.58585 -0.221 0.2101 -0.05252 -0.38501 0.018467 0.39276 -0.23029 1.3104 0.70465 -0.6323 0.052187 -0.20776 0.50673 -1.3757 0.7397 -0.019324 -0.10827 -0.31328
-1.7668 1.6991 0.48718 0.30151 0.81086 -0.63272 0.37728 -0.34083 0.97721 -0.071167 0.32086 -0.20339 -1.0957 -0.29803 0.20226 0.57224 0.24379 -0.26758 -0.65006 0.50556 -0.25755 -0.74764 0.032669 0.36011 -0.62365 -0.16418 0.78461 -0.47763 0.97288 0.63268 -0.82336 0.65025 -0.38785 0.78945 -0.98512 0.29342 -0.64344 -0.060602 -0.25967
-1.1038 1.6837 0.31321 1.1683 0.25724 0.032581 0.014289 -0.1978 -0.45946 0.1375 0.26105 0.56407 -1.3317 0.22148 -0.098909 0.91684 0.34955 -0.54595 -0.11974 -0.12403 0.022568 -0.70394 0.59284 -0.08436 -0.030015 -0.14497 0.93392 -0.46231 0.33843 0.38249 -0.43341 1.0226 -0.71784 0.70523 -0.3023 -0.43593 -0.89038 0.41825 -0.16082
-0.85712 1.2093 0.79053 1.321 -0.39614 -0.28545 -0.26008 0.91069 -1.2076 0.43556 -0.23065 -0.37759 -1.411 0.656 -0.27211 0.49851 0.49099 -1.0518 0.35923 0.32445 0.47404 -0.80109 -0.019524 -0.78972 -0.1673 -0.19096 0.40398 -0.28968 -0.22438 -0.0027762 0.20899 0.78157 -0.33942 0.3053 0.5648 -0.49182 -0.77778 -0.063181 0.015705
-0.92876 1.1419 1.1857 1.5088 0.10706 0.27192 -1.2242 0.50609 -1.142 -0.23095 -0.21492 0.13087 -1.5075 0.75104 -0.35392 0.53484 0.64596 -0.4553 0.85545 -0.39382 0.46439 -0.79797 -0.65721 -1.3551 0.20431 -0.2479 -0.4082 -0.38329 -0.46806 -0.7931 1.0364 0.19644 0.043127 -0.079575 1.0693 -0.52449 0.30133 -0.54674 0.60164
-0.54511 1.0257 1.0162 1.4454 -0.059864 0.77359 -0.84101 0.13588 -0.62985 0.54101 -1.202 1.2778 -1.4605 0.18388 -0.15373 0.3411 0.094754 0.077331 0.50587 -0.091977 0.12016 0.50311 -0.35228 -0.64688 -0.86646 -0.082485 -0.60239 -0.89441 -0.81975 -1.716 1.2405 -0.6564 0.15293 -0.26718 1.042 -0.39706 1.369 -0.53637 1.5085
-0.70176 1.2983 0.77099 1.341 -1.1732 0.59469 1.1754 0.64149 -0.21964 -0.48739 -1.0542 -0.21395 -1.4605 -0.28286 -0.79592 0.1198 -1.0723 0.78998 0.21596 0.14588 0.011481 0.89933 -0.3189 0.45528 -0.75339 0.86 0.16333 -1.5575 -1.4475 -2.1583 0.47634 -1.2366 0.29072 -0.50352 0.48086 -0.58565 1.4465 -0.67136 2.1933
-0.92127 1.4274 1.0185 1.404 0.66837 0.42607 -1.006 0.35495 -1.0658 -1.059 -1.1825 0.16024 -1.4114 0.076985 -1.5315 -0.82439 -2.1605 0.59858 -0.71134 0.34423 0.12901 0.54863 -1.001 1.1457 -0.7411 1.9068 1.4929 -1.9181 -1.7714 -1.5823 -0.10168 -0.81942 0.094581 -0.72083 -0.53705 -0.43472 0.72159 0.0524 2.1876
-0.84257 1.2312 0.88819 1.3686 0.11763 0.4915 -0.43187 0.38819 0.20072 0.48821 -0.10474 -1.37 -1.4861 1.1106 -2.2385 -1.5814 -2.6432 0.16231 -1.1504 -0.03626 -0.59456 0.20805 -1.5385 0.75101 -1.1755 2.6118 1.9826 -1.4262 -1.6773 -0.26586 -0.86849 -0.04885 0.67743 -0.67579 -0.66777 0.11702 0.26839 0.09607 1.3191
-1.255 -0.31357 1.2079 -0.61496 1.0057 0.10644 -0.35737 0.94442 -0.056975 -0.17183 0.62516 -0.47455 0.0092935 2.2277 -2.6005 -2.1102 -2.3565 0.21436 -0.54522 0.1676 -1.0755 -0.24427 -0.63335 0.69393 -0.55465 2.8859 1.258 -0.4322 -0.67979 1.2396 -0.48608 0.79879 1.0647 -0.18139 -0.53371 0.54761 -0.053671 0.19958 0.17027
-0.28849 -0.50301 -0.33547 -1.2616 0.21294 -0.80453 -0.20171 0.33108 -0.50552 -2.1697 0.57429 0.23833 0.738 2.2789 -2.6185 -2.364 -1.5141 -0.59436 0.024399 1.6126 -0.79289 -0.069717 -0.24283 1.2234 -0.66029 2.6896 0.019917 0.85542 0.44022 2.3782 0.068453 1.102 0.77869 0.59887 -0.22883 0.84719 -0.35707 0.24299 -1.1305
1.0935 -0.93606 -0.92568 -1.2089 -0.77323 -0.67919 -0.16105 -1.122 -0.33759 -1.8468 -1.3599 -1.1049 1.0064 1.8033 -2.06 -1.703 -0.18064 0.09847 0.38112 1.7021 -0.16794 -0.39855 -0.49086 0.77921 -0.60959 2.1696 -1.2582 1.6649 1.5986 2.507 0.81245 0.92779 -0.32778 1.0955 0.48479 0.96776 -0.80936 0.45316 -1.8459
1.3921 -0.89655 -1.0228 -0.55173 0.18946 0.56227 0.95872 -0.65208 -0.98876 -0.39556 0.25321 -0.98928 1.0549 1.3662 -1.1045 -0.97001 1.1457 0.35398 0.70598 0.78513 0.15031 -0.16536 0.17309 -0.055454 -0.67385 0.98735 -1.7213 1.9776 1.9576 1.5918 1.4858 0.56019 -1.6087 0.9513 0.91649 1.3446 -1.0649 1.1232 -1.9012
0.51124 -1.3253 -0.91727 -0.010191 -0.064889 0.65457 1.5811 0.044642 -0.32902 -0.41356 1.7207 -1.172 1.0995 0.38727 -0.61878 0.16416 1.4543 1.2319 1.066 -0.12692 0.66658 0.84052 1.193 -0.37491 0.338 0.49801 -1.4583 1.6128 1.0898 0.043758 0.76642 -0.047608 -1.9459 0.0881 1.2402 1.4949 -1.339 0.8293 -1.5059
0.35053 -1.4074 -0.28493 0.39921 1.0273 0.44522 1.6641 0.96007 -0.30232 -0.96314 0.85894 -1.6856 1.3416 -0.15774 -0.084877 0.3421 0.93432 1.5596 0.8584 -0.84026 0.70885 1.2476 1.7356 -0.44145 1.0644 0.18919 -0.37694 1.1512 0.0048763 -1.0599 0.074016 -0.38839 -1.3153 -0.47869 0.77291 1.3125 -1.0034 0.15365 -0.89978
0.73219 -1.4266 -0.42566 0.09782 0.95559 0.2964 -0.40978 0.46134 -0.54741 -1.0856 -0.68257 -0.48461 1.2416 -0.09778 0.082988 -0.33477 0.019566 0.90335 0.19903 -1.5526 -0.29252 1.5065 1.8618 -1.8422 0.14404 -0.073186 0.75518 0.90242 -1.2294 -1.2213 -1.0627 -0.48019 -0.27977 -0.65954 -0.14575 0.73059 -0.018061 -1.1218 -0.77101
0.92483 -1.0387 -0.62102 0.36293 1.3682 0.81977 -0.49095 0.16771 1.1816 0.014793 -0.81254 0.7142 1.3259 0.92557 0.43652 -0.71592 -0.30347 0.66214 0.3146 -1.2603 -0.37392 1.1392 2.5922 -1.4353 -0.27776 -0.30451 1.0134 0.4798 -1.3692 -0.66717 -1.3744 -0.48054 0.60522 -0.17795 -0.98549 -0.4217 0.79793 -1.7525 -0.56619
1.0693 -0.94728 -0.767 -0.041416 1.3815 1.0614 -0.30898 -0.28744 0.92557 1.7418 -0.71547 -0.39654 1.0977 1.2353 0.60224 -1.5998 -0.42386 -0.25031 0.31937 -0.52553 -0.16547 0.61734 2.3044 0.066136 -1.1904 -0.60647 0.58272 0.017046 -0.47591 0.27793 -0.86195 -0.41763 0.94543 0.56375 -1.4973 -2.0918 1.2021 -0.9485 -0.31127
0.66415 -1.1304 -1.549 -0.46362 1.0032 0.55253 -0.39681 -0.78876 0.86533 1.7438 -1.2488 -2.027 0.93804 1.0382 0.44051 -1.5786 -0.20591 -0.36341 -0.22105 -0.12527 0.25622 -0.33563 0.65056 0.25248 -1.7035 -0.53581 -0.19455 -0.38983 0.25775 0.74627 -0.65625 -0.8898 0.58354 0.67324 -1.038 -3.6024 0.28536 0.95496 -0.048138
1.6915 -0.93718 -1.1342 0.045791 1.1903 0.96088 0.22608 0.66379 0.80951 2.27 0.2715 -1.5167 0.90296 0.91988 0.10314 -0.7938 0.54503 -0.14837 -0.41971 -0.18534 0.51929 -0.85078 -1.5145 -0.19403 -1.0031 -0.50151 -0.21293 -0.14646 1.0996 0.78791 -0.42363 -0.85076 0.15925 0.5119 -0.73201 -3.3478 -0.90869 2.9245 -0.029833
1.8039 -0.69328 -2.1502 -0.087604 0.44231 0.73432 0.11825 0.79353 0.20239 1.0519 0.52169 -2.4057 0.67367 0.73409 0.037469 -0.64357 0.7458 -0.57789 -1.1986 -0.24683 0.63436 -0.26394 -2.9962 -0.72753 1.4975 -0.43888 -0.47004 -0.014675 1.1908 0.40893 -1.1185 -0.50818 0.3944 -0.037677 -0.43373 -1.7274 -0.95012 3.2349 -0.10298
1.6237 -0.92104 -1.8953 -0.0090251 0.84703 -0.1229 -1.2106 0.27876 -0.56824 -0.58558 -1.373 -1.3532 0.83758 1.0045 0.55636 -0.024824 0.7193 -0.90754 -0.99223 -0.16201 0.66636 -0.91792 -2.8392 -1.3596 2.9363 -0.70467 -1.0591 -0.028676 1.3001 -0.18396 -1.4566 -0.0057229 1.0681 -0.69732 -0.27417 0.37137 0.012364 1.5784 0.063785
1.6677 -1.0271 -0.97165 1.2811 1.577 0.61517 -0.4091 0.37728 0.5962 -1.3664 -1.334 -0.47861 0.7415 0.14222 0.18375 0.24909 0.54957 -2.0166 -1.0124 0.65396 0.0803 -1.1797 -2.2743 -1.167 2.6622 -0.61242 -1.7921 -0.2698 1.2429 -0.59133 -1.0307 0.74326 1.6579 -1.2935 0.065646 1.9444 1.4608 -1.1391 0.41714
1.6128 -0.95656 -1.951 0.26467 -0.13015 -1.2141 -0.30375 0.42418 1.0036 -1.4968 -1.5528 1.4342 0.51025 -0.71636 -0.023232 1.1756 0.27114 -2.079 -0.53033 1.5537 -0.65433 -0.93796 -1.0851 0.033347 1.5048 -0.30007 -2.4112 -0.52732 0.73929 -0.9194 0.13696 0.97162 1.3035 -1.8472 0.81278 2.0597 2.3619 -2.6417 0.93838
2.3923 -0.073086 -1.4186 0.33426 -0.43592 -0.11254 -0.16436 0.93882 -1.3396 -0.8743 -2.1271 1.0854 -0.011409 -1.6798 -0.12346 1.0655 -0.23669 -1.8647 0.13313 2.3091 -1.3744 -0.090647 0.19819 1.6082 -0.020051 0.094023 -1.922 -0.42112 0.5041 -0.78795 1.9324 1.2901 -0.012378 -1.7468 1.1987 1.3923 2.0133 -2.4745 1.1706
1.5292 -1.0291 -1.1681 0.74713 -2.1872 -0.30858 1.5979 0.69382 -1.1846 -0.89542 -0.22859 0.4144 0.43577 -2.4923 -0.16529 0.93873 -0.76624 -0.72474 0.4795 1.6885 -2.4073 0.25819 0.23651 2.1668 -0.89956 0.59266 -1.0258 -0.49836 -0.10884 -0.57817 2.7485 0.89281 -1.5364 -1.1146 1.5266 0.11401 0.85617 -1.1598 1.0833
0.45376 -0.97585 -0.5061 0.26259 -1.2845 -0.068826 1.6152 -1.0666 -0.72812 -1.1702 0.11051 -1.1739 0.68643 -2.482 -0.4454 1.3015 -0.54112 0.84217 1.199 0.53303 -2.639 0.74732 -0.015361 1.9524 -0.98516 0.9995 0.366 -0.19368 -0.19083 -0.28499 3.272 0.44733 -2.4865 0.25769 1.1402 -0.68226 -0.70331 0.30721 0.55285
-0.27945 -1.1353 -0.67031 0.071848 -0.52669 0.277 1.9068 -1.7852 0.85001 -0.49599 0.47629 -0.59041 1.0579 -2.1864 -0.68978 0.85057 -0.75627 1.5931 0.81494 -0.77567 -2.3257 1.8517 -0.72467 1.631 -0.28666 1.1523 1.358 0.15259 -0.2923 0.030485 2.5412 -0.083092 -2.1559 1.8331 0.42136 -0.64912 -1.4771 1.159 -0.097305
-0.48786 -0.8813 -0.54457 -0.021522 0.56995 0.59112 1.2693 -2.6275 1.0388 -1.4339 0.94413 -0.13074 1.1438 -1.1556 -0.18645 0.74987 -0.82067 2.9574 0.90374 -1.6484 -0.91389 1.5158 -0.72842 0.38931 0.27346 0.78774 1.5566 0.57263 -0.41136 0.15362 1.1141 -0.63807 -1.2144 2.5259 -0.66434 -0.27008 -1.4756 0.87524 -0.62737
0.089245 -1.1253 -0.50983 -0.29543 0.4079 0.641 -0.14092 -2.0137 0.31865 -1.2829 0.11044 0.6581 1.219 -0.66194 -0.049176 0.66596 -0.55915 2.8648 0.4464 -1.7242 0.45161 0.77872 -0.74502 -0.15435 0.73983 0.53032 1.196 0.64511 -0.25984 0.43985 -0.18989 -0.66643 0.062065 2.4241 -1.2755 0.54224 -0.93824 0.093897 -0.82174
0.10104 -1.1923 -0.40654 -0.31187 0.56732 0.73456 -0.52678 -1.7074 0.98465 -2.0385 0.66847 0.014975 1.258 -0.38706 0.17234 0.62358 -0.3201 2.2486 0.031653 -1.5416 1.1096 -0.074547 -0.55266 -0.25458 0.21432 0.21139 0.4613 0.32575 -0.34522 0.54483 -1.3195 -0.58496 0.98656 1.4193 -0.92324 0.96661 -0.15701 -0.61338 -0.7234
-0.24539 -1.1979 -0.017737 -0.30712 2.5058 0.92406 0.1652 -0.75423 1.0554 -1.5725 0.32448 -0.26282 1.3301 -0.37378 0.18836 0.42559 -0.1006 1.6096 -0.16048 -0.72811 1.5918 0.014515 0.33426 -0.024526 -0.075027 2.5582e-05 0.48768 0.074881 -0.41174 0.45444 -1.613 -0.22342 1.308 0.33774 -0.4829 1.3097 -0.096549 -0.67782 -0.63561
-0.84829 -0.91052 0.14316 -0.44502 2.7378 0.36597 -0.33377 -1.0909 0.79833 -1.804 0.013667 -0.0002304 1.3617 -0.44804 0.22584 0.22298 0.071074 1.1853 -0.032409 -0.12633 1.3915 -0.00014844 0.76389 -0.02166 -0.52261 -0.21483 1.0147 -0.21641 -0.515 0.49611 -1.9418 0.15039 1.1152 -0.48249 0.023127 1.1875 -0.232 0.020728 -0.4555
-0.56312 -0.80108 -0.23317 -0.23952 2.0677 0.36202 -0.43637 -0.85207 0.60476 -1.3032 0.53381 0.045809 1.2323 0.26849 0.041563 0.095371 0.18111 0.46113 0.0016195 0.25562 0.97562 -0.23864 1.3442 -0.4906 -0.22144 -0.37012 1.1888 -0.41048 -0.40114 0.47394 -1.8868 0.41869 0.575 -1.0725 0.21404 0.36654 -0.53604 0.16536 -0.1557
-0.35039 -0.87399 -0.18266 -0.19015 2.1264 0.5194 -0.13114 -0.19855 0.9386 -0.79298 0.85124 0.13476 1.1005 1.1568 -0.11698 -0.17442 0.56027 -0.71267 0.26246 0.25373 0.40621 0.12667 1.4349 -0.52418 0.32626 -0.4008 0.76076 -0.38195 -0.088923 0.34085 -1.2357 0.46664 0.31243 -1.2176 0.42068 -0.60865 -0.79251 0.29992 0.25537
-0.23868 -1.0897 -0.19545 -0.24492 2.003 0.86441 -0.42278 -0.0067151 0.497 -0.59838 -0.10433 -0.54485 0.99429 1.0075 -0.32288 -0.12687 0.63061 -0.8764 0.56999 0.24767 -0.13303 0.4237 0.77906 -0.9108 -0.1774 -0.17776 -0.13951 0.070572 0.067769 0.11863 -0.439 0.21641 0.21387 -1.4026 0.082703 -1.4937 -0.59953 0.16947 0.40768
0.36246 -1.2048 -0.00038593 -0.072616 2.062 0.6884 0.4133 -0.41253 0.803 -0.20579 -0.29081 -0.27515 0.94459 0.5824 -0.22755 0.16413 0.54946 -0.3926 0.66247 0.49839 -0.56825 0.57201 -0.2072 -1.4847 0.041042 0.14009 -0.69257 0.74128 0.15009 -0.21515 -0.14695 -0.33139 0.20377 -1.4287 -0.54102 -1.7069 -0.39263 -0.24359 0.17286
0.71748 -1.099 -0.20531 0.54079 1.4492 1.0633 0.27413 -0.61568 1.354 0.13606 -0.29329 0.75179 1.0114 0.30725 0.20723 0.047804 0.43441 -0.49142 0.25275 0.54943 -1.4294 -0.26248 -0.93436 -1.2805 0.25128 0.078012 -0.78549 1.4543 0.27293 -0.40499 -0.36137 -0.87443 -0.30982 -0.80315 -1.2105 -1.1002 0.20711 -0.63198 -0.4208
-0.30453 -1.1396 -0.1276 0.22515 1.2963 1.0198 -0.39064 -1.4582 1.2383 -1.3228 -0.86501 -0.68157 1.2611 0.24585 0.83402 0.0132 0.22246 -1.1646 -0.28352 0.49802 -1.8911 -0.63155 -1.2526 -1.1774 -0.36716 -0.22247 -1.2468 1.6833 0.60651 -0.36034 -0.18732 -0.98631 -0.71381 0.39888 -1.2106 -0.16183 0.84465 -1.4861 -1.1606
0.030558 -0.99937 0.02711 0.29532 1.9544 1.3371 0.65023 -1.0214 1.3273 -1.6223 -1.2235 0.23629 1.356 -0.25544 1.5379 0.4522 -0.030719 -1.1412 -0.80731 -0.42314 -1.1385 -1.4713 -0.97715 -0.6501 -1.2132 -0.73281 -1.4978 1.641 1.1598 -0.073613 -0.08279 -0.75574 -0.66019 1.7842 -0.5318 0.82689 1.5015 -1.0427 -1.6995
0.18742 -0.60697 -0.18885 0.20292 1.3535 0.59476 0.67889 -2.2278 -0.3176 -1.6873 -0.76522 0.23775 0.8856 -1.4121 1.8761 1.0865 0.048667 -0.40084 -0.89385 -0.52496 0.076206 -1.3207 -0.50751 -0.054217 -2.1399 -1.4899 -1.7562 1.1515 1.1604 0.41299 0.089057 -0.39433 -0.69445 2.3781 0.19692 1.5549 1.8329 -0.027631 -1.7486
0.50198 -0.12383 -0.10519 0.098369 -0.17842 0.19255 0.41988 -2.7033 -0.085477 -1.6398 -1.8248 -1.4322 0.54358 -1.5991 2.3856 1.6657 0.37535 -1.0156 -1.042 -0.3374 1.2083 -0.99999 0.43361 1.2753 -0.90682 -2.2701 -1.2378 -0.07644 0.2318 0.50016 -0.023086 0.064168 -0.26929 2.2386 1.456 1.5383 1.6519 1.3981 -0.87819
-0.079055 0.54275 0.72724 0.1883 0.69217 -0.3498 -0.90731 -1.1963 -0.83385 -0.93916 -0.58971 -1.492 0.14555 -2.2908 2.3025 1.5621 0.87036 -1.0561 -1.0036 -1.0143 1.7708 -0.43029 1.3011 1.6692 -0.57638 -2.5219 -0.34783 -1.2307 -0.84618 0.17352 -0.11485 0.12276 0.2996 1.3 1.6214 1.1132 1.1987 2.4867 0.42147
-1.8945 0.62869 1.1003 0.74214 1.6942 0.41288 -0.39397 -0.063022 0.40986 -1.1698 -0.36501 -2.3245 -0.48741 -2.0754 1.1927 0.64146 0.58795 -0.84697 -0.6225 -0.76533 2.5644 1.145 1.3428 1.9195 0.74209 -1.7564 0.61286 -2.1324 -1.6068 -0.46992 0.31461 0.31645 0.75029 -0.017465 1.518 -0.026744 -0.16573 1.7395 1.5893
-1.5413 1.3852 1.6486 0.67114 -0.47972 -0.31018 0.15457 0.14752 -0.095988 -0.96032 1.0885 -0.16692 -1.0928 -1.8039 0.4377 0.019023 0.3027 -0.68603 -0.85002 0.28311 2.0299 1.0129 1.3755 2.1087 1.9053 -1.004 2.1712 -2.1191 -1.76 -1.3635 0.27866 0.12054 1.0722 -1.22 0.80734 -0.86006 -1.3816 0.97459 2.2393
-1.7533 1.2762 1.0245 1.4589 0.29683 -0.31212 -0.88708 0.30664 0.10182 0.4652 0.43036 -0.32152 -1.2357 -0.71347 -0.20339 -0.55826 -0.29866 -0.61763 -0.45656 0.54359 1.0176 1.469 0.35643 0.69129 1.2582 -0.23538 2.2538 -1.3561 -1.0288 -1.6703 0.54316 -0.074478 0.32497 -2.2872 -0.099822 -1.1919 -2.4003 -0.49433 2.0805
-1.2061 0.17657 -0.15966 0.28252 -0.38567 -0.44812 -0.41811 0.80709 1.7318 -0.26737 1.0515 0.5006 -0.47832 1.0107 -0.49884 -1.1187 -1.4748 -0.65332 -0.83767 0.52912 0.02527 1.117 0.016222 -0.62002 1.0729 0.65277 1.4682 -0.21346 0.31454 -1.2015 0.62165 0.22022 -0.5529 -2.377 -0.77545 -1.4162 -2.3223 -1.091 1.2074
-1.7361 0.639 0.56312 0.39599 -0.46646 -1.3517 0.93379 0.18399 0.44764 0.25194 1.0758 0.2842 -0.48465 0.65096 -0.58059 -0.70925 -1.9403 0.13687 -0.79125 -0.24156 -1.1335 0.9113 -0.44779 -1.7466 0.188 1.0714 0.25131 1.0625 1.5016 0.26428 0.63111 0.73581 -0.78595 -1.4105 -1.5533 -0.70317 -1.3047 -0.5842 -0.28438
-1.4634 0.60071 0.77751 -0.0077869 0.77364 -0.13959 -0.35696 0.5998 1.6374 -1.366 -0.12771 -1.0027 -0.45806 0.20919 0.26845 0.67559 -1.3332 0.080176 -0.2235 -0.49992 -1.7783 -0.29819 -1.1604 -1.54 0.30128 0.46567 -0.36828 1.331 1.2865 1.7619 0.5286 1.5937 -0.81376 0.082309 -1.3646 -0.090956 -0.13728 -0.056256 -1.5072
-0.31184 0.53174 -0.010171 -1.2677 -0.29012 -1.1794 0.55312 -0.26602 1.5001 -0.78826 -0.99553 0.12064 -0.059573 0.15446 1.1585 1.3353 0.17682 0.17636 0.78332 -0.60129 -0.98885 -1.0348 -0.50604 -1.5914 0.49768 -0.63857 -0.49665 0.93287 0.77039 2.2565 -0.092137 1.7611 -0.19632 1.3673 -1.1145 0.8611 1.2276 0.62317 -1.8216
-1.3619 0.771 0.86369 -1.1258 -0.20552 -1.5609 -1.2963 -1.8228 0.92914 -0.68947 -1.059 0.40434 -0.076029 0.59169 0.81985 0.24937 1.081 0.30056 1.7319 -1.0081 0.095822 -0.72787 -0.12853 -1.0025 0.806 -1.1364 -0.44085 -0.19548 -0.16676 1.7047 0.044322 1.2816 0.31682 1.9714 -0.22851 1.3109 1.7482 0.31456 -1.039
-1.7888 1.367 1.6797 0.40772 0.26728 -0.14268 -1.2094 -1.5907 -0.34701 -1.329 -0.54805 0.38292 -0.85987 -0.44264 0.67562 0.9335 1.4803 -0.13272 1.9411 -0.42284 0.69884 -1.1705 0.84813 0.53004 1.1546 -1.3238 0.23037 -1.3423 -0.81397 0.012744 -0.27391 -0.0023448 0.85184 1.4271 0.43872 1.033 1.5177 -0.15337 0.47323
-0.95851 1.5749 1.3134 1.0048 -0.19554 0.85233 0.06772 0.68592 0.30607 -0.4918 -0.73459 0.93437 -1.4327 -0.29244 0.18168 0.56162 1.5124 0.32439 1.8961 0.040713 1.3818 -0.68019 0.91259 1.0317 0.58719 -1.0137 0.96511 -1.6548 -0.7394 -1.6345 -0.51256 -1.6359 0.83135 0.22151 0.8472 0.75593 0.44378 -1.0715 1.7871
-0.62225 1.085 0.078394 1.2577 0.60966 1.2976 -0.90652 0.77671 0.40865 -0.4135 -0.66383 0.47499 -1.4851 1.0253 -0.74117 -0.34047 -0.0078929 -0.32674 0.69082 0.61478 1.2597 -0.1177 1.1439 0.54265 0.30476 0.13379 1.5704 -1.5193 -0.89167 -2.4718 -0.35273 -2.6402 0.090985 -0.92663 1.0629 0.20424 -0.82632 -1.9703 2.4535
-2.1169 1.0965 2.1449 0.46109 -0.1308 1.507 -0.70482 0.56699 0.093903 0.099223 0.62907 0.83343 -1.2887 1.6318 -1.2057 -0.49448 -1.5185 -0.5292 -1.0998 0.17102 0.24277 0.53809 1.3161 -0.10025 -0.87005 1.2757 1.0995 -0.53379 -0.47137 -2.0846 -0.40435 -2.8739 -0.020463 -1.4376 0.93266 0.082851 -1.2344 -2.3305 2.0316
-0.67883 0.71495 0.62584 0.31533 0.21218 0.30171 0.20409 0.31132 0.36368 0.29663 0.012317 0.94695 -0.75275 1.4776 -1.1412 -0.20274 -2.0633 -0.34096 -2.1368 -0.32696 -0.65096 0.4624 1.0882 -0.64769 -1.9786 1.8428 0.21633 0.67262 -0.45164 -0.56388 0.20786 -1.8871 0.013718 -1.1107 0.69725 -0.031797 -0.62419 -2.4531 0.71026
-0.051704 0.12741 0.74161 -0.88051 -0.90228 -0.64002 -0.58095 -0.35282 0.2748 0.4296 -0.77571 0.65449 0.030398 1.5016 -0.50421 -0.38915 -1.7257 -0.39775 -2.7589 0.44127 -0.62653 1.0003 1.1291 -0.96901 -2.8385 1.7021 -0.786 1.4275 -0.33055 0.77763 0.40675 -0.52438 0.30734 -0.4235 0.45095 -0.10947 0.74757 -1.6143 -0.62804
0.27707 0.44045 1.0742 -0.92212 -0.2695 -1.2 -0.71629 -0.22017 0.82505 0.5803 -0.92718 -1.2853 0.072881 1.4935 0.010981 -1.2383 -1.0546 -0.0042793 -2.4665 0.4803 -0.60127 1.131 1.1869 -0.34458 -3.5186 1.1705 -1.377 1.5945 -0.20352 1.5027 0.42325 0.53221 0.26966 0.087363 0.25906 0.07693 2.1246 -0.35912 -1.437
0.15399 0.42053 0.79935 -1.0427 -0.094302 -1.3632 -0.75723 0.26812 0.94425 1.0189 -1.3725 -1.6907 0.19783 0.19168 0.56548 -0.59646 -0.42488 0.053676 -2.0467 0.37755 -0.67305 1.1702 1.0543 1.2911 -3.2643 0.51157 -1.6276 1.0214 0.22266 1.1896 0.32046 1.3512 -0.17609 0.19032 -0.52322 -0.25036 2.2624 1.2711 -1.4033
-0.015194 0.78579 0.1973 -0.62644 -0.11634 -2.2117 0.45634 -0.1836 1.8021 1.2477 -0.94405 -2.6326 0.12026 -0.38167 0.94653 -0.48238 0.36966 0.21465 -1.3755 0.23684 -0.47452 0.94387 1.3019 2.6408 -2.471 -0.082845 -1.2279 0.37499 1.0004 0.53033 -0.037601 1.6409 -0.33831 0.20259 -1.0647 -0.94121 1.2004 2.3736 -1.0185
-0.20145 0.97217 0.36704 -0.86629 -0.21052 -1.876 0.29216 -0.59273 1.3025 1.7587 0.79321 -2.8586 0.048315 -0.53385 0.70593 -0.35708 0.004032 0.086489 -0.45909 0.16961 -0.32628 0.029673 0.56522 2.2444 -0.87403 -0.13296 -0.35198 -0.43303 1.0482 -0.24312 -0.062384 1.6391 -0.43071 0.4189 -1.264 -1.1504 -0.40872 2.5757 -0.45482
-0.17478 0.98499 0.19355 -0.5917 -0.20679 -2.9412 0.1131 -0.97717 1.8265 1.4005 1.5881 -2.6264 0.082643 -0.38488 0.55299 0.49978 -0.17775 -0.080536 0.19617 -0.14588 -0.38596 -0.49159 -0.51587 1.6673 -0.065707 -0.29312 -0.12617 -0.96711 0.80804 -0.60623 -0.064214 0.94213 -0.34809 0.66702 -0.65196 -0.85867 -1.5075 2.0466 0.030904
-0.25872 1.1663 0.68869 -0.43154 -0.47138 -2.2806 -0.90905 -0.57275 1.4825 2.3668 2.1552 -2.8803 -0.065906 -0.44418 0.042434 0.85926 -0.64439 0.096183 0.62016 -0.35303 0.11348 -0.72044 -0.42039 0.90615 0.577 -0.17936 -0.14963 -0.86217 0.31918 -0.30656 0.10652 0.058797 -0.25939 0.7198 0.14109 0.20284 -1.4551 0.97429 0.20791
-0.26909 1.0601 0.574 -1.3158 0.17474 -1.3628 -0.0729 -0.0895 0.51862 0.81972 0.4098 -2.1995 0.037059 -0.6505 -0.32199 0.40917 -0.54322 0.10138 0.067175 -0.25228 0.64354 -0.013626 0.019556 0.14377 0.81089 -0.002723 -0.037604 -0.54001 -0.37251 0.0025289 0.33858 -0.69574 -0.069115 0.4917 0.3701 0.73064 -1.4471 0.46317 0.30456
-0.28961 1.1003 1.2943 -1.0521 -0.39222 -1.414 -0.26533 -0.62337 0.69757 0.028045 0.64351 -2.1018 -0.20299 -0.66799 -0.28386 0.27793 -0.43642 0.19873 -0.27598 -0.34349 0.60479 0.11123 0.73642 -0.050577 0.59444 0.089602 0.37112 0.24735 -0.44968 0.61876 0.30329 -0.67267 -0.28598 0.1615 -0.28198 0.51254 -1.102 -0.0026027 -0.081108
-0.65349 0.74853 0.9049 -1.4821 0.060836 -1.7611 0.1762 -0.21272 1.1148 1.7214 1.3907 -2.1562 0.00052984 -0.33482 -0.18004 0.092564 -0.2717 0.49496 -0.82907 -0.32196 0.348 -0.10953 0.4455 -0.89429 0.83104 0.1099 0.62624 0.75756 -0.06413 1.1628 0.372 0.46094 -0.4327 0.10853 -1.4504 -0.35409 -1.2018 0.13398 -0.70607
-0.93644 0.61534 0.39317 -1.0923 -0.22112 -2.8465 -0.45823 0.2948 2.0075 2.3713 1.7382 -1.8524 0.14428 0.084501 0.37327 0.17605 0.49233 0.46175 -0.35635 -0.9397 0.56595 -1.2338 0.4515 -0.89412 0.55994 -0.37546 0.54842 0.85684 0.27625 1.7733 0.063898 1.5582 -0.4213 0.29607 -1.8268 -1.497 -1.2592 0.62291 -1.3094
-0.68774 0.98353 0.76368 -0.91694 0.064612 -3.0581 -0.96343 -0.21707 1.5108 2.6441 1.4579 -2.1689 0.10597 0.12689 0.59236 0.33629 1.3794 0.65766 1.0744 -0.88026 0.85941 -2.3379 -0.56069 -1.9622 1.0887 -1.0075 0.11273 0.64279 0.53579 1.6843 -0.47539 2.3226 0.034626 0.35565 -1.292 -1.7372 -0.92816 0.64437 -1.4836
-0.31444 1.0801 1.037 -1.1886 0.57226 -2.4797 -0.897 -0.045704 0.15039 1.3078 -0.68601 -1.3654 -0.042077 0.11231 0.73652 0.66586 2.3757 0.2428 2.0543 -0.96675 0.92886 -2.556 -1.8671 -2.1643 1.684 -1.6485 -0.42497 -0.035335 0.12785 1.0123 -0.55828 1.9556 0.72081 0.020985 0.032892 -1.308 0.028119 0.74093 -1.0007
-0.10883 1.622 1.1062 -0.44931 0.48746 -1.0184 -1.2671 0.74115 -1.8613 0.60989 -0.50348 -1.5962 -0.73863 -0.13531 0.69205 0.84058 2.242 -0.2545 2.8604 -0.26439 0.86809 -2.1151 -2.0027 -2.2156 1.5295 -1.8564 -0.83706 -1.0315 -0.51485 -0.35798 -0.49912 0.24279 1.1821 -0.49445 1.5227 -0.0038005 1.7439 0.21217 0.38647
-0.65874 1.3564 1.5262 0.96018 0.43051 0.22218 -1.0222 0.6963 -1.6479 -0.043742 -1.2102 -0.51677 -1.3476 -0.55551 0.25922 0.15745 2.1398 -0.092391 2.8711 0.22088 0.57913 -1.2502 -1.5398 -0.72689 1.7892 -1.7058 -0.96903 -1.9076 -1.0747 -1.9408 0.080639 -1.9952 1.3788 -1.2497 2.668 0.7229 2.2554 -0.59828 2.2292
-0.85402 1.2762 1.1655 1.5772 -0.020993 -0.14286 -1.4008 1.1909 -0.7343 0.10822 -0.32079 0.043483 -1.5042 -1.0648 -0.87537 -0.37234 0.76883 -0.076987 1.1728 0.95205 -0.0017209 0.20961 -0.71645 0.94264 1.4499 -0.29749 -0.44834 -1.8665 -1.2425 -2.8696 0.43089 -3.3411 1.2313 -1.7697 2.5945 0.47909 2.0852 -1.3735 3.3365
-0.93642 1.4882 1.3836 0.85522 -0.67582 0.37281 -0.64506 0.9695 -0.37359 0.32748 -1.3353 -0.63045 -1.4786 -1.1902 -1.6305 -0.73267 -0.85894 0.31001 -1.3168 1.2595 -1.2159 1.8695 -0.98663 0.94808 0.54987 1.4895 0.30411 -1.0292 -0.81664 -2.9355 0.21254 -3.3325 0.72617 -1.9073 1.3954 -0.44462 0.91522 -1.9942 3.2429
-0.93446 1.2627 0.79538 1.175 0.85024 0.83459 -0.54706 0.19871 -1.1628 0.24863 0.38885 0.28064 -1.5586 -0.63186 -1.446 -1.0318 -2.1326 0.33957 -2.1001 1.7445 -1.8769 1.7595 -1.2642 1.2832 -0.54348 2.408 0.94044 0.49749 -0.50778 -1.5928 0.31766 -1.8978 -0.088071 -1.2487 -0.040528 -0.91049 -0.32631 -1.5016 1.5812
-1.4105 -0.18657 0.69105 -0.74132 0.51588 -1.3017 0.63404 0.22476 -0.29876 -0.068287 0.67638 0.24592 0.046519 -0.20817 -1.1581 -1.0375 -2.4184 0.096045 -2.5288 1.3043 -2.4071 0.9099 -2.1775 0.99584 -1.1226 2.639 0.82319 1.7891 0.23419 0.049496 0.20113 0.061213 -0.81859 0.078473 -0.74702 -0.019967 -0.85631 -0.1589 -0.57956
-1.524 -0.070578 0.58495 -0.81412 0.77594 -3.1756 0.15251 -1.2112 1.3352 -1.4792 -0.07125 -1.1134 0.86294 0.1731 -0.29743 -1.1696 -1.7096 0.61859 -2.2307 0.71902 -1.9837 0.63136 -2.0042 0.21919 -0.6574 1.9071 0.16788 2.3233 0.84891 1.2516 0.3191 1.4045 -1.4907 1.3911 -0.89054 1.2572 -1.187 0.70595 -2.336
-1.0881 0.39544 0.44408 -0.99446 0.20035 -1.7158 1.3835 -1.4656 0.66797 -1.493 0.55306 -1.0985 0.62832 -0.078407 0.73864 -0.23226 -0.96416 0.54639 -1.1278 0.045126 -1.0274 0.90287 -0.64241 -0.32625 0.29367 0.72478 -0.35573 1.8258 1.0425 1.3086 0.45908 2.4365 -1.1597 2.3596 -1.0779 2.4136 -0.9213 0.82688 -2.8969
-0.90059 0.51383 0.15257 -1.1569 -0.39741 -2.8462 -0.080291 -1.8616 -0.33851 -2.6529 0.59619 -1.3696 0.73592 -0.38235 1.4297 0.14141 -0.29085 0.70561 0.1571 -0.7483 0.25119 -0.066821 0.60642 -0.55269 0.12945 -0.73459 -0.18773 0.23106 1.0682 0.80459 0.2053 2.4429 -0.81872 2.4244 -1.2589 2.4851 -0.70208 0.062341 -1.9562
-0.78991 1.2981 -0.035322 -0.77394 1.55 -1.8318 0.42173 -1.3336 0.088143 -1.4515 -0.97135 -0.3651 0.015199 -0.57477 0.98227 0.24322 -0.44213 0.89925 1.4124 -0.39741 1.2729 -0.9615 1.5671 -0.56026 0.10192 -1.1248 0.9044 -1.7145 0.74034 0.29383 -0.29215 1.8946 -0.32879 1.9924 -1.1795 1.5264 -0.21257 -0.83482 -0.23116
-1.6889 1.3161 1.0566 -0.52439 1.688 -1.3658 -0.17205 -0.74002 1.0451 0.22371 0.62933 1.3443 -0.27257 0.084564 -0.04428 0.57673 -0.31747 0.82567 1.6479 -0.78713 1.796 -1.0342 2.0901 -1.1481 -0.44128 -0.60069 1.8145 -3.012 0.53631 -0.25475 -1.3835 0.79616 -0.29191 1.1845 -0.37909 0.015547 0.67994 -0.97295 1.496
-2.0278 0.98227 0.79222 -1.5494 0.93103 -2.1726 -0.40613 0.40755 -0.055693 0.057751 -0.37331 -1.3862 -0.23121 1.3511 -1.3568 0.92377 -0.34404 -0.038101 2.1186 -0.64584 2.2471 -1.0456 1.8153 -0.49062 -1.0583 0.25453 2.0193 -2.8449 -0.15275 -0.28904 -2.0348 0.13264 -0.49818 0.32116 0.71966 -1.2054 1.1693 -0.33564 2.025
-1.5759 0.91641 0.47706 -1.4872 1.4766 -0.39 0.56547 -0.10713 -0.68004 -0.18624 -0.57071 -1.6291 -0.12527 1.984 -2.3722 0.79503 -0.85693 -1.3422 1.4783 -1.2579 2.1597 -0.78853 0.53062 0.81417 -1.1984 1.2056 1.0676 -1.7296 -0.69508 -0.065636 -2.0119 0.08153 -0.30263 -0.66659 1.6894 -1.51 1.2919 1.353 1.5352
-0.092905 0.16048 0.93346 -1.1084 0.88454 0.23719 -0.433 0.62999 -1.2468 0.73949 -1.1562 -1.4468 0.27136 2.1799 -2.5496 -0.15473 -0.7597 -1.7221 1.7716 -1.224 1.7221 0.4422 -0.15136 0.88224 -0.17896 1.5309 -0.27696 -0.2003 -0.76719 0.30409 -1.4655 -0.10527 0.090472 -1.4552 2.1328 -1.0049 0.5989 2.2505 0.53614
0.79159 -0.86225 1.26 -1.2566 0.015721 -0.06985 -1.1097 1.4291 -1.0879 -0.172 0.15342 -1.7217 0.94557 1.6319 -2.3051 -0.18237 -0.23925 -1.9957 1.988 -1.1541 0.67059 1.7699 -0.060248 0.84514 1.7678 1.4598 -1.193 1.1505 -0.70567 0.81477 -0.75741 0.14921 1.4413 -1.8131 1.518 0.051485 -0.078897 1.9602 -0.60834
0.13647 -0.9423 1.1275 -2.0621 -0.18086 -0.38395 -1.6345 1.7699 0.23664 -0.2984 1.2642 -0.63833 1.0695 1.027 -1.7265 -0.020097 -0.025035 -2.3776 1.6362 -0.53776 -0.0081282 2.1475 0.030484 0.72634 1.8656 1.0716 -1.215 1.7547 -0.53996 1.0707 -0.24659 -0.29544 2.4565 -1.6008 -0.0042596 0.74073 -0.51599 1.0368 -1.2983
-0.37701 -1.0713 0.33426 -1.7019 -0.74904 1.0758 -1.411 1.5273 1.9195 0.14574 1.0905 0.5262 1.0861 0.38305 -0.8931 -0.59032 0.44978 -2.3882 1.8553 1.3631 -0.70641 1.5495 0.56291 0.70919 1.6175 0.36957 -0.1998 1.6223 -0.79836 1.2411 0.43243 -0.89294 2.7389 -0.66036 -1.5436 0.68505 -0.72993 -0.28 -1.4066
-0.25171 -1.1793 0.53879 -1.5305 -1.4744 1.2596 -1.1515 0.37609 1.4591 0.062401 -0.56797 0.35168 1.1579 0.58672 -0.36882 -0.96033 1.0941 -1.9672 1.2092 2.5889 -0.88674 0.56993 1.0979 -0.14544 1.9254 -0.20126 0.6827 1.0111 -0.89672 1.1255 1.127 -1.6023 1.8513 0.42361 -2.2101 0.20226 -0.38428 -0.58783 -1.0777
0.58638 -1.007 1.0353 -1.0878 -1.7484 1.9986 0.027644 0.015584 1.0548 0.22912 0.20552 0.057565 1.0448 1.4933 -0.31543 -1.2029 1.7487 -1.4028 0.31215 2.9403 -0.2652 -0.63255 0.85075 -0.26139 1.1874 -0.37136 0.81272 0.29675 -0.74731 0.58335 1.5099 -2.0827 0.20731 1.4159 -1.6923 -0.34345 0.2906 -0.33056 -0.5321
0.79168 -1.156 0.31543 -0.51607 -2.5833 2.2298 1.6824 0.52931 0.19339 1.5359 0.86605 0.18847 0.79934 1.7289 -0.35439 -1.3875 1.6362 -0.80449 -0.97811 2.4889 0.61171 -1.3419 0.32426 0.391 0.9272 -0.44784 -0.10506 0.0065167 -0.7249 -0.20968 1.4223 -1.8269 -1.0853 1.469 -0.81354 -0.72971 0.48183 -0.3287 -0.09276
0.98364 -1.3561 -0.013188 -0.37157 -2.2336 0.42108 1.9117 0.86669 0.43274 0.88092 0.44179 1.635 0.80005 1.307 -0.41707 -1.7723 1.3787 -0.2048 -1.4506 1.8156 1.4129 -0.99574 0.2492 1.0296 1.4672 -0.43892 -1.052 0.2133 -0.047002 -0.87076 1.0789 -0.76235 -1.5605 0.51484 0.20065 -0.66061 0.096966 -0.44375 0.15334
1.3076 -1.2857 -0.55162 0.091279 -1.8111 0.35671 1.6854 1.5955 0.30918 0.50675 0.71348 0.98993 0.75336 0.49448 -0.31322 -2.0295 0.85443 0.038572 -1.7693 0.87052 1.2514 -0.91783 -0.10753 0.19702 1.1397 -0.32773 -1.3858 0.42053 0.96676 -1.1984 0.3981 0.93741 -1.3421 -0.7564 0.80213 0.059734 -0.41635 -1.0862 0.24946
1.2608 -1.4747 -0.88237 0.14031 -2.086 0.078851 1.5632 1.7429 0.052249 0.3169 0.9639 1.3807 0.68196 0.19125 0.0096578 -0.97383 0.36052 0.15372 -0.90611 0.48217 0.44188 -0.39987 -0.29539 0.019913 0.20994 -0.15949 -1.1872 0.58404 2.0386 -1.5509 -0.15476 1.8486 -1.3177 -1.7771 0.9233 0.38129 -0.78094 -1.6826 0.18957
1.2495 -1.5198 -0.82823 0.11564 -1.9606 0.03123 1.8468 1.8953 -0.020098 0.87452 1.0678 2.0609 0.6748 -0.24354 0.11955 0.0084359 -0.3049 -0.24834 0.72197 0.34162 -0.47418 0.058656 0.73698 0.0082546 -0.57389 -0.14682 -0.63543 0.77032 2.6122 -1.5943 0.033053 1.9535 -1.643 -1.6527 1.0495 0.20887 -0.7347 -1.4425 0.070535
0.98858 -1.2467 -1.2757 -0.019862 -2.1514 -0.234 1.9929 1.4934 -0.62021 0.6391 0.3135 1.1142 0.61443 -0.49062 0.3234 0.99926 -1.214 -0.33505 1.1985 -0.68325 -1.3819 0.46704 0.63806 -0.52493 -0.9741 -0.19381 -0.49439 0.86438 1.9682 -1.5184 0.71935 0.93469 -2.0945 -0.75226 0.6753 -0.32556 -0.61803 -0.99109 -0.057022
1.1138 -1.1325 -0.35407 -0.048174 -2.2832 0.80395 2.6849 0.96041 0.15685 0.96245 0.8939 0.58641 0.68034 -0.32105 0.79385 1.8422 -1.6196 0.35207 1.2945 -1.9853 -1.2401 0.86272 -0.12277 -1.0829 -1.0959 -0.18404 -0.39853 0.92861 1.1136 -1.1194 1.5673 -0.42217 -1.7992 0.46388 0.18731 -0.74246 -0.3209 -0.18774 -0.096075
0.80172 -1.3319 0.020381 -0.7936 -2.443 1.729 1.9056 0.36242 0.88031 2.0181 0.5753 0.87268 0.62368 -0.66821 1.0915 1.7686 -2.0881 1.1753 0.77421 -2.7302 -0.73809 0.63218 -0.52872 -0.74325 -1.4725 -0.23836 -0.46226 0.82471 -0.29852 -0.42606 1.9564 -1.4079 -0.55087 1.2434 -0.47088 -0.31268 0.10771 0.20261 -0.12384
0.85474 -0.9667 0.37445 -1.5472 -2.1951 1.5173 -0.25728 -0.12515 0.68405 0.68467 -0.0044538 -0.080181 0.46353 -0.87745 1.2604 1.6922 -2.1562 1.866 0.037973 -2.3977 0.12668 0.39296 -0.21238 -0.57086 -0.69436 -0.29061 -0.46391 0.57045 -1.472 0.31554 1.5997 -1.9868 1.1067 1.0429 -0.903 0.15487 0.39038 0.43013 -0.10936
1.0582 -0.4846 0.97498 -1.5882 -1.1077 1.1568 -1.284 0.81749 0.9057 -0.26703 -0.56537 0.75079 0.50937 -1.0518 1.4437 0.5141 -1.8137 2.4877 -1.1491 -1.6485 0.45071 -0.25317 0.046525 -0.57421 -0.77985 -0.35535 -0.24712 0.24074 -1.9455 1.0849 0.71335 -1.7865 2.4277 0.30157 -0.73887 0.53041 0.2851 0.64348 -0.005414
0.1962 -0.25473 0.397 -2.3345 -0.21857 0.4795 -0.89381 1.1324 0.12219 0.47083 0.47926 -0.34641 0.41513 -0.97166 1.5522 -0.27517 -1.1055 2.6246 -1.9411 -0.25654 0.27168 -0.55044 -0.07155 -0.37044 -0.6015 -0.31494 -0.027417 -0.14231 -2.0595 1.3858 -0.3333 -1.0832 2.6342 -0.7359 -0.22185 0.42378 0.31906 0.41471 0.040837
0.0809 -0.0033867 0.74654 -2.3572 -0.043769 0.21581 0.2621 1.5017 0.22359 1.2902 -0.15717 0.42169 0.33921 -1.0666 1.3365 -0.87367 -0.38599 2.1068 -2.0108 1.2111 -0.21958 -0.40983 0.523 -0.26629 -0.26018 -0.23305 0.28178 -0.44908 -1.3018 1.2683 -1.1813 -0.014949 1.777 -1.1885 0.50094 -0.098576 -0.017206 0.83187 0.10728
0.096076 0.16219 0.031439 -2.2114 0.70347 -0.33083 0.44944 0.74949 0.24406 1.6224 0.086928 -0.54582 0.28677 -0.91326 1.0734 -1.4521 -0.026161 1.4569 -1.8219 1.613 -1.0677 0.035277 0.44911 -0.07673 -0.14364 -0.2774 0.48097 -0.80585 -0.44297 0.90755 -1.4871 0.78906 0.25064 -0.87453 0.55254 -0.57906 -0.040518 0.7241 0.19567
0.045927 0.3542 -0.11346 -2.2014 0.80476 -0.90408 0.41603 0.13604 0.23416 0.73018 -0.34605 0.11882 0.26706 -0.55805 0.93683 -1.3253 0.2499 0.92407 -1.2457 1.0778 -1.3342 0.52459 -0.40358 -0.77517 0.619 -0.18308 0.56601 -1.2484 0.51508 0.62206 -1.5413 1.2623 -0.86112 0.1585 0.22724 -0.86335 0.42274 0.6438 0.33885
-0.17889 0.57346 -0.21449 -1.9037 0.66151 -1.1661 0.86426 -0.0093676 0.22178 0.73657 -0.53486 -0.10107 0.27483 -0.33827 0.41761 -0.87841 0.44071 0.51049 -0.66431 0.30261 -0.98385 0.16054 -0.80021 -0.21878 0.37555 0.0063425 0.66374 -1.7735 1.2413 0.52927 -1.4004 1.4807 -1.1049 1.1241 -0.20535 -0.65704 1.0617 0.30795 0.49575
-0.17231 0.64226 -0.73147 -1.9601 1.0859 -1.2974 1.073 -0.24656 0.90817 0.68842 0.039804 0.40667 0.15911 -0.31071 -0.3996 -0.20615 0.65982 -0.22446 0.068173 0.050869 0.037091 0.027654 -0.63724 0.66933 0.73955 0.22279 0.90023 -2.0333 1.3612 0.50811 -1.1455 1.4829 -0.82834 1.3429 -0.50936 -0.43606 1.4383 -0.12657 0.47753
-0.45725 0.74737 -0.72495 -2.204 0.97779 -0.92877 0.83875 -0.29979 0.78088 0.32882 -0.98287 0.72041 0.23044 0.18537 -1.1879 0.29447 0.85803 -0.51613 0.63961 -0.19506 0.5188 -0.11787 -0.78866 1.3998 0.39748 0.39291 0.73049 -1.546 0.91614 0.38186 -0.93109 1.0064 -0.13524 0.62002 -0.21608 -0.6243 0.39891 -0.28558 0.38772
-0.033524 0.2114 0.012481 -1.578 0.73976 -0.70975 0.50184 0.22759 -0.021546 0.49801 0.0079459 0.21211 0.42357 0.83545 -1.6184 0.6177 1.087 -0.64474 1.2255 -0.42076 0.63389 -0.37151 -1.303 1.4008 0.35819 0.46488 0.23964 -0.60594 0.31319 0.13452 -0.56219 0.30389 0.21907 -0.45349 0.26078 -0.53697 -0.70094 -0.62886 0.15522
-0.26935 -0.4669 -0.20597 -1.2412 0.14595 -0.43232 0.56915 0.86819 0.28443 0.58568 1.3663 0.55819 0.57319 0.43318 -1.5276 0.41061 1.0143 -0.97007 0.87481 0.22984 -0.040369 -0.063846 -1.7536 0.23033 0.0048891 0.56883 -0.57526 0.46376 -0.25978 -0.22539 -0.39191 -0.37819 0.62169 -1.1826 0.68717 -0.069117 -1.3707 -0.74855 -0.17595
0.3565 -0.79384 0.14387 -1.1038 0.15107 -0.26305 0.4344 0.50637 0.25068 -0.7501 1.2319 0.51744 0.64296 0.01117 -1.2346 0.31433 0.86215 -1.0149 0.58628 0.26535 -0.6356 0.57067 -1.2589 -0.2278 -0.29798 0.41006 -0.72145 1.3492 -0.69759 -0.29973 -0.12262 -0.84243 0.81103 -1.2186 0.16602 0.46542 -1.1142 -1.1221 -0.44735
0.76091 -0.76983 0.078813 -0.68872 0.17704 0.55477 0.51811 0.45898 0.037335 -1.1108 0.72397 0.57584 0.62239 -0.44877 -0.62123 -0.041864 0.51357 -1.0376 0.15589 0.72462 -1.2891 0.86987 -0.93905 -0.66632 -0.74273 0.11398 -0.089849 1.4402 -1.0855 -0.070453 0.30768 -0.90114 0.32669 -0.52642 -0.57554 0.82776 -0.55727 -0.47093 -0.5403
-0.41442 -0.56468 -0.6065 -1.1615 -0.25759 -0.60751 1.8685 -0.92812 1.1758 -1.5995 -1.0226 0.40929 0.78442 -0.037543 0.14659 -0.45907 0.7282 -0.82599 -0.1978 0.98764 -1.2578 -0.46586 -0.72373 -0.49572 -1.4682 -0.090647 0.78419 1.1027 -1.3494 0.18349 0.73212 -0.73209 -0.3437 0.21064 -1.1813 0.56375 -0.53741 0.234 -0.528
-0.53385 -0.69767 0.13688 -0.99129 -0.53603 -0.11357 0.58152 -0.74905 1.2702 -0.33576 -0.51931 0.00071573 0.66536 0.30003 0.14999 -1.2278 0.94176 -0.49413 -0.63981 0.51905 -0.8306 -0.71884 -0.27889 -0.81758 -0.33445 -0.127 1.7158 0.52853 -1.3242 0.39526 1.0406 -0.11505 -1.1199 0.96738 -1.2543 0.53222 0.029046 0.79271 -0.50413
-0.33619 -0.74826 -0.015668 -0.72079 -0.88593 -0.51313 1.6556 -0.97013 0.85109 -0.5636 0.6973 -0.82947 0.50738 1.0796 0.19157 -1.609 1.0288 0.058485 -0.56587 -0.37319 -0.45969 -1.0709 -0.39731 -1.2926 -0.04559 -0.39402 1.8058 -0.01981 -1.3003 0.0025259 0.82619 0.58928 -0.96079 1.2191 -0.59898 0.50771 0.60984 1.0948 -0.28658
0.5576 -0.27384 -0.86421 0.021464 -0.69364 -0.50299 1.9484 -0.43201 -1.5147 -1.3055 1.1609 -1.2155 0.49645 2.1412 0.22163 -1.9364 1.1779 0.42833 0.091752 -0.94752 0.26374 -1.4157 0.023656 -0.22541 0.097035 -0.61699 1.2888 -0.10691 -0.65733 -0.49863 0.25961 1.1561 -0.44149 1.239 -0.0059237 0.62106 1.2734 0.56057 -0.02489
0.94917 -0.81012 -1.4512 0.10345 -0.12524 -0.99238 0.74288 -0.65893 -0.12954 -1.5432 -1.2561 1.4712 0.60514 2.3552 0.072165 -2.5298 0.62018 0.22957 0.67424 -0.30143 0.6613 -1.3396 0.19978 0.46349 0.45886 -0.34626 0.22002 -0.32664 0.1901 -1.0089 -0.66864 1.0106 0.037221 0.79561 0.69748 0.79663 1.6844 0.16547 0.35998
1.2406 -0.42472 -1.6866 0.12531 0.24477 -0.30416 0.055101 -0.80597 -0.43222 -1.6505 -2.2588 0.18295 0.13362 2.029 0.027493 -1.9955 0.12941 -0.097023 1.1739 -0.46117 1.116 -0.57043 0.73376 0.94537 0.50962 -0.19194 -0.60009 -0.17879 0.89503 -1.0801 -1.1202 0.2794 0.24803 0.43753 0.7907 0.78025 1.894 -0.44561 0.53898
1.4552 -0.35299 -2.1204 0.10074 -0.14546 -0.16323 0.51143 -0.42612 -0.35984 -0.34092 0.35538 -0.29145 0.065598 1.5456 -0.2558 -1.23 -0.50908 -0.8905 1.0197 -0.56694 0.71499 -0.013234 0.92504 1.6213 0.0704 0.028274 -0.8588 -0.082988 1.2784 -0.64604 -0.9302 -0.78367 -0.014628 -0.021851 0.8267 0.66634 1.6221 -0.57407 0.48214
1.8736 -0.78791 -2.3831 -0.36407 -0.87693 0.98688 1.3743 0.43121 -1.1198 0.054961 1.8008 0.068777 0.49682 1.4543 0.084907 -0.9246 -0.46548 -1.0475 0.50304 -0.32771 1.1058 -0.40422 1.3043 3.1325 -0.58358 0.14491 -0.96157 -0.033305 1.1186 -0.077646 -0.22025 -1.4362 -0.10311 -0.72464 0.8976 0.29052 0.1676 -0.6529 0.35535
1.9161 -0.50969 -2.0866 -0.19655 -0.9827 0.68316 1.1655 0.76771 -0.54453 -0.32967 1.6546 -0.10628 0.36331 1.0771 -0.099307 -0.68982 -0.40102 -0.98427 -0.64913 -0.42636 0.59635 0.32699 1.3202 2.7391 -0.12103 0.33466 -1.3591 0.19201 0.97646 0.35517 0.86027 -1.5385 -0.32597 -1.1812 1.3183 -0.048912 -1.4978 -0.76843 0.075041
2.2132 -0.7788 -2.2389 -0.57621 -1.6532 0.086632 0.045941 -0.26236 -1.0391 -0.74103 1.1474 0.0098537 0.58443 0.50964 -0.11161 -0.18777 -0.078827 -0.44337 -1.0272 -0.77335 -0.3312 1.1569 1.158 0.71833 -0.67558 0.28156 -1.8362 0.13016 1.0396 0.33555 1.3783 -1.0365 -0.21238 -1.4087 1.5798 -0.538 -2.5679 -0.68294 -0.076173
2.5096 -0.37754 -2.6156 -0.20678 -0.8183 -0.50022 -0.12753 0.94985 -0.52089 0.58228 2.3584 0.38578 0.44995 -0.46354 0.15304 0.21484 0.030075 0.38643 -1.4665 -1.0486 -1.0062 1.9806 0.912 -0.31744 -1.3909 0.094384 -1.9211 0.26687 1.0669 0.38403 1.4102 -0.067516 0.40332 -0.68133 1.1609 -0.93092 -2.301 -0.57663 -0.19693
2.1729 -0.5753 -2.5345 -0.35209 -1.1515 -1.2023 0.049899 -0.21277 0.33783 0.76819 2.151 -0.48633 0.41287 -1.1305 0.16734 0.55382 0.011246 0.79168 -1.2805 -0.4853 -0.99749 2.0886 0.40205 -0.71979 -1.2884 0.13393 -1.4655 0.054076 0.93298 0.31125 0.80721 0.52256 1.0503 0.12511 0.33782 -1.3519 -1.6095 0.26634 -0.058398
1.8824 -0.72327 -2.1361 -0.037738 -0.97597 -0.53878 0.19351 -0.76246 1.106 1.309 1.3519 -1.4038 0.56779 -1.6134 0.19521 0.92093 0.34554 0.98089 -0.67036 0.23903 -0.48846 2.3074 -0.2277 -1.3651 -0.9461 0.065289 -0.31932 -0.2063 0.44411 0.35712 0.19753 0.83057 1.2758 0.83492 -0.75531 -1.3582 -1.1849 1.0755 0.084224
1.1495 -0.45507 -1.8733 -0.46925 -0.25111 -0.93522 -0.21219 -0.71423 1.509 0.37407 1.0502 -1.6135 0.57704 -1.5918 -0.049508 1.1915 0.40593 0.74156 -0.32824 0.73533 -0.35975 1.7241 -1.0761 -2.137 -0.37807 0.1962 0.91239 -0.2851 -0.24568 0.32167 -0.16332 0.9393 0.89154 0.97198 -1.5491 -0.68277 -0.31403 1.1674 0.07637
0.98832 -0.32805 -1.5468 -0.28499 -0.20962 -1.3926 0.22784 -0.49058 1.6311 -0.46786 0.62816 -0.94055 0.55503 -0.81058 -0.084588 0.71828 0.5692 0.78082 -0.1957 0.96161 0.35601 0.61479 -1.166 -2.1014 0.25904 0.21381 1.7303 -0.37241 -0.84737 -0.016955 -0.27656 1.1591 0.35627 0.56155 -2.2807 0.71048 0.67832 0.59947 0.12
0.93633 -0.52303 -1.6165 0.19668 -0.3034 -0.87573 0.47578 -0.17629 2.0154 -0.37999 -0.056279 -0.57592 0.56993 0.14563 -0.1687 0.19336 0.56326 0.6024 0.45841 0.97631 0.54153 -0.26766 -0.53707 -1.0255 0.39408 0.19644 1.7467 -0.24468 -0.96689 -0.63313 -0.11366 1.5842 -0.39091 -0.032408 -2.3017 2.0456 1.4939 -0.28901 0.061993
1.035 -0.62472 -1.4177 0.30754 -0.089952 -1.1718 1.2405 0.068889 1.8312 -0.30591 -0.20481 -0.44739 0.68061 0.69299 -0.36508 -0.16184 0.237 0.55445 1.3763 0.83027 0.18326 -1.4243 1.0005 -0.52247 -0.15967 0.27856 1.174 -0.036641 -0.38974 -1.1271 -0.012174 1.5562 -1.0516 -0.49279 -1.8992 2.4256 1.9338 -0.53177 0.038551
1.4838 -0.75763 -1.8815 0.30729 -0.092479 -1.2559 1.2802 -0.18112 0.98404 -0.33784 -0.64686 -0.96638 0.70084 0.86156 -0.31858 -0.17278 -0.72018 0.65608 2.2226 -0.038331 -0.36499 -2.0278 2.123 0.17495 -0.73677 0.27534 0.29771 0.14486 0.077356 -1.1867 0.00056356 0.84844 -1.4144 -0.28647 -0.96763 1.8776 2.0672 -0.02361 -0.016833
1.8758 -0.70268 -1.8312 0.34718 0.13304 0.54101 1.0508 -0.14229 0.82072 0.61178 0.71954 -1.2329 0.77491 0.98806 -0.07601 0.1714 -1.0932 0.74054 2.2 -0.74191 -0.22332 -2.4376 2.579 1.3184 -0.21918 0.24471 -0.70512 0.20032 0.30049 -0.80291 -0.22355 -0.23502 -1.4389 0.14335 0.50375 0.70297 1.7387 0.76925 -0.075065
1.4984 -0.73567 -1.8451 -0.45447 0.60332 0.80003 0.84184 -0.54918 -0.62273 1.7401 0.15613 -1.6011 0.85687 0.55022 -0.080386 0.16629 -1.1978 0.51916 1.8312 -1.2017 0.13392 -1.7516 2.6056 2.3526 0.3757 0.18646 -1.2263 -0.072576 0.0096877 -0.059708 -0.63588 -1.6188 -1.0684 0.43331 1.6791 -0.83377 0.30571 1.2969 -0.078821
1.7308 -0.69106 -1.5245 -1.2306 0.47983 1.6222 0.020635 -0.94884 -0.56575 2.2618 0.55056 -1.4329 0.79692 -0.4354 -0.15989 0.22354 -1.1642 0.22366 1.0707 -1.6029 0.20142 -0.48595 2.2413 2.0012 0.7892 0.19383 -1.0861 -0.33726 -0.1616 0.70252 -0.93071 -2.3258 -0.33897 0.79422 2.4044 -2.3109 -0.90126 1.2489 -0.010668
2.071 -0.61105 -1.2516 -0.60732 0.63184 1.2309 -0.128 0.15073 -1.0106 2.6188 1.8434 -0.13608 0.85332 -0.66495 -0.40224 -0.18526 -0.80213 -0.23735 -0.63345 -1.8536 0.28289 0.52286 0.56873 0.45374 1.2979 0.16501 -0.55689 -0.29608 0.0038376 1.2239 -1.0784 -2.5728 0.83119 0.87007 1.6537 -3.2349 -1.542 0.70533 0.078316
1.5824 -0.85856 -1.6426 -0.84134 0.39005 0.67788 -0.044727 0.40657 -0.085021 2.6318 2.9416 -0.20347 0.88629 -0.38593 -0.47703 0.0419 0.15305 -0.57122 -1.4802 -1.1475 1.3001 1.4634 -1.2067 0.36759 1.7645 0.23935 -0.12629 -0.019686 0.23445 1.2352 -1.266 -1.9855 2.0382 0.21284 0.84214 -2.8944 -1.2433 -0.30415 0.051158
0.77432 -0.96051 -1.8124 -1.0693 0.1797 0.75506 -1.11 -0.34585 0.68678 2.7189 1.3532 -0.60423 0.95488 -0.48717 -0.41588 0.2598 0.65579 -1.043 -2.3269 0.2682 1.3375 0.74725 -2.4017 -0.06881 1.2679 0.30388 -0.053421 0.48998 0.80178 0.92536 -1.3364 -0.65162 2.5104 -0.63392 0.42582 -1.3871 -0.41478 -0.70512 -0.053438
1.32 -1.1677 -2.1024 -0.89675 -0.077336 -0.5037 -1.6176 -0.12089 0.89147 1.0321 0.057131 0.22105 0.95827 -0.74852 -0.19148 0.43299 0.64211 -1.6754 -2.2771 1.5395 0.083752 1.1837 -2.2948 -0.35195 0.20646 0.21689 -0.30616 0.89225 0.98344 0.12894 -1.0311 0.39586 1.7442 -1.2281 0.43425 0.42716 0.62952 -0.52936 -0.25494
1.5708 -1.0973 -1.1829 -0.21133 -0.1039 -0.81982 -0.1877 1.8493 0.93398 0.0072128 1.408 0.89019 1.1194 -0.57446 0.25679 1.1073 0.85394 -2.1157 -1.6153 1.9864 -0.42999 1.5768 -1.7646 -0.07081 0.69369 0.085051 -0.5866 1.123 0.92698 -0.6327 -0.166 1.2563 -0.14022 -1.0476 0.72504 1.9852 1.5614 -0.20537 -0.45346
1.3532 -0.95741 -0.96379 -0.19817 -1.1017 -1.6186 1.2278 0.95955 -0.6089 -0.48382 1.6844 0.21141 1.1083 -0.89585 0.65159 1.4444 0.32299 -1.9081 -1.0063 1.5864 -0.35153 1.9803 -0.61851 1.665 1.0127 -0.09629 -0.66263 1.0591 0.77221 -1.1975 1.0297 1.3206 -2.1406 -0.48833 -0.015439 2.5265 1.2063 -0.1443 -0.56279
0.73427 -0.81767 -1.172 -0.070406 -1.8456 -1.6087 2.1361 -0.76688 1.7584 0.80357 1.9761 -0.50989 1.0165 -1.4806 1.008 1.4752 -0.47597 -1.2209 -0.31716 -0.074173 -0.61138 1.8867 0.91659 2.1652 0.4606 -0.33321 -0.65291 0.77118 0.69768 -1.4472 1.9998 0.97973 -3.0081 0.051798 -0.7095 2.0833 0.14544 -0.67248 -0.58503
0.6574 -0.59202 -0.583 -0.081306 -2.4167 -0.85844 1.2389 -0.58915 3.0345 0.72738 1.8619 1.0875 0.93881 -1.5017 1.173 1.682 -1.1414 -0.23463 -0.14538 -1.9018 -0.84904 1.023 1.6501 1.0308 0.038431 -0.55966 0.10372 0.52735 0.61069 -0.85519 2.1499 0.60044 -2.409 0.59971 -1.7164 0.70241 -1.569 -0.71668 -0.62292
0.03103 -0.3451 -0.40089 -1.0215 -1.7391 -0.93033 -0.26658 0.08996 3.1708 1.3684 3.3284 1.2573 0.83983 -1.46 1.2614 2.2828 -1.3738 0.70653 0.015862 -2.5419 -0.10074 0.60292 1.4621 0.53181 -0.13846 -0.708 1.0855 0.1777 -0.072515 0.38422 1.3889 0.089499 -0.461 0.87958 -2.2803 -0.68779 -2.1329 -0.45446 -0.70349
0.16262 -0.10231 -0.27123 -1.2928 -1.1533 -1.3982 -1.6734 0.26391 2.1753 1.6452 3.0911 0.58055 0.63913 -0.70923 1.3883 2.173 -0.97525 1.0611 0.088552 -2.2084 0.59353 -0.92908 0.58961 -0.81288 -0.093622 -1.0002 1.7721 -0.106 -1.1568 1.7138 0.032036 -0.093832 1.1251 0.77382 -2.0243 -1.4726 -2.2939 -0.27893 -0.75563
0.14858 0.13988 0.92255 -1.3407 -0.62202 -1.5412 -1.5493 0.2147 0.76916 1.8588 2.1123 0.12841 0.54703 0.11776 1.1873 1.0903 0.23293 0.67525 -0.25074 -0.90568 0.43973 -1.8641 0.02809 -1.3851 -0.36555 -1.3457 1.822 -0.58174 -2.3848 2.2468 -0.98964 -0.0048595 1.6972 0.36405 -0.85532 -1.2473 -1.816 0.039787 -0.61528
-0.4738 0.35371 1.3616 -1.5701 -0.86354 -1.4881 -0.83926 -0.19113 1.6104 1.5726 2.2735 -0.31655 0.32695 0.96114 1.0294 0.12038 1.5712 -0.15174 -0.21548 -0.41223 0.43697 -1.9367 -0.68855 -2.8191 -0.39634 -1.5651 1.3648 -1.3377 -2.9177 1.7186 -1.1423 0.3254 1.1791 0.23911 0.61791 -0.71797 -0.6306 0.075994 0.056245
0.28917 0.71506 0.73313 -0.82821 -1.028 -0.83463 -0.81732 0.19949 1.5404 1.3166 0.49318 0.61844 -0.16516 1.0479 0.47592 -1.1347 1.9609 -0.48464 0.15219 0.055381 0.69625 -0.64971 -0.48444 -2.2755 0.088964 -1.5034 0.88492 -2.0216 -2.3994 0.50122 -0.46443 0.67741 0.34621 0.51099 1.2122 -0.13503 0.37159 0.19794 1.0452
0.88388 0.53791 -0.045528 0.34755 -1.5785 -1.4654 -0.59291 0.43378 0.36357 0.85097 1.2603 1.0984 -0.55721 1.3316 -0.46723 -2.1502 1.6865 -0.43513 0.56818 -0.269 0.9286 -0.22182 -0.63579 -1.7027 -0.17389 -0.81992 0.16497 -2.4257 -1.1784 -0.8177 0.45437 0.58588 0.24032 0.43625 1.2903 0.20811 1.4912 0.18225 1.9588
1.0629 0.76081 -0.26745 0.75133 -1.6618 -1.619 -2.074 0.92015 0.021712 0.64374 -0.55882 -0.025312 -0.76541 1.5598 -1.403 -2.2453 1.2069 -0.021973 0.78117 -0.28644 1.213 -0.16822 -0.2641 -1.1855 -0.090887 0.11977 -0.35494 -2.0126 0.44699 -1.4957 0.99253 0.34244 0.43174 0.090523 0.92905 -0.12416 1.5295 0.37964 2.339
0.80133 0.22082 -0.88046 0.45962 -1.2679 -1.0676 -1.2274 1.0784 1.7124 1.6881 0.65508 0.38327 -0.72723 1.0143 -2.036 -1.5224 0.27781 0.45505 0.70067 0.22972 1.0449 0.53861 -0.34883 -0.26837 0.048743 1.0658 -0.8884 -1.063 1.6013 -1.3984 0.99499 -0.026019 0.98166 -0.26652 0.22244 -0.55638 1.6123 1.2237 1.9448
1.2034 -0.56623 -0.81381 0.03849 -1.0825 -0.38639 -1.4019 1.1183 0.73582 0.68163 0.1391 -0.46403 0.066836 0.56369 -2.0634 -0.621 -0.39403 0.89069 0.80297 0.67443 0.79775 0.93308 -0.87106 0.18308 0.7195 1.6641 -1.2744 0.083589 1.9415 -0.82155 0.66992 -0.4519 1.2017 -0.62187 -1.0684 -1.2744 0.81716 1.0364 1.0588
1.4786 -1.0314 -1.0519 0.15195 -0.99758 -0.29141 -0.80639 1.5799 1.339 1.1703 0.34825 0.46479 0.43113 0.21006 -1.8953 0.013962 -0.37305 0.93345 0.49694 1.2606 0.56609 -0.28237 -1.477 0.96176 1.8162 1.826 -1.2972 1.0641 1.6678 -0.047559 0.42818 -0.42671 1.2848 -0.8781 -2.0508 -1.2955 -0.00065711 0.082965 0.012482
1.492 -1.2005 -0.93177 0.091309 -0.66555 -0.57177 -0.33996 1.6082 1.7894 0.36715 0.34941 1.2806 0.69655 -0.3645 -1.3415 0.59613 -0.14584 0.97039 -0.07582 1.6649 0.15593 -1.9583 -2.3423 -0.11236 1.0538 1.6016 -1.2249 1.4205 1.1128 0.20968 0.10357 -0.019924 0.82826 -1.246 -2.4713 -0.79242 -0.75748 -1.6031 -0.62848
1.2846 -1.1872 -0.56069 0.15043 -0.46793 -0.74764 -0.35887 1.518 1.2815 -0.60882 1.1456 1.6016 0.8894 -0.88979 -0.64871 0.96917 0.061138 1.2055 0.23436 2.3739 -0.45434 -2.2641 -2.2994 -0.1402 0.042251 1.1215 -0.87818 1.304 0.46086 0.0097437 -0.10071 0.64627 0.040996 -1.5558 -1.6456 0.24914 -1.1487 -2.8109 -0.81383
0.9813 -1.2578 -0.39796 0.24048 -0.37877 -0.74865 -0.19637 1.6783 -0.64187 -0.80492 0.99809 2.1197 1.0274 -1.1221 -0.351 0.9685 -0.1767 0.95248 0.88679 1.8093 -1.2641 -3.2009 -2.0968 -0.8659 -1.5359 0.91526 -0.26127 0.7959 -0.20351 -0.25429 -0.22524 1.0435 -0.67848 -1.5445 -0.21844 1.428 -0.7897 -2.25 -0.68741
0.41531 -1.5084 -0.30755 0.062774 0.11996 -0.87394 1.5134 1.0628 -1.4955 -1.6235 -0.38886 0.3344 1.1817 -1.0121 -0.24686 0.68123 -0.3328 0.76736 1.3737 1.2456 -1.9293 -3.0649 -1.0642 -1.0784 -2.3975 0.74263 0.15918 0.32357 -0.70872 -0.26798 -0.18315 0.74892 -1.3141 -1.118 1.036 1.8557 -0.61485 -1.0409 -0.53383
0.62846 -1.3123 0.14781 0.18332 0.60808 0.52262 2.246 0.47129 -1.3566 -1.871 0.15281 -0.57599 1.3483 -0.77473 -0.23631 0.35682 -0.46496 0.78714 1.5507 0.7927 -2.2888 -1.9868 0.034469 -1.3105 -2.136 0.58658 0.38981 0.1998 -0.88994 -0.095516 -0.029997 0.073663 -1.524 -0.39172 2.1982 1.7905 0.038928 0.79651 -0.60297
0.51169 -1.4349 -0.22133 -0.20216 -0.047011 0.8745 0.85482 -0.21106 -2.4126 -1.3813 -0.72969 -0.87042 1.4433 -0.76501 -0.17859 -0.048719 -0.33888 0.96268 1.477 0.12645 -2.2525 -0.68528 0.52144 -1.22 -1.6987 0.35106 0.14294 0.27626 -0.66356 -0.08921 0.11927 -0.70096 -1.4432 0.36842 2.4318 1.1222 0.43798 2.2153 -0.64028
0.47176 -1.428 -0.18417 -0.27659 0.3287 0.81507 0.81473 -0.96034 -1.9964 -0.98356 -0.26629 -0.84769 1.4732 -0.5249 -0.061722 -0.3276 -0.36448 0.80885 0.9851 -0.8226 -1.9285 0.21786 0.86072 -0.73197 -0.32679 0.054807 -0.20786 0.52627 0.021102 -0.040313 0.52729 -0.91343 -0.8673 1.0693 2.073 0.241 0.76256 2.6509 -0.6011
0.32547 -1.4913 -0.11701 -0.29254 0.76174 0.89675 0.97535 -1.1911 -1.7156 -0.49225 -0.51231 -0.18369 1.4947 -0.86825 0.11531 -0.21623 -0.56094 0.98298 0.17219 -0.97059 -1.3818 0.92815 0.87908 -0.47121 1.0359 -0.11324 -0.22027 0.77782 0.65655 -0.2132 0.58842 -0.64255 -0.31152 1.6188 1.5601 -0.28324 0.7307 2.5277 -0.51682
-0.15745 -1.5272 -0.47547 -0.0030293 1.3037 1.0858 0.97295 -1.1571 -1.734 -0.75759 -1.2123 -0.75697 1.3695 -1.0967 0.47835 0.47541 -0.43165 1.7482 0.27056 -0.48706 -0.56393 1.5539 0.37415 -0.1107 1.688 -0.23422 -0.13946 0.89168 0.77656 -0.42836 0.42115 -0.25166 0.052845 1.8283 1.1085 -0.56096 0.66549 1.7729 -0.42248
0.1414 -1.4473 -0.45287 -0.46577 1.0782 0.80627 0.58254 -1.647 -1.0176 -0.85478 -1.0025 -0.41238 1.243 -0.87543 0.82768 0.76749 -0.73721 1.5758 0.4732 -0.71583 0.34851 1.9252 0.18979 -0.022943 2.2439 -0.40937 0.22614 0.75625 0.43784 -0.59748 -0.4523 -0.20493 0.07888 1.7961 0.35307 -0.32208 0.88433 0.99204 -0.35988
-0.3339 -1.0757 0.058872 -0.79261 1.5931 0.80692 0.31212 -1.4583 -0.41264 -0.45157 -0.27697 1.1061 1.3255 -0.76966 1.0461 0.62166 -1.1491 1.2899 0.29822 -0.86811 0.9178 2.0564 0.051181 0.41541 2.5404 -0.53641 0.52004 0.38472 -0.25716 -0.63247 -1.7433 -0.84281 0.19392 1.5968 -0.58788 0.0021144 0.94097 -0.057843 -0.35107
-0.68075 -0.88185 0.54124 -0.6124 2.6844 1.449 0.31427 -0.92991 -0.41561 -0.82602 -0.76136 1.1921 1.2307 -0.61068 1.0722 0.52124 -1.4214 0.39533 -0.27944 -0.64415 1.5231 1.4393 0.38461 1.0942 2.5512 -0.59148 0.90364 0.025983 -0.66898 -0.26861 -2.6107 -1.3902 0.38045 1.3078 -1.2794 0.0061581 0.82531 -1.4087 -0.3815
-0.22926 -0.59779 0.49845 -1.1994 2.2654 1.511 -0.030518 -0.28492 0.76739 -0.4598 -0.43776 1.9866 0.9734 -0.26986 0.98436 0.1154 -1.3804 -0.83473 -1.1367 -0.14819 2.0871 0.5979 0.29698 1.2775 1.4191 -0.75703 1.2608 0.034836 -0.44771 0.24891 -3.0588 -1.3856 0.15753 0.55257 -1.398 0.11335 0.71776 -2.0647 -0.50792
-0.61104 -0.54698 -0.041206 -1.6368 2.2951 0.99694 -0.1051 -0.044549 0.76475 -0.58718 -0.25346 2.4029 0.85806 0.53624 0.89543 -0.22913 -1.167 -2.1184 -1.7477 -0.31385 2.4115 0.014034 0.095566 1.2513 0.042926 -0.96637 0.9738 0.47093 0.32903 1.2692 -2.2778 -0.84094 -0.42314 -0.56209 -1.1296 0.057982 0.26133 -2.1466 -0.85009
-0.6903 -0.49062 -0.0073958 -1.8009 1.0848 0.089699 0.19591 0.64534 -0.27255 -0.1223 0.56231 2.0441 0.74583 0.97246 1.186 0.15898 -0.76149 -3.0275 -1.8964 -0.73408 1.5776 -0.11867 0.44795 1.8176 -0.25207 -1.2383 0.51134 0.90486 1.0482 2.2249 -0.80547 0.32079 -0.5274 -1.2426 -0.51391 0.30136 -0.30871 -1.5288 -1.0918
-0.088913 -0.29987 -0.0020811 -2.0875 -0.24021 -1.0279 0.53343 1.1239 -0.24164 -0.52634 0.85745 1.3234 0.47674 0.55819 1.7418 1.1075 0.87423 -2.6571 -1.6792 -1.2574 0.60357 -0.53056 0.44589 1.3517 -0.82032 -1.8411 -0.3651 0.9291 0.91996 2.6253 0.80519 1.3389 -0.16946 -1.6503 -0.23315 0.5897 -0.91412 -0.62027 -1.0428
0.29302 0.00090456 0.2278 -1.8339 -0.5677 -0.83442 -0.53769 2.0248 -0.15451 -0.55779 0.84657 1.0815 0.27387 0.66243 2.0469 1.3938 2.1619 -2.0268 -0.49961 -0.79906 0.42584 -0.17458 0.76622 0.56442 -1.146 -2.2343 -1.0503 0.2725 -0.13891 2.2707 1.9339 2.1322 0.5513 -1.3262 -0.13676 0.4952 -1.3539 -0.20964 -0.52714
0.37507 0.62306 0.99376 -1.4851 -1.01 -0.39596 -1.1065 0.51931 0.28115 0.16253 1.6867 1.6624 -0.2647 0.029768 1.9906 0.86152 2.7545 -1.1403 0.37317 -0.66098 -0.41109 -0.41757 1.1822 -0.049186 -0.7271 -2.2969 -0.85139 -0.94783 -1.4044 0.80427 1.903 1.865 0.80515 -0.90802 -0.077903 0.036189 -1.2489 0.096653 0.51755
-0.3109 1.3747 1.5965 0.40821 -0.62469 -0.87257 -1.8076 0.17414 -0.07433 0.12476 0.9121 1.2006 -1.2265 -0.67939 1.5048 0.018936 2.9551 -0.24726 1.5704 0.084287 -0.65103 -0.4338 1.1285 -0.32749 -0.71124 -1.9334 -0.46303 -1.7788 -1.923 -0.54872 1.7371 0.5961 0.34101 -0.41678 -0.13873 -0.77451 -1.2831 -0.21137 1.434
0.054619 1.3287 0.90129 0.86224 -0.61884 0.32383 0.08921 1.3857 0.08672 0.62804 0.3921 0.61686 -1.3491 -0.32277 0.44437 -0.8239 2.1302 -0.06459 1.2151 -0.055538 -0.73928 -0.5369 0.35608 -0.82839 -0.85024 -1.08 0.91592 -1.9729 -1.8954 -1.6321 1.0248 -0.49528 -0.17842 -0.093624 0.23171 -1.194 -0.85073 -0.71255 2.0552
-0.54151 1.2984 0.39047 0.79671 -1.0777 -0.04097 -0.47106 0.21185 -1.4039 1.3607 0.77222 1.0566 -1.4116 -0.0020973 -0.11831 -1.3476 1.3548 0.61474 0.33165 -0.42171 -0.2873 -0.37767 -0.42031 -1.7435 -1.5004 -0.32181 1.8656 -1.4558 -1.3413 -2.0363 0.26429 -1.5675 -0.87703 -0.38081 0.52201 -1.1367 -0.18237 -0.77861 2.0039
-0.53722 1.1197 -0.028056 1.0733 -0.57432 1.5148 0.33183 0.65461 -0.26396 0.40712 0.70054 0.30061 -1.2997 1.3752 -0.45612 -1.9879 0.21589 0.30809 -0.057852 -0.8062 -0.80969 0.063783 -0.51792 -1.1359 -1.7303 0.509 2.1789 -0.94162 -0.87229 -1.7121 -0.36554 -1.5159 -0.56542 -0.40638 0.82156 -0.20209 0.46787 -0.12965 1.5151
0.44726 0.44091 -0.042442 0.44254 -0.86422 0.16821 -2.0061 0.34412 -0.4861 -0.38159 -0.094432 0.3785 -0.79622 1.8945 -0.45092 -1.9003 -0.25466 0.057583 -1.1058 -1.3889 -1.4195 0.3804 -0.78963 -0.57275 -1.7984 0.79387 1.6074 -0.71604 -0.56309 -1.2686 -1.0392 -0.94693 0.15372 -0.18127 0.55522 0.87997 1.3767 0.64753 0.87378
0.058199 1.1195 0.16966 1.0431 0.41563 -0.81758 -1.9189 0.038638 -0.12873 -0.29976 -1.23 -0.61028 -1.1108 2.7254 -0.94758 -2.1758 -0.56778 -0.44445 -1.2698 -0.77357 -1.0292 0.82302 0.13506 -0.45492 -0.9571 1.0255 0.39592 -0.82866 -0.32127 -0.43755 -0.95313 0.14888 1.3432 0.40183 0.16415 1.2389 1.1532 0.98658 0.35165
1.5909 1.0391 -1.0654 0.83822 -0.75376 -0.34301 -1.6608 -0.7005 -0.10393 0.2463 0.019071 -1.1296 -0.73169 2.2729 -1.059 -2.3063 -0.84748 -0.89705 -1.0656 -0.14675 -0.57346 0.4265 1.1044 0.77267 -0.62034 0.95706 -0.57317 -1.282 0.049254 0.083671 -0.25802 1.5007 2.1111 0.89078 -0.36174 0.57696 0.65858 1.3363 0.29152
1.5139 0.74949 -1.3419 0.37283 -1.0632 -1.0944 -1.3437 -0.83398 -0.022434 -0.039743 0.40659 -1.1291 -0.52595 1.9179 -1.5241 -2.3874 -0.37924 -0.94552 0.23075 1.3333 -0.43682 0.40932 1.1349 0.58146 -0.38849 1.0476 -1.9226 -1.0513 1.3607 0.5926 1.3992 1.8406 2.145 0.93786 -0.65589 -0.95377 0.034888 1.364 0.17215
2.1421 -0.23723 -1.9997 0.058202 -1.7496 -0.8781 -1.1015 -0.64561 0.046729 1.7381 0.036138 0.64528 -0.21885 1.2558 -2.2821 -1.7073 -0.17266 -0.15406 1.3047 1.9123 0.07958 -0.14035 -0.070328 0.26614 0.53317 1.2974 -2.6228 -0.67341 2.5204 0.76591 2.4376 1.063 1.0716 0.48717 -0.90115 -1.9218 -0.44392 1.2427 0.30157
1.5431 -0.074275 -2.0441 -0.058196 -1.4101 -0.0067903 -0.7262 0.3821 0.24551 1.2247 1.6418 -0.91505 -0.26484 -0.27925 -2.0751 0.053246 0.3137 1.7467 1.4229 2.6219 0.53585 -0.2343 -1.2511 -0.14698 1.1363 1.1603 -2.9848 0.23367 3.2266 0.51243 2.5502 -0.458 -0.40328 -0.21354 -1.2694 -1.6716 -0.19676 0.5685 0.23353
2.3909 -0.8855 -2.2151 0.72545 -1.3367 0.26002 -0.018193 -0.83404 0.077965 0.48597 -0.82521 -0.76874 0.23628 -1.4239 -1.8996 1.1606 0.37999 2.2148 0.57549 1.4056 -0.089437 -1.1037 -1.6952 0.1917 1.0498 1.433 -2.3003 1.0543 2.8526 0.16897 1.4512 -1.4601 -1.2376 -0.94924 -1.3063 0.042545 -0.1122 0.028912 0.016701
1.5545 -1.1386 -1.6559 0.9477 0.57346 1.1627 1.0145 -0.10387 -0.63849 -1.0221 -0.52337 0.11555 0.34571 -2.2004 -1.3361 2.1806 0.39907 2.5336 -0.37639 0.72161 -0.81415 -1.7286 -1.5235 0.18962 0.46501 1.3926 -1.2525 1.4002 1.5583 -0.47548 -0.39898 -1.2026 -1.6115 -1.0816 -0.78897 1.4026 0.20738 -0.10856 -0.20926
1.0209 -0.95563 -0.67547 0.85305 1.6942 0.76985 2.1902 0.025479 -0.20161 -1.2934 0.65105 0.72544 0.49297 -1.9884 -0.91953 2.5347 0.13568 2.11 -0.88157 0.26551 -1.211 -2.0897 0.17046 -0.15462 0.92359 1.2132 0.11951 1.5949 0.25858 -1.0079 -1.8453 -0.26698 -1.3032 -0.43572 0.3393 1.6533 -0.2993 -0.26339 -0.66535
-0.066038 -1.5926 -0.39923 0.25554 0.64713 -1.3935 -0.99089 -1.3071 -1.8995 -0.8112 1.1242 0.51882 1.2135 -2.2833 -0.26273 2.2625 -0.53338 1.0796 -0.39134 -0.18127 -1.1395 -1.3594 0.75737 0.44105 0.9849 0.9053 1.1122 1.4077 -0.86499 -1.481 -2.5074 0.55303 -1.041 0.73962 1.4003 0.62677 -0.7766 -0.49439 -0.91516
0.083605 -1.4348 0.045796 0.59109 1.2108 -0.96472 -0.027724 -1.5441 -2.0896 0.50635 0.29077 0.096218 1.0594 -1.1566 0.187 1.5966 -1.2138 -0.4176 0.014255 -0.87605 -0.84269 -0.55454 0.62871 -0.57718 0.27201 0.51082 1.5709 1.5226 -1.0172 -1.3504 -1.9569 1.1353 -0.36443 2.1461 2.2657 -0.56208 -0.51726 -1.1023 -1.2963
0.37873 -1.0929 0.27544 0.54046 1.3126 -0.25699 0.58584 -1.3304 -2.3126 1.5036 0.058178 0.17267 0.94398 -0.5728 0.42536 1.035 -1.9553 -0.7704 0.33704 -0.89647 0.48806 0.44905 -0.4295 -1.239 -0.1796 0.1393 1.2436 1.7171 -0.7182 -0.64821 -1.3728 0.62461 -0.4677 2.5365 1.9797 -0.81822 0.13237 -1.0628 -1.8368
-0.23571 -1.1936 0.048714 0.076765 0.59643 0.91166 0.66823 -1.9273 -1.0551 -0.2067 -0.18567 1.3212 1.176 0.039627 1.2405 1.2504 -1.915 -0.52795 1.144 -0.16126 2.3364 1.7552 -0.39263 -0.41293 -0.65552 -0.6775 -0.11387 1.7625 -0.28418 0.75244 -0.63024 0.012776 -0.56607 1.7031 0.91854 -0.2518 1.1782 -0.73885 -2.2636
0.3555 -0.83148 0.31812 -0.94496 0.17923 0.68152 -0.35266 -0.59338 -1.1073 -1.1964 -0.75024 0.36244 0.84208 -0.5974 2.0353 1.0941 -1.5059 -1.3622 0.35615 -1.5374 2.43 1.6387 -0.42273 0.61717 -0.63524 -1.7236 -0.92044 1.6015 -0.12328 2.254 -0.18429 -0.42109 -0.42213 0.1964 -0.43578 0.69962 1.2426 -0.53867 -2.2952
-0.09163 -0.82958 0.59087 -1.9155 0.55992 -0.55822 -0.36808 0.72508 -0.12673 -1.6917 -0.41108 0.069751 0.93684 -1.3458 2.2816 1.0335 0.10784 -1.2633 0.026214 -1.7585 1.6419 0.79174 0.11596 0.93694 -0.94948 -2.5302 -1.1448 0.74784 -0.49394 3.0619 0.099488 -0.59391 0.15546 -1.5134 -1.3554 1.0195 0.21372 0.1895 -1.5005
0.11776 -0.0056594 1.3279 -1.2412 0.32105 0.42479 -0.74607 1.9361 0.10145 0.73856 1.0518 -0.80609 0.18635 -1.5584 2.5389 0.90953 1.6558 -0.73033 0.0020773 -1.002 1.2113 0.048845 0.79126 0.66281 -1.0898 -2.9623 -0.24494 -0.2358 -0.84875 2.8201 0.54354 -0.14494 1.3492 -1.9714 -1.2393 0.87032 -0.87277 0.59926 -0.31998
-0.76841 1.1264 1.0076 -0.43361 -1.0195 -0.2078 -2.0951 0.59613 -0.54359 0.6328 0.96474 -0.073883 -1.2634 -1.569 2.2155 0.41883 2.7817 -0.65351 0.062585 -0.13409 -0.17295 -0.24872 1.1427 -0.0076419 -0.058903 -2.6906 0.60843 -1.2263 -1.1089 1.252 0.55983 -0.1543 1.5656 -1.678 -0.51759 -0.015497 -1.4294 1.0612 1.0165
-1.3833 0.90463 1.0427 1.2043 -0.35151 0.59257 -1.2246 -0.33978 -1.3836 0.54769 0.59469 -0.36005 -1.4795 -0.92728 1.6736 -0.18291 2.9394 -0.66621 0.026739 0.42329 -0.71727 -0.39801 0.895 -0.75124 0.09156 -2.2027 1.2721 -1.9557 -0.82348 -0.45878 0.63673 -0.15604 1.1454 -0.68708 0.31899 -0.54755 -1.0659 0.68103 2.0402
-1.3936 1.2471 0.9631 1.3498 -0.089408 0.82034 -0.30606 0.54146 -0.63086 -0.48228 -0.18792 -0.27501 -1.54 -0.54029 0.68669 -0.48887 2.0359 -0.2647 -0.3171 0.75097 -0.84889 -0.037294 0.047596 -1.3591 0.53696 -1.1223 1.4792 -1.7588 -0.38296 -1.7659 0.47465 -0.42075 0.34345 0.60465 0.81748 -0.66897 -0.32638 -0.067819 2.1206
-0.83603 1.1896 0.88333 1.4269 -0.56725 -0.19819 -0.47007 -0.078756 -0.80465 0.45841 -0.74162 0.32726 -1.4902 0.26338 0.073396 -0.17397 1.0937 0.24625 -0.14273 0.90546 0.11956 0.6345 0.2126 -0.90554 -0.05544 -0.1609 1.0717 -1.2159 0.2821 -2.0303 0.29813 -0.37689 -0.55675 0.86373 0.58941 -0.34595 0.38531 0.014065 1.5959
-0.76246 1.1357 0.61721 1.3781 -0.58834 -0.46682 -0.16656 0.55568 -0.33789 0.74586 -0.32123 -0.44182 -1.5689 0.55109 0.11033 -0.30297 0.091651 -0.23459 -0.74581 0.30996 0.6191 0.96549 0.10443 -0.63022 -0.12014 0.015266 0.22784 -0.5064 0.64213 -1.3943 0.2142 0.19972 -0.66591 0.71146 -0.08954 -0.23905 0.76721 0.18149 0.72647
-0.95363 1.0443 0.84634 1.4072 -0.47512 0.1464 -0.58566 0.063636 -0.30982 0.79864 -0.35766 0.25525 -1.4995 0.49634 -0.048576 0.24482 -0.24303 -0.12832 -0.55949 -0.53981 0.28873 0.35564 0.16086 -0.32926 0.44579 0.033849 -0.78065 -0.38752 0.46816 -0.9289 -0.083907 0.55818 -0.21209 -0.29852 -0.41097 -0.40447 0.52865 0.51113 0.42321
-0.84172 1.1955 0.98385 1.5412 -0.26998 0.17599 -0.5325 0.5818 -0.01693 0.50711 -0.15612 -0.53807 -1.5117 -0.2326 -0.093094 0.49262 -0.14736 0.32234 0.3072 0.063396 0.49531 -0.058073 -0.4093 -0.063359 0.64001 0.058743 -0.90827 -0.53879 0.068402 -0.59631 -0.023201 0.66832 0.52465 -0.91539 -0.26848 -0.41575 0.30039 0.047163 0.6289
-0.82007 1.1743 0.55623 1.277 -0.77872 -0.72188 -0.30076 0.91386 0.082617 -0.00067612 -0.80117 -0.39638 -1.4694 -0.76714 -0.46969 0.29526 -0.68496 -0.17659 0.50296 0.56062 -0.45408 0.31606 -0.35832 -0.10322 0.56392 0.56321 -0.15818 -0.84788 -0.96337 -0.57747 -0.36574 0.54439 0.87213 -0.88163 0.058221 -0.31367 -0.078315 -0.39726 0.83399
-0.57496 1.1583 1.4872 0.94588 -0.34651 -0.27652 -1.4187 0.49227 -0.57915 0.24608 -0.84484 1.1069 -1.5158 -0.47321 -0.57328 -0.2053 -0.90416 -0.24403 0.12754 0.82102 -0.90586 0.45208 -0.48728 -0.13413 -0.088696 0.85765 0.95133 -1.3646 -1.6246 -0.70131 -0.44449 0.28673 0.48759 -0.89565 0.12784 -0.17719 -0.40418 -0.34612 1.1568
-1.3896 0.9777 1.2414 1.4928 0.034621 0.58143 0.46551 0.7433 -0.89973 0.20757 -0.35169 0.75799 -1.4365 0.33403 -1.2122 -1.204 -1.0428 -0.50393 0.67344 0.86401 -0.83804 0.24836 -0.43855 -0.47559 0.03001 1.1016 1.5026 -1.473 -1.8105 -0.61057 0.081083 0.17479 0.32259 -0.41488 -0.06915 -0.64121 -0.75469 -0.21594 1.2597
-1.8151 0.40889 0.69838 0.22066 -1.2968 0.42865 0.7099 -0.83539 0.90926 0.48313 -0.28275 -0.22761 -0.65934 0.9657 -1.9773 -1.7864 -1.4003 -0.31651 0.82146 0.89606 -1.1687 0.2687 -0.72293 -0.73936 0.22702 1.8237 1.4397 -1.1666 -1.1465 -0.59023 0.61523 -0.01272 0.042472 -0.34197 -0.24921 -0.77486 -0.77687 0.55905 1.1226
-0.89064 0.67729 0.48608 0.49551 -0.59855 -0.22266 0.18125 -0.869 0.35442 -0.26844 -0.67233 -0.51092 -0.63179 1.2716 -2.202 -2.2889 -1.6829 0.016434 0.51933 1.1649 -1.196 0.29005 -1.5621 -1.3947 -0.018843 2.295 1.1236 -0.20079 -0.055213 -0.098754 1.142 -0.28962 -0.11942 -0.12245 -0.77765 -0.47989 -0.21718 1.1345 0.41925
0.15727 -0.24921 -0.69352 0.31737 -1.1603 1.0064 0.38111 0.42371 -0.17104 -0.30507 -1.3651 0.040115 -0.49703 1.7011 -2.0074 -1.8015 -1.7885 0.62753 0.17232 0.73089 -1.4512 -0.061791 -1.5259 -1.315 1.029 2.235 0.01616 0.60066 0.86815 0.37905 1.1787 -0.13542 -0.22258 0.10671 -0.6681 0.4092 0.52799 1.1094 -0.50141
0.092512 -1.0932 -0.69623 -0.64522 -0.7154 0.40489 0.6086 -0.99964 -0.04125 -0.98137 -1.8135 1.1788 0.65976 2.0307 -1.5341 -1.3037 -1.0462 1.1172 0.38153 0.67085 -0.97246 -1.181 -1.0222 -0.65945 1.8497 1.6349 -1.0512 1.3565 1.4877 0.89484 1.1969 0.20486 -0.24947 0.19657 -0.23784 1.3226 1.2846 0.66471 -1.2137
-0.15539 -0.92355 -0.55289 -0.8777 0.12245 0.71814 1.1973 -1.3205 -0.17994 -1.9614 -2.2932 0.69889 0.90436 0.62274 -1.327 -0.6674 -0.93724 1.2933 0.5992 0.65321 -1.0878 -0.36199 -0.12354 -0.022625 1.4643 1.2758 -1.7341 1.5044 1.1535 1.1961 0.62509 0.36924 -0.22981 0.62931 0.46118 1.5413 1.6414 -0.55361 -1.5602
-0.059312 -0.90019 -0.51349 -0.81433 0.43528 0.5086 1.6519 -1.9908 -0.17468 -1.1122 -1.2544 1.5814 0.86111 -0.107 -0.31196 -0.091024 -0.27041 1.877 0.73267 0.65805 -1.0013 -0.029175 0.51113 0.62335 1.0638 0.64592 -1.6459 1.1011 0.79608 1.0293 -0.14947 0.13361 -0.61621 0.72415 1.0236 1.2506 1.3284 -1.2338 -1.2907
1.0359 -0.87908 -0.83537 -0.50083 -0.069292 0.81285 0.98003 -1.5829 -1.2359 -0.5353 -0.89076 1.7618 0.63636 -0.3981 -0.14435 -0.26493 0.2789 1.3974 0.77034 0.23239 -0.17592 0.35007 0.93807 1.4529 0.33554 -0.0076522 -0.74514 0.61303 0.36254 0.76785 -0.75228 -0.23945 -0.84838 0.64499 0.5778 0.40047 0.57271 -1.2366 -0.80663
-0.41716 -1.1851 -0.57282 -0.68633 1.0075 1.1118 0.91828 -1.5243 0.34066 -0.32381 -1.2 1.0599 0.69795 -0.46547 -0.31614 -0.027432 0.45931 0.80112 0.57241 -0.42577 0.026339 0.62302 1.0713 1.3586 -0.0048982 0.012617 -0.21439 -0.014034 0.30117 0.32494 -1.2161 -0.59145 -0.61004 0.37154 0.3725 -0.12572 0.0075565 -0.70304 -0.14784
-0.079564 -0.72245 -0.8133 -0.28295 1.7075 2.0283 1.7417 -1.2776 -0.13765 -0.14309 -0.96795 1.8372 0.65663 -0.55536 -0.32029 -0.028777 0.27582 0.46689 0.16871 -0.59387 -0.3087 0.54275 0.44751 0.78753 -0.42568 0.17862 0.46525 0.11202 0.36219 0.12208 -1.2022 -0.82781 -0.21072 -0.14132 -0.51997 -0.39664 -0.34365 -0.27337 0.21596
-0.49224 -1.3716 -0.92443 -0.53077 0.97443 0.93543 1.0551 -1.5565 0.49719 -0.4872 0.22632 1.2463 0.86652 -0.41392 -0.25308 0.34707 0.40169 0.13126 -0.21978 -0.22305 -0.20095 0.67738 0.51002 0.95364 0.065299 0.29581 0.57921 0.30847 0.44226 0.16439 -0.77696 -0.66139 0.24826 -0.29936 -1.0254 -0.47594 -0.51951 -0.20255 0.035504
-0.2581 -1.1882 -0.31194 -0.23902 0.84601 1.2112 0.46858 -1.6518 0.32197 -0.26088 -0.50282 0.8861 0.9154 0.435 0.0028264 0.2176 0.56267 -0.45326 -0.58551 -0.33423 -0.3765 -0.73453 0.40722 0.91959 -0.23698 0.23265 0.42058 0.60821 0.48482 0.43327 -0.010335 -0.061609 0.59523 -0.15236 -1.2102 -0.23361 -0.89391 -0.12629 -0.3977
-0.081117 -1.1656 -0.77313 -0.49304 0.80393 0.62343 0.70741 -2.5909 -0.11934 -0.29809 -0.38477 1.2718 0.92034 0.10689 0.024877 0.66821 0.65752 -0.1482 -0.45131 -0.068054 -0.577 -0.84922 0.11455 0.18954 -0.49793 0.050601 0.005706 0.41486 -0.013806 0.21596 0.30633 0.15728 0.54797 -0.079574 -1.0674 -0.51489 -1.0311 -0.63636 -0.5009
0.19219 -1.158 -0.27025 0.14526 0.61103 0.90369 1.1151 -1.1734 0.34852 0.56023 0.34838 2.0633 0.901 -0.038673 0.53743 0.7087 1.0404 0.59654 0.14905 0.53644 -0.45746 -1.1902 0.17383 -0.71526 -0.39336 -0.39454 -0.22429 0.21672 -0.26383 -0.15566 0.22914 0.25183 0.35621 0.043968 -0.54955 -0.81765 -0.87866 -1.0076 -0.37399
-0.032408 -0.9564 -0.60244 0.11461 0.81557 0.67826 0.77916 -2.0508 -1.3343 0.0025488 -0.0046699 0.43717 0.90969 -0.15962 0.15756 0.071376 0.61013 0.17428 -0.26068 0.4513 -0.34849 -1.2933 -0.43139 -0.4002 -1.105 -0.26758 0.42626 0.26248 -0.84605 -0.56464 -0.73165 0.0096213 0.13612 0.26292 -0.22388 -0.81879 -0.21074 -1.0784 -0.37944
-0.36747 -0.96542 0.092208 0.43998 1.5577 1.3013 1.6188 -2.3383 -0.7245 -0.4975 -0.69623 1.0121 0.71814 0.16459 0.28779 0.020454 0.27234 -0.18747 -0.15495 0.1177 -0.42627 -1.6316 -1.0094 -0.63854 -1.9092 -0.26238 0.92032 0.48134 -0.95241 -0.76989 -1.886 -0.24954 0.033358 0.76476 0.58884 -0.4736 0.54816 -0.20983 -0.56394
-0.50383 -0.6884 -0.049193 0.8311 1.7384 1.1368 1.4933 -2.2539 -0.92053 -0.0598 -1.1891 0.67222 0.33612 0.79275 0.57644 -0.56704 -0.11036 -1.0829 -0.28445 0.39604 -0.080588 -1.0688 -0.98581 -0.30708 -1.8545 -0.67917 0.72447 1.3467 -0.60135 -0.43582 -1.8883 -0.27375 -0.0059697 1.5525 0.87843 0.19533 0.67565 0.6858 -1.1125
-0.054931 -1.3047 -0.77631 -0.029812 0.25604 0.14213 0.81977 -2.2301 -1.5248 -0.96385 -0.40262 -0.51929 0.91455 1.1772 1.1155 -0.74944 -0.17177 -2.2086 -0.37099 0.60548 0.9463 -0.04862 -0.52094 0.36467 -0.43154 -1.1764 -0.45762 1.6122 0.13642 0.036574 -1.0964 -0.082025 -0.19246 1.992 1.0098 0.68726 0.96558 1.3741 -1.4134
0.50346 -0.67341 -0.566 -0.074147 0.31585 0.6095 0.98061 -2.727 -2.4626 -1.3675 -0.75269 -0.80781 0.65999 0.66756 1.9578 -0.66753 -0.055797 -2.253 -0.73566 0.16718 2.113 -0.22732 -0.25237 0.49093 -0.50225 -1.7616 -1.8079 1.4891 1.6287 0.67189 0.55926 0.11759 -0.99296 1.5923 0.84561 1.013 0.52869 1.3742 -1.3504
1.0162 -0.26692 -0.93028 0.23319 -0.93424 0.6909 2.1695 -0.92745 -0.89595 -0.42786 0.15221 -0.2127 -0.14363 -0.60369 2.249 0.32021 0.32484 -1.5948 -0.10784 -0.19523 2.523 0.079072 0.07318 0.96062 0.1046 -2.2006 -2.2584 0.55851 2.2761 0.83314 1.7721 0.00043326 -1.5006 0.67833 0.54027 0.93323 -0.13626 0.53348 -0.71077
0.62084 0.44157 -0.97783 0.2417 -1.7439 0.43135 1.9627 -0.80566 -0.81106 -0.69205 0.037799 0.90436 -0.60827 -1.6201 2.4586 1.9256 1.0227 -0.36019 -0.17336 -1.2927 2.3602 0.65647 0.84591 0.48079 0.56761 -2.5359 -1.526 -0.57306 2.0711 0.59596 2.1932 0.087551 -1.8005 -0.58475 0.56751 0.62062 -0.68072 0.25668 0.35812
-0.39269 1.2131 -0.33013 0.6556 -0.513 -0.018817 1.2784 0.7858 -1.4903 -0.77672 -0.69168 -0.22535 -1.2712 -1.807 1.7799 2.1865 1.0007 0.088353 -0.65666 -1.8076 2.1838 0.66209 0.89224 0.067014 0.07675 -2.0348 -0.033604 -1.4849 0.90477 0.17497 1.9224 0.052384 -1.5619 -1.2292 0.2289 0.28312 -0.89375 -0.22359 1.3061
-1.306 1.0264 0.34453 0.91078 -0.45815 1.0352 0.49107 0.49593 -1.329 -0.25048 0.69186 0.10791 -1.4961 -1.5178 1.2416 2.2502 0.83205 0.91737 -0.28197 -2.7922 1.062 0.69055 0.64839 -0.50192 0.012636 -1.2129 1.1631 -1.9028 -0.66429 -0.25847 0.90034 0.29899 -0.15831 -1.2652 -0.13387 -0.26115 -0.70312 -0.28831 1.803
-1.0221 1.1844 1.6469 1.1558 -0.15108 -0.31317 -1.3232 0.10275 -0.69575 0.18406 -0.097341 -0.020661 -1.5501 -0.70936 0.40351 1.8377 0.78346 1.2841 0.051546 -2.7156 0.63421 0.5656 0.77829 -0.43253 -0.057807 -0.56573 1.5296 -1.3252 -1.5956 -0.42031 0.14526 0.54006 1.4175 -0.93407 -0.24816 -0.47387 -0.49433 -0.2085 1.4617
-0.44281 1.1443 0.94037 1.0286 -0.4682 -0.36139 -0.091255 0.82755 -1.0248 -0.049371 -0.64922 -0.52227 -1.5389 -0.032286 0.00396 0.85897 0.60661 0.69407 0.097899 -1.1952 0.5236 0.4521 0.37402 -0.75587 0.068203 -0.10156 1.1908 -0.74006 -2.0307 -0.51691 -0.67859 0.59344 2.5492 -0.33499 -0.61602 -0.59503 -0.068159 -0.29933 0.84558
-0.54143 1.3537 0.90325 1.1586 0.015937 0.67779 -1.6354 0.48701 0.44049 0.18639 -0.5766 0.69327 -1.4763 0.25795 0.20811 -0.09253 0.25719 0.47393 0.28738 0.3087 0.51847 0.29047 0.056881 -0.85644 -0.36137 -0.020987 0.2631 -0.23189 -1.4248 -0.36126 -0.64335 0.59683 2.1141 -0.23316 -0.63486 -0.65475 0.24717 -0.18747 0.32754
-0.72798 0.98584 1.085 1.3904 0.60437 0.50421 -1.7748 0.64331 -1.0052 0.23367 -0.44109 0.38781 -1.4116 0.18597 0.11335 -0.56941 0.041063 0.092638 0.84672 0.95981 0.40985 -0.42952 -0.21616 -0.45047 -0.42386 0.0022864 -0.3396 -0.1868 -0.60273 -0.16827 -0.35963 0.39772 1.0417 -0.16127 -0.75847 -0.48802 0.30286 -0.23908 0.0080584
-0.99611 1.1925 0.87616 1.5183 0.17165 0.17548 0.3398 1.6832 -1.1306 -0.31147 -1.2759 -0.51851 -1.5234 -0.32974 -0.039425 -0.10487 0.331 0.41933 0.93089 0.56774 0.18914 -0.2905 -0.27643 -0.087272 -0.18091 -0.039805 -0.24671 -0.22901 0.048741 -0.068784 -0.30041 -0.090874 -0.11986 -0.2714 -0.49313 -0.18764 0.25879 0.21312 0.014618
-0.81355 1.4242 0.67594 1.0604 -0.04808 0.99571 0.67518 0.61646 -0.4333 0.11065 -0.29328 -0.56948 -1.5917 -0.35323 -0.18617 -0.26129 0.22985 0.073726 0.60981 0.81002 0.33326 -0.81199 -0.46138 -0.5262 -0.49228 -0.075353 0.072727 -0.14677 0.30062 -0.09661 -0.10568 -0.62121 -1.0732 -0.51065 0.091135 0.30368 0.29421 0.82615 0.10634
-0.32585 1.2434 0.903 1.1112 -0.30735 0.71746 -0.33878 0.72513 -1.4774 -0.20294 -0.9868 -0.41299 -1.4953 0.082846 -0.025612 -0.1603 0.026743 -0.056164 0.20867 0.10693 -0.023328 -0.51978 -0.19605 -0.29635 0.088468 0.046154 0.19947 -0.020978 0.21676 -0.19853 -0.22699 -0.86247 -1.2608 -0.31895 0.57993 0.63268 0.00015176 0.97653 0.14139
-1.1002 1.008 0.92216 1.8239 0.83199 1.3958 -0.47495 1.086 -0.55374 -0.3212 -0.58008 0.18017 -1.5333 0.11985 -0.14146 0.013478 0.00012825 0.14628 -0.10823 -1.0654 -0.55302 -0.098471 0.39288 0.25026 1.058 0.1487 0.025875 0.14686 0.22042 -0.19423 -0.088229 -0.65014 -1.182 -0.070443 0.93464 0.69271 -0.055659 0.76671 0.079889
-1.0971 1.0128 0.58735 1.4647 0.15955 1.1653 -0.44922 1.2278 -1.4651 -0.43931 -1.6178 -0.16456 -1.5315 -0.19404 -0.10232 0.1568 0.043999 -0.022476 -0.53516 -1.1396 -0.045011 0.58802 0.63189 -0.49336 0.95511 0.099109 -0.10732 0.24443 0.11018 -0.26733 -0.21194 -0.38275 -0.45351 0.31823 0.51256 0.46718 -0.24714 -0.003535 -0.052345
-0.4355 1.2038 0.94832 1.2407 0.17985 0.11784 -0.57451 0.74408 -1.844 0.058654 -0.69293 0.072893 -1.3477 -0.1604 0.088326 -0.01398 -0.17183 -0.095377 -0.39538 -1.0482 0.17474 0.60878 0.58531 -0.5621 0.57452 0.041117 0.01019 0.32089 -0.0055148 -0.1865 -0.26401 0.095398 0.395 0.37544 0.13401 -0.14171 0.17557 -0.61399 -0.15213
-0.8012 1.1819 0.84233 1.2981 0.15331 0.34233 -1.0601 0.25105 -0.4048 0.63025 -0.27556 1.0313 -1.4231 0.033472 0.25649 0.054079 -0.4301 -0.31339 -0.46072 -0.871 0.23785 0.22145 0.69798 -0.42442 0.32141 0.010676 -0.071453 0.16636 -0.12469 0.0060184 -0.1535 0.42583 0.91766 -0.097083 -0.15247 -0.55152 0.62582 -0.52818 -0.15396
-1.0394 1.231 0.98914 1.2323 -0.20574 0.49197 -1.2427 0.95376 0.5236 0.757 -1.7013 0.36366 -1.5344 0.031763 0.20218 0.050125 -0.14003 -0.18137 0.05038 -0.40762 0.047533 0.3906 0.080101 0.56424 0.17017 -0.07158 -0.16233 -0.0019358 0.10785 0.23208 -0.025563 0.23579 1.1772 -0.2791 -0.49198 -0.83102 0.63219 -0.18363 -0.079028
-0.73144 1.1884 0.77013 1.2485 0.16432 0.71269 -1.8555 1.5162 -1.2633 -0.047297 -1.7964 0.18442 -1.4612 -0.41395 0.10905 -0.11181 0.045288 -0.25088 0.13494 0.41724 -0.20522 0.40574 -0.25 0.23213 0.12069 -0.11226 -0.17624 -0.18215 0.28748 0.32903 0.097791 0.037859 1.1977 -0.22203 -0.56559 -0.8647 0.5871 0.16131 0.048805
-1.0935 1.3132 0.89694 1.1618 0.27367 0.55181 -1.1599 1.3362 -1.0112 0.65141 -0.95779 0.47558 -1.4998 -0.22691 0.1529 0.26528 0.070782 -0.16451 -0.20117 0.72365 -0.19956 -0.48245 -0.65816 0.41161 0.31326 -0.033548 0.0092666 -0.27608 0.37411 0.21372 0.015029 -0.33645 0.78055 -0.11222 -0.20211 -0.48313 0.10546 0.24735 0.12762
-0.63533 1.2782 0.74932 1.2823 -0.3109 0.82176 -0.62688 0.51659 -0.91 -0.43492 0.22048 0.17943 -1.538 -0.15288 -0.025101 0.47719 0.14343 -0.13454 -0.26051 1.0218 -0.1178 -0.49455 -0.72061 0.85971 0.564 0.08002 0.12449 -0.37033 0.34078 0.17973 0.17295 -0.16788 0.073625 -0.13393 0.063386 -0.16555 -0.31506 0.11341 0.1294
-1.2073 1.2969 0.87475 1.3794 -0.22183 0.027878 0.07772 0.0041498 -0.13944 0.28687 -0.78438 0.8372 -1.4718 -0.074792 -0.19183 0.44757 0.25359 -0.20332 -0.46718 0.88262 -0.25092 0.44589 -0.67645 0.4525 0.43119 0.059047 -0.045303 -0.36629 0.098115 0.18184 0.19821 -0.031179 -0.40211 -0.066672 0.53036 0.48493 -0.76492 -0.20039 0.061054
-1.0961 1.3661 1.3879 1.3424 -0.046113 0.14801 -0.71199 0.79401 -1.1035 -0.29837 -0.71123 1.3263 -1.4956 -0.25505 -0.33505 0.42695 0.32695 0.092979 -0.091696 0.46275 -0.47866 0.10013 -0.57034 -0.46441 0.28201 0.071345 0.086732 -0.1671 -0.092105 0.13163 0.061932 0.0076625 -0.65788 -0.034 0.43843 0.79957 -0.59768 -0.57354 -0.015806
-1.0126 1.0782 1.4003 1.3904 -0.20541 0.44913 -0.12842 1.6308 -0.9221 -0.45603 -0.73374 0.5797 -1.3856 -0.25177 -0.30192 0.4686 0.35641 0.092298 -0.35679 0.14059 -0.18078 0.35217 0.29398 -0.54182 0.059808 0.08066 0.16425 0.055644 -0.23038 0.06025 -0.14542 -0.091492 -0.41508 -0.10963 0.32779 1.0282 0.011306 -0.60289 -0.021989
-0.75883 0.99704 0.98793 1.581 -0.055255 -0.029074 -0.52959 0.69411 -0.31705 -0.76404 -0.70507 0.57168 -1.4517 0.10142 -0.25148 0.29078 0.36654 -0.16053 -0.30497 -0.00074142 -0.24774 0.49264 0.47771 0.090613 -0.37577 0.044108 0.24681 0.2857 -0.23482 -0.030321 -0.36797 -0.32023 -0.18307 -0.13048 0.45934 0.91575 0.53617 -0.30925 -0.054459
-1.4966 1.0152 1.2945 1.605 0.27421 0.74478 -0.087973 -0.34481 -0.93604 -0.069003 -1.2709 0.8481 -1.4656 0.054729 -0.14784 0.082363 0.36209 -0.33321 -0.55901 0.22486 -0.61583 0.95933 0.95985 0.18042 -0.42287 0.036701 0.14744 0.31121 -0.18361 -0.070412 -0.30489 -0.23355 -0.044933 -0.24452 0.26182 0.47236 0.44468 0.0017429 -0.059709
-0.97013 1.0861 1.4041 1.7549 -0.46354 -0.39647 -0.21284 0.39938 0.10176 0.57884 -0.52614 0.53878 -1.4206 0.05061 0.052947 0.1785 0.26685 -0.35713 -0.67165 0.012735 -0.5532 0.78046 1.0226 0.27593 -0.084363 0.0003396 -0.032703 0.24918 -0.032105 -0.074271 -0.11907 -0.19791 -0.031191 -0.12171 0.082489 0.26869 0.12032 0.23611 -0.036786
