39 285
-0.62293 1.1569 0.41665 0.46525 -0.42248 0.51799 0.012387 0.79986 -0.89803 0.71633 0.88109 0.67577 -1.5809 0.076627 0.18999 0.67926 0.59917 -0.53503 -0.23596 -0.08947 0.50617 -0.22656 -0.18253 -0.77513 -0.39832 -0.023518 -0.015903 0.02093 0.0059411 0.10412 0.1603 0.079376 0.050176 -0.25445 0.27673 0.065407 -0.066312 0.55531 -0.020754
-0.36746 1.4302 0.77704 0.68111 -0.78574 0.49591 -0.22188 0.83915 -1.3599 0.96147 0.09125 0.72885 -1.6265 0.062527 0.31083 0.87732 0.89066 -0.38345 -0.19689 -0.027047 0.44912 0.065094 -0.27438 -0.92527 0.04523 -0.029209 0.020871 -0.077836 -0.2078 -0.051977 0.34934 0.25672 0.064793 -0.57476 0.38274 -0.0191 -0.10214 0.629 -0.019054
-0.52354 0.99901 0.78688 1.3646 -0.85736 0.17698 -0.10433 1.367 -1.2072 0.68419 0.015369 0.18261 -1.5829 0.051869 0.1707 0.57477 0.63047 -0.28181 -0.087537 -0.016159 0.035169 0.13953 -0.0091277 -0.81312 0.4604 -0.058612 -0.012246 -0.24144 -0.52352 -0.25337 0.3875 0.3396 0.025134 -0.73165 0.17874 0.044378 0.13209 0.33297 -0.0088434
-0.6305 1.5004 1.3792 1.1805 -1.1087 0.25179 -0.033076 1.5053 -0.99811 0.24907 0.076645 0.22747 -1.6109 0.12685 0.04898 0.31985 0.45504 0.040797 0.22946 0.0079718 -0.38678 0.30762 -0.31805 -0.94177 0.39471 -0.040691 -0.0045597 -0.27444 -0.86226 -0.38692 0.32263 0.14033 0.29576 -0.77884 0.017676 0.26197 0.3455 0.17791 -0.0065866
-0.53308 1.5183 1.3649 1.7421 -0.60148 0.38954 0.022157 1.1159 -0.62347 0.44291 -0.2528 1.2132 -1.6177 0.019586 -0.14743 -0.05366 0.29434 0.030653 0.2642 -0.053125 -0.51239 -0.025703 -0.077084 -0.47806 0.079273 -0.03316 -0.0075546 -0.20104 -0.84408 -0.21939 0.36791 -0.097079 0.15489 -0.4927 -0.1319 0.23371 0.44113 -0.3416 0.044263
-0.49681 1.1886 0.71081 0.90596 -0.76517 0.49294 -0.091753 0.46281 -0.9527 1.0853 -0.082428 1.339 -1.6754 0.068345 -0.062529 -0.46387 0.27469 0.10998 -0.077039 0.59286 -0.80626 0.15788 0.29714 -0.3717 0.58953 -0.053044 -0.13158 -0.052218 -0.60396 -0.091148 0.30726 -0.41863 -0.11021 0.06553 -0.24857 0.21898 0.40701 -0.71991 0.048379
-0.29737 1.231 0.90116 1.2467 -0.41905 0.91666 -0.096358 0.33346 -0.78952 0.028852 -0.90698 0.6564 -1.6162 0.065124 -0.16345 -0.65422 0.26452 0.42271 -0.13613 0.0077809 -0.72242 -0.065145 0.16187 -0.18336 -0.28369 0.032754 -0.2436 0.10831 0.11453 0.072001 0.29728 -0.28959 -0.2918 0.25418 -0.15404 -0.20287 -0.0090257 -0.81346 0.071666
-0.5238 1.1268 0.83287 1.5409 -1.1111 0.46223 -0.32637 0.80776 -1.7246 0.92925 -0.26466 0.18061 -1.6478 -0.14681 -0.043921 -0.5444 0.26482 0.46407 -0.44613 -0.24247 -0.15303 -0.17817 0.010339 -0.24341 -0.799 0.019336 -0.40164 0.087184 0.53019 -0.045508 0.16393 0.067475 -0.40261 0.45152 -0.049353 -0.60416 -0.21709 -0.55413 0.054043
-0.54462 1.2376 0.41996 1.9342 -0.66995 -0.30922 1.4806 0.40042 -0.38308 0.9471 -0.34052 1.4964 -1.6619 -0.3359 0.054062 0.18751 0.41346 0.45319 -0.15657 -0.22287 -0.33984 -0.1801 -0.36588 -0.53923 -0.7818 0.067734 -0.051992 -0.40747 0.42641 -0.83541 -0.030426 0.16368 -0.18708 0.44974 0.4477 -0.44592 -0.10375 0.31797 0.38487
-0.49111 1.4278 0.71387 1.4623 -0.049591 0.43471 -0.90745 0.35308 -1.0486 0.26543 -0.21188 -0.11923 -1.5294 -0.49352 -0.0015032 0.10611 0.084415 0.4309 0.076206 -0.10343 -0.11093 0.095704 -0.70834 -0.61225 -0.21735 0.033175 0.57559 -1.0287 -0.060556 -1.8165 -0.33203 -0.076363 -0.25897 0.32084 0.65878 -0.1659 0.47393 0.08905 0.98818
-0.72128 1.2825 0.48146 1.7642 -0.010632 -0.10121 -0.50893 0.86252 -1.0614 0.67263 -0.88861 0.39294 -1.6642 0.13832 -0.9754 -0.18587 -1.3071 0.39155 -0.052659 -0.43727 0.13967 0.64097 -0.41803 -0.18784 0.048926 0.75607 1.0312 -1.2391 -0.74857 -2.4334 -0.60696 -0.79167 -0.04928 0.28858 1.1337 0.091998 1.1625 -0.46219 1.4746
-0.83945 1.1488 1.4068 1.5493 -0.4297 0.84499 -0.12768 -0.43955 -1.3669 0.0938 -1.264 0.13453 -1.5546 0.70452 -1.5263 -0.48954 -2.457 -0.14864 -0.65652 -0.65626 0.23725 0.66317 -0.31866 0.56213 -1.0317 1.5479 1.2349 -0.87233 -0.92666 -2.1507 -0.63688 -1.3309 0.057783 -0.14643 1.37 0.43252 1.5125 -1.1901 1.5658
-0.93211 1.2004 0.71684 1.5073 -0.17795 0.7408 0.20126 0.79621 -0.63777 -0.80975 -1.3624 0.63565 -1.6155 1.0165 -1.5891 -0.95402 -3.1053 -0.44365 -1.4478 -0.043169 0.052763 1.7079 -0.37777 1.2495 -1.2535 2.1042 0.59639 0.087797 -1.0953 -0.98564 -0.34683 -1.5634 0.28111 -0.49164 1.3734 0.99746 1.6678 -1.1577 0.87864
0.10787 -0.43601 0.05698 -1.1765 -0.47926 -0.49403 -0.72549 1.1259 -0.22844 1.267 0.35019 0.75097 -0.22362 1.4046 -1.3881 -1.2876 -3.2526 -0.3972 -2.0139 -0.18057 -0.35491 2.1917 0.16487 1.754 -1.8467 2.3257 -0.0077566 1.0077 -0.70865 0.24397 0.18549 -0.87913 0.28807 -0.80251 0.88176 1.3634 0.89854 -0.26546 -0.12377
0.42422 -0.12325 -0.15602 -1.8239 -0.61994 -1.3467 -0.36739 0.43247 0.19214 0.086923 0.59345 -1.1143 0.41494 0.9161 -0.87355 -1.885 -2.8651 -0.15692 -2.649 -0.10334 -0.5295 2.5126 1.4121 2.6157 -1.7618 2.0325 -0.64825 1.8488 0.10694 1.4829 0.53569 0.4754 0.48405 -0.88656 -0.34324 0.6375 -0.59696 0.54196 -1.268
0.30064 0.15417 -0.24672 -2.3227 -0.53369 -1.311 -0.89864 0.25106 1.023 -0.54318 0.84978 -1.6863 0.6699 0.73832 0.073153 -1.3875 -2.1263 0.086759 -1.8968 -0.040322 -1.0473 1.9446 1.6217 1.7204 -1.2777 1.3508 -0.97388 1.8402 0.76283 2.215 0.63502 1.6724 1.0943 -0.55498 -1.2283 -0.57564 -1.9101 1.4651 -1.8882
0.65122 -0.0056079 -0.60717 -1.9667 -0.60403 -2.1684 -0.21388 -0.20987 1.2925 1.105 0.6926 -1.291 0.62926 0.12017 1.2709 -0.7176 -0.79274 0.3849 -0.50836 0.8691 -1.3417 1.1426 0.2148 0.078374 -0.48323 0.19174 -0.61157 1.2453 1.1874 2.3308 0.47595 2.171 1.1724 -0.31881 -1.9033 -1.903 -2.6168 1.474 -1.7601
-0.27251 0.25111 -1.2489 -2.289 -0.43697 -2.465 -0.026097 -0.58148 1.7745 2.2894 2.6433 -1.0903 0.54279 -0.043566 1.1135 -0.43839 0.019641 0.59864 0.42251 1.5504 -1.0384 0.4737 -0.44633 -0.82521 0.34656 -0.32839 -0.3921 0.31848 1.0795 1.9548 0.35819 1.7087 0.64037 0.18127 -2.0999 -2.3856 -2.3233 0.69615 -1.0766
0.60582 0.83089 -0.93769 -2.55 -0.013256 -1.628 -0.4058 -0.05596 1.4054 1.4685 0.64784 -0.48981 0.38796 0.14708 1.0249 -0.1198 0.59703 0.53968 0.74288 1.4765 -1.1598 -0.46244 -1.5328 -1.3909 0.27561 -0.45981 -0.046129 -0.55225 0.89304 1.4235 0.10689 0.60943 -0.17043 0.27537 -1.9233 -1.819 -1.8774 -0.296 -0.20598
0.40173 1.0891 -0.46519 -2.5003 -0.096645 -0.98948 0.98722 -1.1013 0.9041 -0.189 -0.14451 -0.78299 0.20253 -0.019435 0.81508 0.34831 0.97806 0.72927 1.0603 0.95467 -0.78222 -1.344 -2.4903 -2.2298 -0.30538 -0.36098 -0.22627 -0.83535 0.68141 1.0068 -0.019895 -0.48357 -0.62289 -0.029214 -1.1313 -0.92883 -0.95699 -1.0176 0.27011
0.29489 0.89675 -0.7365 -1.4497 0.15637 -0.87191 1.9663 -0.90301 1.13 -1.2192 -0.47836 -1.3432 0.17647 0.019051 0.34822 0.56945 1.4875 0.54308 0.4516 0.82513 -0.92907 -1.6977 -2.567 -3.0009 -0.71613 -0.18069 -0.3613 -0.89939 0.27357 0.47928 -0.016378 -1.1934 -0.84233 0.0050289 -0.15107 0.29053 0.014252 -0.78169 0.47057
0.58678 1.0425 -0.64068 -1.215 -0.012295 -1.1313 0.66902 -1.5573 0.50445 -1.3482 -0.37243 -1.2469 0.20297 -0.40977 -0.16977 0.4952 1.5183 0.56999 -0.4437 0.61879 -1.2111 -1.1239 -1.8759 -1.9374 -1.106 0.044945 -0.24352 -0.59957 0.015507 0.0059586 0.018172 -1.3388 -0.97197 -0.36558 0.24296 1.2899 1.0592 0.040157 0.41606
0.14929 0.85225 -0.39157 -0.79607 0.59307 -1.1132 0.70451 -0.91827 -0.39365 -0.7215 -1.6074 -1.4868 0.2334 -0.34371 -0.22866 0.30992 1.2382 0.59932 -1.0045 -0.056898 -0.93543 -0.88917 -1.2428 -1.4869 -0.81824 0.22974 0.015965 -0.16794 -0.17934 -0.29189 -0.077414 -0.67734 -1.0088 -0.3139 0.18018 1.2395 1.6797 0.50619 0.22806
0.0081817 0.85462 -0.43783 -0.46815 0.27955 -1.8312 1.2178 -1.808 -0.20257 -1.1694 -2.0752 -1.6276 0.29812 -0.30096 -0.060244 0.4908 1.0876 0.7494 -1.0158 -0.56795 -1.4968 -1.3018 -0.47043 -0.8201 -0.16586 0.22311 0.51612 0.15893 -0.11015 -0.34039 -0.4813 0.2394 -1.1079 0.1346 -0.29061 0.57748 1.6991 0.42769 0.00054433
0.16658 0.71087 -0.098095 -0.63373 0.7953 -1.9196 1.27 -2.1324 0.45274 -1.9292 -1.7634 -1.9681 0.38988 -0.0068061 -0.032156 0.21408 1.1048 0.31281 -0.68032 -0.61961 -1.4025 -1.2838 -0.69285 -0.13592 -0.2003 0.16349 0.70995 0.19429 0.0067065 -0.41001 -0.75658 1.0969 -1.0701 0.77523 -0.44069 0.24957 1.6645 -0.19173 -0.19206
0.05141 0.88291 -0.34466 -0.44478 0.64615 -2.1578 1.1412 -2.165 -0.15229 -2.3602 -1.8531 -1.7879 0.46714 0.39759 0.041076 0.31704 0.89203 -0.22514 -0.10246 -1.3385 -0.71318 -1.5135 -0.95512 0.84993 -0.58024 0.080469 0.60158 0.15611 0.19871 -0.63909 -0.91803 1.4253 -0.86251 1.6241 0.089761 0.26342 1.1521 -0.38413 -0.30885
0.095902 0.948 -0.067396 0.48664 1.2287 -2.0422 0.17381 -3.2529 -1.2571 -1.1402 -1.1781 -1.1446 0.37408 0.64994 0.098432 0.39279 0.50682 -0.39557 0.83936 -1.8338 0.19499 -1.6609 -0.48881 1.0709 -0.96913 -0.061288 0.050888 0.052421 0.76739 -0.87617 -0.43639 1.3627 -0.8563 2.0309 0.85112 0.73565 0.55743 -0.0098635 -0.44152
0.59846 0.91541 -0.4598 0.46531 0.11088 -1.8285 -0.35831 -2.8412 -1.4447 -2.1273 -1.0412 -1.8088 0.36453 0.50834 0.17808 0.76233 0.10904 -0.69749 1.2131 -1.703 0.89348 -0.96346 -0.031883 0.93155 -0.51003 -0.24804 -0.69991 0.041098 0.94981 -0.85573 0.16305 1.094 0.02958 1.9639 1.6704 0.92959 -0.051973 0.47885 -0.60541
0.51308 0.80516 0.24041 0.2648 0.10945 -1.2972 -0.9204 -1.3505 -1.9485 -2.3399 -0.73943 -2.7418 0.34706 0.032511 0.0016186 1.433 -0.24529 -0.30069 1.5195 -2.1669 1.7819 0.065548 0.37126 0.97366 -0.24327 -0.50704 -1.296 0.11058 0.84596 -0.54476 0.69157 0.50264 1.1024 1.4186 1.9163 0.88815 -0.12501 1.0503 -0.68668
0.79239 0.95232 0.14925 -0.19493 0.10854 -0.61932 -0.98929 -1.6685 -1.4094 -2.0094 -0.8142 -2.9369 0.24201 -0.62098 0.16977 1.5852 -0.43351 0.061857 1.8518 -1.1091 2.3495 0.83447 0.54519 0.81451 -0.009915 -0.84181 -1.3903 0.087274 0.17099 -0.17234 0.90053 -0.073332 1.8456 0.45817 1.2187 0.73829 -0.34972 1.3995 -0.48805
0.47084 1.021 0.9605 -0.4605 0.091141 -0.67946 -0.81474 -1.1779 -0.36623 -1.8608 -0.67926 -1.639 0.072392 -1.2416 0.3178 1.5723 -0.31486 0.6032 1.575 0.10273 2.2525 1.1277 1.0665 0.89742 0.81444 -1.0635 -0.84305 -0.20294 -0.74268 0.2207 0.37433 -0.68391 2.1457 -0.57017 0.16869 0.34182 -0.65689 1.1537 0.042161
-0.20043 0.82637 1.5573 -0.13781 0.79632 -0.31764 -2.914 -0.13159 -0.65233 -1.1886 -0.25031 -1.5503 -0.26358 -1.4893 0.18994 1.0009 -0.22022 0.64178 1.0332 0.89951 1.5579 0.84182 1.1517 0.28252 1.6673 -0.89273 0.24747 -0.67799 -1.5197 0.23752 -0.10935 -1.1903 1.7183 -1.3506 -0.56831 -0.22373 -0.90874 0.090684 0.78642
-0.49575 1.2299 1.4329 0.15548 0.92416 0.58792 -0.67706 -0.10315 -0.71776 -0.83787 -0.04708 -1.714 -0.72952 -1.1317 -0.40205 0.29703 0.053288 0.16114 0.49708 1.1732 1.0583 0.36454 0.77213 -0.069689 1.151 -0.40037 1.3063 -0.84565 -1.8363 -0.084357 -0.62739 -1.499 0.98681 -1.9066 -0.82384 -1.0639 -1.0739 -1.0921 1.3658
-0.67708 1.224 1.3359 -0.18451 0.61259 0.081454 0.35662 0.62254 -0.35464 -1.2434 0.16092 -1.4366 -0.78769 -0.20893 -0.78634 -0.682 -0.17944 0.079242 -0.1022 1.8355 0.29481 0.091248 0.21668 -0.52144 0.0075764 0.31734 1.6459 -0.61055 -1.4943 -0.34036 -0.61263 -1.57 -0.15363 -2.1195 -0.93549 -1.3472 -0.91682 -1.6487 1.4744
-0.91942 0.88364 1.2446 -0.43468 0.85023 -0.04687 0.18354 0.095496 -0.92523 -0.8577 -1.034 -0.59462 -0.4106 0.5906 -0.83566 -1.0928 -0.5271 -0.34249 -0.99723 1.6344 -0.85942 -0.11674 -0.69447 -0.85464 -0.44764 0.91945 1.2304 0.034811 -0.76396 -0.34356 -0.029844 -1.3258 -0.9577 -2.2418 -0.88469 -1.0615 -0.71562 -1.1474 1.0262
-0.19887 0.21954 0.62241 -0.058242 0.01688 -0.14969 -0.075747 -0.49891 -0.45115 -1.1058 -0.88487 -1.519 -0.029646 0.76499 -0.77833 -1.1607 -0.62292 -0.30421 -1.5083 0.36104 -1.6448 -0.7535 -0.93438 -1.1609 -0.69704 1.2409 0.36676 0.65559 0.25858 -0.016395 0.3825 -0.89568 -1.3243 -1.7337 -0.77989 -0.43399 -0.33861 -0.13567 0.19842
0.23001 0.18636 0.3381 -0.71076 0.81794 -0.80239 1.1813 -0.35177 -0.27577 -1.4963 -1.0418 -2.0296 0.41651 0.71 -0.33797 -0.93221 -0.42413 0.30627 -1.5769 -0.024366 -2.3737 -0.95066 -0.8759 -1.1783 -0.69501 1.0826 -0.40979 1.1954 0.98554 0.30988 0.93723 -0.30982 -1.1656 -0.63489 -0.62678 0.51553 -0.3198 1.0334 -0.6903
0.24482 0.41722 0.42046 -0.79146 0.36962 -1.3986 -0.29092 -1.3974 -1.1623 -2.2541 -1.0497 -2.1644 0.47941 0.42431 0.23833 -0.28765 -0.28975 0.52279 -1.6879 -0.01156 -2.352 -1.0264 -0.60697 -1.0243 -0.11886 0.6129 -0.67381 1.4792 1.3526 0.61679 0.57693 0.34962 -0.76741 0.70735 -0.096722 1.2112 -0.34162 1.9247 -1.4631
-0.084467 0.65938 0.10937 -0.75608 0.48058 -1.3219 0.2449 -2.0817 -1.8766 -1.9026 -1.6887 -2.0712 0.52535 -0.016873 0.97772 0.32685 -0.11392 1.1077 -1.5551 -0.53473 -1.7523 -1.2183 0.20836 -1.5495 1.2644 -0.072503 -0.71181 1.0878 1.132 0.98496 -0.16403 1.294 -0.42169 2.2826 0.47505 1.6996 0.044432 2.1615 -1.8351
-0.073658 0.72634 0.3668 -0.67939 1.397 -1.9434 0.33408 -2.6497 -1.346 -1.9953 -1.8354 -1.554 0.49083 -0.14943 1.4366 0.76349 0.40244 0.44706 -0.78485 -0.93351 -0.56648 -0.83106 1.0413 -1.646 2.0406 -0.95109 -0.57519 0.38066 0.7029 1.3056 -0.93858 2.087 -0.32658 2.994 0.98855 1.4861 0.81867 1.3959 -1.7623
-0.1152 0.80078 0.94707 -0.6517 1.1492 -2.2 0.19823 -2.8712 -1.8044 -1.4081 -2.3504 -0.79165 0.37864 -0.35295 1.1757 0.6768 1.1308 0.032468 0.6852 -0.41361 1.2155 -0.15229 1.8368 -0.75616 2.3987 -1.6094 -0.51989 -0.62224 0.081339 1.1551 -1.713 2.448 0.0914 2.9608 1.3849 0.82098 1.9763 -0.021651 -1.1642
0.10942 1.3948 0.88089 -0.37905 1.7788 -2.2822 -0.84235 -2.1047 -1.752 -0.85486 -3.0143 -0.1825 -0.14855 -0.49873 0.87899 0.85643 1.6164 -0.78124 1.5675 -0.72991 2.0428 0.33121 1.6702 0.25865 2.0132 -1.9547 -0.29891 -1.7625 -0.39571 0.49873 -1.6721 1.9824 0.43344 1.8475 1.6024 0.11022 2.5618 -0.87364 0.028374
0.058888 1.9668 1.2446 -0.083623 0.60445 -1.5636 -0.5558 -0.79992 -1.5377 -0.48698 -2.977 0.046479 -0.93917 -0.82856 0.048718 0.41821 1.5132 -1.6495 2.4008 -0.4486 2.7566 0.85881 1.5977 1.5227 1.2476 -1.7742 0.10411 -2.267 -0.65721 -0.25473 -1.2944 0.84724 0.71489 -0.0086006 1.4023 -0.45479 2.1115 -1.291 1.1846
-0.55747 1.3522 0.81697 1.2629 0.24485 0.29134 -0.30327 0.17035 -1.5691 0.16301 -1.4031 0.46352 -1.4153 -0.47944 -1.4219 0.12403 1.1606 -2.0026 2.5137 -0.036015 2.2906 1.7429 1.3818 2.4251 0.94499 -0.81361 0.96486 -2.3298 -1.3011 -0.97448 -0.38612 -0.58059 0.9273 -1.2062 0.86235 -0.60157 0.83432 -1.0294 2.1207
-0.73359 1.3711 1.3829 1.473 -0.1799 0.22793 -0.73626 -0.29008 -1.1965 -0.24967 -1.2517 0.076865 -1.5101 -0.1671 -2.0753 -0.22272 0.83342 -1.9014 1.9894 0.68891 1.0748 1.8338 1.0232 2.4589 0.45793 0.064809 1.7921 -1.484 -1.6495 -1.479 0.64144 -2.2093 0.58564 -1.5285 0.23336 -0.70634 -0.90045 -0.81547 2.3966
-0.95894 0.44597 0.92119 0.83412 -0.62456 0.56576 -0.24049 0.75005 -0.17003 0.14294 0.053941 -0.014727 -1.2275 0.99625 -2.5826 -1.3125 0.022283 -1.4057 0.55805 0.58059 0.51548 1.4899 0.69346 1.5018 0.43695 1.1434 1.8853 -0.24283 -2.1733 -1.5025 1.6343 -2.5133 0.0088905 -0.58886 -0.26541 -0.57183 -1.626 -1.0598 1.8008
-0.016976 -0.81894 1.1277 0.69157 -1.1418 0.52469 -0.2227 -0.055649 0.38181 0.65405 0.074485 0.85135 -0.27159 1.826 -2.2522 -2.0151 -0.83916 -0.66851 -1.2501 0.43105 0.64299 1.4132 0.4593 0.18163 -0.057593 1.7873 1.4517 0.90187 -1.9887 -1.1339 2.1491 -1.4093 -0.58471 -0.27965 -0.52583 -0.31429 -1.3823 -1.3714 0.78363
-0.010295 -0.02365 0.50572 1.1697 -0.71098 0.36357 0.48293 -0.48915 0.032563 0.46095 -0.41826 0.29004 -0.53353 2.093 -1.8045 -3.1267 -0.97049 0.62163 -1.1323 0.1139 1.3503 1.415 0.46185 0.29134 -0.82692 1.7368 0.28822 1.7657 -1.1101 -0.52455 1.72 0.5683 -0.53343 -0.453 -0.66513 0.0068527 -0.13871 -1.4165 -0.44283
1.2893 -0.8385 -0.99291 0.30645 -1.3487 -0.55945 0.070905 0.67801 -0.26715 0.4056 -0.96047 0.71423 0.24878 2.0322 -0.71258 -3.1118 -0.91617 1.3426 -0.11755 -0.25782 0.10833 0.8287 0.47438 0.28536 -1.5399 1.2535 -0.43321 1.6975 0.024318 -0.10931 0.61014 1.9596 -0.51388 -0.61798 -0.93723 -0.14987 0.91575 -0.55809 -1.1221
1.1368 -0.90096 -1.3524 0.02599 -0.32241 -1.7273 -0.10049 1.3254 0.45974 0.5316 -1.0846 -0.18206 0.60268 1.4373 0.076695 -2.8904 -0.99261 0.99863 1.1844 -0.15129 -0.10658 0.46984 0.69124 1.1902 -1.5384 0.57304 -0.84633 1.4413 1.3302 0.13363 -0.53587 1.9351 -0.10129 -0.73819 -1.258 -0.54124 0.85865 0.31654 -1.2982
1.2836 -0.83509 -2.4403 -0.062996 1.0002 -0.24786 -0.66646 1.9724 1.3195 0.49072 0.43691 -1.3307 0.42163 1.3317 0.10395 -2.1038 -1.0688 0.36058 1.7002 -0.47312 0.15813 0.046501 0.022982 1.6084 -0.76541 0.2456 -0.82641 0.79049 1.885 0.22737 -1.0951 1.1256 0.30474 -0.22086 -1.2886 -0.73122 0.4673 0.873 -0.9681
1.5298 -0.47818 -2.0977 -0.36051 0.63259 1.5233 -0.33429 -0.95563 0.6463 1.1707 0.60658 -1.3073 0.3311 0.83864 0.58641 -1.1195 -0.65938 0.066493 2.0161 0.019603 -0.1239 -0.65443 -0.45056 1.3904 -0.59348 -0.21642 -0.77804 0.10856 2.224 0.36532 -0.76316 -0.35629 0.48613 -0.16443 -1.216 -0.41395 -0.78266 0.79376 -0.32448
1.603 -0.38315 -2.2422 -0.41891 -0.72251 2.1023 0.22599 -0.38164 0.33251 1.5404 1.3893 -0.304 0.19053 0.7647 0.56803 -0.43167 -0.66451 -0.34218 1.8273 0.27632 -0.31658 -1.129 -0.48916 1.1531 -0.32014 -0.1838 -1.0661 -0.50819 1.8783 0.58998 0.12486 -1.5203 0.35719 0.091147 -0.32669 -0.10557 -1.6335 0.223 0.19899
2.1001 -0.28723 -2.4765 -0.64588 -0.67812 1.0333 -0.61613 1.3346 -0.36064 -0.49343 0.78954 -0.10527 0.064792 0.24555 0.055941 0.48336 -0.50648 -0.14515 0.37579 0.46059 -0.19201 -1.3217 0.074761 -0.14625 -0.22141 0.1746 -1.2811 -1.0722 1.397 0.76624 1.0254 -1.9928 -0.079983 0.21019 0.90207 -0.16066 -1.8231 0.1497 0.62599
2.085 -0.38527 -2.4657 -0.6186 -0.38137 1.0017 0.16379 1.2142 -0.68016 -0.21847 0.35483 -0.80532 0.2684 -0.39272 -0.61714 0.64753 -0.017255 0.7254 -0.66426 0.032097 0.37123 -0.27668 -0.46889 -0.91094 -0.51088 0.4283 -1.6837 -1.0789 1.1861 1.0361 1.5039 -1.5822 -0.17128 0.21178 1.5497 -0.43689 -1.4652 0.48679 0.64125
1.8209 -0.28316 -2.0324 -1.0118 0.34009 1.3951 0.070224 0.41563 -0.079685 0.52228 1.2953 -1.5455 0.44008 -1.0107 -0.90253 0.97911 0.48996 1.5706 -0.91316 -0.017121 -0.055024 0.64249 -0.80483 -1.2493 -0.19871 0.66439 -1.4837 -0.61483 0.89143 1.132 0.92787 -0.82025 0.017946 0.047086 0.82352 -0.85501 -0.49301 1.3317 0.34209
1.3831 -0.86628 -1.4594 -0.70414 0.7965 0.97642 0.13379 0.13917 -0.44037 1.6308 -0.0076284 -1.4318 0.65599 -1.7977 -1.0472 1.5578 0.83848 1.7831 -0.84256 0.17161 0.030828 0.86639 -0.96978 -1.242 0.61705 0.78707 -0.84708 0.028248 0.60637 0.84653 -0.56659 -0.46663 0.86032 -0.30934 -0.72419 -0.42469 0.013715 1.5635 0.0093813
1.0506 -1.2202 -1.4996 -0.071376 0.8092 0.76116 -0.42659 -0.18666 0.51068 -0.22336 -0.55955 -1.0463 0.71461 -1.8636 -0.92243 1.7056 1.2545 1.1712 -1.2525 0.43014 0.070715 -0.32229 -1.4675 -0.95812 1.7903 0.64444 0.028307 0.60532 0.076972 0.023477 -1.833 -0.15605 1.1976 -0.77094 -1.2593 0.10738 0.39112 0.71236 -0.31545
0.68198 -1.1558 -1.3184 0.36365 1.1829 0.38222 0.072755 0.89492 0.89485 -0.94133 -0.22663 0.14792 0.89926 -1.5723 -0.55185 1.4199 1.2306 -0.18176 -1.4709 1.5522 -0.29895 -1.221 -1.0325 -1.0075 1.5166 0.45741 0.85243 1.0101 -0.40694 -0.88122 -2.1914 0.35934 0.87019 -1.2706 -0.55043 0.9519 0.45293 -0.46683 -0.52114
-0.0089041 -1.2656 -0.38711 0.31996 1.8549 -0.10543 0.00237 1.8347 0.0494 -1.7871 -0.82538 0.24157 1.0588 -1.0715 0.025712 1.1776 0.31313 -1.0554 -0.92441 1.7187 -1.4038 -0.77693 -0.55842 -0.55302 0.73441 0.23319 1.2453 1.093 -0.50908 -1.6363 -1.5957 1.1151 -0.11002 -1.3021 0.97599 1.3414 0.50415 -1.5476 -0.59906
0.11633 -1.2231 -0.29134 1.0233 0.93749 -0.41589 1.2093 0.18746 -1.8568 -0.86797 -0.18579 0.83018 1.0077 -0.58102 0.4407 1.0317 -0.4423 -1.4201 -0.2519 1.291 -1.7267 0.0035511 0.55255 -0.50583 0.25715 0.0071286 1.3512 0.94768 -0.5481 -1.7302 -0.54374 1.4514 -1.5031 -0.30142 1.9059 0.8567 0.68852 -1.595 -0.64867
0.13188 -0.9803 -0.41724 0.53694 -0.46368 -0.45832 2.7412 -0.90466 -1.3679 0.5564 -0.6279 -0.64351 0.96552 -0.0023898 0.70419 0.91548 -1.1383 -1.3494 0.47664 0.34113 -1.772 0.9317 0.52938 -0.16648 -0.54902 -0.26356 1.1853 0.6539 -0.41095 -1.1545 0.38269 1.2848 -2.4294 1.5462 1.6776 0.0086791 0.54414 -1.2044 -0.64576
0.21775 -0.95781 -0.22815 -0.59695 -0.45439 0.12209 1.5527 -2.1085 0.20307 -0.092543 -1.1562 -0.55846 0.89776 0.45057 0.94961 0.4926 -1.4569 -1.0965 0.87194 -0.79723 -0.70662 1.5921 0.20185 0.21518 -0.902 -0.52131 0.92169 0.24998 -0.34068 -0.30779 0.66411 0.70217 -2.5546 2.3307 0.27585 -0.70166 0.40855 -0.60819 -0.60547
0.24832 -0.68559 -0.20396 -0.49842 -0.26753 0.51817 0.611 -0.91957 1.4299 -0.46739 -1.0875 0.19201 0.75891 0.65588 1.0415 0.6494 -1.4659 -0.44889 1.208 -2.1496 1.1221 1.6539 -0.37393 0.20996 -0.9941 -0.72417 0.60128 -0.089003 -0.47649 0.76773 0.19531 -0.17879 -1.4793 2.0947 -1.4241 -0.061851 0.13007 -0.33984 -0.48071
0.4753 -0.41476 0.3257 -1.1376 0.26798 0.76902 0.33017 -0.24813 1.0712 -1.0242 -0.10085 -0.39873 0.62957 0.83379 0.75795 0.50053 -0.90765 -0.54614 0.85564 -2.6295 1.4027 0.15266 -0.46857 0.15476 -0.68035 -0.90784 0.32215 -0.17402 -0.67946 1.6544 -0.43935 -1.1573 0.061742 0.5582 -2.3878 0.97761 -0.01163 -0.39414 -0.33915
0.5441 -0.26333 0.098213 -1.2098 -0.03108 0.58351 -0.51191 0.64943 0.22728 -0.95905 -0.30338 -0.92357 0.37981 0.94311 0.62768 -0.010759 0.062971 -1.2264 0.11171 -1.7329 1.2864 -1.1309 0.72659 0.14846 -1.3031 -0.97929 -0.057611 0.061867 -0.8116 2.0346 -0.80496 -1.6086 1.3241 -0.92838 -1.9827 1.6121 -0.016019 -0.053046 -0.22348
0.96415 -0.084178 0.45203 -0.96809 -0.50945 1.1775 -1.0995 0.93679 -0.027491 -0.34724 -0.33943 -0.91534 0.099017 0.91541 0.81908 -0.48533 0.99004 -1.5633 -1.0038 -0.87765 0.30731 -1.6642 1.6821 0.24362 -1.4953 -1.0347 -0.782 0.49386 -0.16405 1.6203 -0.12012 -1.1939 1.6102 -1.2439 -0.16195 1.2435 0.119 0.52725 -0.16604
1.0712 -0.3946 0.011717 -1.0379 -1.6261 0.58673 -1.0925 -0.45615 -0.53896 -0.10445 -1.1347 -1.3231 -0.11601 0.50427 1.1315 -0.4168 1.5407 -1.5181 -1.232 -0.34337 -0.153 -1.302 1.905 0.15433 -0.67762 -1.0826 -1.7325 0.58176 0.77736 0.86793 1.2525 -0.15276 1.247 -0.60936 0.94874 -0.30624 0.27534 1.4375 -0.15639
1.2426 -0.1778 -0.4217 -0.13331 -1.8271 0.16274 -0.77281 -0.05775 -0.32994 0.90035 -0.75932 -1.8359 -0.21935 -0.42955 1.4655 0.37504 1.498 -0.62523 -0.97305 -0.063276 -0.31993 -0.099553 1.5274 0.41411 0.033349 -1.1693 -2.4684 0.35 1.5055 -0.061486 2.3562 0.86584 1.0459 0.44674 1.2735 -1.4991 0.28725 1.957 -0.074366
1.2466 0.61451 -0.60414 1.0555 -1.5785 -1.1773 -0.45345 -0.0039495 -0.62544 1.388 0.11343 -1.5376 -0.49319 -1.6673 1.4346 1.0196 1.481 0.79101 -0.22221 0.38605 0.40365 -0.099758 0.1561 0.64219 0.71185 -1.2068 -2.3942 -0.17473 1.5979 -0.72955 2.405 1.188 0.81486 0.50564 0.79916 -1.893 0.24625 2.0946 0.14001
0.84401 0.98445 0.29071 0.61409 -1.4064 -0.29217 -0.59633 0.2148 -0.8026 0.87632 0.059446 -0.96675 -0.75748 -2.6755 1.3477 1.6407 0.87282 1.9489 0.30758 0.87693 0.90622 0.1771 -0.57981 0.6028 1.5896 -1.112 -1.41 -0.99335 0.61197 -1.0713 1.4529 1.1647 0.70121 0.13423 0.29607 -1.5638 -0.26215 1.1281 0.50928
-0.22076 1.2171 1.151 0.48019 -0.73412 0.11673 -1.2022 0.32112 0.5587 0.83321 -0.14404 -0.76597 -1.1646 -2.909 0.85166 1.9703 0.39867 1.958 0.6191 0.83828 0.22682 0.083491 -0.99957 0.58004 2.5889 -0.84471 0.73911 -1.9197 -1.0414 -1.2818 -0.15588 0.33639 0.60589 -0.41907 0.25919 -0.45925 -0.45228 -0.31441 1.2207
-1.1031 0.92991 1.4441 1.1743 0.42103 1.1702 -0.20552 1.2065 -0.81625 -0.67569 0.045311 -0.24962 -1.3356 -2.4809 -0.17144 1.0459 -0.084387 1.6737 1.0488 1.1324 0.032114 0.35819 -1.1662 -0.064574 1.2783 -0.38446 2.8984 -2.5155 -2.5145 -1.2173 -1.6249 -0.5147 0.56432 -0.42823 -0.30082 0.5073 -0.29051 -1.6209 1.9652
-1.7904 0.99203 1.3755 0.29485 0.67137 0.11383 0.77463 0.53941 -0.28775 -0.091874 -0.34955 0.33857 -1.2796 -0.36646 -1.5331 -0.67888 -0.57597 0.63305 0.11379 1.4872 0.017948 0.28764 -0.51777 0.080995 0.27319 0.74262 3.8326 -2.3487 -2.909 -1.1228 -2.0919 -1.1102 0.28512 0.033394 -0.5083 1.0741 -0.20269 -2.0682 2.2789
-1.4273 1.0592 1.7055 1.1153 0.16043 0.092832 0.18608 -0.24759 -0.41011 0.31897 0.74222 1.5285 -1.1218 1.5409 -2.344 -1.8301 -1.0491 -0.58605 -0.51686 1.6973 0.16991 -0.53169 0.22864 0.28512 -0.36276 1.8173 3.4214 -1.5956 -1.8218 -0.58242 -1.3948 -0.9334 -0.38056 0.37531 -0.96033 0.60193 -0.20818 -1.3156 1.8778
-1.2729 0.34563 0.41789 0.60659 0.41282 0.73942 0.94257 0.32076 0.067529 -0.35965 -0.43268 -1.1779 -0.94983 2.3372 -2.6222 -2.1367 -1.3433 -1.0321 -0.92331 1.1357 0.22357 -0.48013 0.53486 0.015876 -0.56212 2.3715 1.3995 -0.499 -0.23577 0.10335 0.26472 -0.0031583 -0.98056 0.54813 -0.71331 -0.51271 -0.82942 -0.59353 0.77692
0.98295 -1.1202 -0.61003 -0.75137 -0.74783 -0.12132 1.2266 0.75885 -0.074713 0.24442 0.16446 -0.78231 0.44908 2.6455 -2.7247 -1.7041 -0.86741 -0.23654 -0.38725 0.54113 0.66629 -1.142 -0.44574 -0.43246 -0.8263 2.3586 -0.48979 0.65149 0.98159 0.87094 1.5522 0.52366 -1.592 0.042716 0.12694 -1.0332 -0.87122 0.40828 -0.42813
1.0512 -1.2419 -0.69354 -0.72279 -1.0722 -0.31614 1.6479 1.0745 -1.1052 0.7467 0.37586 -0.59792 1.0151 1.7302 -2.3112 -1.2067 -0.49124 0.99356 0.043974 0.084279 0.84608 -0.81285 -1.2592 -1.219 -0.62686 1.9446 -1.7374 1.6654 1.1885 1.2721 1.8612 0.91199 -1.4512 -0.8409 0.9714 -0.52921 -0.6905 0.71975 -1.4806
0.49773 -1.3753 -0.53215 -0.58081 -0.24665 -0.40283 1.4496 1.0104 -1.3343 -0.14323 -0.23695 0.077765 1.152 0.91511 -1.234 -0.44638 0.20282 1.4796 0.098605 -0.99509 -0.057394 -0.14353 -1.0388 -0.84092 0.46696 1.2213 -1.6756 2.0941 0.64511 0.87015 0.9068 0.87913 -1.1459 -1.4067 1.6785 0.68251 -0.074535 0.72721 -1.8697
1.0169 -1.5535 -0.051266 -0.098629 0.96241 -0.019563 0.92947 0.8864 -1.5139 -1.1002 -0.89479 -0.45127 1.0658 -0.0898 -0.13322 -0.5237 0.5847 1.7987 0.74672 -1.0294 -1.0656 0.87802 -0.28159 -1.1573 0.18839 0.13766 -0.63476 1.8 -0.04427 0.33008 -0.55657 0.78018 -0.40126 -1.2729 1.373 1.6662 0.68308 0.4159 -1.5875
0.391 -1.5743 -0.33287 0.42159 1.7143 0.77425 0.31411 1.1104 -0.53168 -1.6767 -1.3888 -0.43149 1.0235 0.38038 0.25304 -0.83632 0.27097 1.1645 1.1055 -1.2176 -1.1398 1.2395 0.48036 -0.59305 0.17757 -0.27728 0.074054 0.98834 -0.47471 -0.26385 -1.4942 0.54455 0.66293 -0.45492 0.68397 1.8567 1.0607 0.16711 -0.84945
0.8181 -1.3744 -0.83278 0.096912 1.1932 0.23878 -0.46997 0.048075 0.20909 -0.62923 -0.75603 -0.59396 0.98823 0.79369 0.4409 -1.1126 0.093985 0.064069 1.1772 -0.61334 -1.1119 1.1309 1.4483 0.061927 0.32986 -0.31105 0.32237 0.17534 0.0028302 -0.51023 -1.7128 0.048711 0.82923 0.11948 -0.25743 1.1514 1.3146 0.22576 -0.01469
1.0119 -1.1937 -1.5853 -0.27823 0.85306 0.66021 0.67864 -0.83375 0.46087 1.0624 -1.1409 -0.27202 0.7721 0.61193 0.39862 -1.0708 -0.094966 -0.59217 1.0262 0.14121 -0.92739 1.0307 1.9607 0.71936 0.72917 -0.16166 -0.44445 -0.30259 0.78099 -0.29594 -0.79256 -0.016952 0.39786 0.32335 -0.50265 0.10361 0.61454 0.061365 0.38007
1.4768 -0.9846 -1.3384 -0.35349 0.56117 1.1793 -0.13787 0.18224 -0.49688 0.74068 -0.33202 0.0056836 0.76172 0.4033 0.13495 -0.41781 -0.25771 -0.69394 0.89005 -0.027994 -0.93713 0.45975 1.3712 0.87065 0.35848 0.053396 -1.0683 -0.50678 1.234 -0.08133 0.30264 0.01135 -0.83401 0.21868 0.058404 -0.82192 -0.16775 -0.1901 0.51624
1.4459 -1.1194 -1.3994 0.053793 0.45886 1.2755 0.64729 -0.21406 -0.17415 0.6595 -0.58974 0.32899 0.84129 -0.26788 -0.18106 0.28374 -0.15915 -0.009758 1.2152 -0.70228 -0.5922 0.57743 0.72608 0.26865 0.29257 0.26163 -1.1895 -0.46941 1.1032 0.10417 0.92279 -0.16279 -1.6399 -0.18156 0.71665 -0.9984 -0.86666 -0.32324 0.44882
1.2217 -1.2976 -1.2336 0.095969 0.79384 1.4581 0.91972 -0.22514 0.45815 0.88137 -0.089408 0.20128 0.95165 -0.79144 -0.25284 0.53853 -0.059842 0.38305 1.1082 -1.8761 -0.85006 1.4466 0.34197 -0.031261 0.19323 0.45632 -0.93497 -0.21409 0.59219 0.27564 0.8611 -0.47891 -1.719 0.038399 0.85782 -0.45566 -0.78733 0.080078 0.24757
0.72147 -1.4159 -0.92407 -0.2614 0.6837 1.5983 -0.6635 -0.8845 0.38314 0.2352 -0.2212 -0.49919 1.1256 -1.0451 -0.31849 0.53074 -0.016754 0.70453 0.57759 -2.2499 -1.3273 1.9013 0.38353 -0.56395 0.20048 0.48822 -0.21822 0.064793 0.28256 0.39601 0.36692 -0.94481 -1.012 0.37204 0.1359 -0.087787 -0.28859 0.42329 0.028832
0.6074 -1.4326 -0.74547 -0.41166 1.2256 2.039 -1.5223 -1.0198 1.0397 1.3348 -0.9128 0.031229 1.1889 -0.98055 -0.21158 0.56735 0.18385 0.66223 0.20673 -2.7294 -0.49409 1.4352 0.58292 -0.28661 0.56986 0.41032 0.51765 0.17051 0.29437 0.49854 0.09087 -1.1033 0.34169 1.0839 -0.847 0.050225 0.12924 0.72928 -0.14611
0.38136 -1.2306 -1.0822 -0.25479 1.1506 2.2755 -2.2247 -1.5944 2.0313 1.4782 -0.9663 0.33927 1.2651 -0.58831 -0.075393 0.78957 0.46734 0.5878 -0.31264 -2.3203 -0.03962 0.82225 0.41349 -0.16699 0.9305 0.34059 0.88152 0.16594 0.3178 0.49691 -0.1936 -0.99676 1.3401 1.4104 -1.3626 -0.28483 0.57778 0.49238 -0.20155
0.4734 -1.4131 -0.67088 -0.00041536 1.4413 1.511 -2.5224 -1.4324 1.5003 0.79954 -1.0099 0.42139 1.3338 -0.041149 -0.042814 0.95179 0.64713 0.63327 -0.75743 -1.1466 0.63446 0.3215 0.42279 0.0533 1.2437 0.25479 0.86787 0.071463 0.18874 0.28441 -0.24936 -0.63839 1.9625 0.98448 -1.1717 -0.42757 0.48357 -0.10723 -0.19996
0.25899 -1.4674 -0.60922 0.55278 1.2687 1.4348 -2.7408 -0.2016 1.3403 1.4651 -0.35129 0.96279 1.3245 0.15303 -0.080165 0.92573 0.69742 0.34894 -1.0277 -0.3268 0.8778 -0.20506 -0.13959 0.45771 0.82285 0.18566 0.55479 0.079811 -0.24417 0.01725 -0.34846 0.10252 1.7104 0.34486 -0.49464 -0.25954 0.22862 -0.57918 -0.20268
0.49645 -1.3981 0.074922 0.50143 1.574 1.0826 -2.6351 -0.6061 1.2379 1.0572 -0.34384 0.83432 1.4217 0.2908 -0.069944 0.8412 0.59872 0.30144 -0.77204 0.24775 0.98028 -0.34467 -0.041492 0.40182 0.42834 0.11046 0.18251 0.18389 -0.69881 -0.27655 -0.41532 0.69155 0.95724 -0.60483 0.24486 -0.28893 -0.22433 -0.99985 -0.18382
0.76361 -1.4322 0.22894 0.3572 1.7489 0.93016 -2.3543 -0.25531 1.0828 1.2611 -0.71851 1.0839 1.4372 0.29478 0.093637 0.36409 0.49857 0.077737 -0.088854 0.44634 0.46467 0.17325 0.09522 0.14309 0.234 0.03028 -0.074657 0.27193 -0.99863 -0.51343 -0.32219 1.029 0.23329 -1.0579 0.67634 -0.054513 -0.60071 -1.0423 -0.17402
0.62914 -1.4399 -0.061069 0.62459 1.527 0.93027 -2.1393 -0.30158 1.341 1.0749 -0.36759 0.93261 1.399 0.23196 0.22785 -0.11216 0.17855 -0.039182 0.2241 0.40668 -0.34648 0.58253 -0.30635 -0.22254 -0.37612 -0.014273 -0.30744 0.26158 -1.0104 -0.61233 -0.29175 0.85067 -0.25161 -1.2431 0.30477 -0.05757 -0.71902 -1.0069 -0.13367
0.6468 -1.3436 -0.12484 0.77953 1.5789 1.2145 -2.0436 -0.22622 1.5344 1.2454 -0.45652 0.75216 1.3942 0.039361 0.29945 -0.51214 -0.12414 -0.10483 0.63229 0.068759 -0.53599 0.61723 -0.12986 -0.42567 -0.77085 -0.080176 -0.32785 0.080732 -0.6532 -0.67629 -0.11155 0.41907 -0.092948 -0.82688 -0.57749 0.10892 -0.66969 -0.86499 -0.1044
0.71541 -1.3186 -0.22973 0.96411 1.4296 1.5139 -2.1357 -0.50905 1.6508 1.1037 -0.65715 0.95792 1.3514 -0.16545 0.33557 -0.65757 -0.31513 -0.17124 0.65183 -0.069558 -0.96022 -0.00045298 -0.058027 -0.74901 -0.99706 -0.086082 -0.15616 -0.12572 -0.30333 -0.57029 -0.10778 0.12038 0.47211 -0.11547 -1.3827 0.34402 -0.29414 -0.57584 -0.093088
0.58128 -1.1553 -0.49234 0.52839 1.3574 1.5089 -2.2507 -0.99132 2.0215 0.77804 -0.7194 0.2733 1.3569 -0.12914 0.19703 -0.62131 -0.60497 -0.064232 0.57718 0.49939 -0.85194 -0.67784 0.18933 -0.92896 -1.1101 -0.13017 0.16079 -0.27277 -0.12785 -0.42522 -0.24285 -0.24583 1.1121 0.42289 -1.8622 0.16374 0.28219 -0.65508 -0.10476
0.66459 -1.105 -0.36725 0.0066862 1.6665 1.808 -2.547 -1.1643 1.6831 1.0709 -1.161 -0.09316 1.336 0.018774 0.035423 -0.65078 -0.72395 -0.26003 0.50556 1.1496 -0.41514 -1.472 0.24277 -0.54545 -1.3043 -0.1642 0.44904 -0.30638 -0.10083 -0.11651 -0.42097 -0.36481 1.3844 1.0913 -1.6204 -0.0029941 0.93611 -0.71335 -0.13179
0.46073 -1.1377 -0.70549 0.14859 1.3904 1.5933 -2.1695 -1.4447 0.67023 1.2683 -1.6922 0.042827 1.3253 0.25009 -0.079648 -0.77526 -0.77871 -0.5278 0.19183 1.7123 0.021895 -2.2778 0.052374 0.065412 -1.8676 -0.23814 0.49631 -0.16041 -0.082987 0.21715 -0.57593 -0.55247 0.88265 1.4255 -0.60275 -0.28131 1.3472 -0.38676 -0.0846
0.53578 -1.3068 -0.81891 -0.0028066 1.4573 1.7708 -0.7808 -1.0603 0.57214 1.4274 -1.3423 -0.34106 1.1993 0.49371 -0.12054 -0.78896 -0.48304 -0.75866 0.081552 2.128 0.74565 -2.3631 -0.0047666 0.67126 -1.9808 -0.28031 0.3512 -0.0098149 0.00017352 0.20827 -0.31504 -1.014 -0.19789 1.5331 0.89632 -0.64201 1.2324 0.59678 -0.045753
0.84425 -1.2946 -0.90889 -0.088537 1.0251 2.0571 -0.35824 -0.56882 -0.16864 1.3328 -0.8402 -0.76683 1.1901 0.5717 -0.035995 -0.72668 -0.32716 -0.94022 -0.36708 1.7991 1.3667 -1.4238 -0.28273 1.2127 -1.5054 -0.23097 0.099005 0.13649 0.19934 0.14158 -0.22723 -1.638 -1.1041 1.2364 2.0505 -0.60224 1.0132 1.8951 -0.023182
1.0457 -1.2943 -1.2906 -0.38597 0.6387 1.55 -0.091039 -0.75789 -0.95207 0.69056 -0.40387 -1.7865 1.0506 0.52144 -0.0049761 -0.69149 -0.56884 -0.66377 -1.3386 0.70882 1.9228 -0.18707 -0.93799 1.3984 -0.32499 -0.25307 -0.1619 0.32302 0.72441 0.082687 -0.34721 -1.9448 -1.5877 0.3617 2.1603 -0.22011 0.68349 2.3475 -0.13166
1.1098 -1.1831 -1.3246 -0.21908 0.60125 1.686 0.34835 0.051298 -0.54062 0.96826 -0.12931 -2.0612 1.0539 0.42205 0.1281 -0.46191 -0.48545 -1.0117 -2.5295 0.19103 1.8611 0.58167 -0.74637 1.7754 0.96504 -0.2943 -0.52932 0.72639 1.6741 0.34749 -0.65051 -1.4645 -1.8157 -0.63329 1.2507 0.52944 -0.020994 1.5483 -0.46931
1.1157 -1.1393 -1.1922 -0.35226 0.52406 1.046 -0.36331 0.66289 0.21921 0.90373 -0.0049129 -1.0485 1.1227 0.26022 0.42514 0.4386 -0.26879 -1.3964 -2.9116 -0.2775 1.2087 0.7943 -0.2411 1.7957 1.3156 -0.49662 -0.81261 1.2678 2.3406 0.94797 -0.6783 -0.12099 -1.5706 -1.3095 -0.22719 0.79588 -0.88177 0.29457 -0.92531
0.94702 -1.2935 -1.6448 -0.85944 0.7884 -0.59505 -1.0699 1.3068 0.64586 -0.21981 0.07827 0.32434 0.93555 -0.30188 1.1599 1.8731 0.1762 -1.8465 -2.6482 -1.3785 0.48036 0.48391 0.46437 0.99283 0.66695 -0.99661 -1.1062 1.6118 2.1279 1.5611 0.053883 1.7173 -0.82499 -1.2358 -1.3619 0.3355 -1.483 -0.87988 -1.3578
1.2227 -1.1366 -1.243 -0.59392 -0.43702 -1.5662 0.22071 1.1916 0.74404 0.82628 1.5995 0.48816 0.77981 -0.65731 1.9414 2.5724 0.92899 -1.5739 -1.5312 -1.6813 0.042098 -0.60229 0.10803 0.024827 0.40242 -1.6529 -1.4384 1.1837 1.0642 1.2098 1.1571 2.7367 0.39454 -0.77307 -1.3401 -0.15208 -1.531 -1.0323 -1.045
1.2618 -0.628 0.029231 -0.33474 -1.2118 -1.1732 -0.72221 0.30259 -0.17768 1.1111 1.4845 -0.6171 0.45738 -1.2159 2.5002 2.4984 1.9443 -0.80421 0.38106 -0.77331 0.018097 -1.382 -0.22998 -0.32181 -0.26163 -2.2862 -1.361 0.083625 -0.56402 -0.1758 2.2135 2.205 1.3247 -0.70576 -0.44132 -1.2036 -1.1502 -0.51568 0.18357
0.35686 0.33693 1.4666 0.19113 -1.6617 -1.1932 -2.704 -0.059915 -0.45299 1.543 0.036577 -2.019 -0.3479 -2.0086 2.054 2.1316 1.1883 0.38045 1.311 0.2212 -0.077987 -0.8924 -0.22016 -0.62696 -0.19694 -1.8294 -0.79993 -0.9989 -1.8934 -1.5689 2.4036 0.54722 1.5731 -0.71431 0.90211 -1.9321 -0.30932 0.22578 1.5579
0.30562 0.96093 1.3429 1.3849 -0.53632 0.17565 -2.0276 0.97832 -1.0059 0.28832 -0.59825 -0.35505 -0.97384 -2.2056 1.2665 1.0048 -0.32427 1.5611 0.55361 0.35359 -0.84527 -0.24987 -1.8915 -0.98996 -0.015272 -0.55934 0.10418 -1.5249 -2.4517 -2.2598 1.3636 -1.0684 1.4206 -1.015 1.9417 -1.7222 0.35607 0.79022 2.3065
-0.39997 1.1803 0.7674 2.3531 0.15746 1.1909 -0.50603 1.3585 -0.9787 -0.17837 0.26989 -0.2624 -1.609 -1.6792 0.61909 -0.29585 -1.0342 2.0037 -0.469 0.94123 -0.92868 0.55483 -3.1009 -0.2464 0.72515 0.43542 1.0766 -1.4501 -2.0683 -1.7807 -0.36803 -1.6152 0.77242 -1.0127 1.9995 -0.29727 0.80399 0.32759 2.037
-1.3412 0.17651 0.72098 -0.66312 0.97695 -0.1647 0.35471 0.82555 0.32058 0.23994 0.32383 0.35642 -0.50042 -1.185 0.25699 -0.96394 -1.3941 1.0901 -0.96648 1.7441 -1.5495 1.6312 -2.3914 0.23042 0.81017 0.95078 1.7464 -1.2054 -0.97917 -0.84227 -1.8886 -1.0522 -0.052672 -0.56322 1.6054 1.8337 0.92913 -0.15246 1.2301
-0.84048 0.23195 0.48933 -1.8208 0.76719 -1.8912 -0.42393 -1.4051 0.081811 -1.9366 0.20156 -0.78592 0.76588 -0.48145 -0.25645 -0.83142 -1.7887 -0.098644 -1.3125 1.0918 -1.7143 2.0156 -0.59935 0.41266 0.032313 1.2745 1.9415 -0.87292 -0.30785 0.29671 -2.547 0.086445 -0.91266 0.20775 0.93583 3.0366 0.43478 -0.41244 0.21341
-0.4743 0.77284 0.32797 -0.65949 0.85627 -1.5802 -0.89436 -0.70225 0.076996 -2.9549 0.52765 -0.32442 0.38962 0.50143 -0.63585 -0.60496 -1.6222 -1.1059 -1.2283 0.17472 -1.5582 2.1051 0.67414 0.58382 0.048689 1.3521 1.684 -0.84333 -0.15832 1.0233 -2.0016 1.0277 -0.77249 1.421 0.57536 3.2859 0.25056 0.24534 -0.53731
-1.1513 1.2233 0.38121 -0.22662 -0.50496 -1.0162 0.48046 -1.2901 1.6098 -0.65302 -0.23395 -0.35325 -0.22881 1.1531 -0.62904 -1.0771 -0.3661 -1.9171 -0.15532 -0.11771 -0.5163 2.1063 1.6922 0.47885 0.3228 0.64029 1.0911 -0.80032 -0.17898 1.0566 -1.008 1.1944 0.10816 1.728 0.14055 2.2517 0.083413 0.8452 -0.7238
-0.3643 0.2928 0.13345 -0.97099 -0.24254 -0.62202 0.21548 -0.36881 1.2324 0.40651 0.50797 -0.017674 0.24911 1.1855 -1.1938 -1.1587 -0.1294 -1.9422 0.61043 0.78884 0.64166 2.6761 3.3089 0.72611 1.1485 0.25169 0.44904 -0.21268 0.050366 0.82367 0.26252 0.7985 0.40327 1.4146 -0.88123 0.36961 -0.24079 0.55944 -0.71764
-0.023004 -0.32274 0.036022 -1.6668 -0.89208 -1.3615 -0.31539 -1.174 1.9603 0.63551 1.4884 -0.07659 0.81119 1.2413 -1.531 -0.91144 -0.49396 -1.6592 0.27307 1.0066 0.57865 1.9783 2.7717 0.53173 1.1211 0.45534 -0.5627 0.96785 1.0437 0.73022 1.1683 0.24368 0.12075 0.30687 -2.1412 -1.7602 -0.60978 -0.18513 -0.8738
0.19946 -0.37696 -0.98606 -1.4828 -1.5272 -1.1703 -0.35317 -0.51584 2.7416 0.84871 0.44914 0.37704 0.74118 1.3061 -0.59735 -0.60883 0.027066 -0.70396 0.23264 0.4315 0.67193 0.43831 0.89649 0.090887 0.73797 0.086851 -1.5475 2.0467 1.8899 1.0911 2.0667 0.66107 -0.50048 -0.24838 -3.2582 -3.2831 -1.0809 -1.1796 -1.2444
0.51609 -0.54354 -0.75175 -1.0714 -1.5436 -0.78914 1.276 -0.1835 3.3508 1.8632 1.1733 0.80164 0.66546 0.025362 0.95259 0.61473 0.95813 -0.21606 0.54589 0.30828 0.071175 -0.94604 -0.7827 -0.41746 0.1827 -0.93071 -2.3775 2.0984 2.3217 1.0278 2.3826 1.1121 -0.85806 -0.24332 -2.8743 -2.9443 -0.7267 -1.3382 -1.4099
0.51063 -0.46502 -0.29655 -1.039 -1.4624 -0.99055 1.0554 -0.14033 2.2238 0.88172 0.69625 0.87004 0.50013 -1.139 1.5391 1.653 1.2533 1.431 1.8611 0.12836 0.40778 -2.1963 -1.772 -0.96747 -0.64271 -1.4105 -2.6447 0.99613 1.6784 0.22583 1.689 0.66824 -0.87339 -0.25919 -1.482 -1.7002 -0.11601 -1.1875 -0.83477
0.4892 0.77346 -0.23614 -0.3014 -0.9237 -0.48716 0.3731 -0.32373 1.3131 0.43044 -0.088881 0.13814 -0.18269 -2.0407 1.4759 2.353 0.87778 1.9922 1.7913 -0.57497 0.23304 -2.2955 -2.0453 -0.38984 -0.7543 -1.4647 -1.6081 -0.52141 0.095164 -0.45025 0.54535 -0.25248 -0.12462 -0.15713 0.45638 -0.32005 0.29563 -0.4822 0.26651
-0.75988 1.2359 1.2895 0.17862 -0.67573 -0.13891 -0.010117 -0.88861 -0.017218 -1.1076 0.57996 0.0073101 -0.79215 -2.6715 1.0758 1.6949 0.48251 1.5407 1.0121 -0.89104 0.082157 -1.7815 -2.0281 -0.13667 -1.0692 -1.2257 -0.2495 -1.5228 -1.6394 -0.92697 -0.57494 -1.5946 0.62962 -0.43612 1.4232 0.80235 0.56064 0.13636 1.165
-1.465 0.81909 1.5636 -0.14821 1.3323 1.7128 0.050773 0.008787 0.20323 -1.2546 -0.22506 -0.82758 -0.58711 -2.2557 0.17225 0.75789 0.43554 0.81871 0.44286 0.56883 -0.074457 -0.29361 -1.3313 -0.21277 -0.52148 -0.51706 1.2988 -1.5925 -2.5021 -0.95095 -0.97018 -1.9973 1.0153 -0.39769 1.3888 1.5121 0.21615 0.24845 1.6184
-1.8041 0.69477 1.5146 -0.48009 0.46116 0.59515 -0.48632 0.12158 1.1194 -0.64305 0.58076 0.32242 -0.80006 -1.5058 -0.76556 -0.68174 -0.36661 0.8944 -0.80507 0.8334 -0.29471 -0.46494 -0.46413 0.10089 -0.48541 0.32331 2.2584 -0.87276 -1.8664 -0.67381 -1.0606 -1.7359 0.38433 -0.62282 0.88956 1.0733 0.075838 0.43251 1.3501
-2.1965 0.5251 0.73856 -0.37501 -0.3507 -0.48364 0.38755 -0.27339 0.98505 -0.75672 0.98558 -0.53152 -0.6821 -0.16549 -0.69526 -1.2304 -0.58562 0.41126 -1.4846 0.62007 -0.35931 -0.28798 0.31822 -0.049543 -0.55663 0.82714 2.1799 -0.047822 -0.40122 -0.22377 -0.78491 -0.4786 -0.98902 -0.46308 -0.18809 0.22901 -0.094284 0.025335 0.588
-1.4938 0.17965 0.46047 0.24224 -0.50028 -0.32601 2.4998 -0.64788 1.4736 -1.2483 -0.48955 0.22062 -0.15616 0.55903 -0.18472 -0.87469 -0.35246 -0.33826 -1.6606 -0.13602 -0.99824 -0.085423 -0.62269 -0.043411 -0.20764 0.66032 1.4217 0.46234 1.3259 0.4706 -0.65918 0.95209 -1.7062 0.013124 -0.17912 -0.11946 -0.18356 0.1465 -0.29409
-1.5422 0.2569 -0.71633 -1.0902 1.4011 -1.3154 0.48435 -0.99548 -0.86326 -0.62712 0.40707 -1.0258 0.042794 0.83886 -0.21055 0.075125 -0.036253 -0.10309 -0.1308 -0.94459 -0.63188 -0.87173 -0.7832 -0.31035 -0.60044 0.42935 0.10746 0.33021 1.8597 0.62881 -0.49355 1.4907 -1.8639 0.43717 -0.22103 0.062781 0.35735 0.42845 -0.87105
-1.113 0.58493 0.78985 -0.75705 0.47313 -0.91208 0.11725 -0.70521 -0.0034124 -0.70253 0.38731 -0.88349 0.15616 0.68291 -0.10965 1.1686 0.25303 -0.13819 0.51503 -1.8334 -0.13258 -0.54406 -0.17161 -0.11928 -0.17025 -0.033386 -0.47255 0.079033 1.3229 0.8838 -0.57669 1.5041 -0.6937 0.99771 0.10443 0.68963 0.68819 0.71108 -0.96842
-1.1133 0.66475 0.84997 -0.5148 0.053158 -0.47045 -0.69107 -1.2997 1.3811 -2.5693 -0.018439 -0.25994 -0.20288 -0.025594 -0.091107 1.2655 0.31562 -0.65135 0.55331 -2.2996 0.066318 -0.51083 0.21468 0.73349 0.26087 -0.47424 -0.010158 -0.45789 -0.46557 0.62117 -0.82894 0.55636 0.66373 1.2744 0.296 0.9662 0.59959 0.98808 -0.502
-1.1083 0.10507 1.4893 -0.12025 -0.32987 0.49965 -1.1186 -0.49692 -0.36214 -1.2574 0.28459 -0.6298 -0.40271 0.094583 -0.09049 1.0273 1.1747 -1.1909 1.1512 -0.85912 0.61173 -0.087668 0.30811 0.84993 0.74215 -0.7205 0.93531 -1.0317 -1.9652 0.13605 -0.68142 -0.15797 1.973 1.5577 -0.024092 1.0646 0.25196 0.71288 0.44291
-1.3382 0.25138 1.8083 0.27001 -0.28545 -0.25398 -0.9747 -0.53341 0.38564 -0.4878 0.33754 -0.55065 -0.50126 1.1121 -1.1088 -0.75578 0.69196 -1.2018 0.71873 -0.085795 1.4982 -0.55069 0.98366 0.44084 0.85722 -0.17641 1.7477 -1.2187 -2.3802 -0.45936 -0.28814 -0.70859 2.2996 1.2654 0.096706 0.63178 -0.26515 0.39436 1.233
-1.6754 0.18778 1.0097 -0.13854 -0.44777 -0.36279 -1.3417 -0.86345 -0.2502 -0.74729 1.1 0.29867 -0.51701 1.8838 -1.6037 -1.5723 0.30441 -1.1967 0.10286 1.0547 2.21 -0.59486 1.6559 0.55868 0.91549 0.65784 1.5293 -1 -1.7011 -1.1271 0.12279 -0.88838 1.6233 0.47144 0.030113 0.23162 -0.221 -0.027277 1.4894
-0.91547 0.50502 0.82167 0.93886 -0.33578 0.63178 -0.39967 0.17552 -0.55804 -0.69024 1.5657 -0.3332 -0.79052 2.3882 -1.7004 -1.9749 -0.17506 -1.2053 -0.40597 1.3994 1.7518 -0.094 0.84984 0.36329 0.94475 1.1731 0.49385 -0.19838 0.065204 -0.98813 0.42194 -0.51818 1.0374 -0.67156 0.39159 -0.22232 -0.091913 -0.51085 1.0647
0.99112 -1.2468 -0.48279 -0.12101 -1.7146 0.12617 -0.19565 1.6383 0.16405 -0.13673 -0.043402 0.4559 0.24664 2.3513 -1.7361 -1.6125 -0.6246 -0.93429 -0.14667 1.6857 1.4107 -0.28175 0.84926 0.4623 0.657 1.4268 -0.72642 0.45373 1.0717 -0.76626 0.73635 -0.27848 0.20716 -1.583 0.23803 -0.3304 -0.13564 -0.65916 0.36014
0.81148 -1.2828 -0.53996 -0.02457 -1.4825 -0.31259 0.90186 1.7578 0.17132 0.12046 0.93436 0.65332 0.71923 1.812 -1.4273 -0.62847 -0.80427 -0.48717 -0.24088 1.7007 0.57936 0.027138 0.9142 0.3241 0.013874 1.4568 -1.588 1.2266 1.4863 -0.070913 1.069 -0.24481 -0.47305 -1.7715 -0.39999 -0.085728 -0.052103 -0.75225 -0.47535
0.96207 -1.325 -0.2615 -0.31362 -1.6032 -0.47889 0.4321 0.88541 -0.56073 -0.15277 1.0029 0.27966 0.77461 0.7944 -0.85871 -0.22559 -0.90748 -0.088822 -0.5617 1.3262 -0.31201 -0.21847 0.92546 0.32476 0.12273 1.1994 -1.4234 1.5778 0.75682 0.54381 0.89306 -0.45077 -1.5301 -1.285 -0.28142 -0.01346 -0.37553 -0.25281 -1.1289
0.65234 -1.1368 -0.0019632 -0.70417 -1.0619 -0.17689 1.2434 0.79196 -0.21752 0.55812 1.5548 0.35696 0.86589 0.15735 0.24315 0.13949 -0.19915 0.49602 -0.70993 0.62504 -0.86506 -0.92442 0.62392 0.34777 -0.22557 0.38795 -0.66941 1.3778 -0.64882 0.89763 0.37507 -0.49425 -2.216 -0.31611 0.16942 0.26949 -0.34986 0.43478 -1.4456
0.62249 -1.1517 0.28039 -0.80195 -0.9983 -0.13312 1.2224 0.2287 -0.20437 0.27171 1.4116 -0.087474 0.99165 0.481 0.49294 -0.57501 0.11046 0.35058 -0.85526 -0.86932 -0.39006 -0.37511 0.95735 -0.28895 0.30103 -0.1754 0.31131 0.91233 -1.5506 0.90328 -0.083394 -0.30115 -2.3097 0.37127 0.79936 0.51964 0.047424 0.88154 -1.3893
0.8464 -1.0865 -0.2904 -0.43967 -1.1211 -0.41927 1.5583 0.79513 -0.6273 0.7606 1.0433 0.34761 0.95981 0.6992 0.57265 -1.7035 0.41688 0.046387 -1.1283 -1.6822 -0.0022085 0.40952 1.4515 -0.056475 0.77311 -0.59218 0.63022 0.42276 -1.6307 0.39314 -0.32184 0.10441 -1.6813 0.60662 0.82628 0.46497 0.71878 1.2476 -0.97504
1.3732 -1.0145 -0.54628 -0.12051 -1.1063 -1.4051 0.52638 0.68164 -1.2342 0.54462 0.45029 0.34733 0.75553 1.1114 0.7486 -2.2677 0.52569 -0.016382 -0.98204 -2.1905 -0.014373 0.63871 1.5868 0.6442 1.3321 -0.94018 0.19904 0.24932 -0.59968 -0.10384 -0.14212 0.80936 -0.4069 0.25626 0.23221 -0.1349 1.2885 1.0189 -0.51228
1.3597 -0.65477 -1.355 0.027619 -1.0462 -1.4038 -1.2403 1.0847 0.0089958 1.5226 0.84474 1.1662 0.36319 1.0341 0.93671 -2.1299 0.33596 0.056112 -0.4261 -2.1132 0.13826 0.14497 1.2702 1.3584 1.6726 -1.0748 -0.21184 -0.060766 0.76341 -0.54588 0.18307 1.453 0.77958 -0.0088975 -0.23018 -0.741 0.79913 0.30822 0.10739
1.5283 -0.70277 -2.3718 -0.058727 -1.4636 -1.5946 -1.5025 0.55557 0.40344 2.0629 1.6542 1.0372 0.052692 0.68886 0.79553 -1.5182 -0.079062 0.077338 0.49148 -1.4741 0.042941 0.18285 0.75759 1.6349 1.8244 -0.90287 -0.51086 -0.59552 1.845 -0.70322 0.53846 1.5011 1.4459 0.05337 -0.31419 -1.1817 -0.56954 -0.61099 0.80857
1.923 -0.28723 -2.2601 -0.13665 -0.79341 -0.92764 -0.98526 0.46796 0.381 2.3375 2.7816 1.8267 -0.1116 0.50756 0.43168 -0.64422 -0.3759 0.3735 1.1817 -0.46 -0.048259 0.16757 0.31126 1.0882 1.1316 -0.4061 -0.86519 -1.1737 2.3426 -0.4596 0.93675 0.94793 1.4779 0.23464 -0.098603 -1.5717 -1.9966 -1.2308 1.4314
1.7566 -0.17127 -1.9121 -0.23972 -0.96334 -0.62752 -1.208 0.80362 -1.163 1.2916 2.6669 1.8288 -0.12004 0.4054 -0.15478 0.47892 -0.52147 0.90092 1.3617 -0.088515 0.18376 -0.0051991 -0.408 -0.35308 0.43713 0.2581 -1.2889 -1.4627 2.1254 0.12761 1.1901 0.075089 1.0213 0.36312 -0.36667 -1.8091 -2.6559 -1.9218 1.6486
1.6721 -0.39743 -2.007 -0.4698 -1.1221 -0.083625 -0.71987 1.0316 -0.46592 1.5151 2.3133 2.5574 -0.029075 -0.46453 -0.86672 1.3067 -0.36912 1.5071 1.1271 0.18723 0.52865 0.023952 -1.4347 -1.6708 0.0072798 1.0569 -1.6393 -1.2984 1.4426 0.72452 1.2496 -0.29073 0.94167 0.020112 -0.40511 -1.3747 -2.1371 -2.3099 1.3553
2.0247 -0.61709 -1.5 -0.57181 -0.42687 -0.15865 -0.96253 0.55275 -0.092184 1.414 1.3841 1.2717 0.2953 -1.2678 -1.395 1.5287 0.14058 1.8737 0.67778 0.27176 0.46755 -0.47959 -2.1524 -2.3442 -1.3032 1.4891 -1.5901 -0.649 0.67543 1.004 0.76558 -0.29925 1.0607 -0.85399 -0.54805 -0.37686 -0.66675 -2.5516 0.72882
1.8605 -0.94048 -1.0793 -0.69546 0.26662 0.18088 -1.8879 1.3101 0.59033 1.3591 0.41832 1.5769 0.66685 -1.7623 -1.469 1.5557 0.68439 2.3679 0.91597 1.2682 -0.15059 -0.40393 -1.6933 -2.224 -2.4353 1.5464 -0.92204 0.18756 0.042829 0.92132 -0.057814 0.059186 1.0494 -1.6619 -0.45511 0.85597 0.65237 -1.9481 -0.056466
0.62983 -1.6119 -0.75111 -0.40324 0.80815 -0.15467 -0.55477 1.2221 -0.06796 -0.30488 0.14004 1.3923 1.4182 -1.9591 -1.1134 1.6212 0.89008 1.9952 0.84168 1.5201 -1.1533 -0.87681 -1.0739 -1.4058 -3.244 1.3949 -0.14178 0.84156 -0.34482 0.6402 -0.90568 0.28398 0.6931 -2.2593 0.19579 1.4566 1.0935 -0.84996 -0.66201
0.28419 -1.5501 -0.3678 0.38556 1.4836 0.069328 -0.41146 1.1107 -1.6513 -0.9996 0.17274 -0.015227 1.4817 -1.8669 -0.64282 1.325 1.0326 1.3445 1.1708 1.6893 -1.9239 -0.68297 -0.19727 -0.79726 -2.7625 0.99836 0.58676 1.1245 -0.59886 0.2474 -1.5535 0.17993 -0.49801 -2.0387 1.1422 1.3138 0.68067 0.27778 -0.98238
-0.089105 -1.6032 -0.2266 0.71557 1.8383 1.1652 1.3358 0.22874 -1.1845 0.030706 -0.16506 -1.0837 1.459 -1.4857 -0.17341 0.97199 1.1927 0.60868 1.1471 1.4666 -3.0818 0.01508 0.12933 -0.82122 -2.7652 0.5107 0.87224 0.91788 -0.71487 -0.1301 -1.5451 -0.083166 -1.3052 -1.0279 2.065 0.5984 -0.065137 1.3462 -0.90627
0.0091769 -1.4555 0.061696 0.36377 1.1362 0.81242 0.71374 -1.1159 -0.71016 0.98569 0.46462 -1.4486 1.594 -0.88934 0.24512 0.72551 0.99054 0.0047052 1.1419 0.29029 -3.1893 1.3383 0.43702 -1.1162 -2.1287 0.12942 0.81137 0.57803 -0.54693 -0.42221 -1.1042 -0.66557 -1.8034 0.43057 1.7752 -0.4332 -0.45751 1.9103 -0.57695
0.070368 -1.3837 0.14533 0.72725 1.4685 1.4066 0.51558 -1.5663 -0.1972 1.1139 -0.23622 -1.0882 1.5744 -0.79754 0.22546 0.54568 0.62974 -0.37471 0.68341 -0.41835 -2.5388 2.088 -0.15161 -1.357 -0.95739 0.11448 0.55802 0.2566 -0.35614 -0.52345 -0.35547 -0.85986 -1.241 1.9118 0.76545 -0.89887 -0.38094 2.3535 -0.23724
-0.40251 -1.4216 0.07665 1.3025 1.2277 1.2693 0.35977 -2.6168 0.37067 -0.014815 -1.1694 -1.4988 1.502 -0.67599 0.28065 0.48205 0.46102 -0.33258 0.0093475 -1.014 -1.35 1.6947 -0.9695 -1.4348 0.023295 0.10521 0.28096 0.085737 -0.23662 -0.56107 0.21432 -0.88829 -0.1964 2.4001 -0.52454 -0.67441 0.12122 2.0607 -0.021392
-0.59709 -1.3463 0.24772 1.2635 1.1292 1.331 -0.1335 -2.4511 0.82592 -0.45678 -1.2995 -1.6282 1.6126 -0.53722 0.30757 0.40016 0.40625 0.087497 -0.087057 -0.38923 -0.24761 1.2954 -1.0516 -1.4123 0.70207 0.074886 0.31108 0.11079 -0.18008 -0.73088 0.64496 -0.54022 0.45945 2.1173 -1.3762 0.17372 0.55273 1.3372 -0.016119
-0.70276 -1.3421 0.38164 1.1641 1.1626 1.2185 -0.26303 -1.9766 0.67116 -0.68456 -1.3877 -1.4455 1.6278 -0.48907 0.37104 0.33185 -0.022595 0.20931 -0.3329 -0.11867 0.37769 0.69466 -0.5289 -0.8218 1.021 0.11007 0.38421 0.095704 -0.24754 -1.0448 0.69975 -0.31204 0.5594 1.1625 -1.5022 0.63255 0.99231 0.79958 -0.01933
-0.63142 -1.2055 0.47329 1.0741 1.2584 0.92914 -0.099993 -1.7503 0.81489 -0.35575 -1.5998 -0.87286 1.6238 -0.30352 0.3959 0.2618 -0.58569 0.64072 -0.27605 0.066601 0.75468 -0.10152 -0.018476 -0.52268 1.1299 0.08289 0.53695 0.16279 -0.25244 -1.1751 0.52077 -0.14564 0.061921 0.1671 -1.4201 0.31786 1.2609 0.64049 -0.11271
-0.40727 -1.0687 0.53002 1.1242 1.4977 0.95659 0.44884 -1.7118 1.0027 -0.0034703 -1.5304 -0.30149 1.6611 -0.06686 0.42281 0.064045 -1.1146 0.78541 -0.54851 -0.10707 0.43155 -0.54038 -0.1754 0.15163 1.3603 0.065962 0.81052 0.36481 -0.19131 -0.86212 0.19304 0.23667 -0.23486 -0.11313 -1.2729 -0.44525 1.0723 0.49422 -0.56635
-0.8109 -1.0244 0.42416 0.87401 1.6989 1.0464 0.17727 -1.5797 0.70935 -0.045812 -1.6378 -0.23032 1.674 0.26694 0.59827 0.037575 -1.3744 0.8405 -0.28288 -0.26675 0.053633 -0.86175 -0.57419 0.67633 1.777 -0.11515 0.6285 0.88387 0.11353 -0.17006 -0.52234 0.54918 -0.23939 0.66175 -0.98135 -0.78715 0.69499 0.1634 -1.3815
-0.91332 -1.043 0.43009 0.25239 2.0885 0.96207 0.068763 -1.6613 0.11995 -0.5858 -2.0133 -0.69964 1.6073 0.75909 0.97873 0.063659 -1.3423 0.50309 0.16814 -0.4242 0.50616 -1.4146 -1.1889 0.772 1.6603 -0.86211 0.18353 1.3308 0.55931 0.8444 -1.5479 0.54129 0.061855 1.6774 -0.42861 -0.16328 0.17151 -0.40935 -2.1145
-0.51677 -0.87528 0.36911 -0.59469 2.0188 0.3117 -0.68851 -1.7801 0.16058 -1.0183 -0.57716 0.20571 1.7344 0.47216 1.8347 0.46101 -0.8314 -0.23757 0.5182 -0.25621 2.0168 -1.5892 -1.1628 0.59616 1.3056 -2.068 -0.36441 1.3609 0.81015 1.7325 -2.2471 0.25509 0.54639 2.2538 0.30899 0.82212 -0.10046 -0.71909 -2.2531
-0.11688 -0.53739 0.57042 -0.5596 2.2272 1.0298 -0.3484 -1.8386 -0.28887 -1.2603 -0.519 1.2966 1.35 0.17644 2.3892 0.89851 0.23986 -1.7209 0.187 0.015813 2.7436 -1.0309 -0.23067 0.56037 0.81879 -2.9607 -0.84423 0.68942 0.46461 2.1167 -2.1284 -0.012612 0.71008 1.3406 0.55033 1.6485 -0.22381 -1.1927 -1.5021
0.47513 0.080285 0.60127 -0.36736 1.731 1.4652 -0.24228 -0.5024 -0.90252 -1.6679 -1.0382 1.0256 0.15834 -0.1336 2.5361 1.143 1.1986 -2.474 0.24393 0.62178 3.3603 -0.47923 0.65282 0.59991 0.82413 -3.3314 -0.79371 -0.66532 -0.19604 1.814 -1.2515 -0.62194 0.47889 -0.47665 0.47597 1.7654 -0.16382 -1.3834 0.019103
-0.65929 1.1924 1.2717 0.33746 0.95264 1.7232 0.28713 1.9359 -0.88593 -1.1179 -1.2064 0.63848 -1.2052 -0.53864 1.9673 0.58885 1.7588 -2.5706 0.28046 0.57654 2.4667 -0.92775 1.3334 0.33803 -0.38455 -3.0737 -0.5378 -1.8485 -0.57245 0.72031 0.14331 -0.99156 0.061375 -2.1211 0.23302 1.0224 -0.010198 -1.1962 1.6275
-0.9836 1.2892 1.54 1.3066 -1.0157 0.53374 -0.07905 1.4476 -0.28379 0.019644 -0.87502 0.13212 -1.5981 -0.67523 0.75424 0.22652 1.9327 -2.2725 -0.83037 0.43537 1.2194 -0.74293 1.729 0.39675 -0.7456 -1.9739 -0.23849 -2.3464 -0.50656 -0.75828 1.2318 -1.0085 -0.26901 -3.4378 0.57835 0.10764 0.28068 -0.75705 2.6985
-0.66385 1.3131 1.6439 1.4436 -0.60041 1.0806 0.8663 2.0906 -0.33434 -0.01621 -0.35588 1.1067 -1.7019 -0.57299 -0.30874 0.25211 1.2559 -1.5262 -1.3524 0.2362 -0.35058 -0.47177 1.3551 0.66255 -0.68869 -0.55595 -0.19121 -1.8356 -0.01291 -1.8261 1.9778 -0.61004 0.072108 -3.039 1.1586 -0.74345 0.53033 -0.0064469 2.7527
-0.65288 0.88268 0.49482 1.5508 -0.51852 1.162 -0.2399 0.21323 -1.8337 0.29677 -0.058052 -0.10331 -1.5345 -0.5698 -0.8817 0.33198 -0.060823 -0.55061 -1.0516 0.25064 -1.981 0.38889 0.85753 1.0275 -0.47051 0.52152 -0.35353 -0.71396 0.14975 -2.0812 1.9572 0.012496 0.30467 -1.8551 1.2248 -1.0452 0.49826 -0.19141 1.9064
-0.60139 0.18994 0.96949 2.2296 -0.47245 -0.29154 0.44883 0.24499 -1.3123 0.5824 -0.65093 0.4812 -1.1383 -0.95518 -0.77864 0.49484 -0.84536 0.48764 -0.88584 0.8178 -1.9002 0.72629 0.20918 1.1182 -0.52338 0.89303 -0.49216 0.41224 0.14234 -1.6363 1.2866 0.23036 0.40389 -0.11326 0.78751 -0.98127 0.40441 -0.075982 0.68847
-0.72384 0.35324 1.6529 1.1785 -0.64684 -0.2249 0.24259 0.31224 -1.0368 -0.14222 -0.32018 -0.096095 -0.97386 -1.1554 -0.39669 0.373 -1.1169 0.59904 -1.0358 0.76403 -1.6482 1.0061 0.11252 1.1995 -1.1857 0.9133 -0.25152 1.0106 -0.36085 -0.62868 0.76822 0.55933 -0.20995 1.1538 0.023552 -0.78945 -0.017528 0.052066 -0.29591
-1.8975 0.67171 2.0778 0.038174 -0.46555 0.4883 0.78375 -0.8808 0.67398 0.51993 0.64557 0.10408 -0.81181 -1.214 0.24973 0.48537 -1.4455 0.45282 -0.87583 0.79971 -0.7393 0.72081 -0.32846 1.417 -0.46626 0.55335 0.38629 0.83386 -0.98992 0.37019 0.35364 0.6826 -0.74258 1.3563 -0.18555 -0.38395 -0.63889 0.54387 -0.74752
-1.8901 0.55198 1.8369 0.45068 -0.029433 -0.46222 1.6765 -0.62153 0.16384 0.20621 0.85787 -0.19628 -0.66933 -0.91844 0.56692 -0.3658 -1.018 0.99665 0.11725 -0.16211 -0.2958 0.41318 -0.52956 0.8638 -0.38767 0.13233 1.0179 0.2712 -1.3711 1.0253 0.41949 0.68286 -0.81073 1.3678 -0.47582 -0.42639 -1.1656 0.9448 -0.80022
-1.5275 0.69041 1.1158 0.36959 0.33667 -0.26175 1.2161 -0.4591 -0.40056 0.26409 1.0845 -0.94471 -0.63962 -0.34373 0.35923 -1.0338 -0.19701 0.99974 -0.030166 -0.21862 0.086892 0.63934 -0.27975 0.013113 0.13605 -0.13077 1.0582 -0.44054 -1.2027 1.2013 0.099781 0.45309 -0.66139 0.75781 0.24647 -0.064784 -1.2975 0.93394 -0.48413
-1.875 0.91513 1.2897 -0.25603 -0.30292 -0.61104 0.59079 -0.55622 -1.4668 -0.31389 1.3301 -0.0063595 -0.91005 0.33555 0.075654 -1.4898 0.23895 1.1666 -0.025915 -0.36419 0.6245 0.10123 -0.81034 -0.43835 0.34363 -0.25872 0.6841 -0.9168 -0.36628 0.67071 -0.58091 -0.15737 -0.11182 0.39113 1.0511 0.50509 -0.85211 0.78751 -0.068977
-1.6423 0.78852 0.83662 0.76382 1.1247 0.44995 -0.29395 0.075777 0.11159 -0.33768 -0.11604 0.031617 -0.98621 0.16141 -0.35959 -1.255 0.2506 0.57732 0.14695 -0.43447 0.28858 1.3301 -0.33218 -0.53901 0.9777 -0.16661 0.26872 -0.8508 0.13564 -0.15781 -0.8036 -0.32626 0.33789 -0.04038 1.1121 0.88308 -0.087119 0.50963 0.39577
-1.5277 0.77553 0.67268 0.49622 0.48442 -0.22241 0.82795 -0.14163 1.0988 -0.0037852 0.033131 0.13373 -1.0293 0.12295 -0.85343 -0.96803 0.044205 0.072706 -0.29951 -0.27744 0.37142 2.0796 0.54141 -0.56493 0.71913 0.020987 -0.02058 -0.32267 0.37035 -0.90071 -1.1083 -0.80286 0.92721 -0.7111 0.10546 0.9697 0.40279 0.12843 0.74223
-1.4811 0.62209 0.073159 0.43937 1.377 0.027359 1.0269 -0.030966 0.054736 -0.83607 0.65476 0.19353 -0.95334 0.26983 -0.82783 -1.0536 -0.43525 -0.028368 -0.57554 0.42466 0.13422 1.7801 0.87768 -0.078811 0.94081 0.48025 0.21406 0.55514 0.30267 -1.303 -0.77056 -1.1048 0.89839 -0.95644 -1.5142 0.35743 0.52473 -0.52986 0.83674
-1.7371 0.02551 0.31888 0.74303 0.23476 -0.48864 0.73788 -0.41093 1.5601 0.12191 0.42543 0.82465 -0.74104 0.24067 -0.31631 -0.90342 -1.2078 -0.70748 -1.3457 1.0853 -0.69448 0.056424 0.59873 0.16869 0.62052 0.82484 0.24617 1.0086 0.46227 -1.2187 -0.26242 -0.90114 0.22877 -1.029 -1.9794 -0.15295 0.72462 -1.1145 0.7356
-1.4442 -0.13132 0.15485 -0.070739 0.06302 -0.8356 0.049083 0.28987 1.6073 1.2198 0.22524 -0.21214 -0.72452 0.50627 0.4503 -0.72884 -1.7004 -0.54236 -1.6438 0.7049 -1.0564 -0.61517 0.37585 0.17832 0.0178 1.0174 0.21434 0.71429 0.66105 -0.66073 0.27824 -0.079964 -0.70561 -0.26331 -1.7827 -0.72678 0.72429 -1.729 0.3675
-1.4383 0.35222 -0.16638 -0.76092 0.44641 -0.87272 1.3596 -0.30298 0.8089 0.37675 0.78265 1.683 -0.26217 0.46928 0.46652 -0.26868 -1.7352 -0.17631 -1.6524 0.048322 -1.0537 -0.58048 0.46428 0.79555 -0.95446 1.1468 0.65019 -0.39378 0.73929 0.51977 0.15895 1.1705 -1.167 0.54964 -0.49535 -0.76338 0.52647 -1.396 0.034119
-1.2689 0.77796 -0.3687 -0.97384 0.13152 -1.6388 2.147 -1.3784 -0.12469 -0.078812 -0.14431 0.28924 0.004574 0.55979 0.16825 -0.1315 -1.4915 0.26803 -0.58817 -0.48155 -0.2031 -1.3784 -0.58027 1.0961 -1.5901 1.0166 1.1091 -1.5857 0.64474 1.4941 -0.77307 2.03 -1.0896 1.2371 0.58037 -0.013214 0.11225 -0.60885 -0.28356
-0.8353 1.341 -0.27014 -1.9327 0.13174 -2.4137 1.4786 -1.5032 0.25593 0.14645 0.79513 -0.19359 0.11984 1.4437 -0.93943 0.18611 -0.32164 -0.78634 0.58119 -0.67982 -0.041815 -0.54545 -0.52475 0.79746 -1.2527 0.89125 1.3157 -2.0409 0.22689 1.7711 -1.5495 2.1771 -0.69922 1.5727 1.1198 0.94799 -0.48391 0.94643 -0.49074
-1.2752 0.24827 0.13292 -1.4278 1.073 -1.8696 -0.054338 -0.9649 0.35581 0.50212 2.1702 -1.0992 0.42496 2.118 -1.9253 0.2523 0.4905 -1.7521 1.4956 -1.1327 0.86688 0.46733 0.83382 0.42598 -0.99439 0.60958 0.98853 -1.6594 -0.0972 1.449 -1.7053 1.3951 -0.031651 1.1459 1.3102 1.6535 -0.92249 2.1771 -0.51807
-1.0189 -0.26532 0.12648 -1.3563 0.24216 -0.51936 -0.32557 0.41501 -0.11244 -0.54684 1.3917 -0.95734 0.31104 2.1803 -2.4492 -0.046131 0.71358 -2.2147 1.8702 -1.0379 1.4995 0.64147 1.726 0.17167 0.58135 0.42233 0.19452 -0.28909 -0.42192 0.437 -0.93066 0.16945 0.55615 0.49274 0.74759 1.0139 -0.72647 2.4788 -0.5044
0.93465 -1.1617 0.16626 -0.24163 -1.7354 0.20516 0.3628 -0.39453 0.9835 0.53196 0.69038 -0.35405 0.45889 2.062 -2.2986 -0.21684 0.8001 -2.374 1.6929 -0.36356 1.2763 0.54179 1.735 -0.43832 1.6964 0.27128 -0.58509 0.95233 -0.32008 -0.27004 0.24541 -0.89887 0.64126 -0.25922 0.10462 -0.047555 0.018844 1.9656 -0.36792
1.0496 -1.1381 -0.15311 -0.30291 -1.9785 0.36853 0.57737 0.26484 1.0768 1.8814 0.89343 0.4869 0.53739 1.8384 -1.3136 -0.39789 0.35214 -2.3014 0.8393 0.063904 0.72104 0.84122 1.131 -0.22068 2.1864 0.10653 -1.4131 1.6313 -0.10868 -0.67656 1.2436 -1.3291 0.12514 -0.34699 -0.23094 -1.0282 0.80599 0.44829 -0.29339
0.74821 -1.3218 -0.53403 -0.8073 -2.122 -0.30384 0.25116 0.4602 0.34004 2.2679 0.61788 0.66882 0.52239 1.1792 -0.6433 -0.19685 0.11594 -1.2116 0.12878 -0.38308 0.7472 0.54601 1.0231 0.68158 1.9993 0.072087 -1.6744 1.4918 0.14943 -0.71296 1.6535 -1.113 -0.41074 -0.28842 -0.49481 -1.5795 0.95644 -0.97354 -0.16552
0.91906 -1.2841 -0.1393 -0.85117 -1.9264 -0.24105 0.14941 0.32998 0.89815 1.6917 1.0553 1.3233 0.49759 -0.056311 -0.10862 -0.2794 -0.29527 -0.32702 -0.13167 -0.77192 1.0828 0.16801 -0.072154 1.2656 1.3043 -0.032325 -1.3936 0.92689 0.3464 -0.38265 1.5433 -0.26699 -0.28398 -0.34125 -0.45715 -1.581 0.097822 -1.6829 0.024184
0.87679 -1.2832 -0.2143 -0.75416 -2.1295 -0.14902 -0.18644 0.3601 1.5047 0.72233 1.9329 1.1373 0.48202 -0.16364 -0.0037884 -0.008849 -0.29836 -0.082584 -0.15268 -0.77371 0.52918 -0.10403 -0.96762 0.77716 0.27388 0.028613 -0.87928 0.51807 0.29309 -0.31126 1.1354 0.44228 0.27072 -0.50693 -0.22409 -1.4274 -1.1982 -1.6815 0.2142
1.2334 -1.2435 0.0073343 -0.55026 -2.0191 0.17799 -0.68564 1.499 0.63595 1.4591 1.9099 1.5158 0.44549 -0.13136 0.16693 0.14966 -0.21638 0.19494 0.42209 -0.31238 0.16009 0.25676 -1.1809 -0.049068 -0.1804 0.17543 -0.42129 0.26447 0.36753 -0.30477 1.2442 0.84511 0.64506 -0.63193 -0.29514 -0.9799 -2.1495 -1.1586 0.4203
0.66877 -1.29 -0.57551 -0.75327 -2.3696 -0.0032982 -0.40226 1.138 1.1933 1.1485 2.1958 1.2441 0.47022 -0.45032 0.2254 0.12886 -0.55945 0.7827 0.78044 -0.062082 0.21327 0.043558 -1.4092 -1.0669 -0.48523 0.37523 -0.71234 0.13339 0.35799 -0.3136 1.9142 1.1398 0.98685 -0.51907 -0.52645 -1.0197 -2.3804 -0.94946 0.49515
0.70004 -1.1778 -0.17828 -1.1051 -1.9371 -0.2991 -0.46565 0.56882 0.37252 0.68562 1.1569 0.54306 0.64287 -0.71256 0.29082 0.33345 -0.78796 1.7104 1.1746 0.18043 9.5366e-06 -0.50149 -1.9046 -2.1451 -0.53608 0.59169 -0.74252 -0.12046 0.57657 0.04616 2.3746 1.1218 0.92946 -0.55324 -1.022 -0.94152 -1.9332 -1.0858 0.39359
0.72514 -1.1009 -0.084425 -1.1167 -1.6113 0.55464 0.024984 0.40285 1.2703 0.33878 0.33552 0.80354 0.76404 -1.2239 0.19378 0.56284 -0.65308 2.9532 1.8614 0.97963 -0.40989 -0.76863 -2.742 -2.9753 -1.3655 0.75957 -0.39096 -0.32039 0.46975 0.78734 1.965 0.74101 0.75089 -0.74745 -0.76408 0.050137 -0.3903 -0.98274 0.17272
0.37329 -1.0372 0.098899 -1.6876 -0.65117 1.0629 -0.20397 1.0857 1.2053 -0.72155 0.11639 0.94739 0.96105 -1.1526 -0.050678 1.0116 -0.10595 3.8126 2.2343 1.0504 -0.61454 -1.3406 -2.4877 -2.9894 -1.8201 0.73 0.11608 -0.46346 -0.026 1.3598 0.65541 -0.26332 0.34058 -0.92474 -0.36215 1.7119 1.2828 -0.75851 -0.058651
0.12477 -0.98054 0.22033 -1.6605 0.28653 1.5092 -0.23771 0.90165 0.10678 -1.4983 -0.7602 0.64482 1.1723 -0.97246 -0.22549 0.66573 0.6138 3.6255 1.8052 1.0253 -0.94698 -1.0409 -1.022 -1.4141 -1.7245 0.63452 0.66648 -0.44524 -0.51887 1.6708 -1.1807 -1.5129 -0.27355 -0.99989 -0.1222 3.047 2.3466 0.012994 -0.24282
-0.54138 -1.1609 0.48827 -1.2285 1.9514 2.579 1.3467 0.63419 -0.42739 -1.9718 -2.0171 -0.79636 1.3249 -0.6201 -0.39901 0.21584 1.2133 2.6813 0.65243 0.84973 -1.5471 -1.0909 0.79785 -0.306 -1.8061 0.5445 0.76365 -0.2877 -0.76909 1.4777 -2.4795 -2.3168 -0.57599 -0.35582 0.17474 2.9481 2.4817 0.61935 -0.31019
-0.41886 -1.4272 0.85213 -0.71563 2.3659 2.3988 0.86717 -0.35684 -0.50357 -1.6096 -1.597 -1.2412 1.2763 -0.22951 -0.49614 -0.042074 1.9306 1.1989 -0.51684 0.52947 -1.9068 -1.1542 1.9628 0.45757 -1.3364 0.39384 0.8346 -0.044219 -0.35391 0.9038 -2.8721 -2.5362 -1.1139 0.69315 0.076488 1.7791 1.787 1.3312 -0.33247
-0.016733 -1.3063 0.37083 -0.10525 2.1144 1.7124 0.78898 -0.76562 0.061911 0.26988 0.17582 -0.76411 1.394 -0.079413 -0.47352 -0.11279 2.1011 0.14042 -1.4586 0.13584 -0.83319 -0.96953 2.1611 1.123 -0.81038 0.26428 0.66271 0.30088 0.071548 0.19872 -2.2948 -1.7733 -1.3696 1.85 0.28392 -0.021324 0.83451 1.6832 -0.30107
0.029662 -1.4592 -0.044846 0.30476 1.4553 1.1727 0.92865 -1.2101 0.1017 1.3218 -0.089321 -0.83163 1.4822 0.33621 -0.27362 0.14073 1.9121 -0.76519 -2.4531 -0.86853 0.057139 -0.97744 1.9988 1.5124 0.35225 0.14638 0.331 0.46222 0.34373 -0.6269 -0.99763 -0.58892 -1.2817 2.2073 0.59498 -1.8373 -0.24565 1.3078 -0.26781
-0.15701 -1.5237 0.2465 1.0598 1.0304 0.49068 0.41016 -1.0709 -1.2114 0.65104 -0.1297 -0.6012 1.4843 0.35051 0.074467 0.24367 1.5847 -0.85742 -2.0943 -1.2195 1.1035 -0.65342 0.72639 0.87821 0.60204 0.099427 0.12911 0.49576 0.23517 -1.1883 0.19407 0.61807 -0.80852 1.5041 0.96235 -2.8096 -0.70832 0.81861 -0.19289
-0.42393 -1.543 0.47513 1.2957 1.514 0.26511 0.67704 0.5732 -1.4715 0.18325 -0.19782 -1.1556 1.5021 0.18075 0.12789 0.41619 0.9351 -0.2605 -1.4317 -1.3832 1.459 -0.18399 -1.1618 0.10361 0.48706 -0.029552 0.15378 0.34815 -0.4175 -1.573 0.87767 1.4745 0.26031 0.31428 1.26 -2.5464 -0.61868 0.18432 -0.12576
0.1297 -1.4814 1.067 1.4318 1.3039 -0.70545 -0.37285 0.25832 -1.2722 0.77977 0.28936 -0.2567 1.4232 0.24115 0.28889 0.17965 0.23707 0.2838 -0.67238 -1.2397 1.4193 0.4736 -2.1289 0.41387 0.70972 -0.011691 0.43574 0.12013 -1.0425 -1.6503 0.6222 1.3993 1.1305 -0.75473 0.8533 -1.5333 -0.2547 0.077992 -0.2075
0.28194 -1.1524 0.7001 1.5702 1.1178 -0.054357 -1.0448 0.73208 -0.3767 -0.10997 0.17504 -0.35104 1.4392 0.68045 0.2957 -0.63744 -0.51948 0.41027 -0.072197 -0.3287 0.51642 0.87539 -1.8948 0.51265 0.66448 -0.034865 0.65669 0.099813 -1.534 -1.27 -0.4703 0.9615 1.7451 -0.91895 0.22062 -0.0024475 -0.10693 -0.019356 -0.44783
0.054726 -1.3027 0.42041 1.0823 1.723 -0.059699 -0.77709 0.61784 0.023418 -1.2371 0.052067 -0.2949 1.385 0.92423 0.22431 -1.2274 -0.94465 0.048608 0.16032 0.54368 0.092942 0.44553 -2.1149 0.17903 0.67465 -0.28951 0.59298 0.46451 -1.2861 -0.4776 -1.6193 0.26717 1.5708 -0.48921 -0.5627 1.1369 -0.51378 -0.056723 -1.0463
0.099441 -1.2368 0.12556 0.75698 1.7344 0.23717 -0.52239 0.64809 -0.19046 -1.7267 0.50601 0.018855 1.5455 1.0813 0.35448 -1.8124 -0.98647 -1.0596 0.16871 1.2591 0.31785 0.23329 -1.1829 0.025694 0.47846 -0.73737 -0.22709 1.269 0.24067 0.64457 -1.8451 -0.14382 0.61466 0.17017 -1.3293 1.7081 -0.65193 0.1287 -1.7273
0.7727 -1.2758 -0.52699 0.36388 1.616 0.13393 0.59928 -0.1223 -0.82309 -1.3276 0.52748 -0.13357 1.3998 1.1621 1.162 -1.6938 -0.49094 -2.1677 -0.2313 1.1477 0.55808 -0.31928 -0.12198 -0.3621 0.70463 -1.6405 -1.2716 1.8506 1.4475 1.2037 -1.2486 -0.29366 -0.55363 0.4856 -1.2969 1.7391 -0.67799 0.15337 -1.9752
0.90993 -1.2635 -0.63592 0.13471 1.2192 -0.067965 1.0929 1.0734 -0.99136 -2.2492 -0.11706 -0.10399 0.92623 0.12971 2.2915 0.036393 0.4885 -2.114 -0.17619 0.61597 0.61806 -1.3409 0.6631 -0.51608 0.90845 -2.6292 -2.1214 1.6923 2.0857 1.1099 -0.062642 0.011751 -1.4153 0.092135 -0.93987 0.87019 -0.67517 -0.10714 -1.4898
1.462 -0.80334 -1.2254 0.3886 -0.91798 -0.41979 0.60776 0.97389 -0.14972 -0.22574 0.35491 0.41308 0.34635 -1.01 2.8498 0.58245 0.64702 -1.8782 -0.28107 -0.25197 0.89638 -1.3034 0.58132 -0.90218 0.76614 -3.0829 -2.2 0.7353 1.8603 0.65105 1.027 0.60416 -1.3546 -0.68131 -0.011102 0.38031 -0.44717 -0.59446 -0.30424
1.2125 0.52928 -1.2179 1.1337 -1.4484 -0.20377 0.10479 1.5599 -0.63404 -0.89263 -0.60058 0.53122 -0.80565 -1.8521 2.7972 0.9965 0.59019 -1.3157 0.21983 -0.90171 0.32968 -1.1191 0.27186 -1.0506 0.25252 -2.8362 -1.3679 -0.74554 0.76108 -0.043531 1.6809 0.82186 -0.622 -0.99816 0.85858 -0.032696 -0.018467 -0.84975 1.0134
-0.6757 1.3163 1.6326 1.9566 0.30282 0.042317 0.20443 0.97899 -2.5238 -0.83038 -0.25601 0.87762 -1.7339 -2.0154 2.3374 1.3448 0.70573 -0.52571 0.8385 -0.83135 -0.6354 -0.47574 0.85807 -0.97935 -0.101 -2.1118 0.029974 -2.1357 -0.23236 -0.65452 1.6076 0.64726 0.249 -1.1444 1.5375 0.23153 0.62571 -0.7411 2.1428
-0.88924 1.3543 0.021725 0.85844 -0.39651 -0.25123 -0.50059 1.6776 -1.7216 -1.3483 -0.72096 0.56188 -1.6946 -1.9601 1.1005 1.0849 0.3472 0.54255 0.9881 -0.34987 -0.57585 -0.11585 0.44754 -0.49365 -0.28319 -1.1942 1.7006 -3.1295 -1.6901 -1.1423 0.48211 -0.11009 1.1136 -0.70683 2.0599 0.33944 0.93795 -0.67943 2.8578
-0.71639 1.0985 0.026154 0.72503 -0.43743 0.54957 -0.25195 0.19478 -1.7338 -1.2002 -1.0871 -0.26863 -1.5937 -0.90099 -0.44839 0.079946 -0.53928 0.38064 0.69295 -0.021084 -0.89787 1.1489 0.96753 0.10802 -0.38198 0.15549 2.5622 -3.1883 -2.1333 -1.1583 -0.5136 -0.87843 1.4696 -0.4284 1.5148 0.085832 1.044 -0.52414 2.9244
-0.63845 1.2266 0.73565 1.6327 -0.52964 1.0364 -0.020196 0.22429 -0.51558 0.28292 -1.1874 0.13961 -1.5305 0.80992 -1.8862 -1.5997 -1.0497 -0.80418 0.063485 0.94933 -0.92686 2.0343 0.9163 0.32683 -0.90422 1.4436 2.5992 -2.1936 -1.6823 -0.77556 -1.0178 -1.3632 1.2786 -0.13187 0.51301 -0.094479 0.94592 -0.022569 2.2785
-0.88995 0.70401 0.12316 1.277 -0.13598 0.63041 0.049826 0.92292 -0.73775 0.0011487 -0.033287 0.51321 -1.5061 1.4505 -2.3597 -1.3839 -0.88958 -0.85453 -0.53859 1.4956 -1.301 1.359 0.79378 0.74643 -0.78869 2.1089 1.6512 -0.72553 -0.5534 -0.23887 -0.66122 -1.2464 0.58527 0.32903 -0.87827 -0.51604 0.70365 0.78658 0.97455
-0.38123 0.20829 -0.28144 0.11176 -0.30105 0.4069 0.0018402 0.1946 -0.022782 -0.035287 -0.3922 0.18623 -0.71585 1.7853 -2.203 -1.3971 -1.0223 -0.83806 -1.2515 1.4818 -0.63314 0.74862 0.32835 1.1245 -0.11217 2.1454 0.23103 0.86375 0.85144 0.42758 0.060613 -0.702 -0.54524 0.60336 -1.4749 -0.0981 0.50159 1.817 -0.51716
0.53508 -1.0398 -1.2844 -0.11389 -1.5192 -0.30119 1.9292 -0.22374 -0.069436 -0.256 -0.16764 -0.84263 0.34806 1.737 -1.6984 -1.0898 -1.0472 -0.89622 -1.2601 0.8999 -0.39861 0.066593 0.17599 1.1558 0.74782 1.6516 -0.96688 1.9479 1.3287 0.98474 0.42093 -0.08057 -1.4997 1.0425 -1.1088 0.32281 0.35505 2.2987 -1.8315
0.85965 -0.94889 -1.434 -0.093373 -1.5143 -0.60479 1.4403 -0.77719 -0.38441 -0.27323 -0.063008 -0.56396 0.7773 1.1025 -0.53919 -0.1454 -0.16073 -0.65125 -1.0454 0.14697 -0.19326 -0.20017 1.0116 1.1594 1.8375 0.69421 -1.9299 2.582 1.8028 1.5139 0.84134 0.5572 -2.3026 0.92708 -0.59869 0.49151 -0.2326 1.3967 -2.6135
1.0942 -0.66765 -0.75227 0.017677 -1.0484 -0.65975 1.5188 -0.079841 -0.61527 -0.10131 0.53436 0.43072 0.3576 -0.041034 0.59129 0.49863 0.58024 -0.1041 -0.80891 -0.86843 0.52614 -0.33818 1.1167 1.4694 2.6741 -0.63259 -2.1969 2.3368 1.637 1.5003 1.118 0.84879 -2.1631 0.95912 -0.094322 0.00759 -0.91177 -0.081621 -2.509
0.82071 -0.40078 -0.39519 0.16201 -1.3666 -0.39816 0.56902 0.39062 -0.36902 0.76003 0.71625 1.8391 -0.10868 -0.98257 1.6665 1.218 1.1001 0.44018 -0.30774 -2.2901 0.72487 -0.23262 0.87443 0.51775 1.6255 -1.6605 -1.7073 1.3342 0.68301 0.68683 1.0424 1.025 -1.3026 0.61125 0.14308 -0.66536 -1.4616 -1.6642 -1.5254
0.15181 0.057668 -0.24694 0.8485 -0.92188 -0.89844 0.14472 0.35456 -0.73402 1.4653 1.3932 2.4291 -0.58579 -1.3829 1.7369 1.3227 1.232 0.7789 0.15156 -2.2552 1.0256 -0.12394 0.25143 -0.34902 0.70779 -1.9212 -0.41851 0.24742 -0.47684 -0.14465 0.81292 1.1317 -0.12435 0.072431 0.51071 -0.74296 -1.5768 -2.5919 -0.15113
-0.18515 0.31535 -0.33992 0.72857 -0.94795 -0.95684 -0.4904 0.55885 -0.2612 0.73452 1.3549 2.2183 -1.0111 -1.4617 1.4792 0.72382 0.83092 0.9787 0.62413 -1.7922 0.75726 -0.054234 0.047139 -0.8708 -0.37282 -1.549 0.94613 -0.88285 -1.566 -0.90242 0.35151 1.072 0.81745 -0.38496 0.66919 -0.41503 -0.79223 -2.1671 1.0444
-0.25718 0.75147 0.19113 1.5938 -1.0045 -0.63717 -1.5301 0.30213 -0.58387 0.31417 -0.34122 -0.31978 -1.3273 -0.59579 1.1659 -0.17723 0.405 1.2448 1.0985 -1.366 0.65223 0.53772 -0.02862 -1.0091 -1.3068 -0.97322 1.8358 -1.5073 -1.9982 -1.3139 -0.26841 0.69088 1.098 -1.0514 0.30187 0.24488 0.36456 -1.0468 1.7399
-0.44292 0.86355 0.49499 1.5013 -0.042989 -0.12818 -1.2993 1.1126 -0.70265 -0.05727 -0.44624 1.1292 -1.4799 0.41408 0.23817 -1.0248 -0.27932 0.91394 1.4671 -1.0777 0.15578 0.7086 0.13965 -0.73573 -1.5293 -0.15525 2.0959 -1.9099 -1.9329 -1.4672 -1.0444 0.013351 1.4612 -1.066 -0.12334 0.52144 1.7597 0.76482 1.8757
-0.61057 0.81097 -0.075918 0.79325 0.15314 0.36191 -0.74996 1.0865 -0.56926 0.89207 0.042612 1.1088 -1.4495 1.1544 -0.56909 -1.6172 -0.81123 0.29343 1.1796 -0.38779 -0.73798 0.055245 0.70706 0.34314 -0.71864 0.67826 1.7542 -1.8131 -1.2552 -1.2276 -1.7886 -0.63509 1.5288 -0.8947 -0.58133 0.051068 2.2872 1.6239 1.5981
0.32286 0.92674 -1.1177 0.884 0.22586 0.76124 -1.6684 1.1251 0.68851 1.3153 0.08304 0.61573 -1.2422 1.631 -1.3614 -2.2462 -1.4594 -0.59637 0.61319 0.67832 -0.64062 -0.075949 0.75814 2.0388 0.81703 1.1789 1.1664 -1.041 -0.20547 -0.65885 -1.66 -1.0657 1.3551 -0.058236 -0.4682 -0.67869 1.6792 1.9674 0.91029
0.69501 0.042659 -1.612 0.38936 -0.1688 0.66596 -1.7781 0.067613 -0.020835 1.1403 0.55061 0.13663 -0.68985 2.1165 -1.5545 -1.9686 -1.4344 -1.5208 0.1961 0.85229 -0.70622 -0.22 -0.2403 2.2579 0.65825 1.3875 0.41084 -0.00074125 0.91796 -0.16096 -0.87193 -1.012 0.80079 0.78527 -0.30429 -1.1359 0.069869 1.2571 0.055999
1.0495 -0.21305 -1.7209 -0.10162 -0.96593 0.32248 -1.0816 -0.83627 -1.0146 1.1466 1.2768 0.72387 -0.21765 2.1405 -1.29 -1.2563 -1.284 -1.4456 -0.27299 1.0472 0.025627 -0.084663 -0.81151 1.7295 1.582 1.2154 -0.31826 1.1164 1.5839 0.39402 0.33317 -0.706 0.13999 1.1739 0.12289 -0.61239 -1.5269 0.1139 -0.70416
1.3134 -0.62115 -2.1592 -0.52433 -1.5069 0.22702 0.21172 0.6006 -0.72714 0.95414 2.5786 1.799 -0.16547 1.676 -0.60577 -0.3844 -1.2407 -0.99197 -0.49667 1.0511 0.47083 -0.55383 -0.88677 0.6606 1.3307 0.76743 -0.96337 1.7052 1.4257 0.69288 1.2848 -0.23813 -0.47801 1.044 0.62001 0.27954 -2.1194 -0.72225 -1.1378
1.9252 -0.48124 -1.7167 -0.55597 -1.6899 0.50613 -0.19624 0.61051 -0.47715 -0.56806 2.1611 1.8592 -0.021232 1.2468 0.33259 -0.044936 -0.81182 -0.1903 -0.51846 0.86517 1.0759 0.30492 -0.20515 -0.2342 0.71127 0.15677 -1.3405 1.5561 0.90168 0.83131 1.2837 0.11226 -1.0062 0.002853 0.74784 0.87123 -2.0251 -1.4175 -1.0804
2.0523 -0.25232 -1.9155 -0.86232 -1.1178 0.10036 -0.011885 1.3273 0.25798 0.5107 1.5724 2.6878 -0.11177 0.7371 0.9458 0.11834 -0.3411 0.4019 -0.17863 -0.02088 0.81856 0.76199 0.030728 -1.032 -0.28607 -0.23648 -1.3587 0.70804 0.21706 0.90711 0.76635 0.23714 -0.90068 -0.70274 0.60161 1.0557 -1.0971 -1.0445 -0.65148
2.2096 0.16964 -1.6485 -0.95126 -0.94929 0.033743 -0.74938 0.82449 -0.77057 0.45301 0.46371 1.0264 -0.22457 0.069466 0.95637 0.18917 -0.13347 0.40558 -0.19512 -0.4497 -0.14256 0.6818 0.53831 -1.5051 -0.32805 -0.32741 -1.0795 -0.43728 -0.016636 0.70412 0.042027 0.37232 -0.4645 -1.2046 -0.27731 0.44458 0.028286 -0.39418 0.029923
1.9698 0.23984 -1.8153 -0.77179 -0.68859 -0.18801 0.043959 1.0254 0.057405 1.2971 0.91406 0.96448 -0.40433 -0.3103 0.4577 -0.1057 0.16878 0.23626 -0.15974 -0.11089 -0.29971 0.39887 0.9349 -0.90496 -0.14991 -0.22289 -0.55607 -1.2325 -0.14242 0.44466 -0.16427 0.32088 0.24358 -1.0311 -0.65248 -0.1682 0.89128 -0.16244 0.61323
1.8748 0.62887 -1.7303 -0.56854 -0.9036 0.37504 -0.83078 0.56965 0.014801 0.60873 0.77037 1.0094 -0.44507 -0.27573 -0.27198 0.018721 0.28461 -0.012107 0.25402 -0.026677 -0.7302 -0.07468 0.26128 -0.21918 -0.10475 0.208 -0.011502 -1.4362 -0.18604 0.28023 0.13195 0.16798 0.66254 -0.5122 -0.40735 -0.95313 0.83294 -1.0554 0.92559
1.5051 0.12583 -1.8037 -0.83492 -1.3118 -0.0053581 -0.40423 0.44651 0.31104 0.98122 0.55418 2.3126 -0.41399 -0.14517 -0.83285 -0.083845 0.29343 0.2986 0.27092 0.26346 -0.91214 -0.14758 -0.19062 0.15164 -0.69939 0.65851 0.031973 -1.1946 -0.16023 0.10059 0.43087 -0.37703 0.7802 -0.027644 0.18046 -1.3053 -0.076253 -1.6227 0.89224
1.8342 -0.095389 -1.9555 -0.29932 -1.0662 0.12057 -0.15761 0.66675 -0.023028 0.95475 0.82133 1.8223 -0.17465 -0.036571 -1.1866 -0.19206 0.32594 0.6474 -0.056773 0.70668 -0.84197 0.142 -0.8963 -0.32496 -2.0745 0.98613 -0.25422 -0.52942 -0.053476 0.046689 0.51006 -0.99412 1.1345 0.70481 0.63629 -1.0151 -0.91372 -1.3127 0.53619
1.9536 -0.50508 -1.6652 -0.6085 -0.83993 0.50023 -0.31561 0.094719 -0.49089 0.78618 0.9713 1.5 0.25513 -0.37101 -1.4041 -0.32155 0.31826 0.76999 -0.7929 1.104 -0.29803 0.616 -1.2185 -0.98528 -2.2786 1.0791 -0.78873 0.0024255 0.28361 -0.077659 0.0095251 -1.1665 1.3245 1.1191 0.37229 -0.3258 -1.063 -0.0010379 0.068169
1.9701 -0.52712 -1.8228 -0.4623 -0.15467 0.21353 -0.13303 -0.50482 -0.69959 0.25471 0.70116 -0.9268 0.50552 -0.64597 -1.0139 0.0192 0.33684 0.77211 -1.2959 1.8516 0.34671 0.75186 -1.3515 -1.4803 -1.8318 1.0145 -1.0807 0.47532 0.69061 -0.2371 -0.50429 -0.64867 1.2703 1.1072 -0.26846 0.609 -0.85648 1.1202 -0.31575
1.6926 -0.82416 -2.1588 -0.15616 0.021024 -0.37692 1.1579 0.090709 1.0547 -0.27503 0.11739 -1.3831 0.62632 -1.336 -0.91403 0.33276 0.10924 0.26742 -1.5527 2.3739 0.69092 0.24449 -0.65167 -1.4026 -0.81161 0.77478 -0.84225 0.72939 1.1518 -0.53005 -0.72324 0.57776 0.53981 0.74861 -0.5479 1.2138 -0.45834 1.777 -0.48034
1.0257 -1.014 -2.1477 -0.22237 -0.47438 -1.068 0.63168 0.585 0.91638 -0.85534 -0.98258 0.096765 0.70021 -1.6025 -0.50821 0.77648 -0.060339 -0.085116 -1.0347 2.645 0.83766 -0.21628 0.081816 -1.8299 -0.63972 0.5417 -0.33534 0.79014 1.3733 -0.9941 -0.41126 1.5582 -0.89986 0.10188 -0.60206 1.1435 0.24159 1.7096 -0.46984
0.94693 -0.90245 -1.4606 -0.25016 -0.36731 -1.627 2.7901 1.2601 0.60456 -0.26652 -1.0776 0.9709 0.82079 -1.4896 -0.24014 1.4719 -0.54731 -0.2177 0.28896 1.8025 0.92645 0.014817 0.58805 -1.7176 0.55844 0.40722 0.28475 0.93854 1.3035 -1.2308 0.28016 1.7605 -1.9784 -0.31568 -0.013153 0.41293 1.2764 0.83475 -0.35098
0.3677 -1.243 -1.3256 -0.35188 -0.70013 -1.2748 2.9163 1.0158 -0.83973 0.65591 -0.20814 0.29788 0.86594 -1.206 0.18396 2.0428 -1.3073 0.21464 1.0505 0.31955 0.42905 -0.32347 0.40519 -0.81218 0.78652 0.30986 0.56046 0.91275 0.7268 -1.2141 0.50936 0.86996 -2.7721 -0.60736 0.56956 -0.41635 2.018 0.092426 -0.29092
0.32812 -0.87663 -0.71151 -0.77232 -0.50672 -0.25377 3.123 0.49223 -0.68765 0.65191 -1.8742 -1.3141 0.98617 -0.99663 0.56282 2.1601 -1.703 0.6833 1.0959 -0.46336 0.27548 0.24854 0.03913 0.69533 0.093868 0.22738 0.66195 1.0439 0.038472 -0.70195 0.27702 -0.54642 -2.4167 -0.84308 0.81687 -1.0041 2.1875 -0.39024 -0.45257
0.36427 -0.82835 -0.19624 -1.2437 -0.16369 0.79171 1.8955 1.0737 1.0547 0.30891 -1.8445 -0.0012783 0.98892 -0.7892 0.86317 1.7969 -1.8855 0.48291 0.38666 -1.8279 -0.029312 0.74593 -0.52128 1.0724 -0.21832 0.082033 0.43396 1.2058 -0.48813 0.6497 -0.38837 -1.2824 -1.5962 -0.81323 0.51293 -0.68535 1.944 0.17223 -1.0489
0.12629 -0.63761 0.26228 -2.2747 0.32497 0.10144 0.93294 0.95362 0.74535 -0.55703 -0.76481 0.91107 0.97078 -0.44597 1.4478 1.6512 -1.6588 0.20773 -0.52269 -2.0106 -0.49967 1.0382 -1.0524 1.7924 0.32051 -0.33458 0.12466 1.2009 -0.78471 2.2656 -0.90439 -0.85318 -0.4593 -1.0047 -0.76057 0.19653 0.9722 0.59475 -1.7097
-0.25483 -0.35641 0.5263 -2.4539 0.32628 -0.63871 1.1586 1.3764 0.65113 -0.49764 0.78353 0.40192 0.9933 -0.66108 2.0835 1.3528 -0.084529 -0.30239 -0.82625 -2.1336 -0.78007 0.2511 -0.48777 2.5984 1.016 -1.3941 0.0020833 0.91479 -0.72965 3.5111 -0.70796 0.40581 0.64413 -0.57106 -1.5808 0.99115 -0.23364 0.61457 -1.9356
-0.018269 -0.082811 0.47538 -2.644 -0.30531 -1.3749 0.53817 0.82456 0.55649 -0.1973 0.10905 -0.26131 0.89668 -0.82627 2.2851 0.87408 1.8041 -0.69817 -0.084107 -1.2369 -1.3217 -1.0012 0.4234 1.9229 0.63313 -2.2709 -0.0028058 0.067402 -0.87835 3.5583 -0.006078 1.5098 0.8914 0.13216 -1.8044 1.0094 -1.8761 0.15748 -1.498
-0.011682 0.56908 0.85528 -2.478 -0.54752 -1.1481 0.31614 -0.34754 0.45498 -0.703 1.3163 0.053045 0.2818 -0.59679 2.2213 0.78205 3.2283 -0.45027 1.0195 -0.90846 -0.73946 -1.3202 0.79955 0.55518 0.81997 -2.6141 0.1742 -0.87585 -0.89781 2.1079 0.4905 1.6534 1.043 0.78899 -1.454 0.35191 -2.6035 -0.40943 -0.41061
-0.58509 1.6018 1.1512 -0.0031469 -0.65327 -0.19761 -0.5411 -0.15402 0.24018 0.17264 1.135 0.93887 -1.1896 -0.48512 1.5102 0.25064 3.6225 0.28201 1.7203 -0.81652 -0.26039 -1.6951 0.40067 -0.96504 0.73291 -2.5602 0.3363 -1.455 -0.70895 0.17582 0.5662 0.65081 0.77131 1.3077 -0.47721 -0.021714 -2.3229 -0.8911 0.76815
-0.75816 1.3129 0.80851 1.3926 -0.65735 0.97595 0.34908 -0.40109 -0.50368 0.72862 0.70679 1.2754 -1.6849 -0.50341 0.77067 -0.058405 3.1052 0.18878 1.7383 -0.2303 0.2385 -2.2423 0.24879 -1.21 0.18881 -2.0257 0.33827 -1.6649 -0.48355 -1.6464 0.09548 -0.72264 0.84373 0.74935 0.31389 -0.23692 -0.98243 -1.3858 1.6657
-0.44309 1.5208 1.3775 1.6805 0.1761 0.74394 -0.231 0.91436 -0.95774 0.11253 0.080555 1.4587 -1.557 -0.23772 0.18551 -0.069748 2.183 0.11311 0.92205 -0.012306 0.75707 -1.4885 0.64451 -1.8785 -0.75613 -1.109 0.15786 -1.3186 -0.20261 -2.6423 -0.054856 -2.008 0.39817 0.2338 1.7782 -0.4307 0.8363 -1.487 2.1846
-0.61141 0.93287 0.43935 1.6743 0.64692 0.81031 -0.19395 0.802 -1.3244 -0.39038 -1.0362 0.21421 -1.6207 -0.081527 -0.34874 0.0065459 0.69892 -0.16485 -0.094306 0.39959 0.22321 -0.83958 0.17439 -0.95684 -1.093 -0.18392 -0.15773 -0.75157 -0.27858 -2.7217 0.23925 -2.319 -0.24809 -0.74511 2.8383 -0.94731 1.8655 -1.0403 2.0372
-0.58802 1.0325 0.57723 1.1449 -0.96733 0.61281 0.25331 0.22987 -2.2224 0.093346 -0.52503 -0.19806 -1.5942 -0.39877 -0.49012 -0.18362 -0.37265 0.36282 -1.5701 -0.32284 0.2064 1.0237 -0.46962 0.62366 -1.4786 0.65739 -0.45003 -0.042943 -0.39044 -2.3283 0.56191 -1.7303 -0.53579 -1.1237 2.8729 -1.2948 2.4858 0.31168 1.5125
-0.49255 1.3969 1.239 1.6719 -0.51982 0.27551 -0.058389 0.6253 -0.53413 1.0148 -0.94754 -0.26703 -1.5956 -0.72331 -0.35043 -0.54764 -0.97068 0.54888 -1.8742 -0.574 -0.9491 1.9748 -1.1794 1.339 -1.4421 0.95055 -0.41132 0.26643 -0.48575 -1.5538 0.78777 -0.77633 -0.31312 -0.67166 2.3018 -1.1322 1.4046 1.053 0.96399
-0.86069 1.1088 1.1568 1.6042 -0.6898 0.10692 0.47964 -0.11481 -0.96549 0.31448 0.41502 0.45459 -1.5905 -0.77085 0.10345 -0.55141 -1.5659 0.87857 -1.8128 -0.6066 -0.86313 2.6446 -1.3887 2.03 0.029742 1.1895 -0.077282 0.19974 -0.62934 -1.2321 0.026299 0.23514 0.60939 -0.35257 0.56229 -0.7534 -0.13695 1.3656 0.44399
-1.2493 0.58922 0.34646 0.60853 1.0822 -1.6979 -0.90179 0.8035 1.1995 -0.87108 1.7336 -0.68416 -0.41327 -0.67619 -0.12769 -0.74943 -1.7723 1.1458 -1.5984 -0.089071 -0.56075 2.7841 -1.737 1.2063 0.19176 1.377 0.22551 0.070609 -0.32131 -0.64983 -0.8377 0.7218 0.8977 0.076036 -0.61322 0.39862 -1.1634 0.83798 -0.064006
-1.2534 1.1217 0.19825 0.034411 0.95438 -1.3249 -1.1375 -0.96769 0.74453 -2.0954 0.69538 -0.88073 -0.54394 -0.57038 -0.21315 -1.2955 -2.41 0.12869 -1.2136 0.6707 -0.67997 1.684 -1.7715 0.43382 0.34543 1.2864 0.28548 0.0077337 0.23125 0.23762 -1.542 1.2723 0.71749 -0.22554 -1.4944 1.4664 -1.4197 0.14129 -0.75764
-1.3294 1.3227 -0.065801 -0.79579 0.67957 -1.0219 -0.36267 -0.27227 1.2208 -1.1872 1.4759 0.8534 -0.43798 -0.39813 -0.054533 -0.80297 -1.8472 -0.71858 -0.65946 0.6067 -0.89131 1.2433 -0.16534 -0.19837 0.024901 0.78228 0.20801 -0.0046675 0.87815 0.94602 -1.2537 1.2434 0.18705 -0.058504 -1.4913 2.197 -0.3712 0.15279 -1.0054
-1.139 0.85907 0.32758 -0.72373 0.089438 -1.3807 0.79475 -0.05812 1.409 -1.2354 0.26339 -0.1504 -0.078705 -0.37088 0.082379 -0.10192 -1.0901 -1.2229 0.38593 0.50024 -1.1406 0.49649 0.87568 -0.12209 0.39638 0.053422 0.12241 -0.0146 1.2279 1.4661 -0.093893 0.88771 -0.53047 0.07296 -1.0945 1.8651 0.31169 -0.22692 -0.85513
-1.3256 0.95288 -0.56791 -1.8036 -0.61957 -1.4931 1.0787 -0.47792 1.1163 -1.5176 0.12195 0.26206 -0.13274 -0.38366 -0.28403 0.30589 -0.60745 -0.64267 0.20936 0.37764 -0.44522 0.4655 1.5138 0.75364 0.47166 0.090771 0.19375 0.12649 0.6499 1.1149 0.81821 0.25688 -0.78728 0.041575 -0.71268 0.48246 0.53022 -0.41711 -0.41565
-1.5767 0.86144 0.18051 -0.74333 -0.74661 -1.3931 -0.1034 -1.4368 1.2555 0.087193 1.1944 -0.38372 -0.43564 -0.34747 -0.12626 0.46692 -0.18711 -0.08238 0.21409 -0.2851 -0.75968 -0.07105 1.2708 0.61042 -0.30379 0.014042 0.45508 0.16575 0.26209 0.67832 1.2575 -0.31295 -0.48915 0.47737 -0.27547 -0.61497 -0.29454 -0.62952 0.053893
-1.7137 1.0297 0.34137 -1.0138 0.11894 -0.70227 -0.93232 -1.2181 1.8341 -0.44923 1.5726 -0.084363 -0.48635 -0.044564 0.29589 0.13094 -0.14329 0.33976 -0.033562 -0.59057 -1.0001 0.12272 0.63464 0.53065 -0.4171 0.016169 0.66061 0.071812 -0.073513 0.31819 0.80911 -0.14087 0.21899 0.79645 -0.12284 -1.2724 -1.277 -0.19691 0.18014
-1.5534 0.82799 0.58178 -1.1865 0.28537 -1.1082 0.40225 -0.80271 1.2672 0.049251 1.8717 0.69771 -0.22031 0.31977 0.11476 0.46688 -0.021325 0.78225 -0.14688 -0.0023897 0.074196 0.11026 0.023328 -0.58597 -0.36037 0.19415 0.59678 -0.36069 -0.30175 0.2709 0.047685 0.068347 0.88769 1.2685 0.16967 -1.0455 -1.1522 0.26394 0.27183
-1.5594 1.1017 0.37964 -1.162 0.1486 -1.0316 -0.076784 -1.1226 0.91716 0.17862 1.1718 -0.17827 -0.20027 0.53218 -0.26461 0.14945 -0.094321 0.53564 0.096224 0.68237 0.70173 0.11286 -0.52601 -1.2135 0.13188 0.34324 0.19398 -0.5836 -0.17657 0.47444 -0.31081 0.59998 0.9055 1.449 0.27562 -0.48782 -0.33022 0.64459 0.09728
-1.0698 1.283 -0.17094 -1.315 -0.041388 -1.863 0.055918 -1.944 1.7542 -1.082 0.42261 -1.012 -0.075955 0.49274 -0.54592 -0.13254 0.29188 -0.073769 0.29405 0.87754 0.88008 0.23844 -0.33904 -0.83009 -0.058888 0.36666 -0.24837 -0.46729 -0.14798 0.47027 -0.59921 0.91793 0.55145 1.0196 0.37943 0.15336 1.0599 1.2364 -0.17962
-1.1242 0.84741 0.57157 -1.4054 0.54753 -1.3856 0.68395 0.0069654 1.2817 -0.93158 -0.47938 0.024152 -0.097473 0.23466 -0.50653 0.078349 0.60196 0.16617 1.005 0.8046 1.4421 0.5684 -0.21083 0.0050622 0.68457 0.11551 -0.54373 0.041391 0.19599 0.43641 -0.37646 1.0141 0.16793 0.64949 -0.011384 0.50315 1.4775 1.321 -0.42199
-1.1497 0.37657 0.58076 -0.63873 0.20994 -0.49564 0.48795 -0.36095 1.6587 -0.32668 0.48405 0.35082 -0.087017 -0.0035538 -0.67119 0.20447 0.52422 -0.20431 1.3241 1.0553 1.706 0.59332 0.17671 0.97293 1.7554 -0.030787 -0.45551 0.65924 0.10814 0.14049 -0.38162 0.49062 0.061443 -0.24107 -0.31144 0.4052 0.93256 0.88522 -0.46623
-1.2193 0.47548 0.03444 -0.61386 -0.099987 -0.39071 0.75412 0.0020607 1.8921 -0.55701 1.2884 -0.042097 0.091369 -0.25115 -0.12112 0.33666 0.61691 -0.13038 1.7081 0.93628 1.5641 -0.1107 0.25681 0.89907 1.7797 -0.25584 -0.15321 0.96389 -0.15704 -0.41956 -0.26067 -0.36761 -0.31999 -1.1071 -0.92379 -0.025975 -0.50361 0.048968 -0.38442
-1.3193 0.67562 0.72638 -0.38416 0.73096 0.090039 1.5356 1.0053 1.7287 -0.17719 1.7597 1.4282 -0.19127 -0.12875 0.54197 -0.072929 0.53262 -0.66697 0.97238 0.93902 0.3458 -0.049285 0.26348 0.63317 1.1093 -0.32924 -0.0015703 0.90184 -0.11805 -0.33483 0.30275 -0.81725 -0.91496 -1.4631 -1.1237 -0.28261 -1.6927 -0.83672 -0.44244
-1.3649 0.4746 0.36989 -0.83095 -0.55867 0.079959 1.3146 0.55927 1.8586 -0.21845 1.7008 1.5049 -0.24678 0.0054092 0.75907 -0.098142 -0.25015 -0.10506 0.41207 0.21828 -0.051598 -0.92359 -0.31738 -0.82392 1.113 -0.46191 0.074817 0.37362 -0.11354 -0.16478 0.28536 -1.0294 -1.5296 -1.1635 -0.61682 -0.49319 -1.7533 -1.0679 -0.39146
-1.3114 1.2246 0.58056 -0.35538 0.26821 0.50888 1.417 0.57718 1.1105 -1.1117 0.39909 0.97528 -0.43319 -0.13649 0.64041 0.18078 0.27568 0.39343 0.26096 -0.43402 -0.35885 -1.2007 -0.13474 -1.573 0.48862 -0.76427 0.080441 -0.057146 0.3538 0.12818 0.34119 -0.62112 -1.7695 -0.3936 -0.24901 -0.27124 -1.0602 -0.90397 -0.32393
-1.2014 1.2188 0.33176 -0.2873 -0.71051 -0.19877 2.0147 -0.048379 1.5415 -0.011863 0.73903 1.166 -0.38609 -0.10726 0.55565 -0.022712 0.39613 -0.084546 -0.09202 -1.469 -0.36808 -0.75375 -0.58194 -1.528 0.044796 -0.77831 -0.020928 -0.31272 0.7032 0.45066 -0.30942 -0.46748 -1.3704 0.21286 0.3385 0.33092 0.15844 -0.73119 -0.1974
-1.1513 1.0089 0.25417 -1.4217 0.56977 0.084294 0.18541 -0.27329 0.28823 -1.0626 -0.44308 1.7772 -0.57431 0.078253 0.5332 0.54497 0.43362 0.0091014 -0.075699 -1.7945 -0.26872 -0.64056 -0.17906 -1.1411 -0.086173 -0.78313 -0.0052369 -0.38222 0.83221 0.41329 -0.54439 -0.098509 -0.59094 0.58948 0.18023 0.42156 0.35831 -0.40329 -0.038728
-1.6336 1.1114 0.72548 0.54359 0.89517 0.23911 0.43618 0.31539 0.61121 -0.34443 -0.2355 0.7456 -1.0722 -0.14329 0.20592 1.0394 0.52619 -0.51176 -0.39774 -1.8713 0.32135 -0.57208 0.38618 -0.69768 0.0035289 -0.82495 0.16451 -0.41045 0.72353 0.6563 -0.42593 0.16451 0.5997 0.50101 -0.2833 0.73832 0.41257 -0.18057 0.08483
-1.3877 1.2829 0.56731 -0.022631 -0.49747 -0.07591 -0.80611 0.69014 1.3531 -1.337 0.11236 1.7405 -1.0862 -0.13009 0.073566 1.2145 0.99282 -0.45598 0.20897 -1.4256 0.45394 -0.96649 0.25168 -1.2411 -0.25622 -0.81293 0.32177 -0.45407 -0.034393 0.49438 -0.27946 0.2491 1.0781 -0.023969 -0.49904 0.65863 0.46087 -0.22389 0.25645
-1.0232 1.3927 1.3167 -0.32156 -0.54703 0.15644 -0.75507 -0.18738 0.74491 -0.35723 -0.19324 0.96213 -1.0842 0.30679 -0.011062 1.0008 1.3743 -0.68101 0.11203 -0.43713 0.25438 -1.1636 0.734 -0.62105 -0.20677 -0.60139 0.46248 -0.35107 -0.61597 0.49031 0.31558 0.50506 1.7022 -0.48329 -0.64712 0.48681 0.58126 -0.41255 0.32607
-1.6118 1.374 1.8469 0.42101 -0.53374 -0.51203 -0.65833 1.0526 0.15722 -0.028737 -0.64752 1.1192 -1.3787 0.46094 -0.23954 0.48217 0.95043 -0.44595 0.19309 -0.32724 -0.28222 -1.3354 1.0121 -0.22463 -0.40103 -0.40787 0.34312 -0.29729 -1.0865 0.17937 0.43061 0.43357 1.6633 -0.41506 -0.13814 0.1941 0.8807 -0.46474 0.33238
-1.334 1.0101 1.4396 1.0598 -0.42663 0.65124 -0.26474 0.22092 -0.30907 -0.21185 -1.7579 1.0401 -1.4044 0.43542 -0.31874 0.21824 1.4803 0.11896 0.67032 1.0266 -0.25942 -1.665 1.0126 -0.00728 -0.70738 -0.40861 0.15441 -0.085938 -1.0556 -0.29206 0.48401 0.42011 0.93208 -0.099248 0.28803 -0.27669 0.83513 -0.46561 0.26205
-0.70944 1.0286 1.3041 1.246 0.061733 0.1781 -0.38834 0.23043 -0.97468 -0.11132 -0.49763 1.3885 -1.4088 0.45375 -0.34938 -0.47577 1.2642 0.0069916 0.84012 1.211 -0.10405 -1.0074 0.50836 0.25717 -0.88972 -0.2785 0.054705 0.24537 -0.69919 -0.63032 0.091446 0.073592 0.2039 0.36037 0.80977 -0.53917 0.74148 -0.32419 0.19505
-1.132 0.997 1.1409 1.4276 -0.42939 0.2967 -0.74771 -0.093005 -0.093587 0.83695 0.19867 0.18976 -1.5332 0.60114 -0.12253 -0.54315 0.61907 0.060967 0.67059 0.6827 -0.029497 -0.79379 0.39967 0.85094 -0.84791 -0.16845 -0.10232 0.36281 -0.36804 -1.0802 -0.46933 -0.11973 -0.69821 0.3946 0.89555 -0.60573 0.074749 -0.28453 0.16912
-0.81264 1.1138 1.3016 1.9383 -0.50911 0.98538 1.435 0.37095 -0.95694 -0.057637 -0.23853 0.82544 -1.561 0.48 0.13929 -0.48263 0.12062 -0.22396 0.3488 0.26027 0.31048 -0.22674 0.18477 0.86945 -0.94391 -0.1572 -0.028218 0.35094 0.15958 -0.76253 -0.37836 -0.48629 -1.0005 0.36376 0.45555 -0.46703 -0.59464 0.078702 0.10341
-0.78632 0.96963 0.8711 1.452 -0.53051 1.0145 0.76554 0.17153 -0.5567 0.32468 -0.60489 -0.2414 -1.4547 0.22683 0.14191 -0.49452 -0.088806 -0.68031 0.66665 0.092214 0.30818 -0.34489 -0.098269 -0.14076 -1.2171 -0.14761 -0.040541 0.082355 0.37667 -0.23474 -0.058707 -0.77833 -1.0095 0.39801 0.58724 -0.15126 -0.79969 0.34632 0.018647
-0.83461 1.1629 1.1874 1.3611 -0.12974 0.36211 -0.3988 0.99694 -1.2425 0.38464 0.25196 0.557 -1.6186 0.58578 0.20034 -0.21357 0.098903 -0.3574 -0.17545 -0.51522 0.44143 -0.37356 -0.22595 -0.43023 -0.54245 -0.091715 -0.079263 -0.12092 0.43763 0.15291 0.55999 -0.65056 -0.41133 0.29937 0.41676 0.00029844 -0.46409 0.7468 -8.857e-06
-0.48055 1.1715 0.68529 1.2672 -0.71441 1.0051 -0.16841 0.30249 -0.43668 -0.024205 -0.19655 -0.046457 -1.5933 0.46978 0.0073476 0.021397 0.14376 0.024073 -0.6969 -0.96912 0.68659 0.39295 0.2805 -0.097817 -0.3706 -0.16452 -0.12586 -0.12772 0.33562 0.066664 0.86161 -0.54057 0.2362 0.27338 0.14229 -0.028803 0.10424 0.84189 0.04459
-0.71651 1.1423 0.7008 1.3587 -1.2746 1.2908 0.048421 0.43396 -1.3401 0.081477 -0.71633 -0.66247 -1.6337 0.20671 -0.027735 0.074354 0.27687 0.54237 -0.33124 -0.03833 0.70915 0.18746 -0.012962 -0.070834 0.082085 -0.1474 -0.36347 -0.039338 0.16515 -0.29513 0.73021 -0.17603 0.65156 0.29531 -0.58324 -0.20164 0.37591 0.70117 0.078603
-0.21835 1.2579 1.2027 2.1183 -0.58492 -0.27876 -0.68133 0.78037 -0.62302 0.36434 -0.54275 0.086481 -1.6157 0.1763 0.0084242 -0.017414 -0.074053 0.58414 -0.38677 0.33467 0.71117 -0.37388 -0.27382 -0.088055 0.10301 -0.033963 -0.24391 0.14487 -0.033489 -0.59236 0.39309 -0.012791 0.55845 0.12321 -1.1608 -0.51557 0.40775 0.66252 0.143
-0.36421 0.94281 1.2974 1.8402 -0.02363 0.078027 0.049233 1.6327 -0.14037 0.56114 -0.18612 0.30605 -1.7653 0.04245 0.1239 0.10294 -0.39657 0.81735 -0.69782 0.15422 1.009 -1.1439 -0.37841 0.34758 0.5821 -0.0067713 -0.1579 0.19504 -0.19041 -0.75253 -0.21695 0.10397 0.0011075 -0.12542 -1.1384 -0.42503 0.36355 0.22235 0.12604
-0.80439 1.0414 0.7826 1.4986 0.50297 0.93273 0.55273 1.1163 -0.88753 0.018845 -0.36995 0.024991 -1.6332 0.088278 0.21332 -0.073287 -0.70564 0.67543 -0.53881 0.06754 0.77864 -1.2138 -0.62131 0.54016 0.66633 0.037349 -0.14302 0.15587 -0.2272 -0.54226 -0.44771 0.32469 -0.13051 -0.29128 -0.75507 -0.30215 0.22319 -0.023674 0.064148
-0.40911 1.3323 0.90313 0.89342 -0.1239 -3.7743e-05 -0.11689 1.587 -2.0873 -0.39844 -0.017692 0.36925 -1.6146 -0.050025 0.24903 -0.27631 -0.90693 0.080526 -0.035724 0.10047 0.42923 -1.6216 -0.73489 0.37272 0.23974 0.056999 -0.084448 0.073381 -0.24417 -0.29852 -0.52984 0.43517 -0.019903 -0.38432 -0.33948 -0.19379 -0.039417 -0.29433 0.038141
