39 216
-0.47509 0.90274 0.42824 0.26436 -0.029061 0.20935 -0.68834 -0.34947 0.52424 -0.04872 -0.17358 -0.7704 -0.98818 0.038031 -0.10107 -0.010255 -0.16139 -0.075994 -0.084519 0.26683 0.51101 -0.50501 0.52774 -0.013411 0.34103 -0.045475 0.088277 -0.035917 -0.23461 0.16322 -0.21132 -0.46407 -0.17403 -0.0017448 0.052497 -0.33193 0.37567 0.13592 0.066652
-1.3068 0.94935 1.2718 0.44773 1.248 2.3582 0.1337 -0.40041 -0.46668 -0.374 -0.43652 -0.3051 -1.1886 0.13074 -0.16048 -0.30162 0.027535 -0.30395 -0.33889 0.15015 0.63409 -0.73304 0.16459 0.34466 0.53513 0.017223 0.042231 0.032482 -0.090386 0.11531 -0.33199 -0.6044 -0.2206 -0.050818 0.058058 -0.50141 0.24912 -0.18901 0.034492
0.026345 0.63036 0.0048492 -0.0095128 -0.37929 0.65336 -0.25465 -0.65432 0.40066 0.53415 -0.76206 0.42452 -0.9407 0.1624 -0.1442 -0.31508 0.057669 -0.3714 -0.88659 -0.048866 0.44244 -0.28946 -0.018602 0.60632 0.50175 0.042089 0.045804 0.22852 0.2128 0.088532 -0.68583 -0.56939 -0.26214 -0.033831 -0.045137 -0.41646 0.43445 -0.22787 -0.037539
-0.45795 0.8771 0.41445 0.10441 -0.39728 -0.96081 -0.68598 1.0172 -0.2974 0.91919 0.19684 -0.95705 -1.0456 0.054586 -0.032396 -0.038588 -0.049666 -0.57883 -0.90284 -0.045502 0.42659 -0.49931 -0.30566 0.20107 -0.1117 -0.026157 -0.20401 0.39293 0.59841 -0.051445 -0.46676 0.32866 -0.22557 -0.12972 -0.23733 -0.46675 -0.050107 -0.28106 -0.12535
-0.3766 0.70969 -0.023209 0.51445 -0.36121 0.12857 -0.5068 0.25592 -0.63546 -0.50553 0.48903 0.16164 -0.93437 0.16198 0.22577 0.24456 0.0469 -1.2962 -0.94952 -0.19129 0.53471 -0.7301 -0.15391 0.98463 0.21671 -0.085694 -0.068227 0.29339 0.56227 -0.19903 -0.15202 1.1977 0.07669 -0.29761 -0.12608 -0.52046 -0.37669 0.12376 -0.07373
-0.47737 0.78452 0.38612 0.31745 -0.10696 -0.53837 -0.6141 -0.22868 0.49276 -0.229 0.48831 -0.044335 -0.99121 -0.28222 0.33371 0.52614 -0.066969 -0.76142 0.40204 -0.25909 0.28968 -1.0338 -0.79689 0.030934 0.12676 -0.13319 0.13976 0.083464 0.28341 -0.32815 0.36111 1.0258 0.015742 -0.28049 0.21085 -0.18288 -0.49802 0.32381 -0.006944
-0.78329 0.92075 0.95615 0.092416 -0.45121 0.37196 -0.17686 0.19496 -0.99149 -0.53657 -0.8238 -1.1198 -1.1763 0.18888 0.17736 0.44252 -0.31779 -0.571 0.96698 0.20147 -0.16947 -0.3043 -0.92211 -0.14141 0.61671 -0.029114 0.51284 -0.19328 -0.24291 -0.041641 0.90939 0.80044 0.0003976 -0.26799 0.2941 -0.013217 -0.93028 -0.18386 0.056606
-0.41513 1.1959 1.1455 0.39513 -1.7515 0.35975 -0.31037 0.64684 -1.544 0.34638 1.6917 0.90292 -1.2218 0.31471 0.12831 0.38083 -0.5001 -0.2069 0.28954 -0.22416 0.13727 -0.27047 -0.31649 -0.33184 0.31043 -0.063258 0.70717 -0.31862 -0.67687 0.37304 0.78592 -0.43265 -0.33753 -0.15245 0.52956 0.38905 -0.63153 -0.85639 0.099017
-0.49318 0.95523 0.25666 -0.17734 -1.1811 0.59559 -1.1215 0.27666 -1.0767 -0.98188 -1.3287 -0.10989 -1.0085 0.88236 -0.020307 -0.1488 0.18246 0.25674 0.79146 -0.22271 -0.0020252 -0.49121 -0.40998 -0.86731 -0.23751 -0.019178 0.28902 -0.32973 -0.79592 0.54444 0.77302 -0.82784 -0.45169 -0.14073 0.70799 0.35309 -0.76341 -1.5111 0.083936
0.0032878 0.89656 0.87195 -0.017862 -0.60414 0.56482 0.054857 0.3739 -0.10599 -1.1616 0.60378 0.29942 -0.9795 0.77808 -0.13603 -0.45589 0.40052 0.40817 -0.37452 -0.75857 -0.14405 0.18604 -0.1701 -0.99156 -1.1128 0.036929 0.30357 -0.7156 -1.1154 0.5078 0.46042 -0.37278 0.096564 -0.18553 0.81916 0.18952 -0.19503 -0.89661 0.39232
-0.11416 0.85358 0.65901 -0.051557 -0.26015 -0.02316 -1.0732 0.15831 -0.91325 -0.49887 -0.26106 0.29141 -1.1258 0.52894 -0.27852 -0.63949 0.2796 0.67914 -0.38223 -0.47856 -0.35213 0.97721 -0.1928 -1.483 -1.6081 0.069702 0.029508 -1.3738 -1.4471 0.17235 0.39264 0.062327 0.058825 -0.26768 0.71319 -0.10311 0.58268 0.13193 0.94416
0.85873 0.88588 0.38148 0.87681 -0.03617 1.4101 -0.57061 -0.085713 -1.2419 -0.73778 -1.5963 -1.3329 -1.1462 1.0922 -1.0073 -1.4718 0.42846 0.5149 0.13583 0.08834 -0.11296 0.74393 0.011986 -0.46286 -0.7489 0.5764 0.059714 -1.7872 -1.2628 0.075759 0.3972 0.54485 0.18994 -0.0049143 0.30682 -0.37234 1.6552 1.3716 1.4881
-0.065384 0.90533 0.41887 0.44011 -0.97679 -0.91263 -1.544 0.44057 -0.92306 -0.38953 -1.3453 -2.2999 -1.1172 0.77862 -2.0035 -2.3591 0.49958 1.0009 0.69519 -0.5395 -0.62982 0.7508 -0.71772 0.11603 -0.16941 1.3529 -0.20666 -1.6695 -0.43346 0.01476 0.52369 -0.12036 -0.20129 0.43036 -0.16055 -0.34575 2.4612 2.2145 1.6807
0.16287 0.71472 -0.081493 0.1825 -0.5359 0.27603 -0.77399 -0.045246 0.84092 -0.65864 -1.0509 -0.75483 -0.95862 0.7669 -2.4173 -1.9697 0.43561 1.0539 0.24314 -0.35076 -0.019453 0.94716 -0.72582 1.7826 0.822 1.9811 -0.66174 -0.77668 1.0824 0.26331 0.77148 -0.86901 -0.24346 0.77956 -0.49098 0.038106 1.9915 1.9246 1.2449
1.765 -0.79875 -1.9866 0.28527 0.17993 1.4075 -0.21028 0.24761 -0.12217 -1.3345 -1.0066 -0.25371 0.11139 0.27314 -2.5109 -1.213 0.30363 1.4691 -0.65464 -0.68932 0.57747 0.51941 -0.58269 2.7158 1.8953 2.2874 -0.91982 0.54036 2.4848 0.70154 0.34375 -1.6916 0.029217 1.2588 -1.1221 0.85994 0.92653 0.84906 0.33634
0.67713 -1.6346 -1.9563 0.87468 1.5419 1.5324 -1.5306 -1.0407 0.27035 -2.3505 1.107 0.07588 0.80479 0.017404 -2.1253 -0.032075 1.0327 1.8354 -0.9556 -0.35412 1.0545 -0.20644 0.043265 2.54 1.9453 2.2729 -1.2921 1.695 3.1082 0.92751 -0.14222 -1.686 0.2186 1.0077 -1.2414 1.2725 -0.62679 -0.60644 -0.71356
1.0658 -1.3488 -0.94257 0.77418 0.69562 -0.32106 -1.571 0.84886 -0.14751 -0.84762 1.842 0.52763 1.0774 -0.68974 -1.2118 1.3079 1.5513 1.31 -2.1723 -0.49228 1.6949 -1.0943 0.83263 1.7307 0.9097 1.794 -0.86208 2.1721 2.6755 0.74513 -0.91893 -0.84636 0.94141 0.3431 -0.75059 1.2104 -1.8424 -1.8931 -1.4191
0.52182 -1.451 -0.5235 0.96304 1.4937 -0.8049 -1.6838 1.2653 -0.49263 -1.2663 1.7225 0.80028 1.3217 -1.3385 -0.10455 2.5718 1.5972 0.86214 -2.4533 -0.012769 1.7121 -0.92413 1.423 0.90001 0.13289 0.99271 -0.68142 1.5159 1.1147 -0.023581 -1.3212 0.28306 0.96733 -0.81517 -0.097477 0.63568 -2.0531 -2.194 -1.6596
-0.042553 -1.3813 0.30673 1.5838 1.6688 -1.6743 -1.1841 1.6981 -0.58651 -0.053083 1.6151 0.81174 1.5308 -0.77665 0.27765 2.4777 1.4556 0.13223 -1.6253 1.0687 1.0264 -0.74555 1.4452 -0.47554 -0.87558 0.46799 -0.16835 0.47483 -0.32077 -0.63338 -1.3739 1.2978 0.65343 -1.7925 0.5057 0.18318 -1.6133 -1.914 -1.419
-0.098533 -1.1921 0.55236 2.03 1.4634 -1.6035 -1.0555 1.9475 -1.1587 0.10019 0.89489 0.35004 1.4662 -1.306 -0.22173 1.4562 1.0343 -0.20297 -0.61388 0.84759 -0.46954 -0.6015 1.1708 -0.82503 -1.4227 0.05902 0.13853 -0.30356 -1.2637 -0.92737 -1.0454 1.3772 -0.11259 -2.0345 0.61595 -0.18399 -0.93103 -1.333 -0.90538
-0.28627 -1.281 1.1109 2.0689 1.8652 -1.377 -0.6604 1.7382 -1.2028 0.14814 1.2001 -0.23886 1.4789 -1.0479 -0.33043 1.254 0.6121 -0.89012 -0.37917 0.41171 -1.2968 -0.18048 1.3817 -0.92134 -2.0301 -0.19857 0.13813 -0.38832 -1.1067 -0.87588 -0.4628 0.79045 -0.87703 -1.6663 0.568 -0.2874 -0.087142 -0.27712 -0.4535
0.076922 -1.2614 1.3129 2.2295 1.0698 -1.0172 -0.14727 0.40954 -0.58098 -0.03562 0.63914 -1.2612 1.4113 -0.93178 -0.34267 0.80826 0.23218 -0.70288 -0.19941 0.068496 -1.7595 0.10537 1.0574 -0.91204 -1.8807 -0.24204 0.67274 -0.020379 -0.61667 -0.61258 0.055301 0.38676 -0.76364 -0.42159 0.34835 -0.30215 0.073694 0.63136 -0.070092
-1.423 -1.9222 0.50421 1.598 0.44799 -1.5915 -1.0207 0.41395 -1.3352 1.0452 0.72776 -0.98872 1.149 -0.69344 -0.35267 0.72003 0.16905 -0.52976 -0.1685 -0.3671 -2.1238 0.11004 0.8735 -0.63693 -1.1898 -0.16529 0.76774 0.25309 -0.4471 -0.27023 0.67504 0.3509 -0.23188 0.65531 0.14846 -0.58097 0.41145 1.2783 0.27742
-0.91833 -1.6807 1.6232 1.9714 0.41138 -1.8563 -1.2346 -0.1621 -0.6885 1.3295 0.20314 -2.0826 1.1994 -0.14497 -0.2562 0.55805 0.075316 -0.25973 0.11036 -0.35424 -1.0185 -0.0096237 0.7635 -0.82334 -0.62428 -0.076022 1.0122 0.44936 -0.28459 -0.058191 0.69403 0.49089 0.35687 1.2854 0.17912 -0.84335 0.56142 1.0927 0.42708
-1.1649 -1.4778 1.429 2.1933 1.2409 -1.8428 -0.7833 -0.25941 -0.71352 1.3385 0.058925 -1.5976 1.3376 0.086703 0.06028 0.53118 0.1693 0.25018 0.22137 0.12962 -0.17894 0.1847 0.2443 -0.089329 -0.18506 0.20312 0.78579 0.3172 -0.52453 -0.27438 0.55569 0.4926 0.74578 1.1812 0.1062 -1.1288 0.42098 0.69513 0.35764
-0.70733 -1.5755 1.693 2.3351 0.89113 -1.3543 -1.3377 -1.1301 -1.2962 0.9235 0.25846 -1.1822 1.3017 0.69463 0.22896 0.35871 0.11917 0.30698 0.65048 0.54209 0.19023 0.44159 -0.49848 0.015758 -0.26991 0.31819 0.3335 0.10483 -0.42041 -0.39204 0.28369 0.15567 0.47081 0.31629 0.24761 -0.77856 0.44393 0.46558 0.19652
-0.17569 -1.6967 1.6791 1.9366 1.1261 -0.80114 -0.64628 0.79974 -1.0502 1.2208 -0.29413 -1.5159 1.3362 0.45086 -0.048882 -0.17307 -0.38211 0.31025 0.6098 0.70955 -0.042949 0.10132 -1.0038 -0.15944 -0.024767 0.26153 -0.016774 -0.081683 -0.46743 -0.47749 0.032432 -0.221 0.028728 -0.35708 0.48406 -0.095139 0.087285 0.55703 0.01421
-0.64426 -1.3419 1.5822 2.185 1.0235 -1.2019 -0.076672 0.11673 -0.24715 0.55536 1.0179 -1.6396 1.6512 0.33354 -0.027647 0.11215 -0.40479 0.29004 0.26801 0.31296 -0.36975 0.55276 -0.33823 0.15852 0.19267 0.23907 -0.30018 -0.096292 -0.48855 -0.35715 -0.21185 -0.27596 -0.40458 -0.87763 0.64171 0.49767 -0.0057027 0.84674 -0.040359
-0.42458 -1.66 1.1766 1.7551 0.77306 -0.92922 -0.71178 0.32186 -0.61653 0.40338 0.25974 -1.9338 1.4745 0.22811 0.035497 -0.23151 -0.4891 0.33636 -0.014193 0.28871 -0.71464 1.1578 -0.034723 0.012667 0.65808 0.27058 0.056525 0.038153 -0.46227 -0.27626 -0.45437 0.32784 -0.4069 -0.99396 0.8918 0.6713 0.0071864 1.0176 -0.035468
-0.45541 -1.7329 1.4856 1.6424 1.3815 -1.1592 -0.23478 -1.0269 -0.96964 -0.32555 -0.62906 -1.7717 1.5059 0.20073 0.0080682 -0.53754 -0.51596 -0.11652 0.42207 -0.097478 -1.4743 1.2807 0.14251 -0.098572 1.0249 0.24686 0.32913 0.2129 -0.86466 -0.52534 -0.53098 1.1763 0.28578 -1.0647 0.83062 0.018781 0.11974 0.9237 -0.013413
-0.52912 -1.4418 1.9665 2.0045 1.6881 -1.3189 -0.83725 -0.94335 0.0756 1.6283 0.75157 -0.63716 1.6253 0.62456 -0.0096919 -0.72453 -0.85937 -0.38157 1.2405 0.059978 -1.7558 1.642 0.26929 -0.031219 1.5267 0.19932 0.15294 0.31502 -1.1411 -0.92277 -0.35644 1.7173 0.63041 -0.50826 0.27048 -0.95395 0.3276 0.67085 -0.13908
-0.044542 -1.5557 1.0731 1.6107 1.1588 -1.0278 -0.54761 -1.1134 0.71009 0.85329 0.060696 -0.23883 1.6896 0.78717 0.35842 -1.2703 -1.2322 -0.39918 2.1024 1.0025 -2.2753 2.0839 -0.43462 0.42422 1.5439 0.25466 -0.15583 0.4203 -1.233 -1.2839 0.11883 1.4885 1.1492 0.62858 -0.37589 -2.0706 0.18991 0.23817 -0.31333
-0.11045 -1.6179 0.67819 1.3289 0.4627 0.16017 -0.46755 -1.1418 0.87413 0.944 -0.1252 -0.56361 1.7456 0.23478 0.40287 -2.0112 -1.9089 -0.22171 2.7257 1.0254 -1.4739 1.3261 -1.8638 0.4458 1.6938 0.028547 -0.55397 0.52539 -0.86317 -1.2764 0.29532 0.3963 1.2687 1.7908 -0.99411 -2.1698 0.32397 -0.097795 -0.48981
0.36694 -1.4527 0.59828 0.96593 0.43372 0.76131 0.0086733 -2.676 1.8072 0.43424 0.89414 0.39404 1.8006 0.078697 0.52895 -2.2121 -2.4645 0.053921 2.7865 1.7775 -0.18777 0.61989 -3.4034 0.058851 1.3975 -0.20828 -0.45141 0.55437 -0.095238 -0.9877 0.03386 -1.2464 0.76917 2.6851 -1.3417 -1.178 0.3821 -0.44311 -0.70004
0.60102 -1.1349 -0.35543 0.25922 0.90243 1.9112 1.0677 -3.443 1.8707 -0.92006 0.43276 0.094825 1.7387 -0.13345 0.81648 -1.8798 -2.7022 -0.0050621 1.7478 2.2768 1.2728 0.22704 -3.0802 0.83812 1.4045 -0.41603 0.0071478 1.0258 1.1145 0.00090886 -0.74431 -2.5793 -0.24629 2.5496 -1.4499 0.66558 0.047719 -1.1931 -1.1354
-0.84128 -1.2369 -0.85362 -0.34614 1.6396 2.0647 0.42138 -2.0222 0.36337 -2.9373 0.25148 1.3668 1.4471 0.063914 1.1139 -1.5258 -2.7385 -0.42694 0.044871 1.9499 2.4591 -0.26025 -2.4445 1.0408 0.82336 -0.73472 0.13094 1.2022 1.7566 1.3279 -1.2861 -3.0766 -1.661 1.3475 -1.3117 2.3241 -0.51081 -1.5397 -1.5621
-0.071932 -0.84859 -0.8548 -0.68237 1.3404 2.142 1.6497 0.05199 1.2773 -3.3422 0.49491 1.2374 1.3749 0.25083 1.8994 -0.28147 -1.771 -1.4558 -1.2054 0.41598 3.0021 -1.3601 -0.84251 0.042406 -0.33884 -1.6755 0.14887 1.0435 2.1277 2.4602 -1.1546 -2.2205 -2.6711 -0.27032 -0.74406 2.9768 -1.2896 -1.984 -1.6399
0.0315 -0.64507 -1.2017 -1.3788 0.15703 1.0565 2.5657 0.68071 1.3393 -2.5143 1.709 1.4166 1.2296 0.1425 2.0858 0.26247 -0.37357 -1.778 -2.0668 -0.73585 2.0113 -1.4157 0.6838 -0.66694 -0.72268 -2.2864 -0.049343 0.41302 1.6737 2.7079 -0.35498 -0.72322 -2.8588 -1.6341 -0.26369 2.7851 -1.3266 -1.4325 -1.1442
0.46833 -0.20946 -1.0231 -1.6259 -0.47288 0.010865 1.6297 0.85056 0.70157 -2.1172 1.6241 0.23439 0.79257 0.11902 2.1505 1.194 0.8525 -1.624 -1.7565 -1.9093 0.87847 -0.80498 2.0198 -1.1206 -1.6759 -2.483 -0.30886 -0.67001 0.81604 2.0514 0.91365 0.53547 -2.0122 -1.8314 0.089001 1.6778 -0.76049 -0.46725 0.072562
0.70429 1.2197 0.59827 -0.55653 -1.4688 -0.23922 -0.21125 0.13994 -0.90164 -0.92562 -0.3672 -0.49465 -0.81089 0.025623 1.7027 0.85528 1.1639 -1.0393 -1.1445 -2.804 -0.20108 -1.1156 2.3603 -1.2705 -1.292 -2.3134 -0.55213 -1.6425 0.070543 0.63809 1.8025 1.2216 -0.23256 -1.0129 0.35924 0.26246 0.10406 0.19129 1.4833
-0.30666 0.84379 -0.73272 0.057942 -0.46719 -0.32544 0.017929 -0.73205 -0.38241 -1.0496 -1.1427 0.019274 -1.084 -0.31336 0.90618 0.93676 1.4102 0.013586 -0.52954 -2.7186 -0.062726 -1.3303 2.0814 -1.3209 -0.96617 -1.5328 -0.62795 -2.2427 -0.73539 -0.94155 1.9058 1.0289 1.6668 -0.087149 0.85163 -0.7198 1.3527 0.94408 2.6411
-0.65765 0.96169 0.87598 0.39504 -0.30945 0.33554 -1.4352 0.62864 0.30594 -0.19202 -0.61894 -0.99989 -1.1442 -0.7499 -0.18203 0.51134 0.57562 1.0181 -0.12486 -0.82609 0.1736 -0.39258 1.253 -0.35703 -0.71242 -0.18395 -0.30999 -1.9587 -0.60072 -1.9793 1.2171 0.45063 2.8567 0.68411 1.4752 -0.95675 1.9556 0.6244 2.9692
0.69288 0.85412 -0.60805 -0.36764 -0.7171 0.26404 -0.83931 0.20766 -0.28387 0.36847 -0.029567 -0.023711 -0.99273 -0.75326 -0.84959 -0.021188 -0.66748 1.1687 -0.10939 0.52784 0.48973 0.65188 0.97895 1.3403 -0.14064 1.0392 -0.011963 -1.216 -0.86466 -2.4819 0.24775 -0.26531 2.8652 0.57564 1.8691 -0.98724 1.5963 0.3506 2.3938
-0.35889 0.39225 0.32181 -0.041232 -0.038922 -0.43268 -0.89989 0.84158 -1.5019 0.53422 -0.21922 -0.44683 -0.5017 -0.3793 -0.86389 0.19898 -1.6099 0.82818 -0.393 1.4554 1.0765 1.0513 0.78771 1.6238 -0.49965 1.5567 -0.079523 -0.41367 -0.75957 -1.8875 -0.53161 -0.5693 1.4902 0.48515 1.9294 -0.89484 0.57697 0.085644 1.2434
-0.80591 -0.0018388 0.15548 -0.80766 0.96904 -0.30255 0.71239 0.48016 0.088118 -0.58691 0.25512 -1.4107 0.18971 -0.52818 -0.89509 -0.53599 -2.2776 0.61654 -0.91385 2.0407 0.79279 1.952 0.1221 1.1344 -0.39845 1.7546 0.14829 0.004577 -0.63212 -0.86997 -1.0091 -0.15811 0.35806 0.012719 1.7786 -0.77472 -0.52605 0.42326 0.1889
-0.71968 0.40522 0.15399 -1.009 0.13785 -0.21054 0.24484 0.36087 0.7622 0.84704 1.5692 -0.05459 0.17725 -1.0269 -0.89453 -0.66364 -2.2552 0.2447 -0.86944 1.479 1.1231 3.0912 -0.30412 0.98121 -0.42324 1.6194 0.4985 -0.039831 -0.4234 0.44964 -1.2539 0.37004 -0.74111 -0.60034 0.90363 -0.25305 -1.2257 1.218 -0.42797
-0.60465 -0.09425 -0.099281 -1.6984 0.55261 -0.60345 1.3688 1.7355 1.4652 0.44367 0.95683 -1.2929 0.71534 -0.13884 -0.8361 -0.78388 -2.0211 -0.54326 -0.16796 1.2405 0.49232 3.4419 -0.19231 0.50487 0.63618 1.3389 1.1482 -0.2445 0.056148 1.7257 -1.1654 0.70783 -0.82956 -1.1393 -0.86113 0.45495 -1.5242 1.0484 -0.71082
-0.83708 -0.06208 -0.48115 -2.4133 0.18394 -1.1275 0.8923 1.5313 2.6924 -0.064909 0.65576 -1.199 0.95635 0.41624 -0.97309 -0.48069 -0.87305 -1.0848 0.02907 0.31081 -0.14255 2.2365 0.39322 -0.73531 1.3393 1.0251 1.6207 -0.16815 0.17014 2.7562 -0.66787 0.40718 -0.16145 -1.4016 -2.8479 1.0052 -1.0739 0.65958 -0.80124
-1.3114 -0.46286 -1.3189 -2.4677 -0.17364 -1.0429 0.78321 1.8108 3.3375 -0.30972 1.3296 -0.53231 1.0585 1.0384 -1.2944 -0.53414 0.3539 -1.0346 0.13019 0.89747 -1.1702 0.51807 0.80351 -1.3287 0.74776 0.82138 1.3039 -0.019331 0.049225 3.048 0.30671 -0.18502 0.48106 -0.68674 -3.6816 0.85234 -0.0040212 -0.22943 -0.77198
-0.29556 -0.68787 -0.056818 -2.0315 -0.53105 0.026602 1.3871 0.67 3.356 0.18574 0.45055 0.78445 1.3034 1.6164 -0.97009 -0.48198 1.8646 -0.83137 -0.14674 1.3024 -1.2384 -1.5765 1.4574 -0.4468 0.79427 0.49088 0.78575 0.32979 -0.37066 2.1666 1.2682 -0.61068 0.44484 0.51826 -2.7357 0.10939 1.0066 -0.74259 -0.71779
0.048695 -0.94536 -0.25995 -1.4075 -0.81295 -0.22421 0.80124 -0.029976 2.6837 1.0326 -0.89202 0.80867 1.3481 1.8602 -0.88135 -0.70285 2.4792 -0.044156 -0.43246 1.723 -0.52569 -2.5722 1.1935 0.33598 0.4579 0.26947 0.19826 0.70854 -0.74703 0.85466 1.7557 -0.53685 -0.94991 1.3398 -0.83934 -0.8495 1.1266 -0.61888 -0.7004
0.92724 -1.2047 -0.9505 -0.70175 -1.0693 -0.53749 2.3092 -0.69514 0.80186 2.276 -0.26218 -0.42794 1.2607 1.5693 -0.61117 -1.1013 2.2361 0.96726 -0.92193 0.80159 0.71162 -2.107 0.45629 0.59946 0.038234 0.058537 -0.46685 0.79321 -0.89383 -0.64526 1.6822 0.4051 -2.1664 1.0459 1.4039 -1.5743 0.39134 -0.55819 -0.59009
1.2936 -0.96127 -1.1044 0.10312 -0.29247 -1.5633 3.0944 1.1645 -0.70753 1.899 1.2037 -0.45942 1.3836 1.4523 -0.24127 -1.6334 1.8133 1.5875 -0.56193 -0.8279 0.90086 -1.0311 -0.58015 0.57549 -0.080257 -0.17475 -0.88755 0.87688 -0.41165 -1.6136 0.93634 1.5371 -2.9201 -0.004722 2.6924 -1.2233 -0.55159 -0.22409 -0.45313
1.0798 -1.184 -1.7362 -0.18945 0.33898 -1.5096 2.5777 1.3027 0.34364 0.60021 1.6707 0.18708 1.2839 0.8821 0.090942 -1.7002 0.95406 1.7274 0.78547 -1.9092 0.42551 0.65768 -1.1593 0.2662 -0.024973 -0.30785 -0.5301 0.78113 0.21952 -1.8282 -0.186 2.3298 -2.3401 -1.2606 2.3613 -0.052096 -1.1579 -0.2834 -0.32424
0.78153 -1.2565 -2.1304 -0.24761 1.2692 -1.5574 0.88057 2.5748 1.6286 0.20299 1.1166 0.36599 1.1727 0.42516 0.29539 -1.185 0.01185 1.4598 1.9213 -2.9646 -0.39644 1.8185 -0.71815 -0.70948 0.04911 -0.33048 -0.16861 0.66427 0.60918 -1.5186 -1.1918 1.7993 -0.81126 -1.334 0.6203 1.0233 -1.0479 -0.63572 -0.27545
2.3338 -0.93686 -1.8325 0.22972 1.218 0.039897 -0.42112 0.2642 1.7911 -0.094379 -0.2889 0.6828 1.0645 1.0184 0.48038 -0.92659 -0.38487 0.67229 2.6827 -2.9758 -1.5116 1.5298 0.42256 -1.2849 -0.58188 -0.42306 0.19611 0.63354 0.70676 -0.82391 -1.8846 0.34758 1.0182 -0.62218 -1.0589 1.212 -0.22226 -0.37237 -0.4343
1.2028 -0.86416 -2.749 -0.22349 1.0665 1.1292 -0.51036 -0.17965 2.6334 0.40641 -0.3121 -0.27316 0.93799 1.0418 0.71898 -0.89249 -0.44268 -0.25363 2.2391 -1.9841 -1.1695 -0.14583 0.92873 -0.93727 -1.0405 -0.59195 -0.29072 0.70598 1.0553 -0.06549 -1.8147 -0.90216 2.1914 0.7411 -2.0375 0.43072 0.72251 0.071396 -0.74187
1.4911 -0.81453 -2.2034 -0.59926 1.048 1.3695 -0.30891 -0.2855 2.0983 1.782 -0.30775 -0.6153 0.97488 0.95993 0.98023 -0.53623 -0.4062 -1.1691 1.3752 -0.31214 -0.60698 -0.6464 0.73867 -0.11781 -0.20814 -0.9276 -1.2681 0.70344 1.7412 0.45291 -1.1732 -1.6538 2.0978 1.3818 -1.9539 -0.62184 1.0847 0.8505 -0.96387
3.0983 -0.46088 -2.4475 -0.30772 0.82795 1.5015 -0.56136 -0.12333 1.1428 2.0407 -0.032936 -1.0425 0.82886 -0.132 1.2736 0.58199 -0.10442 -1.233 0.74015 0.21266 0.83477 -1.4818 0.099745 0.25789 -0.0051253 -1.3625 -1.9536 0.45945 2.0492 0.66596 -0.30614 -1.4844 1.6726 1.176 -0.96366 -1.3007 0.55349 1.0638 -0.88855
2.0867 -0.43897 -3.1932 -0.65114 0.10984 0.91982 -0.52096 0.76606 0.14085 0.95313 0.21043 -0.81391 0.37018 -0.9337 1.4267 1.5811 0.31742 -1.1696 0.04355 0.24178 0.62784 -2.0111 -0.53858 0.45392 0.544 -1.7073 -2.1059 0.066153 1.7095 0.37923 0.51502 -0.92869 1.0503 0.38452 -0.50626 -1.1483 -0.34235 0.23198 -0.38074
2.4058 0.073707 -2.3981 -0.34595 -0.57423 0.75884 0.34955 0.92965 1.6724 0.71054 0.34112 1.138 -0.1643 -1.9197 1.2915 1.8699 0.47723 -0.85226 -0.1337 1.1771 0.88632 -1.5451 -1.3249 -0.038752 0.64074 -1.7409 -1.1967 -0.35125 0.75601 0.1285 0.75451 -0.45494 0.42164 -0.91705 -0.01264 -0.511 -0.68072 -0.58851 0.3833
1.0354 0.64862 -0.55829 0.14783 -0.18236 2.0781 -0.46862 1.0267 -0.3531 0.20739 -0.38315 -0.21292 -0.69494 -2.3587 1.0774 2.0055 0.032506 -0.31736 -0.077642 1.3591 0.23929 -1.7137 -1.1007 -0.72781 -0.087014 -1.3959 -0.23616 -0.84671 -0.24085 -0.075961 0.70815 -0.20992 -0.29901 -1.1127 0.23429 0.068981 -0.67588 -1.3865 1.1204
-0.31465 0.59978 -0.67137 -0.14479 -0.30874 1.0259 -0.19309 -0.0041882 -0.53992 0.6068 0.57796 -0.042206 -0.99532 -1.8158 0.82246 1.7721 0.28469 -0.13842 -0.10965 0.50966 -1.061 -1.6689 -0.74717 -0.64338 -0.83675 -0.84972 0.96316 -1.3837 -0.90068 -0.16977 0.28983 -0.5027 -1.2154 -1.109 0.54395 0.37272 -0.086113 -0.94243 1.6867
-0.092658 0.48477 -0.49318 -0.12801 -0.038039 1.0353 1.849 1.5132 -0.19532 -0.17976 -0.68496 -0.036716 -0.89788 -1.463 0.16669 1.1679 0.26658 -0.098489 -0.37236 -0.056554 -0.93389 -1.457 -0.65965 -0.72539 -1.412 -0.20534 1.8045 -1.3936 -1.0763 -0.084322 -0.20936 -0.46635 -1.7283 -0.39305 0.97956 0.41141 0.58273 -0.012265 1.6106
0.28795 0.72315 -0.77742 -0.66258 0.11316 1.1926 0.83135 0.24372 -1.856 0.19839 -1.2664 -1.3743 -0.81076 -0.44909 -0.68937 0.59244 0.032422 -0.36961 -0.99545 -0.63884 -1.0541 -0.51601 -0.69902 -0.24262 -0.53028 0.59424 1.6178 -0.81704 -0.95545 -0.33901 -0.57377 -0.10286 -1.6688 0.2168 1.219 0.59446 0.79144 0.67726 0.90564
-0.10744 0.68914 -0.71978 0.15812 -0.7145 0.76554 -0.55426 -1.2209 -1.4189 -0.36615 -0.17467 -1.1077 -0.81353 0.55706 -0.62026 0.57065 -0.0045643 -0.60724 -0.56873 -1.6493 -0.66172 -0.1969 -0.19199 0.31961 -0.26986 0.68053 1.1049 0.031354 -0.60538 -0.43141 -0.64374 0.24947 -0.56373 0.32045 1.1948 0.84038 0.50323 1.1181 -0.038305
-0.24344 0.30622 0.1032 0.29404 -0.58726 0.79241 -0.02848 0.34062 -0.55995 -0.35218 -0.92895 -1.0378 -0.55532 0.40034 -0.22662 0.27198 -0.23344 -1.0177 -0.19405 -2.1539 -0.70677 0.30852 0.36077 0.53453 -0.10022 0.28231 0.62495 0.70249 -0.55366 -0.55782 0.019555 0.58679 0.99677 0.70044 0.60986 0.77184 -0.12274 1.1512 -0.7257
0.0011772 -0.49722 0.20007 -0.1793 -0.61487 0.17829 -1.0578 -0.55884 -1.191 -0.7662 -0.18498 -0.40606 0.15558 0.31385 -0.019556 0.18409 -0.43213 -1.048 -0.2273 -0.47757 -0.38133 0.68638 0.70164 -0.038556 0.53554 -0.11261 0.672 0.41331 -1.4891 -0.58565 0.5017 0.34179 2.1073 0.59605 0.15026 0.31015 -0.14313 1.5605 -0.5536
1.0098 0.24706 -0.27175 -0.43397 -1.0748 0.51625 -1.3087 -0.066342 -0.84753 0.71438 0.78797 -0.53056 -0.44024 0.91531 0.23227 -0.26153 -0.82889 -0.097271 0.076898 0.81825 0.39668 0.3413 0.59222 -0.34561 1.2937 -0.26539 1.0841 -0.16884 -2.1198 -0.27712 1.045 0.38633 2.2964 0.7275 -0.080122 -0.0014522 0.39271 1.3317 0.024691
0.25686 0.77506 -0.58323 -0.57656 -1.5968 1.2851 -0.92505 -0.010249 -0.34304 0.4598 -0.90135 -1.0702 -0.91256 1.6364 -0.13481 -1.9595 -0.83552 -0.051988 0.032411 1.2002 0.13999 0.098276 0.39885 0.43337 2.0536 -0.0031525 1.2851 -0.80521 -1.9862 0.18151 1.4389 0.58153 1.0947 0.1776 -0.3986 -0.16053 1.1256 0.26419 0.85138
0.30504 0.64377 -0.36683 -0.68957 -1.5224 0.46891 0.55351 -1.2274 -1.0246 0.95467 -1.5216 -0.36155 -1.0084 1.899 -0.47491 -2.6329 -0.56624 0.58552 0.50478 1.7331 0.68517 0.41919 0.52258 1.1343 1.7175 0.27367 0.65764 -1.2467 -1.0396 0.81687 1.4168 0.6442 -0.1239 -0.58421 -0.26483 0.042236 1.2531 -1.0696 1.4117
1.4354 0.46124 -0.66634 -0.51373 0.011809 0.80658 0.70294 0.5387 -0.71735 -0.24434 -0.41382 1.5916 -0.68272 2.3834 -1.0878 -2.3569 -0.2147 1.499 0.79095 1.3102 -0.12445 -0.22016 0.39149 1.6466 0.83014 1.0987 -0.22114 -0.98313 0.37346 1.1679 1.3028 0.52116 -1.0537 -0.69751 0.13128 0.038262 0.40179 -2.2468 1.2961
2.6068 -0.71872 -3.2288 -0.86952 -0.97728 0.48658 0.6449 0.33322 -0.69041 0.16076 0.91074 2.2288 0.18402 1.8499 -1.4873 -2.019 0.43306 1.9714 1.0594 0.49268 -0.80371 -0.079675 0.70392 1.7494 -0.17472 1.6369 -1.2939 -0.38257 1.5748 1.1653 0.69237 -0.021358 -1.6873 -0.66722 0.34049 -0.21759 -1.1222 -2.2358 0.69092
2.6898 -0.62786 -3.0987 -0.90614 0.11218 1.4855 0.65132 0.51808 -0.3209 1.0734 2.0988 0.75852 0.20109 1.2135 -1.3624 -1.5796 0.9133 1.8714 0.86251 -0.36953 -0.70604 0.6185 0.40732 0.98122 -1.3634 1.5679 -2.5623 0.31353 2.6328 0.80479 0.14419 -0.72395 -1.3051 0.72306 0.67228 -0.81951 -2.4131 -1.0449 -0.26017
3.8267 -0.36952 -2.3826 -0.52981 1.0097 2.129 0.30211 -1.1782 -1.5656 1.4934 1.6826 -0.73719 0.58891 -0.10635 -1.0183 -0.087703 1.1131 1.7958 0.45491 -0.92508 -0.54556 0.72012 0.042204 -0.98253 -1.5274 1.2414 -2.6412 0.46398 2.9607 0.23479 -0.76599 -1.349 -0.39178 1.8749 0.25086 -1.5197 -2.5012 0.77114 -0.73098
1.5296 -0.92699 -2.4899 0.21593 1.1614 2.29 0.28559 -1.757 -0.38956 1.3293 0.066836 -0.9484 0.96101 -1.7625 -0.78235 1.5901 0.99434 1.8878 -0.37331 -0.68998 1.389 0.81299 -1.0949 -2.2364 -0.52569 0.84814 -2.1564 0.20608 2.509 -0.39544 -1.8718 -1.3709 0.74277 2.2262 -0.13366 -1.4502 -1.0809 2.1659 -0.79616
2.482 -1.0582 -2.6092 0.32691 1.3012 0.8409 0.21444 -0.70096 0.34823 0.42249 0.077051 -0.78554 0.8574 -1.9438 -0.97358 1.9221 0.84388 0.44533 -1.0814 -0.17067 2.4126 0.35076 -1.9264 -2.0818 0.89611 0.73141 -0.57368 0.24258 1.5154 -0.94181 -2.8839 -0.56121 1.3947 0.99123 -0.39675 -0.66973 0.83354 1.7888 -0.7189
1.6637 -1.091 -1.4532 0.28365 2.2236 1.3213 -0.75209 0.82866 0.14193 -0.41301 -1.5176 0.69158 1.0662 -2.1811 -1.0333 2.0967 0.28556 -1.181 -1.1731 0.77186 2.8783 0.50477 -1.8347 -0.82915 1.6194 0.44438 0.56756 0.72912 0.42546 -1.1332 -3.3645 0.68179 1.2436 -1.7324 -0.49949 0.86296 1.5563 0.1517 -0.85514
-0.12646 -1.6248 -1.0414 -0.18903 1.8076 0.23745 0.22502 3.0283 0.1014 -1.1097 -1.3619 1.0861 1.1916 -1.0487 -0.47731 2.4816 -0.34706 -2.42 -0.27525 1.2084 0.96257 0.010609 -1.0705 0.10552 0.86333 0.19885 1.0675 1.7226 -0.13869 -1.0872 -2.3263 1.1409 0.025119 -3.1662 0.051306 2.1114 1.5757 -1.4657 -1.355
1.0184 -1.5324 -0.4608 0.33769 0.23565 0.73651 0.72238 2.1455 -0.9136 -1.2102 -0.20665 1.0221 1.2073 -1.0819 0.2382 2.0944 -0.59345 -3.3901 0.66308 1.173 -1.8317 -0.10127 0.41879 0.028986 -0.22092 -0.36642 1.2409 2.0038 -0.78797 -1.024 -0.28986 0.86284 -1.1959 -2.8279 0.44332 1.9766 1.0216 -1.6705 -1.2871
0.2555 -1.6829 -0.02851 0.068759 -1.2306 0.83273 1.6023 1.2863 -0.090805 -0.68397 0.3602 0.99387 1.189 -0.36662 1.4014 1.6521 -0.81125 -3.0861 0.38907 -0.33418 -2.4411 0.75275 1.6777 0.89022 -1.032 -1.2116 0.37834 1.3696 -1.6069 -1.1853 1.7644 -0.23664 -1.6167 -0.46515 0.87025 1.0008 0.71476 -0.76073 -0.76827
0.92535 -1.2469 0.46358 -0.23922 -1.9944 1.9163 1.3534 -1.3896 0.18357 -0.22757 -0.39512 -0.29353 1.0833 -0.048907 1.5313 1.026 -1.4552 -1.4143 0.30841 -0.9405 -1.8586 1.0749 1.2209 0.97806 -0.67841 -1.0809 0.24142 0.54327 -2.1244 -1.0418 3.0581 -1.0524 -1.3263 1.8408 0.5213 -0.40667 0.75835 0.28423 0.0084376
0.47048 -0.50275 6.893e-05 -0.45473 -2.5862 1.719 0.76426 -2.6044 0.060816 1.1454 -1.2574 -0.60931 0.11991 -0.81506 1.268 -0.0014091 -2.1997 0.13091 -0.55703 -1.0871 -0.085646 1.2809 0.77812 1.1651 -0.38904 -0.77401 -0.15719 -0.2812 -2.3098 -0.53616 3.1083 -1.1561 -0.34479 2.4753 -0.1075 -1.2176 0.20739 0.90437 0.61808
0.48553 0.63677 0.87822 -0.77576 -1.1248 0.81571 -1.9814 0.47026 1.4057 1.7443 0.44282 -0.093004 -0.57555 -0.38107 1.2477 -1.064 -1.9064 1.1256 -1.0092 -1.2034 1.1767 0.74334 -0.026287 1.5202 0.0029843 -0.56731 -0.015031 -0.52767 -1.7368 0.40289 2.0749 -1.1086 0.3956 1.3569 -0.63655 -1.1144 -0.68159 0.71695 0.67855
0.041076 -0.65443 0.12887 -1.8381 -0.052827 0.58865 0.41157 1.4206 0.83356 -0.78951 0.91345 0.81359 0.59737 -0.52017 1.0403 -1.6348 -1.619 1.8683 -1.312 -0.9293 1.6714 0.67631 -0.40528 1.053 0.37535 -0.39243 0.28398 -0.43723 -0.67142 1.3946 0.63031 -0.51691 0.92697 -0.86811 -1.1749 -0.51443 -1.7326 0.45001 0.34604
-0.4845 -0.5202 -0.70096 -2.0927 -0.54494 0.077259 0.43371 1.2813 0.85643 0.047552 1.7442 0.18239 0.62205 -0.232 0.71003 -1.4176 -0.97048 1.8764 -1.5757 -0.21749 0.34775 -0.0016321 -0.66352 -0.45988 0.32396 -0.09079 0.32218 -0.061906 0.84277 2.1525 -0.64215 0.25318 0.33292 -2.2933 -1.157 0.51075 -2.0451 0.1156 -0.37479
0.49571 0.17153 -1.4326 -1.5971 -0.48512 0.26007 -0.098133 0.76237 0.78424 -0.29447 1.6254 0.19958 0.21328 -0.32792 0.76027 -1.0921 0.017189 1.028 -1.3123 0.31885 -1.6499 -0.88203 -0.038916 -1.6182 0.31736 -0.40849 0.64913 0.072831 1.7725 2.3846 -1.0388 0.92021 -0.059443 -1.9265 -0.78026 0.98268 -1.4651 -0.15225 -0.76486
0.084674 0.59615 -1.3422 -1.8938 0.65696 0.29911 -0.7492 -0.22723 1.3144 0.32283 -0.40948 -0.081581 -0.15655 0.16077 1.2693 0.22928 1.4201 0.27536 -0.45566 -1.1549 -2.3848 -0.97444 0.94528 -1.5952 0.25034 -1.2065 0.56699 -0.17254 1.879 1.6494 -1.0471 1.2536 -0.52912 -0.017565 -0.020795 0.94946 -0.085525 -0.18616 -0.64352
0.069522 0.54873 -0.849 -1.4997 0.6337 -1.2385 -0.30901 -1.1296 0.039104 0.33763 -2.0622 0.31405 -0.21353 0.57455 0.8785 0.84536 1.7772 0.60582 0.060323 -0.59807 -1.3496 -0.52483 0.99941 -1.5725 0.11107 -1.1587 0.54331 -0.64135 1.2867 0.68087 -1.0179 0.93324 -0.42739 1.7563 0.64594 0.36248 1.5928 -0.50285 0.040357
-0.44969 0.85463 -0.45024 -1.0337 0.35136 -0.87686 -0.43522 -0.89309 -0.302 0.799 -0.65324 1.0393 -0.58555 0.44379 0.33851 1.1165 1.3251 0.0078667 0.35943 -0.86611 0.1546 -0.23616 0.95219 -0.68409 0.060253 -0.82924 0.18355 -0.79859 0.1787 -0.39745 -0.95641 0.37612 0.27588 2.2188 0.91769 -0.25004 2.0588 -0.73391 0.63485
0.5027 0.6313 0.23485 -0.065571 -0.40034 0.75658 -1.2712 -1.6683 -0.43886 0.74178 -0.0039143 0.76325 -0.84283 0.61028 0.091163 0.85927 1.3751 -0.85952 0.23941 -0.72264 1.0745 0.1253 0.78111 1.3645 -0.56862 -0.52383 -0.097445 -0.36667 -0.32271 -0.77611 -0.80041 -0.29283 0.59853 1.7314 0.4972 -0.67288 0.96995 -0.87208 0.65238
0.93711 0.69662 -0.40122 -0.25881 0.87481 0.29639 -0.086255 0.21215 0.93159 1.5699 -0.78108 -0.32424 -0.82403 0.50394 0.25273 0.54487 0.85491 -0.89033 0.26238 -0.53789 1.4497 0.66077 0.50946 1.3852 -0.83893 -0.41893 -0.53178 0.11169 -0.45665 -0.82949 0.1288 -0.74803 1.5152 1.022 -0.20551 -1.1141 -0.56336 -0.8098 0.44262
0.74506 0.6936 -0.16633 -0.82178 -0.27099 0.40762 -1.9631 1.0181 0.5708 0.99884 -0.46388 0.33898 -0.7738 0.34419 0.26857 0.51589 0.51688 -0.5317 -0.46643 0.45864 1.9401 0.083607 -0.26887 -0.51962 -1.1364 -0.22847 -0.86294 0.33456 -0.11465 -0.81093 0.65995 -0.44333 1.3922 -0.52559 -1.031 -1.1266 -1.5477 -0.10078 0.24179
0.49839 0.71401 -0.076951 -0.17252 -0.87212 -0.64049 -1.2141 0.34785 0.73601 1.4768 1.625 -0.94462 -0.74167 -0.49109 0.4358 0.42238 0.15595 0.11424 -0.80391 1.6564 2.0445 -0.66809 -0.99823 -0.97962 -1.2321 -0.20552 -0.91463 0.27309 0.16106 -0.45162 0.66944 0.01511 1.2675 -1.375 -1.2225 -1.1132 -1.2517 0.43572 0.13591
0.45035 1.0806 0.13925 -0.30877 -0.62156 -0.68074 -0.63387 0.34124 0.40553 1.0046 -0.32278 -0.13679 -0.96322 -0.62166 0.57643 0.69438 0.16203 -0.030078 -0.11383 1.0395 -0.42211 -1.4365 -0.96842 -0.82525 -0.57329 -0.20768 -0.84472 -0.10217 0.16154 -0.51884 0.035749 1.0349 0.34223 -1.6453 -0.44159 -0.57019 -0.25272 1.2033 0.18377
0.47556 1.0373 0.55041 0.015831 -0.13113 -0.59752 0.47228 1.9853 -0.70649 0.0047695 -2.5156 -0.74438 -0.98703 -0.84586 0.56781 0.74519 0.16177 0.20955 0.14737 1.7735 -0.50158 -1.2169 -1.6141 -1.1923 -0.28133 -0.19022 -0.45319 -0.98932 -0.26043 -0.83197 -0.68629 1.2528 -0.6718 -1.121 0.81408 0.34993 0.96197 1.4351 0.58024
-0.17492 1.0707 0.35521 -0.14075 0.64372 -0.012194 1.3111 1.8661 -0.89387 -0.60468 -1.2247 -1.606 -1.0799 -1.1715 0.01356 0.64494 -0.48604 -0.49501 1.2273 1.0918 -0.53437 -0.60196 -1.2211 -0.97721 0.71592 0.08605 0.033703 -1.6814 -0.72139 -1.1711 -0.86133 0.71088 -1.1844 0.034771 1.7794 1.3298 1.9269 1.1428 1.0333
0.18879 1.3915 0.44653 -0.48596 -0.053592 0.34011 -0.69081 -1.7876 -0.94634 0.81268 -0.86902 -0.40587 -0.95134 -1.1271 -1.0274 -0.051703 -1.1231 -1.0119 1.1454 0.22855 -0.45356 0.65233 -0.076416 1.1666 0.90049 0.65785 0.83025 -1.6181 -0.65889 -1.0204 -0.81765 -0.27277 -1.9451 0.19804 1.652 2.0044 2.1294 0.70492 1.1753
-0.69995 1.2834 0.9196 -0.37963 -0.76514 -0.12089 0.67613 0.87153 -0.71438 -1.8775 -1.3196 -0.17888 -0.9738 -0.41934 -1.5842 -0.26815 -1.4516 -1.1277 0.88672 -0.64792 -0.37005 1.4405 1.2473 2.1581 1.0463 1.1648 1.4304 -0.62002 -0.44647 -0.07198 0.085934 -1.3245 -1.434 0.54699 0.83877 1.4859 1.3551 -0.087831 0.57948
-1.2115 0.47977 0.74242 -0.81266 -1.9311 1.378 0.54732 0.1185 0.10956 0.20976 -0.58397 0.58713 -0.5791 0.43097 -1.4806 -0.042336 -1.3213 -1.0951 -0.21615 -1.3869 -0.13609 1.2997 1.6434 1.8418 0.91474 1.3133 1.6043 0.87715 -0.16356 0.9237 0.91621 -1.3428 -0.70314 0.31977 -0.35699 0.49304 -0.22181 -0.54119 -0.50358
-0.72516 -0.5137 -0.27522 -1.6562 -1.2561 0.56417 0.015227 0.96007 1.1776 1.1007 1.0235 0.53554 0.027143 0.90135 -0.85694 -0.2065 -0.52634 -0.26874 -0.79984 -1.0756 0.54868 0.86509 1.2523 1.6079 0.53264 0.76723 0.82283 2.0208 0.11033 1.6841 1.3007 -0.93019 0.35932 0.079257 -1.4038 -1.1019 -1.2176 -0.86095 -1.5276
0.38259 -0.5213 0.33772 -1.4245 -0.80638 0.63351 -0.37552 1.1789 0.71404 2.0316 0.77168 -0.13622 0.45059 1.4118 0.13721 -0.40013 0.19237 0.40247 -0.75703 -1.024 -0.18824 0.16182 1.0363 0.94474 0.10195 -0.014091 -0.47371 2.2928 0.43872 2.0731 1.11 0.055166 1.2422 -0.23375 -1.6629 -1.8272 -1.625 -0.70239 -1.9528
0.63826 0.21665 0.74655 -1.419 -1.1843 -0.88122 -1.4841 -0.40588 0.20455 1.4965 1.0547 0.044178 0.24519 0.72836 1.1406 0.10541 1.0341 0.7357 -0.73565 -0.1024 -0.16666 -1.0178 -0.89718 -0.049704 -0.22279 -0.81943 -1.4279 1.5258 0.43632 1.4333 0.49938 0.49197 1.5051 -0.5254 -1.1496 -1.638 -1.5519 -0.5786 -1.5415
0.72849 0.85485 0.28663 -0.51489 -0.76336 -0.62344 -1.1137 -0.060807 0.095341 0.93067 0.71287 0.8868 -0.5933 -0.43448 1.5313 0.6106 1.89 0.63364 -0.10415 0.67602 -0.31344 -1.3426 -1.3504 -0.86922 -0.075526 -1.2791 -1.6663 0.099706 0.20034 0.46624 0.025959 0.67574 1.3341 0.024165 -0.20874 -0.6739 -1.217 -0.40327 -0.58998
0.63231 1.0364 0.082658 -0.31401 -0.65556 0.070032 0.2178 1.0678 -0.1109 -0.030308 -0.1021 0.0071946 -1.0675 -1.0336 1.1117 0.092539 1.3843 0.62651 -0.079222 1.1668 -0.58748 -0.86371 -1.2001 -0.86637 -0.50653 -1.2723 -1.3719 -1.1537 0.0015434 -0.71968 -0.17533 0.1995 0.98327 -0.13643 1.1425 0.64491 -0.5025 -0.48985 0.74991
-0.64708 1.0791 0.73901 -0.18126 -0.67605 0.54789 0.47124 0.12839 -1.2161 -0.81651 -0.0069701 0.082862 -1.1238 -1.0415 0.31665 -0.030666 0.91434 0.52184 0.34171 1.0809 0.074105 -0.37495 -0.30416 -1.302 -0.54407 -0.80831 -0.8725 -1.5189 -0.46034 -1.7569 0.03297 -0.53767 0.5666 -0.22931 1.9215 1.2859 0.15638 -0.079722 1.6122
-0.99641 0.95596 0.91433 0.48737 -0.081564 0.10345 0.28296 0.51753 -0.55396 0.28123 -0.14828 0.22079 -1.0168 -1.7143 -0.28501 0.41724 0.13514 0.45413 -0.5161 1.7103 -0.67398 0.94157 0.034193 -0.93893 -0.94431 0.24987 -0.099241 -1.1939 -0.5868 -2.1086 0.1852 -1.2915 0.27786 -0.16612 1.9603 1.3933 0.54949 0.58292 1.9811
-0.33969 0.94938 0.26729 -0.35884 -0.14918 -0.55971 0.31791 -0.74911 -0.38647 0.55505 -0.25624 -1.1459 -1.0489 -1.8427 -0.44356 -0.42447 -0.86968 0.79862 -0.96712 1.5592 -0.79511 1.8715 0.91897 -0.50973 -0.017064 0.76106 0.66324 -0.71861 -0.83738 -2.2225 0.17629 -1.4755 -0.13992 -0.14156 1.1384 0.57517 0.95895 1.1545 1.7949
-0.39468 0.75682 0.42625 -0.17216 -0.60164 -0.16276 -0.23551 0.43 -0.26755 0.90891 -1.355 0.082926 -1.0684 -0.83689 -0.61151 -0.81979 -1.7853 0.87112 -2.0646 1.4864 -0.53399 2.2132 1.3147 -0.086808 0.3546 1.3843 1.4796 -0.47767 -0.75486 -1.6247 0.064108 -0.66336 -0.83725 0.66962 -0.27552 -0.29774 1.0255 1.491 1.1985
-2.4494 0.55455 1.0611 -0.3081 0.054556 -1.1986 2.7472 -0.78103 1.9515 -0.080614 -0.60544 -0.90832 -0.1264 -0.16096 -0.79006 -0.99007 -2.4065 0.67854 -1.9041 0.88915 -0.32112 1.4237 0.35426 0.33558 1.0395 1.7427 1.7155 -0.44194 -0.35646 -0.79034 -0.32612 0.32931 -1.3205 0.83166 -1.3371 -1.4478 1.2329 0.6441 0.617
-2.4076 0.63103 -0.81861 -1.5416 0.84356 -0.7605 2.073 0.0011448 1.8076 1.4501 -0.55112 0.6657 -0.21353 0.39488 -0.95922 -0.72352 -2.2262 0.65518 -1.3888 0.30209 0.60989 0.5623 -0.33498 0.84635 1.413 1.8423 1.5457 -0.41441 -0.16858 0.20012 -0.82923 1.6627 -1.8728 0.78802 -1.7973 -2.0629 1.2405 0.045972 -0.21841
-0.84321 0.2971 -0.015858 -1.9942 0.61699 -3.1414 1.5195 -0.64935 1.3266 1.7393 0.099746 0.50296 0.76691 0.96278 -1.0545 -1.151 -2.1721 0.26777 -0.59421 -0.58935 0.52258 -0.18695 -1.477 1.6816 0.69702 1.6061 1.1888 -0.29169 0.29178 1.3843 -1.2483 2.2959 -1.4094 0.4704 -1.0915 -1.9952 0.68133 -0.43469 -0.76178
-0.35095 -0.025843 -0.47053 -2.2114 0.4657 -2.1042 0.54636 -0.074394 0.72797 0.14603 0.038965 1.2788 0.9299 1.6834 -1.2158 -1.0663 -1.5179 -0.56769 0.74767 -1.6552 0.83448 -0.85401 -2.3648 1.9144 0.60918 1.0768 0.56846 0.00028323 0.38871 2.1466 -1.4969 2.5778 -0.4511 0.031799 -0.0060436 -1.0792 -0.49141 -0.1141 -1.1995
-0.049233 -0.21265 -0.22752 -2.3646 0.43843 -1.6215 0.84327 0.90536 0.33103 -0.3506 0.4458 0.78625 0.96012 1.564 -1.1831 -0.28462 -0.095423 -1.1917 1.8037 -1.0565 0.63407 -0.22433 -3.0747 1.2632 0.5926 0.80666 0.14835 0.31348 0.77881 2.6283 -1.4266 1.7015 0.57104 -0.57232 0.77205 0.62883 -1.5878 0.18843 -1.2971
-0.58274 -0.4576 -1.1435 -2.4095 -0.12591 -0.70283 0.36303 0.50259 0.65564 -2.0052 1.5334 0.32245 0.99818 1.2242 -0.90428 -0.44137 0.8686 -1.5935 2.7711 -0.41035 0.62345 0.55676 -1.9336 -0.026038 1.2381 0.16352 0.02965 0.76709 0.86341 2.4201 -0.91636 0.25411 0.89399 -1.1611 0.78741 2.2573 -1.9025 -0.29045 -1.2814
-0.25623 -0.7912 -0.79394 -2.2826 -0.53373 -0.085807 0.76045 0.21834 1.0298 -2.7246 2.2106 0.60018 1.1273 1.4831 -0.67044 -0.018494 1.6957 -2.0572 1.9415 -0.04771 -0.67745 0.75505 -0.27406 -0.8074 0.74215 -0.18513 -0.093071 1.3685 0.89972 1.4313 -0.16649 -0.96605 0.36275 -1.1057 -0.4729 3.3275 -1.4199 -0.82347 -1.427
0.6914 -0.6808 -0.64311 -1.4483 -0.90525 0.69719 0.50827 0.6452 1.4282 -2.1926 0.36778 2.2561 1.1153 1.7775 -0.13687 0.40386 2.2465 -1.9533 1.2341 -0.32886 -1.1553 0.33669 1.2916 -1.1921 -0.0347 -0.64783 -0.84891 1.7966 1.0924 0.36356 0.83612 -1.6456 -0.17533 -0.62481 -1.5076 2.8709 -0.23309 -1.5423 -1.4401
1.2006 -0.74201 -0.59528 -0.99305 -1.7718 0.55179 0.75771 0.49162 1.7872 -0.52711 -0.84632 2.716 0.90814 1.0958 0.82306 0.9639 1.9712 -1.3317 0.60518 -0.36319 -0.99588 -1.1415 2.7604 -1.249 -0.37378 -1.2609 -2.0413 1.8662 0.82775 -0.60231 1.7218 -1.5121 -0.17813 0.20135 -1.8234 1.2694 0.64412 -2.0405 -1.2699
1.6273 -0.83717 -0.42359 -0.44867 -2.4823 0.24287 0.47937 -1.2916 1.1072 -0.3363 -0.64541 1.0238 0.55689 -0.28358 1.4896 1.099 1.4301 -0.27252 0.067507 -0.62933 -0.64235 -1.7451 2.9768 -0.32663 -1.2007 -1.7946 -2.4935 1.3755 0.5072 -1.1405 2.0736 -1.0614 0.26499 0.63741 -1.0839 -0.66375 1.1278 -1.865 -0.61217
1.8721 -0.23353 0.045675 -0.13151 -2.0228 0.25463 0.11795 -0.47718 0.44153 0.87241 0.098931 -0.47489 0.044121 -1.5697 1.7789 1.1705 0.94307 0.55607 -0.57098 -0.27999 -0.47873 -2.1327 1.733 0.14082 -2.6379 -1.8125 -1.9613 0.42629 0.01868 -1.1406 1.7641 -0.5306 0.42552 1.0017 0.40835 -2.0453 0.83806 -0.8595 0.35127
0.07516 0.73029 0.17111 -0.6926 -1.6389 0.56862 0.082354 -0.5281 -1.5151 1.5459 0.32969 0.59151 -0.58867 -1.8764 1.7873 1.2376 0.56338 1.2597 -0.34183 0.1618 0.033729 -1.5076 0.33603 0.54284 -2.5254 -1.4312 -0.81741 -0.5363 -0.29554 -0.85122 0.95784 0.076246 0.42341 0.90951 1.3622 -2.5464 -0.16643 0.61857 1.1253
-0.69873 0.83164 0.66929 -0.54476 -0.58388 0.27278 -0.0034566 -0.045472 -0.59065 1.4003 1.0915 0.037036 -0.99873 -2.0313 1.4118 0.91789 0.20725 1.4405 -0.25693 0.1049 0.94277 -0.39424 -0.47509 0.11777 -1.3841 -0.82972 0.78491 -1.2269 -0.51728 -0.49671 0.07942 0.6324 -0.00058153 0.76811 1.9177 -1.9389 -0.47392 1.7832 1.37
-0.96876 1.0127 0.67915 0.0028974 -0.71705 -0.44466 0.59901 -0.26335 -1.0178 0.014954 -1.0042 -1.8146 -0.81701 -1.6913 0.72279 0.66086 0.15793 1.2123 0.098157 0.03754 0.7137 0.301 -1.5945 -0.69194 -0.63381 -0.32985 1.8783 -1.3984 -0.90606 -0.2004 -0.74399 0.68603 -0.27309 -0.016273 1.5753 -0.70954 -0.43878 1.8388 1.1509
-0.32661 0.95025 0.96043 -0.15803 -0.56706 0.2848 1.0698 -0.23226 0.052465 -0.14599 0.23089 -1.3075 -0.66005 -0.099957 0.1499 0.47959 0.18838 0.75136 0.54637 -0.23383 0.9263 1.0717 -1.6199 -0.28544 -0.13137 0.017721 2.3844 -1.245 -1.274 0.077888 -0.96369 0.2937 -0.35204 -0.58167 0.85591 0.51947 0.080246 1.679 0.69628
-1.0127 0.86969 0.65202 -0.29333 -0.48772 0.026456 -0.092004 0.54496 0.21636 -0.28851 -0.096813 -0.77218 -0.54033 0.90444 -0.043672 -0.24966 0.18607 0.13033 0.70475 -0.24738 0.0018734 1.1326 -0.66313 -0.223 0.40844 0.1457 2.1008 -1.0195 -1.6561 0.25081 -0.92355 -0.64028 -0.17142 -0.586 -0.030932 1.0303 0.25884 1.6687 0.45479
-1.2365 0.95718 0.96505 -0.24419 -0.042336 0.85276 -0.025431 0.45822 -0.34359 -1.1979 -0.99885 -0.5666 -0.75569 1.4283 -0.39801 -1.0213 0.34237 0.06854 0.076968 -0.49416 -0.028141 1.0175 0.23347 0.041413 1.345 0.14413 1.2151 -1.0167 -1.8343 0.30065 -0.77758 -1.3826 0.5907 -0.68953 -0.56606 0.73776 0.23531 1.4325 0.48495
0.22058 0.96403 0.95487 -0.45806 -0.371 1.2436 -0.12763 0.91884 0.23071 -0.49011 0.68604 0.3386 -0.81056 1.7355 -0.80075 -1.6979 0.56314 -0.279 -0.96066 -0.20095 -0.14576 0.25041 -0.20565 -0.30996 1.8583 0.39947 0.45279 -1.0882 -1.3507 0.12099 -0.58748 -1.6553 0.94981 -0.36957 -0.75721 0.1265 0.35325 0.88345 0.70773
0.78166 0.77559 -0.013165 0.12335 -0.69633 0.52217 0.36348 -1.0277 1.1682 0.49812 -0.21666 -0.72724 -0.68582 1.9062 -1.2642 -2.2388 0.57804 -0.58497 -1.449 0.94761 -0.57218 0.2855 -0.18672 0.25242 1.916 0.7357 -0.43403 -0.79921 -0.49069 -0.27294 -0.47986 -0.91801 1.0859 -0.15953 -0.89213 -0.24609 0.55571 0.20002 0.6476
0.99749 0.35997 -0.82429 0.4783 -0.51713 -0.81415 0.096203 0.11291 0.43316 0.19961 -0.95039 0.47363 -0.42753 1.5644 -1.5286 -2.179 0.30042 -0.70402 -1.9241 0.97775 -0.57022 -0.1394 -0.15675 0.42164 1.8304 1.0814 -1.1706 0.12402 0.86074 -0.61618 -0.089187 0.47718 0.45539 0.35153 -0.84697 -0.16807 0.86905 -0.24804 -0.039528
1.4491 -0.12765 -1.1438 0.20293 -0.9671 -1.1141 0.4268 0.26514 -0.12654 -1.5362 -0.2519 2.1265 0.028409 0.64121 -1.4454 -1.7103 -0.052717 -0.66498 -1.309 1.1434 -0.18202 -0.71546 -0.32712 0.86482 1.741 0.93029 -1.6911 1.3202 2.232 -0.6315 0.5093 1.8613 -0.4797 0.23275 -0.8876 -0.027002 0.40846 -1.1054 -0.9712
1.0999 -0.5361 -1.8531 0.12066 -1.1559 -1.1114 1.485 -0.2736 0.55275 -0.74724 0.45208 1.7295 0.26086 0.02392 -0.50253 -0.364 -0.30896 -0.40432 -0.01419 0.62647 0.45612 -1.08 -0.49729 1.2525 1.4589 0.23681 -1.9638 2.1461 2.7744 -0.18883 0.91674 2.3216 -1.0541 -0.096366 -0.41646 0.33058 -0.23029 -2.0642 -1.6572
1.3687 -0.55822 -1.1697 -0.12254 -1.0329 -1.2034 0.89291 -0.38942 -0.53646 -0.73131 0.059181 1.7027 0.4269 -0.70742 0.52799 1.0166 -0.33425 0.29585 1.4739 0.11818 -0.55872 -1.1624 -0.063118 0.70684 -0.047715 -0.52426 -1.4623 2.3063 2.5661 0.24696 0.75941 1.4549 -1.1571 -0.22243 -0.11907 0.36706 -0.87621 -2.5831 -1.6056
1.1891 -0.51163 -1.3705 -0.26445 -1.449 -0.3365 1.4087 0.25715 -0.38173 -0.14377 1.9435 2.2447 0.054399 -1.6899 1.238 1.635 0.076709 0.66046 1.5137 -0.70045 -0.60424 -0.82192 0.46346 -0.014688 -1.2842 -1.0641 -0.96635 1.4226 1.3787 0.46626 0.30238 0.10206 -0.76383 -0.09212 0.51271 0.53788 -0.89296 -2.2994 -0.89495
0.72405 0.5703 -0.36781 0.18504 -0.97573 0.22906 0.63161 0.12105 -0.68303 -0.73562 0.55031 1.5373 -0.6745 -1.4286 1.7186 2.0781 0.22924 0.33312 0.96459 -0.59654 -0.16111 -1.1116 0.02622 -0.41762 -1.9027 -1.2024 -0.2719 0.011051 0.073158 0.55206 -0.24933 -1.0126 -0.17843 0.43395 0.89171 0.29869 -0.47836 -1.4233 0.14312
-0.10578 0.8515 0.55117 0.03196 0.25587 1.2745 0.24759 -1.1545 -1.6013 -0.69509 -0.43658 0.57688 -0.92908 -1.5515 1.3868 1.6723 0.30643 0.19421 0.48151 -0.60779 0.044606 -0.015134 0.6734 -0.13763 -2.0788 -0.97402 0.37762 -1.3495 -0.99845 0.35561 -0.66958 -1.3095 0.40676 0.56255 1.1959 -0.04073 -0.021571 -0.35553 0.97727
-1.2388 0.84169 0.28548 0.29854 -0.42871 0.14714 -0.067235 -0.6036 -0.59075 -0.47463 0.064335 0.023962 -0.91719 -1.3254 0.46312 1.1231 0.61326 0.043621 -0.073274 -0.31129 0.10138 0.33872 0.51288 -0.28498 -2.4165 -0.31766 0.62906 -2.0524 -1.5256 0.28282 -0.74605 -1.2831 0.29439 0.3827 1.42 -0.37495 0.12643 0.66651 1.285
0.13494 1.2304 0.72813 0.14945 -1.3727 -0.41758 1.3179 0.020334 -1.6069 -0.68154 0.20347 -0.92641 -0.89481 -0.99276 -0.5104 0.23335 0.56873 -0.51996 -0.64424 -0.018145 0.5417 1.011 0.1428 -0.1437 -1.7226 0.19282 1.0215 -1.857 -1.1903 0.37424 -0.23291 -0.66151 0.31631 0.13159 0.79671 -0.70981 -0.10586 1.3628 1.1205
-0.67809 0.7341 0.58784 0.1083 -0.82771 -0.044879 -0.030751 0.13925 0.12009 1.1353 0.98615 -0.40954 -0.78742 -0.45699 -0.94163 -0.067579 0.64193 -0.78778 -1.0949 -0.29839 0.45824 1.4148 -0.5325 -0.15631 -0.79405 0.44746 0.84618 -1.1716 -0.77221 0.4064 0.71236 -0.13091 0.047121 -0.20074 0.2914 -0.62818 -0.38708 1.6322 0.6529
-0.86548 0.098576 0.20168 0.83392 -0.90885 0.2768 0.88071 0.10647 -0.24667 -0.18296 0.7059 -1.4542 -0.51235 0.049249 -1.177 0.029542 1.012 0.15737 -0.34508 0.023976 0.16259 1.1472 -0.37606 -0.44744 -0.25293 0.59129 0.97977 -0.25215 -0.36521 0.39721 1.5005 0.14792 -0.025088 -0.57247 -0.608 -0.3938 -0.55185 1.3297 0.31875
-1.1376 0.16375 0.24026 0.72157 -1.2518 -0.42094 0.18202 0.24618 0.36172 -1.2829 -0.9276 -0.88613 -0.6171 -0.16165 -1.2679 -0.23097 1.1735 1.1414 -0.46341 -0.24984 -0.16896 0.88536 -0.61748 -0.98844 0.0082213 0.61944 0.938 -0.021424 -0.43282 -0.022483 1.8281 0.43659 -0.39961 -0.43427 -1.2193 0.3179 -0.096427 1.1376 0.35964
-0.84869 -0.056536 0.62648 0.65879 -1.1446 -0.94077 -0.35943 -0.71836 0.40584 -1.6007 -0.38074 -0.45342 -0.3748 0.81117 -0.7993 -0.37974 1.0671 1.5269 -0.62417 -0.10898 -0.45059 -0.041799 -0.68085 -0.94029 0.44914 0.66325 0.51447 -0.28419 -0.61098 -0.60958 1.3624 0.22469 -0.66622 -0.03216 -1.3089 0.59018 0.9853 0.92701 0.71325
-0.33113 -0.28025 0.53442 1.545 -0.084778 -0.10509 1.0505 0.23979 0.479 0.038737 -0.015353 -0.71644 -0.1545 1.0302 -1.1779 -0.68418 0.57026 2.1937 -0.022826 -1.0716 -0.22654 -0.62139 0.3438 -0.13491 1.0552 1.0389 0.094805 -0.43929 -0.3842 -0.84352 0.50499 0.38125 -0.6027 0.4976 -0.874 0.73849 1.8373 0.68673 1.0616
-0.46467 -0.37875 0.16268 1.3256 0.80288 -0.95614 0.52278 -0.10828 -0.16216 -0.95863 -1.1171 -1.0462 -0.14082 0.47543 -1.7302 -0.89831 0.13883 2.3667 -0.070836 -0.95524 0.11513 -0.92256 0.47551 1.2466 1.0155 1.6227 -0.67532 -0.43905 0.18295 -0.79426 -0.44333 0.28476 -0.72245 0.60839 0.08368 0.44502 1.8267 0.29971 1.0388
0.55176 -0.27524 -0.24335 1.3938 1.111 -0.66352 -0.28214 -0.66619 -0.16495 -0.41981 -0.34238 0.27254 0.11907 0.18999 -1.5826 -0.70199 0.012306 1.7435 0.078093 -1.0857 0.67757 -0.56319 0.46789 1.8865 1.051 1.9854 -0.98088 0.088429 0.73554 -0.38509 -1.428 -0.091478 -0.19433 0.17004 0.71866 -0.043551 1.144 -0.1187 0.48942
0.12541 -1.6731 -0.69371 1.174 1.8519 0.42038 -1.2665 0.049259 -1.203 -0.1626 0.17241 0.35809 0.96973 -0.12339 -1.3767 -0.040337 -0.18435 0.8789 -0.055924 -1.6081 0.47889 0.097621 0.26499 1.9944 1.0267 1.996 -0.97847 0.66869 1.1326 0.10188 -1.6314 -0.31843 0.2604 -0.42976 0.70838 -0.17085 -0.055282 -0.62732 -0.38048
-1.0501 -1.9474 -0.42409 0.6772 1.7307 -1.2703 -0.69439 0.31949 -0.52711 -0.96517 1.5989 0.54022 1.6002 -0.63545 -1.2094 0.25089 -0.010584 0.096755 -0.18932 -1.1611 -0.024495 0.4012 0.36541 1.9562 0.8136 1.7048 -0.60443 1.0962 0.90246 0.4653 -1.2538 -0.40108 1.0044 -0.97118 0.082172 -0.11997 -0.93959 -1.0267 -1.1449
-0.15939 -1.4295 0.14269 1.3131 1.257 -0.42592 -0.79101 0.6857 0.057986 -0.091336 2.3702 0.61824 2.0072 -1.0721 -0.75402 0.73196 0.34566 -0.057022 -0.56533 -0.39474 -0.51494 0.10586 0.15871 1.076 -0.088178 1.1059 0.2913 1.1992 0.0052334 0.42332 -0.7711 0.020432 1.5071 -1.0783 -0.8759 0.31173 -1.5464 -1.184 -1.5126
-0.27971 -1.5596 0.53255 1.4702 1.4013 -0.35182 -1.1923 0.45832 0.57779 0.26432 1.5175 0.40701 1.8626 -0.54871 0.018499 0.58813 0.64257 -0.28115 -0.46626 0.36627 -1.0388 -0.40203 0.26667 0.29222 -0.38846 0.44675 1.2692 0.97062 -0.652 -0.11233 -0.42513 0.56769 1.6476 -0.92538 -1.472 0.49191 -2.079 -0.9148 -1.4722
-1.2149 -1.8334 -0.1222 1.2131 1.0244 -1.2684 -1.374 -1.0915 -0.26812 -0.57721 1.3275 0.61582 1.7182 0.40951 0.1023 -0.21086 0.30352 -0.46018 0.15484 0.72468 -1.4711 -1.3938 1.0245 -0.5431 -0.67424 0.0032479 1.9339 0.87521 -1.1627 -0.5866 -0.49381 1.2379 1.633 -0.75659 -1.4793 0.59594 -1.7155 -0.44315 -1.3735
-1.1664 -1.6899 0.53701 1.7173 1.6395 -1.0508 -0.82749 -1.043 -1.0131 -0.18451 1.3087 -0.064634 1.7159 1.1535 0.054574 -0.5089 -0.20666 -0.53834 0.65417 1.6658 -1.6554 -2.0226 1.0452 -1.7588 -0.67329 -0.29569 1.5098 1.3576 -0.35296 -0.92375 -0.52232 1.4345 0.81929 0.31305 -0.22767 0.28438 -1.0745 -0.14428 -1.6167
-0.65484 -1.6819 -0.055615 1.6521 1.3476 -0.4359 -0.21531 -0.68356 -1.7724 0.10489 1.3063 -0.12962 1.8693 1.9344 0.75279 -0.90595 -0.36024 -0.90233 1.4635 2.3119 -1.9315 -2.2732 1.1145 -1.6347 -0.811 -0.90339 0.32096 1.9701 0.60521 -0.78863 -0.546 0.97679 -0.56287 1.1704 1.1161 -0.79852 -0.59345 0.32163 -1.97
0.46282 -1.5534 -0.71233 0.90836 0.54121 -0.66625 0.29891 -1.4437 -2.0154 1.4853 1.0509 -0.34481 1.7447 1.6993 2.064 0.26382 -0.80536 -1.091 1.8749 1.2492 -0.099209 -0.46267 0.87066 -1.508 -0.60571 -1.9024 -0.67999 2.1464 1.0851 -0.71103 -0.25057 0.13439 -1.7681 1.667 2.0799 -1.11 0.16472 0.38 -1.9607
1.6738 -1.3896 -0.068896 1.18 0.49532 0.96003 1.2455 -1.7607 -2.369 1.3483 -1.4325 -0.17073 1.4482 0.77214 2.5423 0.52308 -0.91672 -1.2621 1.5938 -0.24382 0.41127 0.21272 -0.65861 -1.9713 -0.090116 -2.609 -1.61 1.322 1.0732 -0.58488 0.090189 -0.74184 -2.045 1.9168 2.5148 -1.3709 0.35037 0.11622 -1.2051
1.475 -0.52261 -0.90567 1.1294 0.065086 1.254 1.4197 -3.1426 -2.9099 1.0702 -0.39227 -0.82668 0.2446 0.37059 2.9138 0.79448 -1.2986 -0.8463 0.89691 -0.72126 0.96392 1.1916 -0.53443 -1.2492 -0.30262 -2.8424 -1.6516 -0.068115 0.26463 -0.30929 0.2707 -1.4218 -1.3971 1.1799 1.6271 -1.0468 0.6496 -0.084537 0.074497
-0.042875 1.0803 1.3813 0.34392 -0.12584 0.84698 -0.79108 0.48281 0.056404 0.23697 -0.17003 -0.24763 -0.92375 -0.62318 2.6363 0.82436 -1.2408 -0.83153 0.44898 -0.93942 1.8961 2.2911 -1.232 -1.0202 -0.74299 -2.5216 -1.0246 -1.3195 -0.19976 0.18585 0.48182 -1.2279 -0.28523 0.51953 0.81011 -0.11802 0.95211 0.093068 1.3976
-0.2313 0.79381 0.70303 0.9006 -0.092587 0.95779 -1.2926 -0.32538 -1.5497 -1.713 -1.8354 -0.039496 -1.0818 -0.90806 1.8878 0.59644 -1.2398 -0.75237 -0.46179 -1.3019 1.8406 1.9824 -1.1678 -0.59073 -0.44904 -1.8136 -0.35066 -2.3403 -0.93619 0.84692 0.49768 -0.58951 0.7493 -0.86739 -0.61444 0.30141 0.92919 0.59202 2.1596
1.182 1.2818 0.12363 -0.35336 0.049525 0.50255 0.07607 -0.042724 -0.29919 1.3247 -0.14001 -1.0043 -1.0769 -0.64098 0.73162 0.23678 -0.58902 -0.33328 -0.23515 -0.55711 1.1522 1.5465 -0.59195 -0.25172 0.15776 -0.69469 0.22401 -2.886 -0.6202 1.4116 0.44615 -0.38553 1.503 -1.7493 -1.4122 1.0021 0.96388 0.6603 2.428
-0.013122 1.0684 0.28948 -0.18048 -1.0031 0.74363 0.089474 0.6391 1.2233 -0.5162 -1.7532 -1.7484 -1.1168 -0.32663 -0.24748 -0.67445 0.0057552 -0.087974 0.050405 0.61966 -0.64123 0.23258 -0.1674 0.3657 0.38931 -0.0046227 0.17838 -2.9393 -0.18749 1.7671 -0.036734 -0.68925 1.5613 -1.8598 -1.3358 1.0472 0.59541 0.29776 2.2812
0.2617 0.94787 0.76083 0.10023 -0.56509 0.43408 -0.78867 -0.060521 -0.63012 -0.74857 -1.9716 -0.33335 -1.1808 -0.47203 -1.3666 0.2881 0.85404 -0.25925 -0.57403 1.1878 -0.84718 0.12074 0.52032 0.57592 0.11256 0.79096 -0.079554 -1.9151 0.23815 1.1299 -0.15533 -1.232 0.71052 -1.2282 -0.7378 1.4655 0.51119 -0.29137 1.4867
-0.21226 0.81359 0.12858 0.61571 -0.09964 1.1141 -0.15652 -0.5569 0.016006 -0.091562 0.12412 0.14894 -0.9483 -0.64183 -2.2271 0.20841 1.4411 -0.84989 -1.6871 1.034 -1.3953 -0.18586 0.62944 0.27075 0.14519 1.4058 -0.37919 -0.59461 0.43833 0.21295 -0.06946 -1.273 -0.19088 -0.30857 0.43138 1.2041 0.17174 -0.63008 0.61754
-0.47252 0.71756 0.19903 0.39636 -0.11952 0.90207 0.024465 -0.72342 -0.44789 -0.56121 -0.1041 0.2778 -0.98998 -0.64793 -1.6467 0.22909 0.86845 -0.24983 -1.883 0.68774 -1.269 0.15936 2.2973 0.88841 -0.29107 1.1835 -0.34584 0.76005 0.046513 -0.60201 0.37648 -0.50834 -0.79869 0.197 0.65047 0.1083 -0.40357 -0.46414 -0.39846
-0.10375 -1.2638 1.2926 1.6469 -0.87376 -0.65798 1.2665 -1.2886 -0.87118 0.63311 -1.2403 -1.2805 0.36487 -1.0018 -1.16 0.16323 0.40784 -0.21859 -1.8966 0.46087 -1.1356 1.1288 1.6479 0.56598 -0.63663 0.87405 -0.00052505 1.7244 -0.26802 -0.84393 1.1099 0.65456 -1.2127 0.57966 0.56442 -0.94951 -0.65517 0.10601 -1.1265
0.073778 -1.1877 0.067806 0.87781 -2.1211 -2.3736 1.1495 -1.5477 0.52188 1.9864 -0.56097 -1.1997 0.64798 -0.98854 -0.57726 0.38601 0.2105 0.19035 -1.4901 -0.18921 -0.53173 0.84962 0.26669 -0.46279 -0.40247 0.36858 0.35411 1.7008 -0.76785 -0.519 1.4623 1.4481 -1.4749 1.0765 -0.28076 -2.1054 -0.55069 1.3253 -1.3049
-1.3507 0.15088 0.83078 0.49437 -0.27905 -0.8759 -0.25358 -0.86127 1.0151 2.8835 -0.27579 -1.365 -0.43679 -0.4782 0.25211 -0.38304 0.14402 1.161 -0.50044 -1.0458 -0.44779 0.67035 -0.46293 -0.49037 0.40065 -0.13843 1.0075 0.99753 -0.94674 -0.047993 1.6597 1.9297 -1.1088 1.3056 -1.2155 -2.0039 -0.078224 1.7855 -0.90886
-1.3624 -0.114 0.67104 0.74432 -0.27858 -1.259 -0.13797 -2.0276 0.83104 0.33608 -0.33065 -0.28701 -0.34268 -0.20796 0.61987 -0.94564 3.0072e-05 1.9956 0.44253 -1.6186 0.83402 -0.22585 -1.3374 0.20645 1.7547 -0.57154 1.5197 -0.43906 -1.0592 0.063468 1.0227 1.5946 -0.43174 1.2944 -1.0728 -1.2185 0.39663 1.3786 0.40477
-1.3754 -0.1709 0.75121 1.1432 0.2378 -0.59708 0.094468 -0.95759 0.35552 -0.81386 -1.1887 -0.36996 -0.38671 0.61499 -0.019183 -0.95342 0.41984 2.2084 1.1562 -1.1282 1.1497 -0.95606 -2.0134 0.045813 1.7417 -0.22996 1.2233 -1.5813 -0.52023 -0.22352 -0.041222 0.80881 -0.17361 1.2896 -0.48414 0.096414 0.77652 0.35763 1.5433
-0.2014 0.08878 -0.40693 1.0345 1.1621 -0.57541 -0.87489 -1.7287 0.047842 -0.15897 -1.421 0.267 -0.43502 1.4952 -1.2214 -1.3216 0.19401 1.7232 1.008 -1.054 1.6123 -0.6532 -1.6667 0.11333 1.5948 1.1201 0.78723 -1.721 0.013444 -0.61798 -0.9449 -0.040522 -0.018148 0.43569 0.39705 1.1294 1.2419 -0.30623 2.0068
-0.37613 -0.87356 -0.26351 1.3298 1.2999 -0.9576 -0.77726 0.71514 -0.93999 0.099532 0.03314 1.3858 -0.06226 1.1083 -1.6099 -1.1798 -0.38426 1.2277 0.91883 -1.7012 2.0949 -0.16733 -0.069266 1.2242 1.1683 1.6974 -0.021529 -0.79786 0.53682 -0.77309 -1.3156 -0.48671 -0.11666 -0.29419 0.84728 1.2266 1.7005 -0.10996 1.4655
0.37368 -0.61342 -0.75809 0.96899 1.3648 0.0021566 -0.53363 -0.15879 -0.16526 -0.79955 -0.37692 0.72811 -0.028156 1.1124 -1.6124 -0.81901 -0.78887 0.61061 0.50749 -1.3843 1.3499 0.22155 0.22745 2.2945 1.4417 1.9507 -0.65972 0.47394 0.90738 -0.36303 -1.0842 -0.43788 -0.087396 -1.2943 0.67959 0.68818 1.242 0.060215 0.25951
0.42129 -1.5336 -0.53468 0.62849 2.1866 0.62943 -1.826 0.88359 0.54263 -0.64458 -0.47049 0.98573 1.4567 0.75776 -1.2326 -0.21235 -0.5784 0.14856 0.43036 -1.2187 0.60834 0.41558 -0.20636 2.627 1.5992 1.9013 -0.6957 1.0985 0.89912 0.36518 -0.64665 -0.46272 0.18214 -1.6165 0.19771 -0.10286 0.0068941 0.18756 -0.5804
-0.33583 -1.9376 -0.72536 0.43435 1.1432 -0.2379 -2.4172 0.82251 0.3046 0.26228 1.5774 1.2995 1.6454 0.34692 -0.58882 -0.11988 -0.40888 0.10905 0.37714 -1.4905 -0.59299 0.50411 -0.046964 2.0895 1.4903 1.4718 -0.75424 1.4307 0.65268 0.83107 -0.12317 -0.10647 0.43607 -1.1981 -0.061385 -0.46047 -1.3094 -0.39683 -1.3841
0.87338 -1.5706 -0.59012 0.3877 1.3401 -0.2173 -1.3276 0.26142 0.094495 -0.31412 2.1749 2.3399 1.5733 0.095631 -0.20536 0.14069 0.12822 0.19915 0.057526 -1.2869 -0.61563 0.10489 -0.14821 1.3258 1.5019 0.93289 -0.3457 1.2325 0.28247 0.80422 0.49315 0.39266 0.92381 -0.29732 -0.048907 -0.50615 -2.3562 -1.0716 -1.6809
0.85111 -1.2775 -0.62204 0.82308 1.5437 -0.02341 -2.3424 -0.39463 0.043518 -0.73829 2.4584 3.0631 1.6723 -0.068907 0.37287 0.21354 0.45753 0.35208 0.50388 -0.46477 -0.7678 0.23376 -0.81671 0.089678 0.71492 0.036073 0.22626 0.83725 0.019093 0.6102 0.54098 0.54859 1.2668 0.57099 -0.0069135 -0.27898 -2.5765 -1.6519 -1.7304
-0.095045 -1.5071 -0.5714 0.78891 1.7075 0.19109 -2.7539 -0.18155 0.11183 -0.17279 1.9846 2.7531 1.6718 0.26946 0.4379 0.13758 0.5364 1.0254 1.2088 0.16081 0.016044 0.43442 -0.93863 -1.4986 -0.097091 -0.29477 0.35634 0.84608 -0.060375 -0.094969 -0.054663 0.41152 1.5722 0.52171 -0.24339 0.5245 -1.9073 -2.0478 -1.7658
0.52249 -1.2346 -0.47884 0.96241 2.0003 0.37493 -2.5412 -0.35365 0.35021 -1.1431 0.66093 2.3637 1.6609 0.70637 0.54783 -0.094299 0.56136 0.78988 0.96562 0.38606 0.38759 0.31324 -0.26138 -2.1015 -0.91964 -0.91428 -0.065277 1.0879 0.52568 -0.75239 -1.1714 -0.50322 1.8149 0.086613 -0.74643 1.1756 -0.46908 -1.7298 -1.5784
0.0121 -1.3437 -0.26929 0.95413 2.2901 1.2107 -2.1936 0.1728 0.93835 -1.7102 0.33131 1.7528 1.4822 0.4142 1.1809 0.17 -0.10741 -0.11609 0.70741 1.5186 -0.0090715 -0.46899 0.75958 -1.7307 -1.6581 -1.6532 -1.0598 1.2209 1.0262 -1.2558 -2.1693 -1.2003 1.4225 -0.65739 -0.83899 1.0817 0.88006 -1.3773 -1.3095
0.92849 -1.3038 -0.70403 0.96096 2.6863 1.3412 -1.4243 0.93489 0.52428 -0.91802 -0.11736 1.6941 1.1246 -0.2773 1.8993 1.1689 -0.67037 -1.4051 -0.25564 2.5883 -0.56119 -0.9294 0.97438 -0.82745 -1.8651 -2.0208 -1.6373 1.0007 1.2089 -1.4652 -2.4395 -1.5458 0.42019 -0.82951 -0.49884 0.27795 1.2482 -0.75015 -0.63903
2.3227 -0.60605 -0.82031 1.2355 2.1772 0.66647 -1.318 0.13423 0.10962 -0.31405 -0.46535 1.4878 0.19169 -1.3614 1.8932 1.4136 -1.2671 -2.1992 -0.63182 1.9816 -1.0087 -0.75797 0.87375 -0.2431 -2.3013 -2.0109 -1.7903 0.17344 0.87824 -1.1224 -1.7587 -1.3734 -0.68301 -0.1128 0.2954 -0.53741 1.1731 -0.2936 0.24615
0.0012635 0.31047 -0.032786 0.33978 0.7348 0.90759 -0.55509 -1.0225 -1.1661 1.0813 0.29484 0.35451 -0.43276 -1.6822 1.9366 1.5334 -1.6814 -3.0306 -1.5301 1.0073 -1.0034 -0.62523 0.31618 -0.15442 -2.0586 -1.8412 -1.4084 -0.80858 0.13506 -0.41638 -0.15276 -0.398 -1.1472 0.73045 0.89172 -0.77739 0.75112 0.2351 1.0121
-1.1335 0.70339 1.6753 -0.069885 -0.60944 -0.51385 0.92737 -0.91475 -0.79253 0.19114 0.51379 -0.064708 -0.49939 -2.4654 1.4565 1.6187 -1.7643 -2.8049 -1.4645 0.88435 -0.047699 0.0022848 -0.098301 0.46089 -2.1365 -1.3125 -0.10795 -1.3356 -0.32065 0.55581 1.4589 0.61267 -0.71357 1.2895 1.2491 -0.75174 0.0077965 1.2367 1.3512
-1.3926 0.33777 0.85447 -0.38152 -0.42021 0.31714 -0.85107 -1.1442 0.26273 -1.0046 -0.23559 -1.2143 -0.47651 -2.5444 0.68983 1.3073 -1.2244 -1.3946 -0.63201 0.75388 0.61761 0.59497 -0.26274 0.43353 -1.4974 -0.61016 1.2945 -1.4085 -0.92257 1.1173 2.2458 1.4216 -0.46107 0.8951 1.0324 -0.23439 -0.56119 1.8243 1.2509
-0.97837 0.68055 0.95449 -0.6811 -1.6047 -1.0251 -1.2495 -0.24799 -0.092043 -1.0769 -0.34989 -0.47586 -0.86223 -1.1516 0.16474 0.91526 -0.42597 -0.088967 0.21569 0.62037 1.1124 1.3043 -0.50263 -0.53608 -0.18942 -0.27816 2.4918 -0.97906 -1.0736 1.1097 1.9805 1.2924 -0.066736 0.37317 0.23183 0.23139 -0.7802 1.9747 1.0007
-1.8098 0.50171 1.0835 -0.63263 -0.78882 -0.50297 0.45289 1.1582 0.092249 0.042219 0.96298 -1.3358 -0.75537 0.24109 0.10278 0.14785 -0.19968 0.11231 0.59868 0.17265 0.45053 0.93043 0.0083382 -0.88885 0.49993 -0.18434 2.4202 -0.56875 -1.0642 0.17749 1.1555 0.66021 0.15186 -0.027159 -0.47364 0.28589 -0.45317 1.3238 0.8307
-2.098 0.53664 1.3149 -0.070932 0.35022 0.42484 0.29386 -0.16288 0.28376 0.1659 0.29475 -0.6586 -0.68107 1.1139 0.023392 0.17872 -0.14046 0.41242 0.62184 1.0224 0.88204 0.32135 0.29677 -0.58578 0.68864 0.21452 1.4047 -0.15495 -0.96579 -0.88136 0.14915 -0.51803 -0.077021 -0.13973 -0.96841 0.20182 0.2317 0.6577 0.72456
-1.7455 0.66405 1.9806 -0.3244 0.012387 1.0523 0.71869 0.16687 1.0195 -0.45788 -1.2694 0.35125 -0.77121 1.152 -0.24667 -0.32655 -1.0262 0.67669 0.55977 0.85157 0.66792 0.057621 -0.01005 -0.54027 0.62505 0.5884 0.29832 0.24593 -0.78135 -1.1799 -0.26779 -1.5251 -0.21417 0.049711 -1.0897 0.079512 0.62409 0.38496 0.46128
-0.0064846 0.71696 1.108 -0.66038 -1.2973 -0.1545 -0.26004 -0.80259 0.58088 -0.5772 -1.1334 0.078469 -0.73037 1.1934 0.057897 -0.66563 -1.7109 -0.060206 -0.80566 0.10713 0.68265 -0.35107 -0.028876 -0.22382 1.0177 0.59617 -0.84496 0.60027 -0.76701 -0.63016 -0.27036 -1.8086 -0.41108 -0.44065 -0.7818 0.40249 0.75606 0.36867 -0.096052
0.3664 0.29654 0.81891 -0.74254 0.042388 0.6016 0.50628 1.5117 0.13448 -0.47337 -0.39414 -0.59166 -0.13777 0.79164 0.50692 -0.90309 -1.6876 -0.17362 -1.8102 0.17339 0.6603 -1.0858 0.36246 0.26766 1.0761 0.42862 -1.7491 0.83534 -0.13227 0.73904 0.29955 -1.105 0.31452 -0.69463 -0.025747 0.71767 0.2689 0.036246 -0.61697
-0.61458 0.29779 0.54787 -2.2197 -0.074147 -0.32051 0.65691 1.2183 -0.18461 -0.51888 -0.28951 0.19247 -0.097098 -0.39947 0.68934 -0.97932 -1.0241 0.31019 -1.9019 0.49811 -0.12003 -0.79779 1.0234 0.63395 1.1722 0.13095 -1.9588 0.60099 0.26229 1.8008 0.58714 -0.33414 0.51539 -1.3338 0.98187 0.65577 -0.42021 -0.41145 -0.89337
-0.90037 0.88405 0.64708 -2.0781 -0.65602 -1.5872 0.52166 1.31 -0.18766 0.42567 0.46759 0.71295 -0.18006 -1.5512 0.89256 -0.42879 0.052904 1.103 -1.1463 1.2906 -0.51464 0.21441 1.0808 -0.40193 0.61224 -0.24648 -1.1293 0.12028 0.44873 2.2328 0.41062 0.62387 0.091449 -1.3975 1.5351 0.075693 -0.68611 -0.58841 -0.80809
-0.73558 1.4559 0.5773 -1.3583 -0.0098924 -1.6833 0.49462 -0.12651 -1.2005 0.41167 -0.60815 1.4969 -0.44168 -1.5538 0.90908 -0.42387 0.88614 0.48771 -1.7983 0.59773 -1.7685 1.097 1.0907 -0.81619 0.44588 -0.61347 0.31679 -0.35359 0.40604 1.628 -0.054341 1.1313 -0.47438 -0.80785 0.87593 -0.58187 -0.44808 -0.80467 -0.43794
-1.7203 1.2372 0.42478 -1.2186 0.089087 -1.3219 1.2474 -0.44642 0.41979 1.0123 -0.52861 1.6237 -0.69339 -0.89267 0.59811 -0.3532 1.6565 0.5711 -0.54229 0.29759 -1.699 1.2536 0.5116 -0.51107 0.29238 -0.59836 1.38 -0.83714 0.26094 0.54993 -0.67103 1.5555 -0.80859 0.21811 -0.080886 -0.92567 0.2924 -0.90416 0.043154
-1.9782 1.3391 0.50303 -0.53312 1.1551 -0.89241 1.9522 -0.13936 1.1176 0.68815 -1.94 -0.4522 -0.73499 -0.10154 0.20668 -0.26935 1.3085 0.48045 0.16476 0.00053953 -1.3694 0.55319 0.021706 -0.29911 -0.23417 -0.44991 1.9013 -0.85931 0.45516 -0.31852 -0.88008 2.1115 -0.5427 1.2173 -0.90167 -1.1233 0.60993 -0.43468 0.37451
-1.8601 1.1503 0.074868 -0.5852 0.080326 -3.0026 0.64082 -0.82272 1.4427 1.1158 -0.9163 0.53776 -0.75672 0.47373 -0.23406 -0.029687 0.89996 -0.22143 1.1178 -0.094831 -0.22084 0.30128 -0.43909 -0.042284 -0.80702 -0.25013 1.6651 -0.58907 0.5554 -0.80152 -1.0376 1.4523 -0.41622 0.99235 -1.189 -0.78383 0.53267 0.43657 0.34264
-1.5228 1.2531 0.24843 -0.56169 0.34206 -0.79715 0.71981 -1.0291 0.68776 0.13847 -0.17629 1.6136 -0.80034 1.5555 -0.19153 0.25402 0.65014 -0.86185 1.7665 -0.34117 0.25981 -0.37523 -0.92999 0.25619 0.14678 -0.13438 1.1099 -0.15163 0.26777 -0.61532 -0.68203 0.82695 -0.12451 0.56532 -0.78215 -0.18361 0.25119 0.36694 0.18299
-0.56015 1.4224 0.4462 -0.50631 0.20159 -1.2317 0.59644 -0.91745 -0.63516 0.6156 -0.45725 0.45584 -0.81185 1.5996 -0.24561 0.41224 0.44123 -0.81842 1.689 -0.40557 -0.25828 -0.84787 -0.75007 0.35051 0.94273 -0.15824 0.36153 0.1686 -0.21797 -0.2381 -0.16878 -0.52052 0.17189 -0.048635 -0.40023 0.54518 0.25907 -0.27506 0.027335
-0.63327 0.92493 0.59389 -0.23108 -0.3206 0.69022 1.1677 0.034427 0.23021 -0.19632 -1.4195 -0.2555 -0.83803 1.5472 -0.063293 -0.0011673 0.3521 -0.57109 1.6187 -0.11591 -0.067178 -0.56383 -0.21934 0.033314 -0.40326 -0.17503 -0.86495 0.088092 -0.40701 0.077773 0.21847 -1.1972 0.021665 0.24936 0.19648 0.95074 0.5027 -1.1691 -0.093878
0.34423 1.0646 0.75792 -0.2948 -0.93054 0.91349 1.1114 0.067893 0.76234 -0.45671 -0.51853 1.8437 -0.87463 1.1944 -0.012387 -0.32148 0.58963 -0.69119 0.14579 0.13262 -0.17109 -0.47552 0.43725 0.61506 -1.0713 -0.17912 -1.5129 0.16833 -0.081989 0.19874 0.51726 -1.5654 -0.31017 0.84079 0.41235 0.85432 0.87016 -1.2108 -0.072461
-0.25335 1.0482 0.76873 -0.054304 0.18567 -0.28723 0.68415 -1.619 -0.28396 0.051385 -1.0639 1.4319 -0.95929 0.024531 -0.16352 -0.15209 0.7249 -0.47599 0.093347 -0.58031 0.78065 -0.15054 0.6141 1.1982 -1.1193 -0.28362 -1.4441 0.019306 0.32258 -0.0056536 0.56079 -1.0935 -0.48518 0.70971 0.22511 0.091447 0.53556 -0.45685 0.023014
0.3685 1.284 -0.37245 -0.36871 -0.73988 -0.49937 0.27833 -0.8725 0.25768 0.99921 -0.30628 -0.72909 -0.9785 -0.66708 0.089823 0.32266 0.63675 0.18061 -0.75429 -0.82845 1.2282 -0.17987 0.75554 1.6392 -1.0532 -0.22646 -0.70925 0.005779 0.60706 -0.27565 0.2944 -0.089023 -0.46141 0.65047 0.32823 -0.81501 -0.36239 0.44564 0.080144
0.33599 1.2757 0.094138 0.33231 -0.77398 -0.61494 1.385 -0.84915 -0.90391 0.83259 0.93935 -0.60148 -1.0056 -0.4124 -0.090398 0.26842 0.31684 0.12658 -0.1618 -0.65175 0.84528 -0.23929 -0.16052 0.66675 -1.3041 -0.10819 0.1371 0.028558 0.57814 -0.38573 0.025535 0.33066 0.048632 -0.075873 0.3825 -1.2282 -1.1407 1.2212 0.20132
-1.1698 0.80889 0.85559 0.42624 -0.6453 0.33957 -0.43193 1.7196 -0.14573 0.89819 0.57436 -1.0076 -1.2288 -0.0095347 -0.048671 0.59201 0.26199 -0.39126 0.11939 -0.79896 1.2739 0.26276 -0.98262 0.078983 -0.12045 -0.12451 0.40098 -0.040292 -0.059015 -0.61822 -0.34632 0.63789 0.38637 -0.40365 0.31977 -0.89937 -1.3671 1.1545 0.22052
-1.289 1.1789 1.4094 0.2872 0.21664 -0.43715 0.29602 1.3873 0.54122 0.43086 0.87268 -0.078331 -1.0368 -0.035991 -0.054055 0.7829 0.16862 -0.12613 0.37011 -0.50943 0.58209 0.43863 -1.2472 -0.51132 0.77684 0.01804 0.47036 0.07801 -0.52953 -0.57177 -0.19716 0.0037696 0.64428 -0.94451 -0.021177 0.068786 -0.50709 0.89258 0.22478
0.63606 0.96377 0.46797 -0.22447 -0.69807 0.4073 0.3001 -0.92487 -0.28833 -1.0679 -0.64952 -0.028037 -0.95605 -0.059886 -0.0088565 -0.056647 -0.48055 -0.37221 0.32846 -0.11676 0.43812 0.1569 -0.69678 -0.75238 0.13951 0.09638 0.23618 -0.0035454 -0.8285 -0.36624 0.21369 -0.21797 0.38885 -1.4476 -0.60947 0.70954 0.14651 -0.11687 0.15278
0.080075 1.1986 0.96837 0.33071 -1.0653 -0.66392 -0.57421 0.48068 0.095632 -0.78741 -0.71009 0.50703 -1.2126 0.54675 0.016633 -0.40937 -0.41386 -0.26403 -0.22848 0.32243 -0.88941 -0.24311 -0.13611 -0.033148 0.29108 0.17471 -0.30142 0.010605 -0.39962 -0.080543 0.45244 -0.22848 0.040108 -0.97041 -0.47679 0.94702 0.87024 -0.42911 0.038788
-0.15059 1.1785 0.75681 0.15054 -0.81808 0.34476 0.32376 0.42391 0.53281 -0.24662 -0.052567 -0.039735 -0.89839 0.16527 -0.10009 -0.37316 -0.15291 0.11763 -0.0018381 -0.42693 -1.288 -0.717 0.060703 0.14171 -0.11005 0.065543 -0.34039 0.00071377 0.1229 0.055696 0.7098 0.44395 -0.13901 -0.85401 -0.048983 0.4483 0.63954 -0.20958 -0.0077558
-0.93987 1.0006 0.1987 -0.34334 -1.0811 0.20037 0.95496 1.3043 -0.94921 0.33219 0.076987 -1.1345 -0.9794 -0.75633 0.00030235 0.18202 -0.15112 0.54601 0.093003 -0.28633 -0.76638 -0.15999 0.50351 0.91292 0.063629 0.10401 -0.3782 -0.033861 0.29815 -0.054623 0.45572 0.55912 -0.3109 0.063384 0.44043 -0.068218 -0.24686 -0.084548 -0.1133
0.047016 0.8809 0.74763 -0.0055892 -0.34376 -0.53658 -0.20028 -0.58245 -0.069478 0.35644 0.75092 0.35201 -0.94363 -0.093943 -0.0092944 -0.13415 -0.50546 0.65412 1.1155 -0.11412 -1.57 -0.0011496 -0.0013631 0.14558 -0.15903 0.12151 0.13245 0.11947 0.34911 0.11783 0.1414 0.054098 0.12334 0.6817 0.66759 -0.50676 -1.0876 0.0045115 -0.18434
-0.20374 1.1102 0.73364 0.09953 0.24996 -0.073471 -0.72866 -1.8925 -0.96888 -0.75672 -0.076348 -0.043959 -0.99591 -0.084766 -0.097995 0.017104 -0.34359 0.39131 0.39872 -0.49056 -0.6072 0.33392 -0.24383 -0.58633 0.14578 -0.04667 0.36059 0.058594 0.1125 0.38235 -0.31961 -0.57273 0.52822 1.4312 0.23712 -0.66203 -1.5723 -0.57664 -0.2692
-0.90452 1.1166 0.99998 -0.28159 -0.49464 0.5369 0.015776 -0.64675 0.16593 -0.099101 0.67954 0.34374 -0.88253 0.088454 0.1487 0.35058 0.16942 0.49044 -0.012805 -0.084956 0.18081 0.45902 -0.68415 -1.4831 -0.1482 -0.17579 -0.074941 -0.019066 0.21509 0.8267 -0.44419 -0.91085 0.53657 1.7362 -0.22585 -0.2633 -0.98568 -0.76391 -0.24846
0.12275 1.1804 0.36351 -0.41777 -0.24039 1.7597 -0.018664 -1.132 0.24885 -0.53546 -0.89122 -0.4828 -0.98021 -0.13282 0.014198 0.13838 0.24696 0.0020586 -0.49672 0.77476 1.6123 0.1081 -0.62051 -1.6984 -1.0659 -0.21129 -0.1315 0.058505 0.1998 0.78643 -0.30402 -0.27272 0.5053 0.63379 -0.95926 -0.22756 -0.27632 -0.57339 -0.10988
-0.73631 0.79405 0.60308 -0.31096 -0.44162 -0.15612 -0.077437 0.77729 0.31342 -0.10675 -0.80958 -0.14983 -1.0131 -0.22524 -0.10868 0.19581 0.79055 -0.026 -0.28962 0.34613 1.2684 -0.38471 -0.38762 -1.4518 -1.0405 -0.22414 -0.30923 -0.14616 0.052378 0.43473 -0.16227 0.3407 -0.028975 -0.24337 -1.3034 0.19079 0.46916 0.1299 0.067019
-0.34195 1.3027 1.1304 0.33537 0.25964 -0.66573 0.48487 0.57065 -0.67044 -1.0724 -2.0983 -0.99975 -1.2884 -0.19624 0.12343 0.45649 0.85957 0.054881 0.0034268 0.32226 0.28832 -1.3163 -0.88683 -1.2171 -0.52589 -0.20995 -0.10439 -0.201 -0.16796 0.016901 0.18171 1.1715 -0.52794 -1.0171 -1.0795 0.50341 0.63478 0.7147 0.20211
-0.21656 0.88037 0.89996 0.28658 -0.36641 -0.96798 0.62257 0.84899 -0.16912 -0.91854 -1.387 -1.2767 -1.1254 -0.5032 -0.17207 0.2778 0.69952 0.15265 0.47148 0.066708 0.28585 -1.6401 -0.11109 -0.72222 -0.17213 -0.056908 -0.039375 -0.41393 -0.59578 -0.60545 0.18189 1.2705 -0.51227 -0.58834 -0.42889 0.90206 0.59842 0.74232 0.3
-1.0094 1.0213 0.94493 0.86912 -0.064529 1.1329 -0.57389 -0.65897 -1.4021 -0.9645 -1.7117 -1.164 -1.177 -0.20801 -0.31642 -0.22845 0.32421 0.28877 1.5745 -0.19018 -0.21429 -1.5946 0.37957 -0.70256 -0.11987 0.059089 0.072326 -0.48872 -0.7739 -0.74467 0.22966 0.76437 -0.46103 0.053031 0.25932 1.1133 0.32323 0.42576 0.23641
-0.76144 1.415 1.4388 0.18259 -0.51535 1.2594 0.83106 -0.32526 -1.6367 -1.665 -1.4569 -0.030405 -1.1316 -0.30364 -0.62444 -0.58774 -0.10859 0.23343 1.5814 -0.46995 0.1777 -1.1783 1.0082 -0.42727 0.19028 0.16523 0.18877 -0.24848 -0.53826 -0.5804 0.20995 0.14472 -0.25225 0.22602 0.44061 0.66663 0.032341 0.20988 0.093846
-0.74809 0.53797 0.43363 0.31397 0.26073 1.2717 -0.11381 0.66826 -2.0017 0.19329 -2.3271 -0.90808 -1.0535 -0.15717 -0.51723 -0.56992 -0.1713 0.48633 1.0586 -0.37594 0.46003 -1.0014 1.0545 -0.67952 0.11276 0.092497 0.064933 -0.07833 -0.17155 -0.27315 0.15568 -0.39053 -0.060056 0.35967 0.32251 0.30633 -0.040198 0.10297 -0.0035733
