39 273
-0.38895 1.4242 0.80374 1.8325 -0.3522 0.54764 0.74229 1.0019 -1.6056 0.31191 -0.5496 -0.76374 -1.7983 -0.32218 -0.27829 0.064536 -0.65051 0.04292 -0.34007 -1.5237 0.19462 0.53818 0.068354 0.14874 0.42654 0.043721 0.091121 0.2881 -0.23144 -0.026659 -0.19716 0.44382 0.36454 -0.26007 -0.21448 -0.23255 0.34269 0.49413 -0.014871
-1.0588 1.263 0.87692 1.3152 -0.10384 -0.62627 -1.7754 1.4206 -1.4829 0.084736 0.083649 -0.089555 -1.8218 -0.40563 -0.097446 0.13604 -0.56788 -0.32714 -0.18492 -1.1465 -0.1299 0.35668 -0.04622 0.88622 1.0499 0.060432 0.20795 0.33586 -0.30985 -0.09539 -0.26899 0.64534 0.71006 -0.23536 -0.5426 -0.45565 0.001859 0.33133 -0.031359
-0.42501 1.2571 1.135 1.342 -0.4659 0.10763 -0.37432 0.89625 -1.2934 0.1993 -0.50787 -0.48688 -1.7237 -0.10244 0.16214 -0.34384 -0.71415 -0.1377 0.44197 -0.8948 -0.15709 0.18921 -0.35223 0.46623 1.1783 0.0072415 0.2589 0.3809 -0.36971 0.16537 -0.095588 0.85627 1.1476 -0.43072 -0.66074 -0.33474 -0.42121 -0.25395 -0.03803
-0.75567 1.1579 0.68321 1.2853 -0.28659 0.58194 -0.81565 1.3621 -0.63441 0.60298 -0.47225 -0.23857 -1.7706 -0.031102 0.11907 -0.23946 -0.76388 -0.36316 0.51533 -0.27647 -0.095608 -0.38317 -0.65797 -3.3762e-07 0.75938 0.0053583 0.24491 0.15014 -0.43543 0.22009 0.33325 0.55532 0.90712 -0.49057 -0.64294 0.097021 -0.75654 -0.77059 -0.0019402
-0.90464 1.5034 1.0243 1.4466 -0.91994 0.32876 -0.21052 0.48093 -1.5394 0.070483 1.1827 1.0378 -1.7461 -0.011275 0.31279 -0.35938 -0.23157 -0.11985 0.9611 0.5454 -0.66713 -0.42396 -0.31377 -0.23752 0.0052101 0.0031322 0.093839 -0.25648 -0.13942 0.54088 0.37913 -0.36553 0.68395 -0.50531 -0.25362 0.4105 -0.81072 -1.0178 0.077177
-0.34383 1.6507 0.12673 0.95116 -0.14988 1.1913 -0.78686 0.99024 -1.4862 -0.38624 -0.5651 0.59859 -1.837 0.02025 0.10758 -0.58149 -0.39041 0.26368 0.62915 0.11951 -0.83546 -0.63321 0.13436 -0.25658 -0.055867 0.056696 0.057587 -0.50516 0.01919 0.65553 0.46372 -0.70034 0.082142 -0.26422 0.42766 0.76893 -0.77034 -0.95399 0.071523
-0.76818 1.2618 0.93005 0.81211 -0.79381 0.30815 -0.54051 1.19 -2.3441 -0.61844 -0.66317 -0.097103 -1.7704 0.055091 -0.29007 -0.38636 0.091293 0.23212 -0.30886 0.41269 -0.77632 -0.20375 0.096016 -1.0076 -0.64502 0.11244 -0.1247 -0.48673 0.38548 0.47481 -0.14552 -0.9201 -0.39556 0.070052 0.74087 0.61807 -0.30442 -0.43427 0.036971
-0.9922 1.571 0.57714 1.4048 -0.13728 0.96679 -0.54833 -0.20123 -1.4117 0.34888 -0.24157 -0.57903 -1.7616 0.049747 -0.48897 -0.16528 0.27181 0.29806 -0.18628 -0.00083215 -0.56302 0.35103 0.71857 -1.137 -1.0075 0.071803 -0.03239 0.039057 0.56672 0.34218 -0.54543 -0.35131 -0.23605 0.12991 0.97218 0.29586 0.10599 0.057394 -0.030804
-0.27794 1.2228 0.22404 0.84422 -0.15637 1.1295 -0.19505 -0.2345 -1.8841 0.86835 -0.54437 0.03953 -1.6317 -0.25983 -0.26495 0.12648 0.3114 -0.40871 -0.3896 -0.21404 -0.67767 0.55452 0.66535 -0.39499 -0.47851 0.056995 -0.047405 0.39686 0.45674 -0.23617 -0.45482 0.1522 -0.068894 0.33526 0.6504 -0.16428 0.71068 0.7095 -0.06354
-0.85645 0.92204 0.39717 1.678 -0.40282 -0.46556 -0.053332 0.43546 -0.85427 0.020669 -1.4355 -0.49694 -1.6958 0.12005 0.17368 0.1694 0.13653 -0.41544 0.002902 -0.043161 -0.64312 0.9208 0.45837 -0.34632 -0.027299 0.028771 -0.24754 0.51314 0.22395 -0.2391 0.24317 0.07092 0.58204 0.22418 0.35284 -0.76699 0.60597 0.79478 0.0059955
-0.63554 1.2475 0.7993 1.383 -0.45373 0.81412 -0.81541 0.014783 -1.3087 0.72184 -0.54328 -0.35523 -1.7733 -0.066369 0.10694 0.26347 -0.23791 -0.24573 -0.1036 0.31783 -0.096717 0.80108 -0.11137 0.01332 0.39765 0.021764 -0.066411 0.3011 -0.25307 -0.27732 1.0243 -0.0038286 0.63297 0.38269 0.022741 -0.90686 0.40502 0.5969 0.078441
-0.97339 1.4656 0.5077 0.97459 -0.98982 0.58283 -1.209 -0.012673 -1.1058 0.14327 -1.0231 -0.22334 -1.7668 -0.51517 0.26455 0.18093 0.14439 0.65236 -0.18545 1.0192 -0.42917 0.92246 -0.46989 -0.13259 0.27302 0.097335 -0.080258 -0.14559 -0.4733 -0.15571 0.89548 -0.37726 0.33449 0.60564 -0.33281 -0.87019 0.26826 0.25896 0.088372
-0.43751 1.5859 1.094 1.1342 -0.83961 0.69903 0.018732 -0.51358 -0.67123 0.4743 -0.82079 -0.2215 -1.6732 -0.064792 0.24407 -0.28929 -0.16293 0.91491 -0.29507 0.65046 -0.053181 0.58832 -0.73494 0.30803 0.65875 0.15576 0.25777 -0.31835 -0.33053 -0.20633 0.2632 -0.3496 -0.20369 0.78591 -0.54322 -0.22176 0.2671 0.037519 -0.019099
-0.97611 1.3074 0.4354 1.0607 0.09157 0.72291 0.3509 -0.10556 -0.33322 0.35774 -0.15058 0.37758 -1.6746 -0.029733 -0.15149 -0.34498 -0.15396 0.62729 -0.6178 0.54332 0.49856 0.35086 -1.0189 0.044873 0.39318 0.11197 0.57516 -0.29436 -0.14423 -0.50113 -0.74061 -0.062707 -0.94318 1.1849 -0.5116 0.26364 -0.075432 -0.13854 -0.16535
-1.2439 1.2546 0.43001 1.5661 0.7602 0.031851 1.3605 -0.70109 -0.37165 -0.19146 -1.5574 0.023922 -1.5263 0.18691 -0.25533 -0.017509 -0.43222 0.23906 -0.55077 0.14943 0.95216 -0.010177 -0.29258 0.46083 0.40609 -0.020982 0.4926 -0.59135 0.34358 -0.87236 -1.2965 0.19589 -1.224 0.8758 -0.29062 0.629 -0.080844 -0.58652 0.32977
-0.57623 1.3401 0.169 1.2621 -0.0048864 -0.55186 -0.68136 0.8039 -0.4051 -0.88051 -0.41403 0.47223 -1.6477 0.46061 -0.012463 -0.1768 -0.59143 -0.36449 -0.17026 -0.72937 1.3541 0.18786 -0.14864 -0.35234 0.084229 -0.10233 0.21427 -1.1306 0.40606 -1.3051 -1.1992 0.30895 -1.5505 -0.11785 -0.0085371 0.71915 0.43734 -1.0422 1.142
-0.69135 1.2048 0.64988 0.79656 -0.56908 0.59189 -0.49286 0.66046 -1.0708 -0.37031 -0.59618 -0.036354 -1.726 0.63414 -0.89142 0.24814 -1.4783 -0.95578 -0.13513 -1.317 1.206 0.077856 0.12365 0.35255 -0.47804 0.83006 -0.37971 -1.516 0.3447 -1.3128 -0.051045 0.11634 -0.85451 -1.2039 0.30837 0.12904 0.39621 -1.5827 1.8998
-0.58675 1.3126 0.87278 0.43583 -0.72913 0.011015 -0.2147 1.0709 -0.81108 0.54998 -0.1418 0.51318 -1.771 0.15965 -1.8785 0.25175 -1.9385 -0.96479 -0.22489 -2.0306 0.13327 0.27893 0.25208 0.97302 -1.4489 1.6564 -0.7751 -1.379 0.32246 -0.97848 1.0697 -0.3376 0.31979 -1.5612 0.427 -0.42236 0.48133 -1.3272 2.0605
-0.011905 1.5755 0.42878 0.85542 -0.47531 0.67332 -0.48969 1.3409 0.32387 0.11955 -1.8374 -0.076391 -1.6989 -0.38301 -2.0673 0.39167 -2.0801 0.4395 -0.29245 -1.0081 -0.78024 0.55006 -0.22729 0.59055 -2.2893 2.3786 -0.71187 -0.39616 0.22344 -0.40729 1.267 -0.30725 0.99231 -1.4129 0.38213 -0.91336 -0.14269 -0.48198 1.2884
-0.59574 -0.26951 0.64971 -0.56317 -0.48306 -0.13633 -1.2865 1.1965 -0.46202 -0.077462 0.67102 -0.53488 -0.23011 -0.50566 -1.9207 0.33646 -2.0143 0.87807 -0.73193 -0.1627 -0.68795 0.79475 -0.84135 0.48993 -1.9154 2.6799 -0.33619 0.70642 0.42539 0.22453 0.54239 -0.4276 1.503 -0.92578 0.17738 -0.80569 -0.23054 1.1324 0.19148
-1.1584 -0.6825 0.63767 -0.34736 -0.60745 -0.69427 -2.4241 -0.90116 -0.15321 -0.38873 0.10508 -2.2963 0.088395 -0.38741 -1.5819 0.6196 -2.1431 0.42199 -0.46368 -0.081342 -1.1311 0.57321 -1.2074 0.31731 -1.3083 2.5413 0.1693 1.6579 0.2981 1.3754 -0.39975 -0.081569 1.465 -0.33773 0.029296 -0.1859 -0.34106 2.0166 -1.2706
-0.99121 -0.050561 0.95236 -0.97984 0.69124 -0.20123 -1.1147 -0.00666 0.11337 -1.0999 0.051321 -2.4422 0.31696 -0.4755 -0.83077 0.90075 -1.4803 0.024362 -0.95235 0.77553 -1.4952 0.6112 -0.91424 0.65856 0.51482 1.9034 0.41945 1.8611 0.20323 1.9123 -0.90052 0.20053 1.2773 0.041664 -0.067596 0.59114 -0.46432 1.9394 -2.0915
-1.0013 -0.085202 1.1308 -1.0909 0.03258 -0.23816 0.41736 0.52841 0.26101 -0.74866 -0.37077 -1.311 0.44108 -0.070888 0.40576 0.65243 0.13689 0.13197 -0.3311 1.7105 -1.0411 0.68958 -0.5728 -0.16412 0.87651 0.56988 0.19841 1.1622 -0.10788 2.0388 -0.95853 0.27915 0.82814 0.33402 -0.43247 1.0827 -0.28073 1.0487 -2.133
-0.53298 -0.084706 1.4062 -1.5663 -0.73662 -0.25517 -1.0434 -0.60205 0.33693 -0.89761 -0.25811 -0.73763 0.56005 0.14058 0.47251 0.69893 0.28943 -0.62275 -0.40561 1.7249 -0.66229 0.59056 0.057177 -0.18426 1.2049 0.050627 0.001104 0.18791 -0.34462 1.2 -0.65636 0.65058 -0.39148 0.51101 -1.1604 0.79516 0.10318 -0.40745 -1.566
-1.0107 -0.025845 1.3576 -0.60434 -0.47883 -1.264 0.0015956 -1.3885 1.0353 -1.0047 0.28103 0.85026 0.60825 -0.31271 -0.11554 0.56151 0.64183 -1.0059 -0.19354 1.26 -0.9104 -0.29209 0.53343 0.18805 0.61863 -0.21894 -0.10789 -0.48042 -0.084017 0.20818 -0.17065 0.43556 -1.131 0.7174 -1.52 0.55487 0.92868 -0.95841 -0.81813
-0.98477 -0.07774 1.1786 0.019055 0.13244 -0.3711 0.60139 -0.68903 0.22703 -0.85413 0.34461 -1.3211 0.22739 -0.34834 -0.22118 0.37792 0.43766 -0.60814 0.23534 0.18995 -0.58042 -1.2291 0.16801 0.69349 -0.25732 -0.40946 0.33351 -0.37917 -0.27665 -0.19014 0.32818 0.70779 -1.3086 1.2431 -1.35 0.29001 0.76126 -1.1434 -0.50163
-0.89662 0.036402 1.6532 -0.7156 -1.1332 -1.0194 0.12903 -1.3461 0.84928 -0.34892 -0.66042 -1.1946 0.17283 -0.028157 -0.11195 0.69519 0.46024 -0.19273 0.19218 0.07434 0.298 -1.4509 0.51306 1.2458 -0.494 -0.6156 1.5056 -0.25619 -0.86715 -0.53192 0.35938 0.50731 -1.061 1.3024 -0.51107 0.082267 -0.25459 -0.41797 0.14404
-1.5065 -0.31564 1.6799 -0.73387 -0.54688 -0.0015365 1.1289 -0.83673 -0.86289 -0.3265 0.43873 -0.98733 0.26939 0.63884 -0.21001 0.1813 0.065666 -0.43881 0.76782 -0.46834 1.132 -1.5404 0.66401 0.80352 -0.74349 -0.6199 1.9938 -0.39788 -1.2328 -0.37343 0.28261 0.59 -0.45519 0.87758 0.66898 -0.08335 -1.1449 -0.15928 0.897
-1.0539 -0.29577 1.5264 -0.91135 -0.91948 0.0018925 -0.68059 -0.68008 -1.5755 -1.0118 0.88907 -0.96498 0.14747 2.0708 -0.57854 -0.81189 -0.097689 -0.44324 0.5217 -0.66373 0.74678 -1.1692 0.45491 -0.36577 -0.062293 0.13264 1.4606 -0.45831 -1.3776 -0.5865 0.17038 0.78694 -0.16742 0.33404 2.2921 -0.1525 -1.7556 -0.4611 1.4218
-0.3871 -0.0016383 2.3619 -0.37705 -0.54784 -0.81719 -0.61017 -0.35823 -0.74939 -0.054391 1.8253 -0.63794 -0.098734 2.4109 -0.70257 -0.97249 0.074422 0.024685 1.2108 -0.38904 0.88556 -0.043095 0.026007 -0.76593 -0.83349 0.7633 0.020622 -0.36896 -0.64574 -0.89145 0.19183 0.62831 0.24019 0.13278 3.2307 0.032284 -1.4947 -0.70597 1.4732
-0.14957 -0.29249 0.94131 -0.17376 -0.84989 0.23955 0.11426 0.75157 -0.89415 -0.0058399 0.40899 -1.205 -0.12451 1.877 -0.69009 -1.0822 -0.56721 -0.12116 1.4889 -0.29355 1.0584 2.373 0.5188 -1.4462 -1.467 1.1461 -1.6809 -0.039326 0.1215 -1.5184 0.048396 0.2349 -0.15697 0.19528 2.8114 -0.092009 -0.8892 -0.83811 0.96529
2.0648 -0.85524 0.0070356 -0.62166 -0.81705 0.12002 -0.17696 -0.5493 -1.2141 -0.27354 -1.5479 -1.523 0.75587 0.77923 -0.81641 -0.77246 -1.2678 -0.25751 1.4979 -0.10374 1.2234 3.1378 0.69876 -1.6155 -1.5927 1.4155 -2.3777 0.63006 0.69353 -1.765 0.32477 -0.62678 -1.0011 0.043899 1.7673 -0.15878 -0.066515 0.29017 0.26122
0.98623 -0.68735 1.2618 -0.92098 -0.93491 1.2453 -0.066683 0.0014967 0.78767 -0.66252 -0.6972 -2.4698 1.124 -0.3167 -0.58528 -0.67433 -2.1154 -0.22087 0.8367 -1.1121 0.94617 2.8513 -0.070352 -1.6989 -1.5222 1.4714 -2.3484 1.3139 0.91873 -1.0019 0.93853 -1.0563 -1.3339 0.061542 0.19905 -0.37228 0.91569 1.3083 -0.56287
-0.1304 -0.8333 0.74639 -1.5589 -0.65559 1.8336 -0.029154 1.1861 3.0051 0.53927 -0.26723 -2.7321 1.1116 -1.0252 0.39679 0.050152 -2.2812 0.65884 0.34151 -2.1035 1.0167 3.2409 -0.005589 -0.76527 -0.18686 1.0494 -1.1742 1.5247 0.3705 0.051287 1.3159 -1.5346 -1.018 -0.19426 -1.2409 -0.46565 1.068 1.7862 -1.075
-0.1305 -0.86677 1.1472 -1.9101 -1.2618 0.89385 -1.2206 1.3329 2.3453 0.19059 -0.57499 -2.4544 1.1199 -1.6976 1.0967 0.12244 -1.8261 1.1221 0.047299 -2.1344 1.271 2.7087 0.10578 -0.048284 0.66769 0.35455 0.31249 1.127 -0.18501 1.1566 1.2406 -1.4933 0.35659 -0.44426 -2.3445 -0.29896 0.88179 1.7121 -1.0986
-0.27174 -0.52852 0.80166 -2.3013 -0.70672 -0.14143 -2.0622 0.83142 2.0336 -0.58862 -1.3409 -2.561 1.2351 -0.76669 1.1187 -0.50277 -1.2954 1.4593 -1.0452 -1.7528 0.67456 0.71705 -0.34649 -0.31551 1.1913 0.11466 1.5663 0.41647 -1.1277 1.8208 0.71396 -1.1913 1.8216 -0.86125 -3.039 -0.29829 0.25803 0.68197 -0.95079
-0.16593 0.1539 0.54915 -2.3842 0.31416 1.2322 -2.5817 1.705 3.6343 -0.085207 -1.2896 -0.8722 1.1856 0.15447 1.1078 -0.69022 -0.51551 1.6301 -1.3285 -0.48705 0.24638 -0.58567 -0.51432 -0.16794 1.5062 0.038809 2.0224 -0.087195 -0.82188 2.0396 0.078861 -0.6176 2.3534 -1.1452 -2.8472 -0.43721 0.25904 0.008966 -0.89335
-0.3406 0.16055 0.69041 -2.3293 0.29014 0.9049 -2.2236 1.3351 3.2448 -0.068604 -0.87459 -1.2041 1.2251 1.0417 1.1552 -1.4657 0.34354 1.6975 -1.2495 1.0285 -0.14983 -1.1996 -0.30858 -0.1872 0.86666 -0.43736 0.99353 -0.35706 0.025341 1.9997 -0.68955 -0.089124 2.1749 -1.4186 -2.2568 -0.67903 0.6947 -0.56544 -0.94867
-0.31824 0.021936 0.62401 -2.3295 0.41041 -0.29701 -1.7641 1.31 1.815 -0.84042 -0.67046 -1.475 1.2062 1.2614 0.92786 -0.78953 1.0257 1.1397 -1.0283 1.5762 -0.54581 -2.0372 -0.81189 0.40781 0.83631 -0.91488 -0.27231 -0.42265 0.50359 1.6785 -1.2535 -0.074101 1.161 -1.6634 -1.4051 -0.99036 0.84698 -0.50695 -0.83632
0.30693 0.039826 -0.072334 -2.1002 0.69117 -0.33172 -0.61651 1.5818 1.6832 0.048333 -0.67895 -0.63491 1.1196 0.5798 0.56811 -0.38179 1.5339 0.44267 -1.3587 1.9322 -1.6882 -3.0808 -1.5937 0.78123 0.28091 -1.0495 -1.4731 -0.42646 0.76747 1.0235 -1.5321 -0.2438 -0.098249 -1.5274 0.1184 -0.59944 1.2589 0.11371 -0.39074
1.505 0.56629 -0.86544 -1.5159 0.68367 -0.92333 -0.33461 0.60253 0.55239 -0.58288 -1.5813 -1.6785 0.51432 -0.13006 0.64165 -0.33399 1.9151 -0.03089 -1.4085 1.5941 -2.2176 -2.4656 -1.9079 1.0346 0.68119 -1.1021 -2.064 -0.33837 0.43052 0.084943 -1.2922 -0.26201 -0.77346 -0.85829 1.585 0.19207 1.1321 0.42097 -0.0063749
0.78533 0.65601 0.61947 -1.3168 0.86637 -0.30736 -0.84401 0.21281 0.11868 -1.8856 -0.37498 -0.41795 0.30205 -1.0693 0.53169 -0.33906 1.7538 -0.51263 -1.5197 0.84035 -2.2834 -0.75952 -0.99287 2.0035 1.1787 -1.0211 -1.8484 -0.32129 0.19027 -0.6561 -0.94278 0.096638 -1.3284 0.28536 2.3859 1.0459 0.67547 0.71773 0.22954
-0.42904 0.50938 0.43156 -0.87604 0.59692 -0.42114 0.008128 -1.2063 -0.66473 -2.086 0.26777 -0.6999 0.40721 -1.8482 0.33943 -0.039058 1.0929 -0.74141 -1.443 0.48862 -1.9213 -0.039304 -0.71702 2.0491 1.2915 -0.94252 -0.9408 -0.33751 0.00054188 -0.6855 -0.51394 0.32418 -1.2329 1.1321 2.117 1.5452 -0.36274 0.13913 0.22352
-0.67617 0.61028 0.010926 -0.49409 0.053453 -1.7895 -0.040511 -1.6423 -0.020436 -2.3375 0.4944 -0.32376 0.32442 -2.0839 0.14359 -0.17277 0.79754 -0.92481 -1.1482 -0.34378 -1.2935 0.46618 -0.038233 1.6204 1.5265 -0.73523 0.12852 -0.23621 0.12139 -0.26489 0.41103 0.99424 -0.96229 1.9607 1.0141 1.2859 -1.3074 -0.51222 -0.019032
-1.0481 0.47197 -0.44994 -0.8068 -0.015442 -2.4822 -0.52817 -1.2002 1.6994 -0.69432 1.9731 0.50592 0.19166 -1.4138 0.23062 -0.38868 1.1932 -0.767 -0.96427 -0.43697 -0.52906 1.1438 0.79244 0.51274 0.79726 -0.86137 0.66999 -0.15408 0.48545 0.29049 1.2479 1.9611 -0.41038 2.3951 -0.093801 1.0201 -1.4343 -1.0323 -0.33712
-1.0098 0.63434 -0.20423 -1.0995 0.15603 -1.636 0.25345 -1.0286 0.9047 -1.1301 0.79554 0.6287 -0.13132 -1.0372 0.16496 0.073134 1.2555 0.24147 0.15702 -0.73708 0.80952 0.66585 0.89679 0.184 0.29647 -1.097 0.82962 0.066594 1.1552 0.4674 1.2452 2.436 0.54942 2.004 -1.234 0.30742 -1.5654 -1.5354 -0.53049
-1.0445 0.80911 -0.31572 -0.40957 -0.22528 -1.6035 -1.5955 -1.5605 0.30091 -1.6197 0.34256 0.4668 -0.26227 -1.089 0.056733 0.7048 1.4086 0.93985 1.6762 -0.16626 1.6579 -0.33755 0.91345 -0.072085 -0.35621 -1.3464 0.62045 0.02975 1.345 0.24241 0.5139 2.1524 1.1554 1.2028 -1.6531 -0.04559 -0.78192 -1.0584 -0.32526
-1.3758 0.7976 0.51587 0.48235 0.064255 -1.4584 -0.77313 -0.98843 1.7297 -1.0356 0.52225 0.19996 -0.43254 -0.65912 0.3592 1.3052 1.5507 0.48139 2.2151 0.73658 1.486 -1.2715 0.53371 -1.1866 -1.2556 -1.4114 0.52308 -0.017316 0.59439 -0.20106 -0.40835 0.80674 1.5391 0.22094 -1.0776 0.065384 -0.32782 -0.53654 0.09518
-1.9328 0.52079 0.19004 0.34867 1.0727 -0.59935 -0.66686 0.31972 0.13799 -0.87702 1.1798 -0.37477 -0.63477 -0.41477 0.19527 1.3481 1.5042 0.041577 2.1458 1.347 1.4532 -1.2039 0.88054 -0.347 -0.74614 -1.2684 0.46313 -0.012471 -0.42294 -0.75599 -0.99462 -0.83664 0.93276 -0.312 -0.24619 -0.13593 -0.28302 0.22169 0.5431
-2.0316 0.60594 0.5966 0.46176 0.96907 0.24413 0.052249 1.1215 0.02399 -0.44593 0.98701 -0.30348 -1.1086 -0.37205 0.071997 0.80664 0.87356 -0.059437 1.4785 1.8535 1.3299 -1.0666 1.048 -0.32264 -0.69093 -0.97402 0.42001 -0.047679 -1.0392 -1.0873 -0.92051 -1.7217 -0.24334 -0.61544 0.83941 -0.28846 -0.060465 0.99729 0.86142
-1.3234 1.1337 1.1574 0.38081 -0.16574 0.34627 0.81657 0.13535 -0.45152 -0.34306 -0.7999 -1.1911 -1.2179 -0.3447 0.18544 0.25041 0.4211 -0.60682 0.44637 1.3166 1.1214 -0.94313 0.3771 -1.0593 -0.1687 -0.62947 0.32813 -0.19001 -1.449 -1.1809 -0.068296 -1.7643 -1.2991 -0.83021 1.1314 -0.55337 -0.061681 0.7443 1.0896
-1.3948 0.777 1.1721 0.78718 -0.11496 0.77573 1.1494 0.45767 -0.66767 -0.44112 0.72262 0.37291 -1.2324 0.11144 0.28529 0.084868 0.17392 -0.87662 -0.23224 0.26002 0.44939 0.26574 0.1926 -0.94411 0.61558 -0.24547 0.48847 -0.5827 -1.7801 -1.2802 0.78183 -1.1912 -1.7615 -0.74534 1.1196 -0.36069 0.512 0.19832 1.2278
-1.9436 0.72458 0.35601 0.77252 0.20412 -0.45233 0.45206 0.57405 -0.24233 -0.12826 0.23818 -0.78928 -1.042 -0.026255 -0.24864 -0.76857 -0.23158 0.31906 -0.37764 -0.622 0.27475 0.38137 0.17067 -0.15233 0.20921 0.24683 0.9037 -0.53938 -1.5822 -1.2796 1.0557 -0.436 -1.0129 -0.84423 0.62163 0.057232 0.74608 -0.7952 1.091
-2.2377 0.88482 0.66545 0.76221 -0.036758 -0.82448 0.83169 1.6214 0.14951 -0.78924 -0.8724 -0.065054 -1.0932 0.40495 -0.76123 -1.734 -1.0632 0.89381 -0.3883 -0.93873 0.299 0.49911 0.40985 0.24601 -0.46098 0.70605 1.754 -0.85932 -1.5178 -0.79068 0.87623 0.35732 0.27564 -0.68249 -0.33558 -0.1445 0.39026 -0.80485 1.1387
-1.381 0.90456 0.57179 0.29255 0.11595 -0.05727 -0.52771 0.85484 0.60072 -0.33527 0.19421 0.66391 -1.082 1.2371 -0.26291 -1.5481 -1.2223 0.42262 -0.30479 -0.23327 -0.44928 0.17236 0.38648 -0.1678 -1.3764 0.77672 2.247 -1.1576 -1.2084 -0.030028 0.34291 0.52112 1.1085 -0.68859 -0.51846 -0.55825 -0.13645 -0.16317 1.3833
-1.7655 0.33687 -0.18666 0.1538 1.3013 0.32171 -0.22748 0.86743 -0.077373 0.0062944 0.56736 -0.9162 -0.86107 2.8309 -1.2601 -2.1219 -0.71878 0.65961 0.4249 0.69169 -0.52106 -0.31164 -0.21212 -0.15579 -0.35862 1.4539 1.3788 -1.374 -0.66856 0.91303 0.31303 0.36844 1.1596 -0.41608 -0.15957 -1.249 -0.57423 0.49406 1.5332
-0.49985 0.19476 -1.0516 -0.74486 0.451 -0.22872 0.12604 0.43775 0.0075392 0.23913 -0.17009 -1.7459 -0.35599 3.0525 -2.0933 -2.6364 -0.43213 1.0535 0.22374 0.98259 -0.6595 -0.26081 -0.66593 -0.21584 -0.21075 2.2597 -0.060559 -1.2986 0.04213 1.3746 0.55692 0.3287 -0.032289 -0.025352 0.53782 -1.492 -0.73562 1.1214 1.2732
-0.17384 0.90506 -0.32095 0.038645 -0.0019415 -0.3358 1.2397 -0.24971 -0.34952 -0.1857 0.19523 -1.5584 -0.56156 2.1323 -2.3331 -2.3182 0.19915 1.1413 0.062356 0.98332 -0.41214 0.38578 -1.632 -0.86294 0.019515 2.6103 -1.6532 -0.30125 1.4297 1.4219 0.7532 0.42912 -1.301 0.018941 1.0432 -1.0027 -0.7704 0.71284 0.2991
1.748 -0.99012 -2.1714 0.44477 1.1992 0.14561 1.3897 0.74604 -0.37599 -1.1331 -0.64767 0.29473 0.61658 1.475 -2.0765 -1.3496 0.80131 1.1886 0.51511 -0.41626 -0.56291 0.88824 -1.9713 -1.2674 0.86479 2.3952 -2.1718 0.47747 2.0493 0.89139 0.54798 0.79106 -1.9518 0.046289 0.9452 0.017726 -0.74759 0.19342 -0.73172
0.92695 -1.2577 -2.0932 0.0025726 1.4808 -0.27288 1.0919 0.53389 0.34 -1.4963 -0.60326 -0.0090729 1.1782 0.46929 -1.8077 -0.26603 1.2315 1.9561 1.1106 -1.3787 -0.54271 1.189 -1.621 -1.1522 0.64365 1.9003 -1.9526 1.4242 2.102 0.1403 -0.16586 0.72648 -1.7412 -0.032479 0.19461 1.366 -0.17172 -0.46252 -1.6157
0.11195 -1.2216 -1.8558 0.31201 1.7028 0.36201 0.20053 0.010155 1.3326 -2.0778 -0.58228 -0.54157 1.2814 -0.25592 -1.4813 -0.09196 0.67045 1.6366 1.2257 -2.0078 -0.51458 1.2168 -0.63467 -1.5481 -0.1146 1.3484 -1.0201 1.7359 1.1349 -0.40178 -1.0048 0.2027 -0.44507 0.23198 -0.66485 2.077 0.29371 -0.76192 -1.8902
0.25133 -1.1885 -1.4256 0.7415 2.0095 0.9524 -1.0854 -0.41929 0.80581 -1.8808 -1.4203 -0.38047 1.1811 -0.72397 -0.037034 0.71465 0.5407 0.6086 1.1092 -1.9388 -0.50929 0.59982 0.50879 -1.057 -0.51187 0.34073 0.4228 1.6134 0.057246 -0.8411 -1.7568 -0.37804 0.74792 0.49187 -1.3066 2.0567 0.69174 -0.3713 -1.6304
0.64787 -1.1104 -0.87782 0.80049 2.2951 1.0667 -0.7699 -0.46809 1.3311 -1.496 -1.412 -0.86189 1.2075 0.12928 0.19775 0.14969 0.45383 0.026834 0.91259 -1.0625 -0.14018 -0.15743 1.235 -0.72599 -0.23093 -0.092211 1.4013 1.1283 -0.55953 -0.83548 -1.5809 -0.79304 1.6648 0.57247 -1.3979 1.3751 1.2213 0.025411 -1.1074
0.2963 -1.3151 -1.5568 0.6257 1.8963 1.0964 -0.73482 -0.32214 1.0819 -1.0571 -2.1154 -0.86576 1.135 1.0876 0.28992 -0.26037 -0.1384 -0.44331 0.54924 -0.20809 0.2131 -0.74732 1.6737 -0.18452 -0.12049 -0.19782 1.3996 0.15778 -0.91927 -0.76284 -0.79444 -1.005 1.6956 0.37656 -0.97086 0.41509 1.0168 0.33698 -0.41555
0.61434 -1.0502 -1.5853 0.72909 1.7672 1.2214 -1.0666 0.2887 0.48677 -0.6139 -1.4688 -0.064107 1.2 1.5163 0.41154 -0.5443 -0.45815 -0.72156 -0.008784 0.74479 0.2234 -0.91568 1.6107 0.44508 -0.26815 -0.29749 0.51508 -0.19859 -0.25775 -0.40624 -0.015739 -1.0643 1.2829 0.11215 -0.4663 -0.6046 0.70012 0.42396 -0.10477
0.81852 -1.0308 -1.9552 0.48647 1.5206 0.93983 -0.37047 -0.023794 0.48971 -0.31347 -1.2215 -0.61223 1.1069 1.2573 0.15031 -0.50016 -0.3416 -0.46995 -0.3514 0.84212 0.02849 -0.97323 1.1748 0.38127 0.22778 -0.27682 -0.46719 -0.50893 0.14053 0.13612 0.34783 -0.87764 0.82142 -0.099425 -0.24037 -1.456 0.27661 0.766 -0.023094
1.8025 -0.90641 -1.7145 0.28005 1.4436 1.4319 -0.60534 -0.03391 0.1947 -0.12126 -1.0491 -0.86761 1.0288 1.0314 -0.085277 -0.14851 -0.14542 0.004704 -0.67235 1.208 0.15938 -0.98774 0.24157 0.38647 0.50551 -0.23612 -1.1183 -0.5718 0.33911 0.47567 0.094033 -0.59658 0.25247 0.14083 -0.26105 -1.7232 0.40567 1.1916 0.0040304
2.1774 -0.79221 -1.6826 0.39664 1.4643 0.76765 0.22058 -0.31266 -0.24256 0.12666 -1.0487 -0.98597 0.8506 0.44271 -0.37799 -0.18779 -0.026098 -0.18016 -0.79588 1.3619 0.042407 -1.2028 -0.63534 0.3999 1.1486 -0.27084 -1.4789 -0.46702 0.3588 0.59914 -0.61234 -0.50207 0.060368 0.25299 -0.19219 -0.88177 0.90557 0.62569 -0.033195
1.3769 -1.2807 -1.6207 0.55144 1.8843 0.54283 0.17724 -0.31904 0.18048 -0.13447 -1.4798 0.0030375 1.0272 -0.20622 -0.35479 -0.08669 0.25972 -0.7021 -0.92396 1.0611 0.47926 -1.3337 -1.0273 1.2469 1.8547 -0.29596 -1.5523 -0.28896 0.41646 0.50078 -1.2297 -0.33882 -0.5342 -0.13053 -0.24549 0.37166 1.046 -0.25761 0.079502
1.286 -1.3762 -1.8745 0.53704 1.8441 0.29693 0.73145 0.52779 -0.63294 -1.0427 -1.3719 0.3144 0.97175 -0.94177 -0.55516 0.11677 0.55217 -1.2378 -1.1816 1.078 0.34869 -1.1954 -0.0036473 1.754 0.90334 -0.30668 -0.87649 0.15228 0.75331 0.26763 -0.99683 -0.24981 -0.88226 -0.81374 -0.28293 1.4863 0.79017 -1.3525 0.26273
1.28 -1.2796 -1.99 0.55911 1.0947 0.39217 0.74768 0.095815 -1.4 -1.3661 -0.40419 1.4791 0.8729 -1.2342 -0.51361 0.44674 0.48595 -1.7114 -1.1221 0.23175 -0.25672 -1.4932 0.69026 1.791 0.053553 -0.083319 -0.16124 0.35157 1.1254 -0.070803 -0.14001 0.047645 -1.2098 -1.443 0.17898 2.0941 -0.11643 -1.8008 0.43555
1.0697 -1.1362 -1.8491 0.66589 0.42178 -0.018293 0.74662 0.6928 -1.2474 -1.1069 0.97867 1.3243 0.7138 -0.71161 -0.014336 0.87542 0.36453 -1.4966 -1.1686 -0.091362 -1.1764 -1.6997 1.5625 1.7019 -0.91124 0.074186 0.20613 0.41927 1.2756 -0.29402 1.0392 0.54411 -1.2001 -1.1585 0.8382 1.6912 -1.0705 -1.3389 0.47213
0.7851 -1.5337 -1.2637 0.97896 0.27846 -0.313 1.0781 -0.059191 -1.2322 1.1104 0.78186 -0.96377 0.69817 -0.62482 0.020898 1.5072 0.25231 -0.83433 -0.83132 -0.92767 -1.5642 -0.73456 2.496 1.0483 -1.1753 0.26346 0.24906 0.22044 1.0676 -0.17083 1.8015 1.0797 -0.71586 -0.39497 1.6748 0.53948 -1.6112 -0.22647 0.36218
0.30166 -1.496 -1.1313 0.84351 0.073686 -0.75793 0.093927 -1.1482 -2.3798 0.68073 0.27538 -0.52708 1.0288 -0.84899 -0.053394 1.8194 0.16874 0.20825 -0.27491 -0.89467 -1.2524 0.090548 2.5713 0.0078104 -1.4129 0.33297 0.012805 -0.082222 0.49024 0.01856 1.7405 1.4298 -0.097331 0.52976 2.1424 -1.2176 -1.5566 1.0635 0.23034
0.84606 -1.1425 -0.80546 0.78742 0.76965 -0.81218 0.30469 -1.8697 -2.4526 0.96793 0.46301 -0.49735 1.1643 -0.68614 -0.086078 1.848 0.30379 0.70833 0.51126 -0.87608 -0.99407 0.94988 1.2955 -0.55242 -0.20236 0.41041 0.10858 -0.17149 -0.18706 0.33444 1.0744 1.3372 0.70503 1.2608 1.7961 -2.1599 -1.1072 1.3412 0.010363
0.64377 -1.3199 -0.2379 0.726 0.74536 -0.27813 -0.66792 -1.1588 -1.1556 1.7171 0.40773 -0.18122 1.0827 -0.65237 -0.10239 1.5801 0.3973 0.89318 0.91223 -0.29443 -0.44504 1.7313 -0.34075 -0.57977 0.90633 0.39611 0.25529 -0.21908 -0.68219 0.48225 0.056366 0.6371 0.76577 1.385 0.95096 -2.1778 -0.63252 1.0377 -0.078007
-0.068725 -1.3738 -0.0014937 0.84933 1.0714 0.21064 0.10432 -0.9605 -0.82673 1.8583 0.11585 -0.60207 0.98955 -0.5118 -0.25823 1.331 0.76119 0.77192 1.1495 0.32308 0.46504 2.0256 -0.48893 -0.84829 0.57445 0.24734 0.28869 -0.15397 -1.0316 0.46574 -0.37258 -0.21794 0.63388 1.2343 -0.39151 -1.4159 -0.22397 0.05122 -0.091248
0.22112 -1.438 0.27738 1.2744 0.88279 0.51052 -0.15609 -1.0037 0.20733 0.60119 0.28627 0.58127 1.1396 -0.44487 -0.35735 0.92599 0.82744 0.27225 0.63657 0.18744 0.69166 1.4434 -1.0143 -1.0929 0.44676 0.27733 0.41753 -0.02123 -1.0118 0.16575 -0.4298 -0.96757 -0.10325 0.96813 -1.6211 -0.45154 0.28222 -0.60435 -0.056265
-0.096042 -1.6568 0.32322 1.3038 1.1689 0.33338 0.70534 -1.4984 0.36682 0.20289 -0.25693 0.27456 1.2984 -0.23488 -0.23041 0.41903 0.94659 0.33387 0.23847 0.28063 0.8192 0.30014 -1.2788 -0.73391 0.1258 0.30976 0.41367 0.20548 -0.79708 -0.37862 -0.29494 -1.4347 -0.7732 0.81585 -2.1663 0.17929 1.1516 -0.83326 -0.077211
0.097229 -1.5144 0.2997 1.5324 1.0842 0.51893 0.32357 -0.39687 -0.19541 0.60771 -0.89084 -0.050683 1.3058 0.01002 -0.1471 0.31438 0.62621 0.32313 -0.48178 -0.46323 1.2437 -0.65827 -0.87398 -0.07073 -0.19946 0.26528 0.51632 0.42525 -0.58184 -0.70606 -0.25759 -1.3372 -1.1089 0.9936 -1.5831 0.68655 1.9342 -0.51888 -0.18631
0.37298 -1.4712 0.3698 1.4204 0.97702 -0.098152 -0.16904 -0.62728 -0.2632 0.27173 -0.72501 0.10035 1.3445 0.05423 0.017486 0.28622 0.21033 0.20287 -1.0374 -0.98455 1.7598 -1.266 -0.19009 0.93182 -0.93137 0.11757 0.55432 0.40821 -0.4638 -0.9961 -0.52765 -1.0564 -0.94363 0.7237 -0.54832 0.75558 1.8698 0.08044 -0.16361
-0.05802 -1.5874 0.25616 1.7723 1.3126 0.42181 -0.065769 0.28083 -0.70458 0.26517 -0.096224 -0.13612 1.2727 0.39992 0.29858 0.013967 -0.041233 -0.13789 -1.2845 -1.5359 2.1365 -0.94992 -0.14661 1.918 -0.16855 0.049194 0.6376 0.34559 -0.7492 -0.97954 -0.50689 -0.15201 -0.29526 -0.046377 0.50723 0.64568 0.84014 0.67426 -0.12154
-0.023488 -1.5661 0.56185 1.4781 1.4018 -0.51774 -0.6188 0.73183 -1.4414 0.34752 0.40223 -0.44624 1.2985 0.63203 0.29569 -0.20511 -0.47495 -0.40278 -1.3802 -1.1831 1.765 -0.6613 -0.088492 1.9878 0.27239 0.13277 0.80386 0.29315 -0.98996 -1.0198 -0.050818 0.79551 0.31369 -1.3541 1.5284 0.37909 -0.9349 0.93476 -0.077666
0.32377 -1.4517 0.64794 1.4113 0.99824 -0.92291 -1.1731 1.308 -1.1977 0.25127 1.4713 -0.82765 1.3347 0.94189 0.34903 -0.70772 -0.7568 -0.30342 -0.59447 -0.96753 1.1412 0.042789 0.40322 1.0745 0.65465 0.045308 0.53283 0.15745 -1.1844 -0.75235 0.63447 1.9426 1.0435 -2.2204 1.7571 0.31904 -2.6776 0.36124 -0.16896
0.63946 -1.2133 0.062679 1.2953 0.84725 -1.0887 -1.3136 1.8019 -0.65155 0.13303 1.6631 0.65916 1.3727 1.3213 0.53228 -1.037 -1.2296 0.18634 0.15221 -0.56073 -0.37638 1.283 0.31481 -0.49496 0.68065 -0.017073 0.043131 0.014205 -1.485 -0.31979 1.0818 2.3961 1.3882 -2.1864 0.99617 0.074931 -3.2329 -0.39846 -0.36838
0.98654 -1.2823 0.023646 0.97102 0.58394 -1.0854 -0.98334 1.6777 -1.2115 0.53681 1.0052 0.41794 1.474 1.0762 0.47392 -1.5904 -0.98347 0.71554 1.6858 0.43274 -1.1051 1.5807 0.30808 -2.1467 0.40122 -0.17016 -0.3693 -0.12178 -1.4428 0.11923 0.93733 1.7789 1.4726 -1.3463 -0.45958 -0.33338 -2.1547 -1.2987 -0.44584
1.237 -1.2611 -0.5442 0.79873 1.1264 -0.05782 -1.3202 0.68836 -0.066743 0.96057 0.29632 0.77613 1.2577 0.65134 0.26679 -2.3036 -0.90793 1.0499 2.0866 1.1391 -1.3585 0.55087 0.11347 -2.8095 -0.4824 -0.3982 -0.51837 -0.18895 -1.1957 0.49858 0.10013 0.58813 1.1747 0.093931 -1.5605 -0.4834 -0.18532 -1.443 -0.43302
1.3811 -1.035 -0.61362 0.39747 1.9528 0.4952 -0.8169 -0.69558 1.2554 0.38597 -0.84712 0.10201 1.229 0.57633 0.26841 -2.5414 -0.67915 0.964 1.8605 1.3867 -0.98652 -0.52095 -0.18132 -2.0369 -1.6069 -0.53664 -0.28456 -0.15253 -0.30106 0.35307 -1.0299 -0.91861 0.55648 1.1533 -1.6229 -0.43498 1.5452 -0.78758 -0.21079
1.1083 -1.1053 -1.1848 0.73936 1.8983 1.5602 0.039429 -0.11711 0.25996 0.59331 -1.8916 -0.22372 1.1456 0.58621 0.29971 -2.6011 -0.46514 0.23756 1.2015 1.5247 -0.2637 -0.79747 -0.43418 -0.91125 -1.4729 -0.58419 -0.14131 -0.27396 0.57872 0.15337 -2.0355 -1.6166 -0.14211 1.4957 -0.62358 -0.0010082 2.2703 0.45971 -0.0019496
1.1105 -1.2012 -2.3541 0.51402 1.6404 0.94598 0.21974 0.24057 -1.3793 0.22365 -1.1679 -1.1086 0.95269 0.56989 0.18825 -1.9346 -0.5484 -0.75957 0.37283 1.4709 0.57225 -1.0012 -0.31222 -0.023912 -0.83291 -0.44368 -0.12893 -0.4377 1.443 0.018211 -2.1076 -1.5589 -0.62072 0.98493 0.87521 0.41448 1.8968 1.6159 0.14742
1.6884 -0.91192 -2.6035 0.52731 1.5375 0.73111 0.29206 0.74489 -1.7767 0.11378 -0.23326 -1.3268 0.92802 0.38907 -0.18282 -1.5789 -0.67381 -1.7998 -0.26481 0.8233 0.75021 -0.46675 0.17716 0.69465 0.11907 -0.45048 -0.4379 -0.56791 1.8545 0.11129 -1.471 -1.0614 -1.0159 0.18142 1.8128 0.42237 0.76566 1.6368 0.22268
1.8832 -1.0043 -2.5934 0.36369 0.82034 0.64484 0.74196 0.70469 -0.93455 0.30802 -0.34792 -0.83205 0.88268 0.43303 -0.27732 -0.53017 -0.51693 -1.8601 -0.39089 0.43282 0.40489 1.0529 0.36561 0.92971 1.105 -0.3513 -0.87436 -0.59557 1.7049 0.30515 -0.42577 -0.6552 -1.0533 -0.25472 1.938 0.0028531 -0.19387 0.86074 0.21525
1.7854 -1.0616 -2.1477 0.009061 0.69835 0.88211 0.59089 0.76433 -0.12094 0.56465 -0.61986 0.055439 0.87561 -0.17678 -0.49092 -0.069624 -0.2566 -1.8964 -0.44634 -0.11188 0.16146 1.7895 0.095723 0.13734 1.1114 -0.2482 -1.1395 -0.39709 1.5292 0.41788 0.52603 -0.50155 -0.64396 -0.07687 0.94588 -0.19157 -0.58404 -0.044155 0.32799
1.4059 -1.4147 -2.6617 -0.14941 -0.06076 0.54653 0.34039 0.26767 0.35307 0.73108 -0.55538 0.11233 0.73626 -0.81144 -0.73133 0.2859 -0.1862 -1.493 -0.78634 -0.29786 0.36302 1.735 -0.26533 -0.12358 0.53325 -0.17548 -0.94219 -0.077471 1.1473 0.44078 0.58052 -0.46915 0.034267 0.21387 -0.5049 -0.0064046 -0.27994 -0.73251 0.36876
1.6961 -1.343 -2.0544 0.52195 0.12188 1.025 0.75307 0.77074 0.91469 0.82924 -0.28599 0.8613 0.76496 -1.1588 -0.66907 0.68443 -0.066865 -1.0327 -1.0221 -0.16597 0.61215 1.0728 0.099013 0.068848 0.29551 0.025681 -0.15739 0.50181 1.3932 0.23703 0.30705 -0.28244 0.63753 -0.018661 -1.3436 0.085267 0.36505 -0.93953 0.33965
0.92593 -1.5347 -2.809 0.2734 -0.37452 -0.078282 -0.18348 0.72226 0.39189 -0.20028 -0.77029 -0.50906 0.72758 -0.86965 -0.32117 1.1039 0.20145 -1.2421 -0.99583 0.56604 0.58389 0.39085 0.35111 0.41485 -0.0964 0.14624 0.71721 0.93669 1.6028 -0.13719 -0.35664 0.17661 0.47773 -0.7301 -1.526 -0.014271 0.20568 -1.0839 0.14064
0.81511 -1.591 -1.9763 0.11414 -0.034678 -0.36974 0.24164 1.5473 0.86767 -0.1511 -0.29379 -0.65217 0.79837 -0.44385 0.22288 1.9576 -0.0013852 -1.4698 -0.87603 0.86166 0.004814 -0.23591 -0.03685 0.5987 -0.63428 0.17515 1.2245 1.36 1.544 -0.29343 -0.34405 0.62216 0.038338 -1.5297 -1.046 -0.36817 -0.28661 -0.82727 -0.25412
0.49062 -1.6423 -1.4421 0.041558 -0.35803 -0.31512 0.80812 1.4197 0.79896 1.2962 -0.33791 0.50606 0.97885 0.20378 0.5312 2.4479 -0.43885 -1.9304 -0.51266 0.24963 -0.75802 -0.67296 -0.22643 0.025872 -1.3768 -0.0097264 0.84787 1.8272 0.56156 -0.38067 0.54902 0.58888 -0.5244 -1.9193 -0.52381 -0.75381 -0.50231 -0.66768 -0.67585
1.0377 -1.3244 -1.0314 0.33655 -1.182 -0.029253 1.618 1.0611 0.49102 1.2107 0.088592 0.13343 0.93136 0.64515 1.3819 2.7094 -0.24591 -1.3216 -0.061749 0.10718 -1.691 -0.4977 -0.36896 -0.299 -0.88014 -0.3377 0.053841 2.0632 -0.75986 0.0098772 1.5609 0.093113 -0.6991 -1.4851 0.15894 -1.2109 -0.41289 -0.43048 -1.0309
1.1453 -1.0537 -0.34048 0.045267 -1.718 -0.38484 1.2114 -0.1649 0.0036607 -0.088542 0.27092 -1.0347 0.81498 0.20784 2.4247 1.7264 -0.33144 -0.32376 -0.26494 -0.15382 -2.2971 -0.53652 -1.0326 -0.12659 -1.4416 -0.76711 -1.0952 1.9027 -1.1016 0.5863 2.1669 -0.50433 -0.62507 -0.57393 0.48274 -1.237 -0.077282 0.45226 -1.186
1.8583 -0.94197 0.30734 -0.1074 -1.9109 0.1233 -0.11978 -0.2345 -0.16615 -0.13828 -1.0382 -1.9038 0.64929 -0.339 3.0301 1.0321 -0.012104 0.56116 -0.81347 -0.40998 -2.1133 0.0028361 -2.1235 -0.13795 -1.5532 -1.2292 -1.9749 0.82661 -0.94837 1.042 2.2001 -0.4231 -0.30137 0.94655 0.93168 -0.56513 -0.051351 0.95078 -1.1548
1.2313 -0.047765 0.084253 0.02177 -0.93727 -0.48218 0.1451 -1.4634 0.26959 -0.46649 -1.0602 -0.97136 0.36027 -1.3897 3.1696 1.4095 0.51762 1.0654 -1.0972 -0.80573 -1.669 0.031228 -1.8925 -0.20167 -0.068082 -1.6149 -2.1429 -0.54057 -0.48238 1.1126 1.4326 -0.042979 0.078532 2.0579 1.0888 0.63354 0.21918 1.6597 -0.85014
0.43816 0.93436 -0.38846 -0.25984 0.038374 -0.81059 0.94666 -1.3927 0.27695 -0.54982 0.32645 -1.9779 0.11804 -2.3204 2.518 1.2557 1.2176 1.9814 -0.45006 -0.18361 -0.18102 1.0706 -1.1007 -0.35703 0.49162 -1.9108 -1.2721 -1.7397 -0.4572 0.85055 0.24035 0.81546 0.13471 2.5457 0.64915 1.7269 0.22168 1.3712 -0.35261
0.21576 1.1613 -0.18348 0.42361 -0.47066 -1.3509 0.76654 -1.3834 0.88624 -1.5718 -0.31245 -1.3316 -0.23019 -2.8863 1.707 0.80816 1.068 1.5667 -0.52143 -0.065501 0.71412 1.0959 -0.24088 0.42412 1.1392 -1.8971 0.38157 -2.4358 -1.0445 0.11792 -0.75597 1.3387 0.033819 2.1224 -0.052953 1.7259 0.070645 0.65305 0.39818
-0.5062 1.4324 1.5893 0.96071 -0.83754 -1.2256 -0.1017 -1.5917 -0.1489 -1.3769 -0.36505 0.25152 -0.69523 -2.0139 0.61038 0.56989 1.2585 0.74115 0.47162 -0.45758 1.6177 0.75773 0.60203 -0.0047191 0.81779 -1.6995 1.9361 -2.3293 -1.5502 -0.79441 -1.3769 1.3321 0.20341 0.90137 -1.1182 1.1619 -0.17445 -0.23861 1.284
-1.3405 0.81947 1.1168 1.1466 0.80721 -0.064485 0.61452 0.27979 2.1873 -1.0519 -1.1268 -1.2803 -1.0509 -0.81074 -0.29155 -0.025797 0.73329 0.30282 1.0194 -0.56354 1.5341 0.070926 0.80541 -0.23136 1.1786 -1.0352 2.9628 -1.8201 -2.0147 -1.2281 -1.3466 0.95234 0.82461 -0.43358 -1.5135 0.11536 -0.95737 -1.4077 1.9813
-1.5856 0.9285 0.39411 0.44344 -0.096602 -1.0268 -0.21736 0.29237 1.1541 0.060172 0.10622 -0.0094987 -1.0767 0.34038 -0.70438 -0.97982 -0.0098005 0.10043 1.3442 0.53589 1.1454 -0.66378 0.76554 -0.36909 -0.061262 -0.12638 2.8981 -1.0399 -1.6715 -1.5043 -1.5482 -0.058274 0.96604 -1.7972 -1.7876 -1.0414 -1.2884 -1.6936 2.2961
-0.72065 1.0022 0.14386 1.3248 -0.0034746 0.19241 0.02907 0.55685 0.95819 0.14273 -0.63393 -0.54437 -1.2013 1.5941 -0.93268 -1.8727 -0.46789 -0.57056 0.878 1.2462 0.10007 -1.2305 -0.085107 -1.2868 -1.5019 0.73602 2.0451 -0.73254 -0.71164 -1.3101 -1.4409 -0.80652 0.65599 -2.2095 -1.0334 -1.8137 -1.6103 -1.654 2.0895
-0.11768 0.75665 -0.24267 0.48301 -0.0018399 0.13971 0.31561 0.192 -0.021147 -0.58294 -0.063639 0.098598 -0.70953 2.3178 -0.94945 -1.369 -0.80472 -1.6468 0.43815 0.75061 -1.1577 -2.1769 -1.0938 -2.027 -1.5456 1.3782 0.64786 -0.37281 0.41128 -1.1935 -1.089 -1.6211 -0.64434 -2.0537 0.044448 -1.4983 -0.8152 -0.43064 1.2488
0.39164 0.46573 -0.35246 0.66299 -0.58635 0.34274 1.7897 -0.051505 -0.23406 -0.98875 -1.4017 -1.5652 -0.36436 2.1071 -1.4913 -1.0341 -1.1858 -1.453 -0.068019 0.77435 -1.6055 -1.2497 -1.9941 -2.591 -1.6967 1.8191 -0.71568 0.55297 1.4096 -0.42367 -0.2209 -1.5486 -1.6382 -0.68237 1.2063 0.25075 0.98552 0.78966 -0.24816
0.86709 0.29003 -0.50613 0.51611 -0.91933 -0.12084 1.5084 -1.1251 -0.84446 -1.366 -2.6928 -2.711 -0.13275 1.3242 -1.0942 -0.66056 -1.7589 -1.4472 -1.2868 -0.58361 -1.9912 -0.57616 -1.3606 -1.3281 -0.91548 1.4865 -1.8057 1.3548 1.5088 -0.11057 1.2391 -0.68111 -1.9208 1.0534 1.9054 1.8349 3.0088 1.7711 -1.421
1.0424 -0.037233 -0.51762 0.025124 -1.2745 0.17427 0.42623 -1.2492 -0.88269 -1.8678 -3.0594 -2.3472 0.17857 0.7294 0.15149 0.23772 -0.72279 -1.0792 -1.2243 -1.5828 -0.81541 0.37042 0.56422 0.32532 -0.1095 0.25082 -2.0773 1.536 1.0791 0.33533 1.7998 0.66254 -1.5028 2.1497 1.731 2.5887 4.1941 2.6137 -1.9183
0.90038 -0.51563 -0.88725 -0.6056 -1.4356 -1.0388 0.71833 -1.7699 -0.088289 -2.2519 -2.588 -1.3966 0.63205 -0.4348 0.69685 0.63125 -1.2086 0.41472 -0.28336 -2.1755 0.47825 0.81232 1.4004 2.4906 1.5069 -0.29438 -1.7235 0.47204 0.30305 0.67749 1.7663 1.765 -0.14292 2.1932 1.3558 1.8974 3.3268 2.3487 -1.3121
0.8897 0.33475 -0.52372 -0.55977 -1.3005 -1.4935 -0.98758 -2.3272 -0.031414 -1.1199 -1.049 -1.1715 0.028838 -0.97292 0.40972 0.21314 -0.83627 0.88502 0.7097 -1.634 1.3151 1.5066 1.9488 3.8271 2.7743 -0.60612 -0.88032 -1.0187 -0.44554 0.55031 1.0523 1.931 0.7354 0.95904 0.58666 0.35731 1.2697 1.1943 -0.067758
0.91793 1.3405 0.42826 0.50972 -1.205 -0.734 -0.83289 0.033515 0.43994 0.91467 0.33723 -0.79354 -0.83591 -1.1091 -0.35848 -0.096823 -0.46581 0.77877 1.1417 -0.83344 1.1831 1.556 1.849 3.5277 2.7472 -0.35374 0.25985 -2.0279 -0.9253 0.8833 -0.069173 1.2465 1.2552 -0.352 0.083866 -0.92771 -0.8548 -0.020385 0.9912
-0.41881 0.70617 0.14945 -1.0787 0.32284 0.76954 -0.66401 0.61633 0.45397 -0.00015753 0.92897 -0.031497 -0.29985 -0.60907 -1.1628 -0.14103 -0.085137 0.64719 1.7774 -0.63752 0.68035 1.1608 1.0749 2.3321 1.8596 0.16103 1.0569 -1.9884 -0.99822 0.74925 -0.50962 0.15596 0.99989 -1.5003 -0.43698 -1.8534 -2.0339 -0.91054 1.5864
-0.011845 -0.20008 -1.0029 -0.46401 -0.54466 0.81205 -0.61684 0.033154 1.4559 0.16958 1.3789 1.4103 -0.26175 -0.11675 -2.1913 -0.76391 0.020146 0.40093 1.5832 0.062147 0.10353 1.1421 -0.069983 1.5485 1.9066 1.0316 1.4668 -0.8419 -0.59121 0.96841 -0.54662 -0.89933 0.52913 -1.5801 -0.71009 -1.5355 -1.9617 -1.1132 1.1428
-0.018589 -0.92585 -0.82438 -0.6468 -1.0753 0.47399 -0.50941 -0.73247 1.4031 -0.21526 0.74089 1.2107 0.33783 0.55172 -2.2765 -1.1516 0.28541 0.13959 0.79601 0.10412 -1.0621 0.82895 -0.90238 0.78778 1.1973 1.4388 0.88033 0.5753 0.30209 0.62204 0.011321 -1.5192 0.43625 -0.98103 -0.94801 -0.62645 -1.2231 -1.0408 0.31018
0.65812 -0.95026 -0.44709 -0.36342 -0.69718 0.68281 -0.9863 -1.2879 1.2175 -0.48797 0.57399 0.22547 0.48621 1.1135 -1.3226 -0.58615 1.1053 0.030887 -0.086171 -0.032234 -1.0173 0.2912 -0.31941 0.41408 0.63938 0.97875 -0.0098949 1.6353 1.1383 0.22497 0.51075 -1.3934 0.37441 -0.044481 -1.1235 0.37813 -0.61251 -0.98956 -0.53652
0.70475 -0.96061 -0.94991 -0.093325 -0.48655 0.82394 -0.80765 -0.77651 1.6931 -0.24472 1.9841 1.7786 0.53549 0.45975 -0.54487 0.3199 0.50953 0.84602 -0.29628 0.38163 -0.67014 -0.32024 -0.088189 0.47891 0.21206 0.72078 -1.0699 1.4985 1.5781 -0.30319 0.73144 -0.963 0.7092 0.71592 -0.9547 0.91767 -0.12263 -0.40085 -0.65008
0.9876 -0.79551 -1.0413 0.27272 -0.3762 0.87531 -0.39822 -1.0549 1.5583 -0.47074 1.5021 0.94816 0.58955 -0.085502 -0.080091 0.49583 0.33556 0.97053 -0.53761 0.76218 -0.1887 -0.54077 0.30078 0.49401 0.22968 0.46152 -1.4115 0.65156 1.4991 -0.55076 0.33822 -0.55562 0.67777 0.60161 -0.64969 0.68434 -0.23213 -0.45189 -0.20227
0.78038 -0.91892 -0.80442 0.013158 0.066248 0.46384 -0.77581 -0.99802 0.96163 -0.18531 1.2817 1.4689 0.58542 -0.88615 -0.16906 1.0633 0.15366 0.99424 -0.81902 1.2668 -0.099315 -0.67493 0.67481 0.51083 0.51542 0.57219 -0.91583 -0.0094767 1.039 0.10142 -0.38866 -0.26596 0.18315 0.42625 -0.35354 0.5378 -0.48143 -0.58426 0.10832
0.21343 -1.0967 -0.2437 -0.30341 0.036871 0.19113 0.15283 -1.4244 0.95346 -0.023527 1.6885 1.4812 0.65768 -0.90282 -0.31965 1.6615 0.32408 0.56556 -0.8836 1.0174 -0.14709 -0.84142 0.70659 -0.056112 -0.51021 0.70124 -0.080718 -0.27539 0.42917 0.76339 -0.63559 0.23911 -0.28029 0.48893 -0.20346 0.10278 -0.60515 -0.91287 0.2181
0.087127 -0.96942 -0.12417 -0.1885 -0.085904 -0.12028 0.2935 -1.0187 0.65084 0.052403 1.2419 0.99767 0.92406 -0.87497 -0.43455 1.5608 0.72189 0.33432 -0.62609 0.68089 0.12492 -0.8877 0.81508 -0.19487 -0.70435 0.78557 0.68365 -0.20176 -0.5616 1.3782 -0.21209 0.7149 -0.74325 1.1109 -0.39943 -0.4809 -0.70113 -1.1436 -0.058536
-0.35487 -1.1078 0.62023 0.13436 0.60174 -0.059765 0.70957 -1.249 0.64434 0.4971 2.0503 1.6895 1.0931 -0.24096 -0.43963 1.0166 1.4414 0.13686 -0.1674 0.48379 0.6365 -0.85206 0.44229 -0.34746 -1.1628 0.7291 0.74313 -0.056753 -1.3049 1.3092 0.5787 0.59672 -0.88998 1.3688 -0.42334 -0.8667 -0.27191 -0.48996 -0.42302
0.11643 -1.2304 0.65294 0.58154 -0.11909 -0.086148 0.19664 -0.99569 0.56721 0.4255 1.5366 0.40815 1.1755 0.091573 -0.46767 0.4423 2.084 0.81577 0.20282 -0.034889 1.6513 -1.4792 -0.1816 -0.72825 -1.6634 0.45472 0.679 0.1646 -1.5512 0.39976 0.92905 -0.0047557 -1.1509 1.2642 -0.48167 -0.9351 -0.23973 0.36009 -0.62527
-0.041937 -1.2553 0.45913 0.90083 0.13129 0.10807 0.17319 -0.84556 -0.01709 0.55644 0.83754 0.14482 1.2703 0.03604 -0.39838 -0.007817 2.0086 1.3713 -0.14497 -0.50924 1.7318 -1.403 -0.57693 -0.32258 -1.1116 0.13358 0.38325 0.36626 -1.6756 -1.0807 0.85619 -0.52359 -1.245 0.89679 -0.23094 -0.47247 0.11697 1.5002 -0.58909
0.48072 -1.4051 0.26941 1.2597 0.24803 0.19989 0.24169 0.052836 -0.22579 0.1789 1.0702 0.15221 1.225 0.2863 -0.14855 -0.58134 1.1782 1.4012 -0.63873 -1.2692 2.0167 -1.5862 -0.5978 -0.67662 0.041412 0.00091296 0.47642 0.44653 -1.9508 -2.2466 -0.086704 -0.52341 -0.85404 -0.031573 0.56105 0.40569 0.50563 1.9965 -0.46502
0.016762 -1.479 0.33765 1.8116 1.3688 0.34794 0.29522 1.5022 -1.4944 -0.47862 0.76169 -0.89588 1.1046 0.39711 0.073577 -1.3411 -0.012107 1.3957 -0.74393 -1.5483 2.1814 -1.2712 -0.32081 -0.13489 1.2405 -0.063916 0.63437 0.4281 -2.0863 -2.4945 -0.84306 0.1714 -0.18428 -0.98646 0.97885 1.1631 0.06971 1.119 -0.32971
-0.21726 -1.2794 0.18934 1.6824 1.6306 -0.75091 -0.49456 0.75784 -0.74302 -0.34289 1.6258 0.51017 1.1089 0.82426 0.11487 -2.2362 -0.89618 0.63899 -0.49467 -1.3224 1.3553 -0.43405 0.52487 0.18739 1.4978 -0.25217 0.72582 0.30804 -1.6478 -2.059 -1.2254 1.0517 0.71825 -2.0414 1.4773 1.3872 -0.26334 -0.28488 -0.25898
0.38707 -1.2329 -0.043022 0.98112 1.4243 -0.93915 -1.4869 1.4141 -1.4798 0.18539 0.67432 2.0939 1.1962 0.98168 0.25497 -2.7598 -1.3879 0.21119 0.1197 -0.84715 0.14105 -0.032639 1.2536 -0.60997 0.58543 -0.31181 0.73551 0.18487 -0.56907 -1.0837 -1.1348 1.8864 1.3965 -2.2045 1.2857 0.88195 -0.92274 -2.0061 -0.2409
0.81212 -1.1788 -1.3366 0.36373 0.94998 -0.52229 -1.6435 2.2558 -1.0768 0.22219 1.2067 1.6338 1.1666 1.3831 0.32783 -2.6933 -1.7892 -0.24368 0.95595 -0.040404 -0.92866 0.73782 1.4678 -0.95523 -0.26503 -0.32489 0.38552 0.14117 0.81324 -0.004139 -0.57625 1.9603 1.4675 -1.5993 0.79365 -0.23121 -1.0586 -2.7645 -0.18043
1.1722 -1.3164 -2.2708 0.33474 0.7394 0.061628 -0.7024 0.81058 -0.39008 1.3438 1.1696 1.3452 0.88996 1.5253 0.31052 -2.0689 -1.4775 -0.23525 2.1594 0.85077 -0.95809 0.70298 1.0216 -1.388 -2.2626 -0.44608 0.10016 0.11488 1.9518 0.93092 -0.14215 1.14 1.0946 -0.53893 0.26381 -1.0564 -0.79735 -1.9337 -0.10349
1.2241 -1.1603 -2.3326 0.45555 1.2556 0.57592 -0.45643 0.32098 -0.89619 1.2454 -0.26991 -0.44817 0.8677 1.2922 0.35117 -1.1482 -0.83344 -0.19342 2.256 1.0218 -1.204 0.7743 0.16575 -1.5177 -3.1154 -0.49912 -0.18333 0.071466 2.3819 1.4217 -0.28889 -0.052533 0.17631 0.63037 -0.23676 -1.486 -0.55905 -0.18037 0.040761
1.4117 -1.032 -1.9709 -0.026401 1.4283 1.0495 -0.074022 -0.15606 -0.092665 0.96713 -0.041058 -0.52566 0.86605 1.2224 0.45963 -0.1304 -0.17634 -0.079473 1.6657 1.0117 -0.77557 0.46579 -0.26726 -1.9044 -2.2163 -0.40588 -0.29826 -0.099107 1.969 1.4169 -0.96759 -1.3765 -0.44765 1.1331 -0.058893 -1.328 0.121 2.0905 0.22928
1.8493 -0.94744 -1.8262 -0.048435 1.1217 1.8634 -0.076507 0.23125 -0.14237 0.80866 -0.17592 -1.7637 0.73938 1.1889 0.39078 0.48299 0.12697 -0.85416 1.1097 0.29122 0.19144 0.37215 -0.94312 -1.7999 -0.69442 -0.27703 -0.40742 -0.3177 1.3171 1.1417 -1.478 -2.1637 -0.52878 1.3925 -0.089901 -0.81533 0.89083 2.9892 0.3409
2.0612 -0.94756 -1.8277 0.036586 0.74759 1.6387 -0.63269 0.30282 -0.45818 0.25166 -1.0317 -1.5232 0.71754 1.012 0.11852 0.54721 0.60039 -1.6728 0.098037 0.28426 0.52968 0.77545 -1.1543 -1.0005 1.0691 -0.16355 -0.91172 -0.47447 0.71193 0.60182 -1.3901 -2.6465 -0.044098 1.0378 0.013877 -0.29351 1.8511 2.8448 0.35455
2.3241 -0.79483 -2.0194 0.4439 0.8519 1.3242 0.27101 0.82521 -0.22296 0.57649 -1.1654 -0.63246 0.69736 0.62419 -0.047374 0.81763 0.84437 -2.0937 -1.1058 0.27897 0.83137 0.42886 -1.067 -0.19589 1.7423 -0.033921 -1.4931 -0.54519 0.60853 -0.10754 -0.9082 -2.423 0.7613 0.40411 -0.036045 0.51323 2.4195 1.9485 0.27021
2.4719 -0.99302 -1.6656 0.52101 -0.23006 1.5909 -0.39952 0.74359 0.13503 0.18049 -1.5015 0.38039 0.62572 -0.23078 -0.17505 0.96065 0.56609 -1.9966 -2.2988 0.95526 0.90525 0.45435 -0.80857 0.97252 2.7509 0.082508 -1.6897 -0.444 0.61135 -0.86337 -0.68574 -1.4327 0.59682 -0.28902 -0.44646 1.324 2.2535 0.48133 0.081683
2.2733 -1.0598 -1.4969 0.88473 -0.41794 0.61313 0.232 0.72226 0.72518 -0.41556 -0.95888 0.85484 0.79048 -1.0347 -0.4446 1.3559 -0.022787 -2.352 -2.335 1.6278 0.77661 0.44979 -0.060323 2.0203 2.6972 0.064205 -1.125 -0.12711 0.54784 -1.2742 -0.2844 -0.31022 0.17159 -1.1625 -0.56654 1.8687 1.2244 -0.95734 -0.22313
2.1715 -1.0191 -0.79339 0.53927 -0.81011 -0.26979 0.21893 1.2617 0.10906 -0.28412 0.26144 0.79242 0.81202 -1.3787 -0.4813 1.3626 -0.48402 -2.7985 -2.0297 0.92765 -0.013009 -0.13861 1.0652 2.3687 1.6272 -0.073968 -0.42999 0.76507 0.61193 -1.3717 0.64991 0.82468 -0.59456 -1.9014 -0.60168 1.8084 -0.41502 -2.3203 -0.60551
1.3518 -1.0844 -0.98692 0.37276 -0.84086 -1.1617 1.3399 1.688 0.19776 -0.086728 0.86424 2.0138 0.7752 -0.94435 -0.1173 1.5913 -0.88296 -2.2172 -1.8281 0.69471 -0.972 -0.41836 1.839 1.5415 0.20482 -0.34352 -0.21103 1.8339 0.27333 -0.81465 2.0941 1.0362 -0.76216 -2.0552 0.13391 0.79374 -1.6462 -2.7781 -0.84298
0.84523 -1.4324 -0.40774 0.03743 -1.9642 -0.69012 1.8068 1.3211 0.29422 0.73605 1.1035 2.2795 0.70503 -1.0923 1.0582 1.9284 -1.4305 -0.88798 -0.96163 0.17359 -1.9148 -0.32556 1.9605 0.39481 -1.0721 -0.76191 -0.33549 2.5235 -0.29792 0.045095 3.043 0.86504 -0.74735 -1.5731 0.93355 -0.86234 -1.7563 -2.262 -0.84023
1.0996 -1.2366 -0.61719 0.15725 -2.6502 -0.5644 0.34506 0.070763 -0.4337 2.1961 1.2662 1.1717 0.53695 -1.5764 2.1232 1.573 -0.98044 0.49731 -0.87236 0.39563 -2.2647 0.80018 1.1245 -0.25256 -2.0199 -1.0503 -0.86372 2.4256 -0.7707 1.1298 3.3141 0.62942 -0.98111 -0.30708 1.0055 -2.4164 -1.1937 -1.3252 -0.79575
1.9034 -0.92177 0.43305 -0.24577 -2.1597 -1.085 0.42962 -1.0921 -0.054787 1.7197 -0.15136 0.14218 0.30006 -1.6986 2.9882 0.88418 -0.32934 1.3759 -0.83943 -0.50011 -2.4249 1.108 -0.35039 -0.21239 -2.2026 -1.1743 -1.0625 1.228 -1.0648 1.7364 2.6038 0.42498 -0.57154 1.3568 0.7908 -2.9127 -0.3445 0.18743 -0.62569
0.46265 0.54528 0.96953 -0.81666 -0.43859 -0.92539 0.78218 -1.5852 0.34998 1.3468 -0.0070711 -0.64452 0.032514 -2.2851 3.3297 0.8085 0.61137 2.6759 -0.6733 -1.0492 -1.322 0.86462 -1.974 -0.51686 -2.1309 -1.5142 -0.8401 -0.39412 -1.1264 1.5262 1.0686 0.7356 -0.65759 2.487 -0.085791 -2.083 0.16927 1.48 -0.3357
-0.57927 0.97751 0.40354 -0.14867 -0.16145 -2.0016 1.8668 -0.9712 1.9251 0.64829 0.77069 -0.92745 -0.1834 -2.7611 2.6924 0.49716 0.90284 2.7551 -0.23772 -0.30261 0.23278 1.2127 -2.4792 -0.15023 -0.62141 -1.6131 -0.18333 -2.0146 -0.85901 0.93368 -0.38821 0.96854 -0.5071 2.51 -0.77075 -0.48958 0.4293 2.1811 -0.00048514
-0.70872 1.2954 -0.48841 0.28967 -0.42182 -1.8077 0.12377 -1.8192 1.333 -0.42788 1.1013 0.16895 -0.28209 -2.644 1.5632 -0.15337 1.1569 1.7459 0.24646 -1.0871 1.2153 0.56546 -2.0941 0.058501 0.40124 -1.4131 0.9305 -2.615 -0.39668 0.089308 -1.4332 1.0521 -0.32263 1.1407 -1.2915 1.0699 0.56353 1.9001 0.45428
-1.4556 1.351 0.95124 0.89261 0.47119 -0.86689 -0.6877 -0.51343 0.40049 -1.0313 -0.1148 -1.1332 -0.93226 -1.8649 0.22118 -0.092518 1.0922 1.1275 0.56749 -1.541 1.1598 -0.29444 -1.2967 0.35798 1.2708 -1.2281 2.0533 -2.4415 -0.3907 -0.57117 -1.82 0.72603 0.43377 -0.10991 -1.2541 2.1116 0.34522 0.69268 0.89085
-1.5066 1.1248 0.40999 0.47251 0.31306 -0.86313 0.68629 0.28003 1.6509 -0.24508 0.58799 0.484 -1.0343 -0.95359 -0.17498 0.44504 0.70165 0.87432 0.95134 -1.0925 0.41476 -0.97522 -0.36497 0.35341 1.05 -0.92449 2.9714 -2.065 -1.021 -1.2367 -2.1684 -0.011928 1.4616 -1.07 -0.53383 2.205 0.39779 0.0095282 1.5882
-1.5057 0.96151 0.36443 0.39781 0.12086 -0.99205 -0.89599 0.28573 0.86685 -0.76904 -0.11793 0.33973 -0.92695 0.31569 -0.86387 -0.45001 0.1348 -0.12857 0.81113 0.66675 0.41005 -0.53554 0.99851 0.39355 0.55033 -0.32115 3.0946 -1.6098 -1.7363 -1.3237 -2.4671 -0.53124 1.7112 -1.2294 0.017816 1.6308 0.091897 -0.67784 2.0582
-2.1913 0.94776 0.54423 0.50455 1.0605 -0.76393 -0.74076 -0.47653 0.32358 -0.31187 1.493 1.1135 -1.1222 1.9396 -1.636 -1.7123 -0.54978 -1.5795 0.10944 0.98937 -0.49312 -0.39229 1.2926 0.83625 0.76897 0.87404 2.5791 -1.3216 -1.9495 -1.1624 -2.3134 -0.79607 1.3701 -0.76156 0.44467 0.91911 -0.13893 -0.69864 1.9514
-1.3848 1.0662 0.70556 0.99352 0.46522 -0.7452 0.26026 -1.1976 0.30717 -0.22785 1.238 0.19601 -1.0558 2.5976 -1.9636 -1.9883 -0.62297 -2.1426 -0.023566 1.1361 -0.77847 -0.56112 1.2281 0.3052 -0.078995 1.4251 1.3382 -0.57992 -0.78698 -0.86324 -1.3588 -0.5909 0.31667 -0.23644 0.33303 -0.079163 -0.59972 -0.37853 1.2675
0.067051 0.21438 -1.1509 0.42376 -0.8884 -0.28939 1.3436 -0.18661 0.67715 1.0272 0.70582 0.26748 -0.66615 2.8308 -2.017 -2.1288 -0.97205 -2.3361 -0.15165 1.6561 -0.47664 -0.084108 1.4105 0.12825 -0.17092 1.5704 -0.54259 0.22689 0.51119 -0.60178 0.098706 -0.14189 -0.39275 0.7311 0.26019 -0.40591 -0.57715 0.20802 0.0090206
1.1272 -0.59158 -1.1265 -0.15855 -1.5518 -1.0906 0.53018 -0.85818 0.39332 0.48655 1.052 0.71284 0.22167 2.4277 -1.7186 -1.5748 -1.1718 -2.2302 -0.18483 1.0478 -0.066362 -0.034545 0.7771 -0.436 0.18221 1.5174 -1.8798 1.1442 1.6384 -0.057058 1.3029 0.071151 -0.94189 0.99442 0.16207 -0.61487 0.060424 0.92338 -1.0725
0.90436 -0.61251 -1.5218 -0.13204 -1.5969 -0.97831 1.3848 -0.85973 0.63147 0.89122 0.70096 0.38981 0.25829 0.99339 -1.3388 -1.0077 -1.3257 -1.3629 -0.074576 0.21997 0.55737 -0.14614 0.68374 0.068081 1.0784 0.84104 -2.3915 1.9442 2.1652 0.72034 1.9804 0.33223 -1.2198 0.83094 -0.27555 -0.59162 0.36288 0.82604 -1.9
0.95429 -0.54481 -1.3857 -0.35561 -1.4416 -1.0107 1.0136 -0.68438 0.47331 0.96889 0.74719 0.32936 0.16256 -0.066547 -0.21736 0.3113 -0.52279 -0.26466 0.08217 -0.14213 0.62128 -0.21687 0.32745 0.46147 1.2952 -0.06509 -1.7037 2.3155 1.8579 1.4259 1.9391 0.4589 -0.97809 0.40388 -0.49982 -0.23003 0.52128 0.28194 -2.1837
0.56737 -0.34394 -0.70057 -0.29279 -1.2569 -0.69981 0.90528 -0.76436 0.17838 0.46891 0.96343 1.405 0.11085 -0.48124 0.77029 0.69904 0.01641 0.27878 0.36026 -0.34386 0.77953 -0.55478 0.41907 0.40579 1.0593 -0.92252 -0.64616 2.3648 1.3856 1.9865 1.4243 0.32264 -0.8641 -0.096041 -0.74938 -0.18809 0.0093288 -0.69973 -1.8832
0.21831 -0.6357 -1.272 -0.59177 -1.6636 -0.62212 0.84601 0.39225 0.31592 1.3334 1.3221 1.8692 -0.24875 -0.081703 1.4389 0.81146 0.73138 0.47148 0.48629 -0.74457 0.59506 -0.84052 0.43673 0.43568 0.79287 -1.3749 -0.10549 1.6982 0.62851 1.7339 0.83477 0.061313 -1.0331 -0.35403 -0.8187 0.25363 -0.37554 -1.2596 -1.269
0.6557 -0.18365 -0.76836 -0.075664 -1.3819 -0.50763 1.0008 0.35743 0.42584 1.253 1.3828 1.9173 -0.40226 -0.22785 2.1347 1.1653 1.6235 0.85462 0.35037 -1.3076 0.37434 -1.3436 0.24265 0.10579 -0.2084 -1.7591 -0.0057958 0.95014 0.43666 1.2978 0.46722 -0.090732 -0.80058 -0.55845 -0.68837 0.055591 -0.91647 -1.4419 -0.4994
0.62283 0.33027 -0.42451 -0.095088 -1.1441 -0.79557 0.1339 -0.25556 -0.62031 0.95348 1.2385 1.4449 -0.62843 -0.39038 2.1917 1.1923 1.7985 0.95998 0.21251 -1.8531 0.12785 -1.4704 0.93751 -0.1273 -0.82887 -1.8411 -0.24988 -0.029503 0.25332 0.21938 -0.04019 -0.049612 -0.19077 -0.27069 -0.52467 -0.086381 -0.9514 -1.2822 0.16141
0.93756 0.95405 -0.69978 0.79007 -0.94614 -0.19748 0.40486 -0.17032 -0.55867 1.5044 1.1263 1.1793 -1.172 -0.33381 2.1268 1.2911 1.8281 0.87809 0.3307 -1.4816 -0.078982 -1.6272 0.28331 -1.1247 -1.285 -1.5544 -0.13071 -0.98003 0.12758 -0.97908 -0.68866 0.15794 0.7914 0.19455 0.30767 -0.3504 -0.61914 -0.46449 0.81981
0.13738 1.5388 0.39465 1.3548 -0.35766 -0.569 -1.1112 -0.022255 -1.6755 0.88801 0.89643 0.22198 -1.5797 -0.50138 1.397 1.2141 1.0465 0.37979 0.4086 -1.0361 0.28719 -1.7587 0.2391 -0.83036 -1.476 -1.2009 0.16382 -1.3768 0.082538 -1.8188 -0.95248 0.42801 1.2602 0.26494 0.92511 -0.84477 -0.17049 0.19533 1.2667
-0.21592 1.1856 0.27646 0.99926 -0.62782 -0.3932 -1.4122 -0.036053 -1.3992 2.5305 1.0944 1.0465 -1.5964 -0.4176 0.76032 1.4025 0.27463 -0.1155 0.56318 0.020839 0.66159 -0.59508 -0.12834 -0.76476 -0.91021 -0.66569 0.46207 -1.4846 -0.5068 -1.9349 -0.95987 0.41702 1.3333 0.22289 1.5256 -0.47861 0.48564 0.96679 1.2857
0.32512 1.3075 0.043318 1.1342 -0.92394 -0.094142 -0.18491 0.37777 -1.6966 1.0662 -0.61359 0.19666 -1.5424 -0.031754 0.38277 1.3068 -0.65063 -0.28362 0.92552 0.14229 0.26087 -0.1474 -0.59342 -0.63922 -0.60386 -0.10003 0.61514 -1.3771 -1.0166 -1.3389 -0.52969 -0.11702 0.91608 -0.21959 1.8121 -0.24862 0.77132 1.1471 1.3033
0.28502 1.2268 0.74359 0.70834 -0.98463 -0.075743 -0.31688 0.53249 -2.4491 1.3116 0.97751 -0.26828 -1.5105 0.31721 -0.053954 0.396 -0.75665 -0.54405 0.8804 0.83327 0.356 0.60699 -0.28428 -0.25043 0.37239 0.11341 0.43077 -1.5482 -1.292 -0.79816 -0.12559 -1.2028 -0.10438 -0.68103 1.7204 0.70262 1.1664 1.0268 1.4834
0.2004 1.3877 1.2115 0.46911 -1.1287 0.10578 0.35028 0.64457 -0.64552 0.77631 0.32216 0.54496 -1.4448 0.30913 -0.68855 -0.012737 -0.80586 -0.37682 0.033072 0.56313 0.0044526 1.253 -0.19385 0.44911 0.369 0.65811 0.15381 -1.6608 -1.3628 -0.42827 -0.083172 -2.1686 -0.62481 -0.77268 1.8503 1.3279 0.98085 0.93801 1.6799
0.66489 1.6239 0.91257 0.43082 -0.80046 1.1062 -0.64009 -0.2228 -1.1952 0.8248 0.28147 0.17233 -1.4436 0.23807 -1.5073 -0.14398 -1.0492 -0.30429 -1.2916 -0.38203 -0.53983 2.134 1.117 1.0116 0.82757 1.515 0.040834 -1.3728 -0.9086 -0.43202 -0.083117 -2.4531 -0.98008 -0.83002 1.3897 1.256 0.84439 0.61126 1.7128
0.18937 1.1326 0.28967 0.73886 -1.1081 0.13462 -0.084723 0.81342 -0.78903 1.569 0.64082 1.5094 -1.5364 0.30545 -1.8984 -0.75189 -1.2446 -0.56169 -2.1434 -0.56342 -0.79843 2.7781 1.4368 0.68209 1.1993 2.0983 0.035009 -0.66628 -0.37487 -0.42303 -0.10787 -1.9286 -0.6324 -0.39758 0.82866 0.77855 0.50915 0.48526 1.1986
0.33027 0.10891 0.044505 0.059845 -1.2135 -0.85009 -0.20881 -0.082108 0.38293 1.9825 1.4098 0.83812 -0.60088 0.40111 -1.9338 -0.77778 -1.2842 -0.6097 -2.7324 -0.68201 -0.86087 2.6125 1.4834 1.3147 1.276 2.3492 0.08892 0.49112 0.34887 -0.20058 0.20652 -0.41462 -0.47223 0.052241 -0.10022 -0.12844 0.30482 -0.17448 0.22691
0.74627 -0.17928 0.57411 -0.20885 -1.3009 -2.1247 -0.89886 -0.52635 1.2218 2.556 1.0417 0.91446 0.23141 0.29856 -1.6773 -0.31644 -1.4192 -0.42725 -2.9408 -0.61659 -0.61544 2.6599 1.2242 1.3141 1.189 2.3088 -0.07412 1.4362 0.84451 0.13484 0.61398 1.1906 -0.58811 0.55672 -1.2834 -0.53025 -0.083676 -0.7852 -0.9083
0.60799 -0.14078 0.14466 -0.71465 -1.6961 -2.1631 -0.7889 -0.58536 1.9668 2.5692 1.5094 1.8211 0.34476 0.41533 -0.71837 0.26897 -1.2951 -0.0024346 -1.6811 -1.3402 -0.54015 1.9819 0.95951 1.3067 0.4393 1.7992 -0.13205 1.7883 0.80997 0.366 0.84098 2.5861 -0.46293 0.90783 -2.0753 -0.73224 -0.81384 -1.3791 -1.7197
0.80932 0.029883 0.26983 -0.51347 -1.5136 -2.356 -0.68472 -0.66213 2.3958 2.2058 2.0284 2.3629 0.41614 0.16106 0.10932 0.21232 -0.97277 0.24538 -0.37601 -1.4687 0.10986 0.51621 0.60875 0.52636 -0.1066 0.80203 -0.04016 1.5241 0.6833 0.45285 0.83912 2.9057 -0.0942 0.83074 -2.4246 -0.7539 -1.3686 -1.77 -1.8801
0.72129 -0.13564 0.34613 -0.75459 -1.1028 -2.6033 -1.3174 -0.50259 2.0782 2.6166 1.9805 1.8117 0.51937 0.22204 0.42767 0.38572 -0.82785 0.57783 0.95697 -1.2207 0.52546 -0.47639 0.28573 0.10015 -1.0945 0.12989 -0.093396 0.76861 0.46348 0.29306 0.50644 2.0839 0.61975 0.51682 -1.852 -0.78163 -1.6618 -1.3377 -1.4664
0.69124 0.11928 0.67477 -0.69621 -1.1162 -1.929 -2.1801 -0.11932 2.1107 3.1548 2.574 1.3388 0.44538 0.32272 0.52474 0.83404 -0.81799 0.80308 1.3254 -0.84686 0.45136 -0.97018 0.011142 -0.79175 -1.9143 -0.10629 0.11359 0.36128 0.21738 0.36004 -0.02967 1.0533 1.3215 -0.065807 -1.0116 -1.129 -1.3569 -0.27593 -0.92117
0.6309 0.071466 0.29523 -1.1649 -1.1147 -1.5554 -2.2065 -0.14631 0.92464 2.7699 1.3061 0.37289 0.44311 0.16044 0.47724 0.78694 -0.82329 0.63368 1.4758 -0.28389 0.28045 -0.98901 -0.34861 -1.3249 -1.585 -0.28179 0.082613 0.35853 -0.31378 0.88141 -0.50602 0.15261 1.624 -0.4645 -0.7796 -1.5009 -1.0791 1.1079 -0.79325
1.1876 0.30118 1.0291 -1.1785 -0.8313 -0.75044 -1.9719 0.18934 0.98216 2.6733 1.214 -0.039312 0.35937 0.41275 0.74827 0.41506 -0.30613 0.15665 1.394 0.94157 0.094809 -1.2612 -1.3952 -1.4469 -0.47585 -0.58563 -0.29932 0.3235 -0.62997 1.4331 -0.63231 -0.24651 1.2828 -0.25794 -0.54146 -1.4641 -0.079887 1.9271 -0.89292
0.99398 0.41002 1.1354 -1.4495 -0.7711 -0.93046 -1.38 -0.25263 1.1694 2.2342 0.704 -0.080608 0.24531 0.33881 0.97463 0.080236 0.51713 -0.02676 1.2233 1.4153 -0.20634 -1.9006 -2.0971 -1.707 0.58723 -1.003 -0.91065 0.09354 -0.43007 1.3823 -0.48247 -0.43623 0.42394 -0.10918 -0.36625 -1.1178 0.52498 1.4212 -0.84401
0.7626 0.3333 1.0225 -1.2129 -0.7442 -0.91346 -1.2969 -0.3051 1.2118 1.942 0.68849 0.79283 0.19284 -0.33347 0.87118 0.12575 1.0989 -0.024357 0.9862 1.0989 0.18493 -1.6079 -2.1249 -0.75291 1.1854 -1.2904 -1.3591 -0.29907 0.095252 0.52656 -0.19378 -0.52714 -0.81583 -0.0012429 -0.0090271 -0.36649 0.65396 0.26397 -0.44338
1.3314 0.7525 0.57627 -0.80989 -1.1977 -0.70039 -0.23877 -0.14314 -0.17365 0.8675 0.54886 1.3658 -0.15185 -1.1999 0.59338 0.21555 0.97055 -0.16075 0.85011 0.58293 0.013789 -1.5588 -2.2819 -0.62406 0.66795 -1.3896 -1.2689 -0.53346 0.54236 -0.74491 0.046521 -0.7744 -1.606 0.11744 0.43592 0.47413 0.60506 -0.80277 0.17969
1.0045 1.1455 0.64196 -0.096641 -1.1368 0.0051286 -0.797 -0.44819 -1.4209 0.55115 -0.15772 1.6715 -0.65475 -1.4071 0.40361 0.5396 0.43375 -0.13585 0.57648 -0.36706 -0.027715 -1.461 -2.056 -0.68461 0.045763 -1.1606 -0.74133 -0.60842 0.75023 -1.9741 0.3177 -1.2582 -1.5486 -0.22866 0.60561 1.2086 0.39579 -1.153 0.87115
0.0050768 0.72665 0.97224 -0.34225 -0.81162 -0.15621 -1.1028 0.64937 -0.56397 0.46988 0.77722 1.2788 -0.74607 -1.5415 0.24755 0.83852 -0.45657 0.10686 -0.050579 -1.2785 0.11748 -1.1133 -1.1562 -0.53437 -0.60542 -0.75999 -0.023523 -0.39035 0.3786 -2.3926 0.54625 -1.8215 -0.66997 -0.16132 1.0077 1.9772 0.77578 -0.69148 1.391
-0.51118 0.72536 1.6554 -0.73724 -0.95004 0.13696 -1.12 -0.35023 -0.41415 -0.16586 0.21105 0.20308 -0.84861 -1.5731 -0.052881 1.1389 -1.6911 0.41327 -0.97083 -1.2736 -0.32002 -0.63059 -0.20226 -0.006185 -0.70355 -0.103 0.67155 0.098782 -0.50411 -1.8219 0.67157 -1.9332 0.66 -0.20323 0.96775 2.1824 0.74122 0.012469 1.4384
-0.38466 0.77211 1.5429 -1.2313 -0.99648 -0.64498 -1.9659 -0.56798 -0.82895 -0.26304 -0.41167 0.47617 -0.65877 -1.1577 0.1206 0.598 -2.2186 0.55211 -1.8649 -0.37445 -0.16269 0.03021 0.85722 0.58221 -0.47739 0.48167 1.1478 0.4101 -1.4186 -0.46874 0.79561 -1.5304 1.5671 0.053748 0.83832 1.6062 0.48594 0.56284 1.1684
-0.51287 0.83569 1.5282 -1.4541 -0.75835 -1.0706 -2.6735 0.1977 -1.1284 0.66809 0.14989 0.64214 -0.58032 -0.31341 0.6542 -0.18418 -1.9167 0.85703 -2.2193 0.63482 -0.29146 -0.10844 1.4251 0.23401 -0.0043202 0.70067 1.2546 0.50555 -1.7924 0.99377 0.78731 -0.43431 1.5905 0.32233 0.89694 0.58618 -0.017646 0.37628 0.57539
-0.51177 0.85835 1.8121 -2.3227 -0.68076 -1.7214 -1.3257 -0.92063 -1.6516 0.64225 0.74511 0.88022 -0.38819 0.022919 0.64639 -0.92511 -1.1564 1.3263 -2.3562 1.1751 0.19729 0.29115 1.3332 0.31596 0.25816 0.85382 1.1505 0.16158 -1.4245 1.7921 0.48465 0.74703 0.79287 0.2517 0.79898 -0.49958 -0.45765 -0.014167 -0.0082477
-0.84768 1.2016 1.1887 -2.097 -0.34227 -2.2229 -0.90186 0.024532 -0.3638 1.849 1.0711 0.82658 -0.23435 0.23471 0.6099 -1.1709 -0.42045 1.4524 -1.5511 1.4097 0.1145 1.0216 0.76542 0.09824 -0.26464 0.70232 0.80087 -0.1975 -0.66719 1.9165 -0.13512 1.7643 -0.39183 0.28279 0.64439 -1.1386 -0.16776 -0.22035 -0.46956
-0.32566 1.3798 0.88031 -2.1476 0.14641 -2.601 -0.1514 -0.17001 -0.53683 1.6318 0.30579 0.75785 -0.15799 0.76771 0.44388 -1.3439 0.26206 1.1297 -0.75738 0.97817 0.11199 1.052 0.16012 -0.25158 -0.39134 0.46416 0.46821 -0.40915 0.328 1.6352 -0.76895 2.2574 -1.3429 0.079465 0.058402 -1.5922 0.3117 -0.33119 -0.82533
-0.39898 1.1857 0.59201 -1.7692 0.42231 -2.8233 -0.49575 -0.12226 -0.19126 0.80352 0.077835 0.53458 0.027324 0.84651 0.40459 -1.1008 0.8254 0.70256 0.37555 -0.078297 0.28908 0.78884 -0.32934 0.19124 -0.17294 0.082027 -0.30863 -0.62298 1.1249 1.4833 -1.0707 2.1517 -1.6373 0.018198 -0.38827 -1.4925 0.99587 0.15294 -0.83754
-0.081342 1.2964 0.42641 -1.7574 0.42988 -2.2352 -0.90069 -0.3595 0.4669 0.82714 -0.0023952 0.071261 -0.050257 0.61458 0.01389 -0.36558 1.1691 0.2948 1.0212 -0.94102 0.25393 0.51348 -1.3931 0.89419 -0.52259 -0.264 -1.194 -0.67279 1.587 1.0778 -0.8013 1.4718 -1.1746 -0.048165 -0.46599 -1.1806 1.1561 0.29184 -0.70366
0.50196 1.2256 0.29504 -1.5243 0.18239 -2.0059 -1.0738 0.11216 -0.2387 1.214 0.49136 0.49522 -0.17155 -0.27349 -0.29851 0.31239 1.8029 -0.085806 1.6974 -1.1248 0.068737 0.50365 -1.5266 1.5075 0.12101 -0.38266 -1.6781 -0.74147 1.4003 0.75057 -0.33207 0.7376 0.053006 -0.06638 -0.44218 -0.92113 0.31355 -0.011874 -0.43958
0.10771 1.4865 0.63151 -1.5158 0.07857 -1.2194 -1.1218 -0.2695 -0.29355 0.69245 1.636 1.0052 -0.33687 -0.94638 -0.41843 0.7208 1.7252 0.058682 1.4144 -0.99608 0.11878 0.25194 -1.6686 1.3904 0.08437 -0.5213 -1.7604 -0.6278 0.45787 0.2356 0.23838 0.49154 1.3048 0.039645 -0.062836 -0.32057 -1.0147 -0.32764 -0.19525
-0.27575 1.134 0.82076 -0.73022 0.28741 -1.3674 -2.002 0.57836 0.65529 -0.39374 1.8603 -0.38446 -0.45592 -1.5709 -0.71781 0.8045 1.9144 0.20943 1.6025 0.095765 0.21798 0.024583 -2.0854 0.57154 -0.51554 -0.55102 -0.96576 -0.42345 -0.37361 -0.37526 0.3388 0.31593 1.9335 0.20441 0.033486 0.11661 -1.8133 -0.60314 -0.046769
-0.9926 0.88839 1.2207 -0.035458 0.20535 -0.52019 -1.3923 -0.52682 0.29594 -0.51963 1.6172 1.3519 -0.33129 -2.0916 -0.90862 0.20749 1.5598 0.57426 2.0199 1.2913 0.24607 0.61653 -1.7726 -0.64474 -0.93148 -0.5195 -0.14055 -0.09692 -0.95681 -1.0149 0.022999 0.15425 2.0197 0.45804 0.15009 0.81466 -1.9106 0.035046 0.027454
-1.3292 0.84177 1.1678 -0.42091 0.63662 -1.3507 -1.9119 0.089098 0.21027 -1.0363 1.3523 0.18976 -0.49637 -1.5396 -0.81452 -0.04938 1.2401 0.26626 2.0088 1.9283 0.39112 0.37747 -1.2345 -1.0662 -0.69856 -0.46678 0.65323 0.42427 -0.98084 -1.4717 -0.41338 -0.60631 1.17 0.69711 0.062514 1.673 -1.1763 0.15946 -0.0052872
-1.4742 0.64587 1.0761 0.077664 0.44289 0.29667 -0.053262 0.22472 0.052523 -1.3614 0.59547 -0.88512 -0.68745 -1.2261 -0.5383 -0.47899 0.27344 0.065324 1.515 2.47 0.90967 0.36479 -0.41855 -1.5751 0.23901 -0.51844 1.1358 0.72208 -0.56742 -0.9492 -0.6401 -1.4733 -0.26432 0.40301 -0.38449 1.7673 0.13143 0.17545 0.026408
-2.0594 0.48491 0.25942 -0.19377 0.80672 1.0073 0.84807 0.49337 1.0729 -0.68059 0.076563 -0.35416 -0.72738 -0.75303 -0.12486 -0.52053 -0.047864 -0.2953 0.69885 2.0587 1.2269 0.26461 0.67813 -1.2907 -0.76656 -0.56312 0.98595 0.61091 -0.076759 -0.49179 -0.32741 -1.8653 -1.6507 -0.14723 -0.21646 1.302 1.0417 0.35817 0.17639
-1.4637 0.74589 0.97799 0.072371 0.10871 0.93263 0.5098 0.41741 0.3731 -1.2561 1.0412 0.30177 -0.75852 -0.31334 0.065388 -0.51044 0.53241 -0.3168 -0.14539 0.68921 0.59903 -0.10671 0.90541 -0.26541 -0.52842 -0.42816 0.81975 0.24557 0.47621 0.13544 0.27317 -1.1551 -1.8983 -0.85103 -0.26548 0.22805 1.2429 0.30107 0.48168
-2.0453 0.51762 0.45278 -0.44357 0.40615 -0.093791 0.90515 1.886 1.1521 -0.83802 -0.4772 1.0375 -0.89549 -0.11043 0.00062364 -0.13885 0.25684 -0.1454 -0.73366 -0.70417 0.2511 0.16954 0.7811 0.35191 0.45239 -0.2097 0.5361 -0.14492 0.42855 -0.019498 0.6503 -0.1844 -1.0375 -0.96862 0.18931 -0.61439 0.36095 0.61724 0.74743
-1.9492 0.87515 0.82432 -0.099277 -0.036899 -0.16034 0.78879 1.0115 0.17485 0.65185 0.11282 -1.1806 -0.91215 0.020977 -0.14741 0.18101 0.38854 0.48077 0.021844 -0.20475 -0.26147 -0.12938 -0.00078373 0.075751 0.27233 0.13438 0.84338 -0.48557 -0.15242 -0.31303 0.46558 0.93603 0.32423 -0.9333 0.48633 -0.6329 -0.389 0.46398 0.9029
-1.6145 0.77392 0.38325 0.62961 0.54585 -0.94334 -1.0699 0.45873 -0.10738 -0.54051 1.343 -1.1486 -0.95203 0.10692 -0.27386 -0.097821 0.014554 0.48271 0.26897 0.3035 -0.22976 0.64364 -0.13181 -0.73888 0.1648 0.44414 1.3988 -1.1231 -1.1644 -0.6073 -0.19302 1.2309 1.1236 -0.94811 0.50679 -0.3847 -1.0078 0.58859 1.1811
-1.8217 0.40665 0.8113 -0.0063954 0.41507 0.53059 -0.31891 0.60896 1.3083 -0.54967 0.78505 1.1274 -0.80944 1.1914 -0.67127 -0.76695 0.11933 0.20974 1.1577 0.91608 -0.97896 0.61786 0.060779 -0.48549 0.61316 0.80198 1.5685 -1.4431 -1.6915 -1.0259 -0.77137 0.70613 1.2524 -1.0014 0.29705 0.32169 -0.99498 0.75418 1.4175
-1.928 0.39504 0.72356 0.11972 1.3793 1.6259 1.6376 0.22321 0.60929 -1.2463 -0.18978 0.43464 -0.46435 1.9776 -1.7688 -1.6505 -0.66881 -0.368 1.0688 1.1879 -1.2373 0.79845 -0.040414 -1.3607 1.5513 1.494 1.248 -1.2437 -1.6239 -0.70571 -0.71312 -0.024764 0.71325 -1.1696 -0.84986 0.44091 -0.38493 0.051545 1.3926
-1.3852 0.55918 0.64057 -0.31477 0.13599 0.11327 1.0177 1.1147 1.8112 -0.83653 -0.84137 0.31898 -0.38992 2.0828 -2.0124 -1.9396 -1.0782 -0.50462 0.98504 2.0828 -1.7081 0.37636 0.61532 -1.5811 1.2092 2.0553 0.15481 -0.56814 -0.75245 -0.21131 -0.3033 -0.58718 -0.25131 -0.89341 -1.3945 0.26018 0.17266 -0.61303 0.95506
-0.062481 -0.17981 -0.87788 0.057323 0.37172 1.1871 1.7404 -0.3706 1.2192 0.51489 -0.288 0.83648 -0.16143 2.0467 -1.8538 -2.2916 -0.62283 -0.46484 0.31546 1.2887 -2.1415 -0.94584 0.49787 -0.94848 -0.034149 2.2203 -0.95722 0.38208 0.49847 0.6394 0.48392 -0.31128 -1.045 -0.74559 -1.8141 -0.27878 1.0566 -1.0469 0.18307
0.61479 -1.2583 -1.1738 -0.69082 -0.45973 0.70187 0.9206 -1.4638 0.92015 -0.029636 -0.97379 1.0625 0.73816 1.4565 -1.6526 -1.7198 -0.25606 -0.30067 0.41497 0.35673 -2.268 -1.3094 0.32695 -0.34274 0.056818 2.086 -1.7772 1.0256 1.6694 0.86475 0.76723 -0.26088 -1.742 -0.022695 -1.2935 -1.0379 1.1666 -0.80243 -0.62959
0.082743 -1.0166 -1.1645 -0.62533 0.59871 1.0661 2.3661 -1.9025 0.80948 -0.25897 -0.61048 1.3393 1.1022 0.46843 -1.2472 -0.87106 0.088397 0.40399 0.76402 -0.16755 -2.4121 -1.9971 -0.46916 0.12267 -0.16709 1.7925 -1.9076 1.4401 2.0509 0.80551 0.76346 0.098764 -1.1977 0.73814 -0.12489 -0.80786 0.84272 -0.28787 -1.3327
0.046092 -0.89516 -1.3502 -0.3865 0.33603 1.3572 1.8867 -2.0509 -0.59844 -0.49241 -0.77828 0.24325 1.2128 -0.51521 -0.44565 0.26394 0.13727 0.45058 0.2677 -0.9087 -1.6269 -1.6954 -1.035 0.20412 -0.48607 1.1794 -1.093 1.2801 1.4859 0.53549 0.28996 -0.069866 -0.48374 1.287 0.8807 -0.23608 0.48157 -0.24982 -1.5947
-0.17409 -0.89657 -0.87156 -0.019261 0.65373 1.6838 1.5864 -2.3828 -0.524 -0.56926 -0.79543 0.47537 1.2805 -0.60339 0.16525 0.28979 0.64573 0.5423 0.58637 -0.62588 -1.0419 -1.0134 -0.48202 0.45638 -0.40322 0.36926 0.046527 0.8221 0.71059 0.14355 -0.06964 -0.22865 0.43894 1.4787 1.807 0.43679 0.19244 0.16062 -1.4075
-0.23702 -1.0021 -0.82793 -0.22746 0.37441 1.1027 0.45376 -2.9061 -0.92169 -0.87567 -0.30438 0.52031 1.2703 -0.089131 -0.026896 0.29625 0.44783 0.15112 0.37739 -0.42363 -0.46948 -0.05102 -0.15175 0.45216 -0.38272 0.040827 0.78865 0.24655 -0.14709 -0.22528 -0.14547 -0.17499 1.3066 1.1488 1.7514 0.55781 -0.17333 0.20283 -0.88839
-0.38884 -1.0788 -0.73021 -0.23758 0.56885 1.2688 0.43841 -3.0034 -0.84069 -0.84592 -0.24513 0.50337 1.254 0.34832 0.043835 0.36884 0.21505 0.42017 0.27798 0.56768 -0.13573 0.7832 -0.012309 0.38676 0.118 -0.071738 0.71126 -0.058753 -0.31078 -0.52089 -0.28961 -0.3121 1.5312 0.95855 1.1964 0.14619 -0.57978 -0.1092 -0.3652
-0.12341 -0.93202 -1.116 0.028573 0.4762 1.8383 1.3936 -2.8556 -0.092013 -0.45203 -0.44107 0.71892 1.1921 0.51793 0.070475 -0.0023685 -0.024747 0.24008 0.093709 1.341 0.13599 0.8975 -0.12252 -0.098654 -0.31794 -0.13703 0.32519 -0.038072 -0.37675 -0.49583 -0.69208 -0.51161 1.1523 0.88306 0.26361 -0.0079758 -0.80237 -0.54208 -0.19189
0.094918 -0.97696 -0.83497 -0.11554 0.79167 1.656 2.2049 -2.2552 0.49123 -0.48598 -0.092933 0.24736 1.1902 0.4544 0.017633 -0.070703 -0.023777 -0.036086 0.13685 1.8222 0.50265 0.89376 -0.19572 -0.41221 -0.6868 -0.17503 -0.010775 -0.013203 -0.066273 -0.58443 -1.4872 -1.0063 -0.29643 1.0532 -0.77107 0.013824 -0.77751 -0.99739 -0.36574
0.48547 -0.80208 -0.6179 -0.066993 0.92957 1.7058 2.333 -2.4822 0.21168 -0.7074 -0.40665 0.61541 1.1899 0.48249 -0.075175 -0.10783 -0.29374 -0.8872 -0.52637 1.4634 0.91231 0.40998 -0.076131 -0.73396 -1.1748 -0.24139 -0.0097863 0.36805 0.64916 -0.28585 -1.7414 -1.1997 -1.8939 1.2178 -1.3184 0.37304 -0.34253 -0.63577 -0.87345
0.161 -0.96013 -0.96979 -0.21056 0.62 1.3626 2.5115 -2.6201 0.29339 -1.0363 -0.95872 -0.13207 1.145 0.34963 0.10044 0.33451 -0.66982 -1.7298 -1.3358 -0.099608 1.5068 -0.52573 -0.006768 -0.83187 -1.6402 -0.6537 0.14497 0.38374 0.92577 -0.18343 -1.5501 -0.87446 -2.6566 1.3511 -1.084 0.71466 0.69758 -0.046841 -0.95192
0.051069 -1.1019 -0.94772 -0.2557 0.12634 1.3798 2.5177 -2.1492 0.22967 -1.0424 -0.65076 -0.42575 1.0744 0.55579 0.7051 0.94488 -0.18737 -2.0894 -1.465 -1.7448 1.9834 -1.0398 0.55039 -0.56209 -1.2399 -1.4088 0.24715 0.14789 0.92442 0.10632 -0.72179 0.1201 -2.1276 1.1954 -0.24883 0.57569 2.0234 0.49256 -0.43287
0.38366 -1.0909 -0.97633 -0.49114 -0.66282 0.6525 2.6059 -1.2748 -0.053222 -0.41262 -1.2737 -1.0363 0.97541 0.69852 0.33201 1.031 -0.37953 -2.2631 -1.0646 -2.2632 2.575 -0.55975 0.96087 0.89218 -0.76956 -1.238 0.24013 -0.36238 0.47959 0.36661 0.37958 1.1797 -0.55588 0.62101 0.59884 -0.12115 2.3344 0.74698 0.52043
0.48796 -0.60642 -0.31164 -0.73559 -1.2532 -0.0088278 0.86022 -0.17673 -0.87381 -0.39665 -1.2262 -1.4851 0.36272 0.7838 0.085311 1.1696 -0.2235 -1.9411 -0.4237 -2.005 2.6845 -0.081408 0.62413 2.4248 -0.55001 -0.69936 -0.089042 -0.90584 -0.20836 0.36544 1.3035 1.6993 1.1265 -0.19375 1.0764 -0.99916 1.776 0.57145 1.413
1.0688 0.013631 0.63821 0.11944 -0.90893 0.15465 -0.44233 0.29757 -0.94814 0.18664 -0.55331 -0.61682 -0.38294 0.69797 -0.23989 1.0788 0.028912 -1.1199 0.41578 -1.1344 2.3495 0.18169 -0.29244 2.3124 -0.37065 -0.11195 -0.45714 -0.98197 -0.88992 0.47941 1.5185 1.4451 2.0769 -0.96175 0.88995 -1.2446 0.30544 0.44482 1.6176
1.0549 -1.1114 -0.075034 -0.73926 -1.4725 0.88674 0.18793 0.81217 0.19299 0.15654 1.3246 -0.28634 0.52935 0.39031 -0.64594 0.58827 0.28698 -0.29538 1.0642 0.14945 1.7107 0.73097 -0.87719 2.2578 -0.20734 0.46636 -0.60423 -0.80452 -1.2577 0.18691 0.86595 0.5402 1.9045 -1.3939 0.46625 -0.82215 -1.2168 0.1158 1.2731
0.74526 -1.1955 -0.018723 -0.45389 -1.5612 1.041 0.94657 1.03 0.46256 -0.8027 2.3728 -1.4817 0.87937 0.027121 -1.0776 -0.18936 0.24753 -0.3289 0.97288 1.1652 1.1883 0.80278 -0.84742 1.588 0.015151 0.97063 -0.30863 -0.0045733 -0.76269 0.12807 -0.016923 -0.53317 0.55272 -1.6776 -0.11603 0.1747 -2.2386 -0.12845 0.27852
0.94022 -1.2363 0.24603 -0.23695 -1.1228 1.6707 1.5093 1.3637 -0.040002 -1.5355 0.73085 -1.2685 0.91145 -0.029581 -0.94888 -0.34314 0.026629 -0.76727 0.34235 0.97952 0.55423 0.52951 -0.78862 0.37912 -0.50381 0.95576 0.030447 0.70538 -0.0049552 -0.11034 -0.67316 -1.0821 -1.124 -1.8088 -0.38663 1.2386 -2.5805 -0.0043999 -0.69284
0.92615 -1.2635 -0.082018 -0.1765 -1.0398 1.3717 2.0194 1.3658 0.56835 -1.0417 0.99925 -1.2894 0.9135 0.32315 -0.088984 0.2534 0.41335 -0.92155 -0.23897 -0.32663 -0.33289 0.039564 0.022819 -1.1833 -0.51555 0.12197 0.073145 1.2943 0.68313 -0.10522 -0.77423 -0.99687 -2.0502 -1.8403 -0.24511 1.7404 -1.7188 0.38058 -1.4075
0.66917 -1.3712 -0.26097 -0.31301 -1.8474 0.87166 1.1828 1.6391 -0.0002241 -0.67334 1.1442 -0.63901 0.87718 0.30454 0.14828 0.38584 0.032175 -1.2311 -0.39914 -1.4931 -1.0436 0.32862 1.2349 -1.4701 0.035187 -0.30844 -0.29214 1.7733 1.0756 0.26962 -0.31986 -0.36722 -1.6755 -1.4876 -0.22622 1.6068 -0.69319 0.89269 -1.8509
1.2061 -1.2508 0.18995 -0.21849 -2.1493 0.75733 0.558 0.88976 0.34642 -0.72449 0.80384 -1.4656 0.85688 0.0037797 0.73167 0.65472 0.082002 -1.513 -0.56215 -1.9818 -1.5887 0.40226 1.7199 -0.89127 0.56171 -0.83069 -0.97378 2.0696 0.96692 0.89508 0.91597 0.24487 -0.33007 -0.47396 -0.54395 0.90635 0.12763 1.1374 -2.0232
1.4469 -1.1705 0.41218 -0.21238 -2.4199 0.89234 -0.11684 0.031639 0.37181 -0.13223 -0.12683 -1.5514 0.74677 -0.42318 1.8684 1.3434 0.6996 -1.0605 -0.19324 -1.7692 -1.7103 -0.11503 1.6672 -1.1359 0.88952 -1.7672 -1.4556 2.1219 0.57776 1.5962 2.4032 0.41191 0.78856 0.91115 -0.82632 0.11724 0.23523 0.95413 -2.0995
0.88777 -1.0205 0.47044 -0.40869 -2.4383 0.99725 -0.56063 -0.33805 1.0176 0.58904 0.073776 -1.122 0.53206 -1.167 2.8165 1.4738 1.705 0.65353 0.13581 -0.86714 -0.92798 -0.83714 1.6707 -1.0909 1.5225 -2.6456 -1.517 1.2185 -0.55909 1.0004 3.129 -0.17711 1.6054 1.7537 -0.35735 -0.67326 0.32372 0.55708 -1.1504
0.71022 -0.347 0.81749 0.011742 -2.5946 0.82277 -0.42369 -0.63129 0.45536 0.58322 -0.0015043 0.14237 -0.076064 -1.8834 2.9663 1.0027 2.0994 2.0529 0.050233 -0.31965 0.38141 -0.71482 1.5009 -0.89734 1.6206 -3.0298 -0.57014 -0.69495 -1.8013 -0.55906 2.4432 -0.88863 1.7256 1.6229 0.31333 -1.4278 0.17852 -0.14851 0.86297
0.19942 0.83923 1.4825 0.78763 -2.2646 0.96516 -0.18455 -0.65729 -0.18721 0.96549 -0.25798 -0.0179 -1.0792 -2.1565 2.4028 -0.11403 1.1957 2.6185 -1.0161 0.7836 0.75342 -0.023245 0.41899 -0.36196 1.3968 -2.1889 0.71763 -2.6883 -2.4975 -2.449 0.97529 -0.95314 1.5751 0.50291 1.0925 -1.9143 -0.23897 -0.9333 3.0715
-0.6291 1.278 1.349 1.67 -0.59274 1.0496 -0.0072627 0.74234 -1.5016 1.251 -0.36366 1.068 -1.6555 -1.0121 0.82115 -0.94946 -0.019772 2.397 -1.3153 1.1545 0.58366 0.093716 -0.64266 -1.1398 0.61552 -0.50745 1.5428 -3.8274 -2.4215 -3.5205 -0.24194 -0.25791 1.3615 -0.86846 1.0839 -2.0045 -0.74098 -1.1989 4.3866
-0.75303 1.0438 1.005 1.4884 0.093515 0.7868 -0.29865 1.3808 0.4389 1.1837 -0.71289 -0.13711 -1.6975 -0.22908 -0.98439 -1.8405 -1.5879 2.2498 -1.0033 1.8208 -0.064711 0.93223 -1.1935 -1.4374 -0.021844 1.3959 1.6722 -3.4451 -1.2872 -3.2047 -0.98193 0.83482 0.78682 -1.6721 0.56336 -1.4321 -0.7527 -0.91933 3.9929
-1.103 0.59392 -0.31116 -0.11758 -0.28644 -1.034 1.1868 0.14078 1.3853 0.078166 -0.19136 0.45614 -0.63033 0.10085 -2.2818 -2.2931 -2.7766 1.7901 -0.44355 2.1265 -0.90233 0.96405 -1.8143 -1.8234 -0.29574 2.752 0.89062 -1.666 0.20047 -1.7679 -1.0001 1.3482 0.1314 -1.6309 -0.57475 -0.81348 0.12435 0.039906 2.2285
0.49254 -0.46046 -0.27911 -0.59172 -0.65439 -0.28964 0.78576 -0.20913 0.42364 -0.40417 -1.9204 0.040022 0.32331 0.48183 -2.2932 -1.6402 -3.1292 1.128 0.15811 2.0246 -1.7536 0.65725 -1.9396 -1.5072 -0.16403 3.0756 0.092132 0.40814 1.7139 0.15062 -0.77446 1.3042 -1.0798 -0.69541 -1.6475 -0.063874 0.85932 0.71868 -0.079013
0.23517 -0.7673 -0.6851 -1.0217 0.086128 0.38835 2.2876 -0.8958 1.1798 -0.45259 -1.8209 0.30029 0.81233 0.33599 -1.5416 -0.67548 -2.3841 1.1309 0.69961 1.3679 -1.742 -0.9289 -1.942 -0.85191 0.76033 2.4994 -0.60952 1.9379 2.2904 1.4069 -0.39859 0.5464 -1.7126 0.58949 -1.5192 0.42005 1.6618 0.90094 -1.7316
-0.60434 -0.80133 -0.7609 -1.1784 0.60033 0.90925 2.3108 -1.1254 0.1948 -0.92935 -2.5296 -0.14792 0.86854 -0.16669 -0.60568 0.34146 -1.4896 1.163 0.93615 -0.09333 -1.0024 -1.4264 -1.2607 -0.21195 1.0029 1.3833 -0.76379 2.1217 1.9922 1.7173 -0.33984 -0.5077 -1.9774 1.7829 -0.82482 0.51427 1.8105 0.50328 -2.1649
-0.26471 -0.56113 -0.22678 -1.2697 0.87821 0.83142 2.0628 -1.2868 0.2139 -0.96962 -1.6198 0.82104 0.921 -0.73379 0.40073 0.70343 -1.0562 1.0403 0.22393 -0.47086 -0.14576 -1.0427 -1.2897 0.83232 1.0707 0.60486 -0.30267 1.44 1.3178 1.2117 -0.63937 -1.2876 -1.5176 2.064 0.29771 0.45826 1.3917 -0.43338 -1.7098
-0.31309 -0.44234 -0.06928 -1.3728 0.83679 0.55491 1.4313 -1.3808 -0.73661 -1.7537 -1.2515 1.3179 0.96163 -0.43654 0.59584 1.1421 -0.698 0.54791 -0.57085 -1.2825 0.89288 -0.94601 -1.208 1.249 0.7642 0.28125 0.17182 0.54061 0.43219 0.61961 -0.79536 -1.5217 -0.70954 1.7155 0.69856 0.29581 0.41236 -1.3575 -0.9709
-0.71871 -0.42062 0.0086153 -1.9054 0.44844 0.1357 0.63994 -1.2678 -0.65503 -1.3216 -1.1127 1.5758 1.0535 -0.10249 0.48006 1.23 -0.58863 0.26791 -1.0107 -1.2737 1.2996 -0.58464 -1.0258 1.1852 -0.077891 0.09473 0.44658 -0.12615 -0.27127 0.3846 -0.54713 -1.1061 -0.22323 1.2392 0.66503 0.76401 -0.58363 -1.973 -0.57932
-0.36268 -0.2008 0.27781 -1.6344 0.80797 0.46497 1.2073 -0.22841 -0.32771 -2.0789 -1.1291 0.9887 1.0708 -0.15033 0.34399 0.85291 -0.59043 0.094785 -1.3597 -1.1878 1.5888 -0.26941 -0.78407 0.43608 -1.3941 -0.041019 0.31351 -0.16412 -0.71134 0.33214 -0.11271 -0.62133 0.18802 0.59591 0.63924 1.1976 -0.95237 -1.8284 -0.46416
-0.60535 -0.3047 0.56652 -1.6284 1.0294 -0.19155 0.85353 0.53316 -0.25288 -1.9372 -0.39714 0.93471 1.0711 -0.020614 0.30535 0.40655 -0.39713 0.26426 -1.4971 -0.96666 1.8973 -0.062029 0.069652 0.087139 -2.1625 -0.23705 0.24419 -0.036559 -0.93877 0.25316 -0.17556 -0.3422 0.036385 -0.015762 0.35226 1.6435 -0.80546 -1.0028 -0.41387
-0.55843 -0.32064 0.77186 -1.7995 0.96751 -0.35905 0.56573 0.24459 -0.8997 -2.186 -0.98722 -0.23909 0.88085 0.12489 0.39294 0.35152 -0.1747 0.33778 -1.5126 -0.9987 1.7386 0.060066 0.70717 -0.085247 -2.1909 -0.35701 0.38244 0.063596 -0.94174 0.075621 -0.28876 -0.08005 0.066704 -0.51915 0.31378 1.7686 -0.22627 0.23204 -0.33002
-0.42732 -0.15752 0.53969 -2.0279 0.75895 -1.1225 0.11996 0.66112 -0.38186 -2.0113 -1.141 -0.81717 0.90741 0.22999 0.39696 -0.11483 -0.31863 -0.17993 -1.5834 -1.2575 1.1841 -0.055836 1.6084 -0.14592 -1.8779 -0.46455 0.5849 0.19401 -0.82693 0.13418 -0.63678 0.31971 0.15576 -0.79757 0.31206 1.5368 0.14787 1.2918 -0.35996
-0.48467 -0.11369 0.13906 -1.8766 1.0287 -1.2762 -0.00087758 1.5159 -0.83867 -1.1154 -1.0874 -1.1816 0.75701 0.45826 0.42141 -0.48705 -0.46917 -0.21549 -1.4625 -0.8663 0.92945 0.34409 2.0835 0.11 -1.044 -0.49972 0.57685 0.17476 -0.62847 0.23693 -0.82916 0.73559 0.35698 -1.0581 0.027573 0.97209 0.34429 1.7512 -0.40075
-0.46356 0.070738 0.74021 -1.8948 0.96959 -1.3687 -0.36885 1.5026 -0.11129 -0.54341 -1.0463 -0.95696 0.76606 0.93291 0.65113 -0.57632 0.015297 -0.62488 -0.90074 -0.66501 0.74643 0.40911 2.5418 0.2892 0.065756 -0.78985 0.23374 0.26256 -0.19773 0.23332 -0.51902 1.1277 0.48302 -1.4104 -0.28392 0.0059844 0.55874 1.9203 -0.43754
-0.049461 0.084565 0.18175 -1.9458 0.51796 -1.5605 -0.38146 1.4037 -0.53932 -0.1979 -0.93859 -1.3422 0.59757 0.87829 0.59092 -0.47678 0.10719 -0.95568 -0.43432 -0.49372 -0.10275 -0.12811 2.2396 0.38658 0.63991 -0.88898 -0.29225 0.33032 0.1309 0.014079 0.074488 1.4312 0.39684 -1.4769 -0.7636 -0.9063 0.52814 1.5478 -0.40061
-0.067669 -0.008758 0.046329 -2.3311 0.88842 -2.1847 -0.13775 1.5972 0.20654 0.34906 -0.2227 -0.4379 0.53473 0.47014 0.79668 -0.43431 -0.16441 -0.7613 0.074779 -0.37109 -1.0427 -0.39831 1.5429 0.83064 1.4514 -1.0281 -1.1295 0.24487 0.4634 0.11027 1.4541 1.8049 0.5152 -0.83368 -0.49425 -1.6554 0.35999 0.86847 -0.24258
0.82115 0.50872 0.082562 -1.5537 -0.020935 -1.3184 -0.50615 1.3548 -0.4577 0.93631 -1.0506 -0.2618 -0.039546 0.13615 0.95615 -0.30422 -0.32882 -0.018512 0.80459 -0.12616 -1.0477 -0.78994 0.71972 0.89342 1.6226 -1.075 -1.4565 0.23618 0.64613 0.64655 2.1656 1.8386 0.52603 -0.01787 0.095359 -1.9982 -0.25017 -0.15297 -0.10339
0.23108 0.35628 -0.020033 -1.9299 -0.15377 -1.6597 -0.63749 0.48332 -0.99892 0.73114 -0.646 -0.22071 0.13995 -0.8471 0.92087 0.16609 0.45575 1.5463 1.952 0.29322 -0.40648 -0.25913 -0.10182 0.75631 1.4536 -1.1183 -1.4247 -0.12377 0.55323 0.97563 1.7537 1.3808 0.63915 0.50447 0.56507 -1.6282 -0.49423 -0.96556 0.091747
-0.35053 0.77251 -0.074924 -2.2513 0.65099 -0.99064 -0.54456 -0.20088 -1.1304 0.69534 0.3692 1.0546 -0.20437 -1.2381 0.96541 0.36763 0.97818 1.8253 2.1638 0.33946 -0.46552 -0.017869 -1.0465 -0.06628 0.29222 -1.0249 -0.80312 -0.32813 0.27474 1.4301 0.38935 0.31302 0.4641 0.50277 0.89974 -0.77233 -0.75717 -1.0566 0.070908
-0.10792 0.95307 0.40869 -2.3558 1.1956 -0.30408 -0.35273 0.51941 -1.04 0.15423 0.035143 0.8196 -0.23157 -1.5572 0.57506 0.21375 0.95142 1.5019 2.0533 0.80509 -0.36636 0.33472 -0.92168 0.33624 -0.000697 -0.8971 0.16876 -0.6104 -0.077365 1.5 -0.97003 -0.72337 0.040456 0.36054 0.54821 0.080371 -0.36843 -0.85491 0.12892
-1.2409 0.76392 0.29625 -0.97036 2.7394 0.97134 0.38043 1.6895 -0.031693 -0.18187 -0.046968 0.4726 -0.56756 -1.0371 0.54102 0.17447 2.005 0.70551 1.3625 0.64985 -0.10367 0.70143 -0.45815 -0.39247 0.03419 -1.0655 0.58247 -0.82595 -0.22476 1.3775 -1.307 -1.123 -0.70479 0.094245 0.074799 0.46138 0.48337 0.035856 0.21082
-0.92971 1.099 0.41948 -1.0144 1.7271 0.15188 -0.1226 0.27515 -0.076462 -0.76407 -1.2345 -0.62195 -0.57564 -0.62141 0.032497 0.15643 2.649 0.33384 0.97189 0.25753 0.10114 0.46659 -0.23042 0.19474 -0.29348 -0.87773 0.6637 -0.72708 -0.30359 0.63749 -1.0283 -0.9263 -1.1095 -0.3914 -0.42465 0.28057 0.80051 0.51783 0.37361
-1.0627 0.89434 0.053338 -1.0702 0.60315 0.91557 0.50372 0.0043378 -0.6698 0.41995 0.1734 0.23672 -0.8296 -0.59039 -0.25525 0.03522 2.6171 0.023754 0.55667 -0.87239 -0.52671 0.054927 -0.4431 0.9698 0.50351 -0.67288 0.39605 -0.45368 -0.21159 -0.61785 -0.24105 -0.4195 -0.66899 -0.41706 -0.59096 0.018091 1.154 0.59544 0.5822
-0.98912 1.0521 0.20918 0.04489 0.90961 -0.35671 -0.071769 0.17219 -0.044948 0.3263 -0.86322 0.91539 -0.97775 -0.50998 -0.33923 -0.21398 1.8102 -0.035521 0.68586 -0.7911 -0.92328 -0.202 -0.35196 1.2496 0.87978 -0.45057 0.075131 0.10831 0.14537 -1.4528 -0.059291 -0.14239 -0.042814 -0.14243 0.0060772 -0.51423 0.26141 0.12931 0.45622
-1.0036 0.70846 0.42561 0.42286 2.1251 1.0143 -0.24082 0.80703 -0.51956 -0.066924 1.3033 0.49141 -0.97774 -0.33297 -0.089114 0.021376 1.3452 0.44466 0.70798 -0.23435 -0.40961 -0.1568 -0.35986 1.376 0.7318 -0.27598 0.056967 0.43057 0.37638 -1.9263 -0.63038 0.079125 0.67741 0.21918 0.34473 -0.6882 -0.6526 -0.45729 0.24606
-1.3686 0.60963 0.46562 0.55267 1.9173 0.9647 -1.7537 -0.085398 -0.57656 -1.1508 0.97684 1.3908 -0.8648 -0.60262 0.15384 0.4422 0.71332 0.0086707 0.63063 -0.12134 -0.24344 0.57376 -1.3291 0.51658 -0.1391 -0.29063 0.1915 0.68169 0.5841 -1.5412 -1.4885 -0.42913 0.65626 0.24105 0.53078 -0.30997 -1.5331 -0.77383 -0.00064518
-1.9379 0.62723 -0.22443 0.38445 2.0433 1.7806 0.085464 -0.47602 -0.16934 -0.44757 0.62997 0.93243 -1.0216 -0.43123 0.28776 0.38537 -0.25245 -1.1525 0.74387 0.28412 -0.452 0.34553 -1.3693 0.047875 0.0032497 -0.33028 0.49863 0.6295 0.5613 -0.91607 -2.0463 -0.52082 0.80933 0.55041 0.21127 0.42651 -1.3122 -0.70907 -0.24073
-0.85422 1.2834 0.56787 -0.0014513 1.1925 0.56262 0.23457 -0.27722 -0.55364 -0.3947 0.62948 0.33149 -0.91094 -0.091303 0.71784 0.64139 -0.12064 -1.9529 -0.14809 0.39551 -0.44506 0.59735 -0.48429 -1.1217 -0.45539 -0.42697 0.88216 0.30045 0.43459 0.46613 -1.1714 -0.47191 0.62536 0.83583 -0.47977 1.247 -0.6888 -0.40208 -0.30773
-1.9866 0.99882 0.82074 0.1127 0.45573 1.3218 -0.058527 0.15485 0.85171 -1.5789 0.45791 0.22528 -1.3079 0.36698 0.77963 0.91973 0.15001 -2.3058 0.10533 1.2827 0.74762 0.24302 0.095039 -0.40199 -0.66836 -0.62604 0.72384 -0.18038 -0.091439 1.5468 0.21604 -0.23625 0.34322 0.95616 -0.48526 1.4892 -0.31603 -0.35862 -0.24884
-1.3259 1.071 0.60144 0.027813 0.28719 1.0714 -0.26909 -0.38492 -0.17371 -1.6032 -0.070214 1.4912 -1.2521 0.68572 0.46119 0.95389 1.3707 -1.5535 0.051781 0.75862 0.76622 -0.34517 0.50309 -0.61878 -0.69267 -0.67671 0.60776 -0.48636 -0.68574 1.5835 1.3381 0.054692 -0.032277 0.33698 -0.8676 1.2113 -0.080982 0.03353 0.022838
-1.1923 1.374 1.1273 0.66602 0.39171 0.82643 -0.36587 -0.24348 0.22293 -0.33416 -0.17724 -0.25794 -1.2838 0.56561 0.096316 0.098546 1.7922 -0.96577 0.19816 0.87416 0.78498 -0.16439 1.1995 -0.8243 -0.67279 -0.63765 0.28204 -0.44948 -1.1796 0.88845 1.5452 -0.047953 -0.6457 -0.34137 -0.3296 0.81752 -0.17718 0.36904 0.2275
-1.0165 1.3744 1.1841 0.59163 -0.6342 1.6641 1.3616 1.4951 -0.39894 -0.63088 0.95811 0.43229 -1.5445 0.97322 0.18415 -0.10609 1.9143 -0.19419 -0.081824 0.56265 0.17914 -0.94465 1.4545 -1.0649 -0.39335 -0.38416 -0.044512 -0.29042 -1.0025 -0.3928 0.83852 0.11827 -0.47722 -0.38401 0.1295 0.0084764 0.021682 0.73648 0.29788
-0.79852 1.1447 0.95358 1.9973 0.61787 1.3381 1.0022 0.21754 -0.8013 0.28971 -0.60301 -0.39023 -1.654 0.76554 0.10977 -0.56211 1.4917 -0.17993 0.08779 0.022373 0.36967 -0.12715 1.3007 -0.52414 -0.027113 -0.38181 -0.18253 -0.044563 -0.04321 -1.139 0.46019 -0.30317 -0.76462 -0.45667 0.29444 -0.39316 -0.12191 0.62855 0.33682
-0.68109 1.2284 0.46968 1.4225 -0.26536 0.77114 0.78778 0.83976 0.28586 0.39893 -0.64449 -0.27998 -1.5689 0.50496 -0.065099 -0.42154 0.84411 -0.42707 0.34168 0.18904 0.21976 -0.11568 0.47022 -0.71953 0.57605 -0.29258 -0.452 -0.0032787 0.34052 -1.7028 -0.17539 -0.64726 -0.68545 0.12987 0.27778 -0.37293 0.5029 0.59436 0.23898
-0.70699 1.2485 0.79069 1.803 0.41478 1.2132 -0.057688 -0.42142 -1.1809 -0.25696 -1.1392 0.66239 -1.5666 0.4556 0.14778 0.20908 0.31656 -0.018536 -0.58782 -0.55353 -0.13023 -0.00094734 0.88347 -1.2325 0.19888 -0.10412 -0.398 -0.050604 0.30152 -1.5391 0.075927 -0.71201 -0.43551 0.20343 -0.5826 -0.20464 0.79128 0.19513 0.1769
-0.31403 1.3674 0.085062 1.3795 -0.16061 1.3093 -0.23613 0.78367 0.27889 0.56448 0.069781 1.0966 -1.6451 0.26985 0.16694 0.12456 -0.51675 -0.6009 -0.97871 -0.59337 0.67068 -0.46314 0.89656 0.29336 0.77553 -0.11268 -0.37359 -0.083602 -0.17656 -0.90381 0.12724 -0.53439 -0.21506 0.29771 -0.42744 -0.028329 1.1018 -0.24072 0.091234
-0.73773 1.2398 1.183 1.5543 -0.58954 1.8061 1.4435 0.93098 -0.332 -0.018727 -0.8343 0.19684 -1.6972 0.12779 -0.09039 -0.28636 -0.55383 0.038381 -0.61101 -0.49208 0.52833 -1.1292 0.66706 0.54564 0.2851 -0.16866 -0.33915 -0.30241 -0.59955 -0.37465 0.1832 0.26009 0.16962 0.09173 -0.059407 -0.63995 0.60948 -0.27307 0.053229
-0.3195 1.487 1.5387 1.4046 0.10306 0.031041 0.26811 0.72145 -0.68466 1.2619 -1.5844 0.038304 -1.6496 -0.03986 -0.090065 -0.45157 -0.31098 -0.23075 -0.66478 -0.27251 0.45729 -0.41708 0.52049 0.58363 -0.0048238 -0.10517 -0.18461 -0.21975 -0.31669 0.28111 0.36163 0.67708 0.049955 -0.53517 0.53603 -0.79993 -0.0042826 -0.32406 0.087698
-0.52145 1.2269 0.34056 1.26 -0.32423 -0.28293 -0.37455 1.3685 -1.4372 1.4031 0.52874 1.2203 -1.7293 -0.032537 -0.26506 -0.5119 -0.43069 0.12303 -0.23784 -0.31626 0.14416 -0.15361 -0.24409 -0.16215 -0.019201 -0.018382 -0.16211 -0.02389 0.49215 0.59068 -0.16813 1.0003 0.26464 -0.62169 0.80843 -0.87665 0.1369 -0.09083 0.072776
-0.56429 1.0597 -0.20807 0.88459 0.20425 1.007 -0.18294 0.86312 -1.699 0.37677 -0.091477 0.33821 -1.7183 0.0019098 -0.13698 -0.28269 -0.050487 0.0081641 0.14205 -0.54132 -0.18424 0.11006 -0.29243 0.64507 0.20831 -0.038784 -0.085097 0.16508 1.4106 0.77093 -0.17321 0.97124 0.4588 -0.66456 0.41482 -0.55969 0.060951 -0.18492 0.0082815
-0.69128 1.3152 0.48265 1.7287 -0.31351 0.81682 -0.048185 0.41251 -0.39175 0.42319 -0.29611 0.85519 -1.6681 -0.19827 -0.10256 0.5076 0.39713 -0.39389 0.91324 0.24468 -0.36556 0.21288 -0.7288 0.79284 -0.032624 -0.078592 -0.074376 0.32274 1.7227 0.85962 -0.38293 0.23774 0.4968 -0.36756 0.025707 0.1805 0.34907 -0.17889 -0.048202
-0.32855 1.0484 0.24368 0.74239 -0.1684 1.1959 0.2574 1.3956 0.34316 0.091111 -1.0949 0.5559 -1.6681 -0.11522 0.13617 1.5049 0.67852 -0.29435 0.63166 0.46755 -0.58557 0.21831 -0.38771 0.23338 -0.41429 -0.063197 -0.039063 0.25812 1.3891 0.54641 -0.24649 -0.33045 0.37569 -0.097566 -0.22825 0.44696 0.033297 -0.1584 -0.033166
-0.67496 1.2882 1.5121 1.7547 -0.39912 0.96864 0.22637 0.35941 -1.0947 0.5196 0.42766 0.44954 -1.7634 -0.11174 0.19211 1.6002 0.76677 -0.42948 -0.01862 0.2817 -0.37741 -0.16717 0.17503 0.74257 -0.11094 -0.091869 0.044083 0.17343 0.64359 0.21729 -0.052939 -0.65888 -0.040984 0.052785 -0.28103 0.57623 0.099807 0.039743 -0.014575
