39 205
-0.98575 0.86016 0.97366 1.7677 0.9379 1.4049 -0.0061587 1.3989 -0.16981 -0.60976 -0.68543 0.91658 -1.5834 0.024839 0.047248 0.035311 0.10107 0.085717 -0.36859 -0.080557 -0.69286 -0.48476 1.1863 0.61999 -0.69613 0.089984 0.059878 -0.18256 -0.084583 -0.315 -0.60552 0.14864 0.48752 0.22507 0.093499 -0.38334 -0.3573 -0.34765 0.043392
-1.1763 0.91262 1.0912 2.0814 1.7759 1.4163 0.493 0.96788 -1.1049 1.1974 0.65142 1.5346 -1.5432 0.072982 -0.065313 -0.014046 -0.16181 -0.44994 0.0093578 0.59695 -0.46686 -0.30482 1.083 0.32971 -0.75292 0.14209 0.030728 -0.23799 -0.16751 -0.51807 -0.71167 -0.080339 0.42208 0.36364 0.17455 -0.78042 -0.62775 -0.18833 0.017744
-1.0289 0.88112 0.86119 1.9173 1.4271 1.4106 0.45336 1.1577 -0.58609 0.444 0.096308 0.29151 -1.5199 0.11587 -0.20542 -0.061993 -0.33707 -0.87866 -0.27185 0.6282 -0.32475 -0.42015 0.41447 0.10169 -1.3221 0.12645 0.073946 -0.17796 -0.14558 -0.65764 -0.54196 0.06856 0.19967 0.54966 0.29092 -1.1681 -0.95809 0.16449 0.001605
-0.85034 0.91628 1.0744 1.7148 0.46488 0.68559 -0.63789 0.27443 -0.52372 0.82316 -0.24712 -0.31228 -1.4916 0.039595 -0.23138 -0.16325 -0.6098 -0.8807 -0.54364 0.47362 -0.12289 -0.21895 -0.054402 -0.30447 -0.7258 0.089648 -0.055736 -0.046761 0.0020995 -0.54521 0.0015244 0.11799 -0.092315 0.66663 0.10777 -0.89242 -0.4911 1.0551 -0.039148
-0.93899 0.70104 0.92834 1.4007 0.085719 1.8925 1.6922 1.2681 -0.41317 0.58027 -0.46691 0.38699 -1.4307 0.1831 -0.17071 -0.10419 -0.85256 -0.80153 0.049394 0.41737 0.25551 -0.023509 -0.65573 -0.88189 -0.36205 0.10603 -0.23418 0.15274 0.11431 -0.036189 0.70887 0.54529 -0.0087624 0.60872 -0.092972 -0.24059 0.25883 1.5662 -0.061232
-0.93207 0.59848 0.91553 1.4462 0.028635 0.79639 0.74225 1.0507 -1.0277 -0.34384 -0.25813 -0.85089 -1.4936 -0.062999 -0.1564 0.015976 -0.88216 -0.48313 0.079248 0.51859 0.59373 -0.32328 -0.23498 -0.099278 0.85712 0.071219 -0.27415 0.2818 0.24495 0.53748 0.89376 0.58431 -0.31614 0.19098 -0.23027 0.16429 0.74119 1.0867 -0.055336
-1.111 0.71642 0.8091 1.1523 0.63115 0.61156 0.55579 1.0584 -0.74185 0.21133 -0.50464 0.97407 -1.4992 -0.27085 0.028923 0.026777 -0.27569 0.37 0.41677 0.59936 0.55362 -0.54362 -0.02994 0.52071 0.97656 0.016157 -0.27563 0.27759 0.29346 0.88821 0.69741 0.37624 -0.51992 -0.21614 -0.021004 0.62599 0.62562 0.54838 -0.075295
-0.78974 0.82422 1.016 1.0046 0.70128 1.9985 0.97377 1.3106 -0.94294 0.17555 -0.81828 0.51155 -1.3818 -0.24664 0.16418 0.14693 0.04499 0.35791 0.34303 -0.27643 0.14205 -0.37766 -0.083075 0.44359 0.75679 0.025329 -0.045126 0.17747 0.24751 0.94617 -0.013586 -0.048335 -0.58301 -0.53204 0.15515 0.28455 -0.080917 -0.42364 -0.086086
-1.1139 0.65894 0.97322 0.74042 0.012787 1.1057 1.0043 1.7726 -0.84845 0.41587 0.32434 1.3244 -1.4542 -0.24107 0.15709 0.27927 0.2495 0.20204 0.61312 -0.27689 0.093566 -0.044505 0.48637 0.073761 0.78682 -0.015009 -0.055822 0.020972 -0.017267 0.324 -0.796 -0.95217 -0.53688 -0.68529 0.2695 0.021618 -0.37667 -0.43174 -0.12417
-1.2265 0.92375 1.062 1.7314 1.0251 1.5973 1.1796 1.0042 -1.3112 0.65584 0.6004 0.63384 -1.4896 -0.1603 0.094189 0.26927 0.52374 -0.42457 -0.08797 -0.26903 -0.18616 -0.30907 0.034337 -0.0076561 0.14896 -0.075954 -0.081631 0.017902 -0.34661 -0.26034 -0.55245 -1.0605 -0.041042 -0.46692 0.39455 -0.20871 -0.69502 -0.4933 -0.075758
-1.1471 0.80111 1.0232 1.3917 0.3377 1.8409 0.63263 1.3613 -0.93826 -0.3823 -0.29566 0.85036 -1.4094 -0.41655 0.10751 -0.054716 0.049326 -0.85929 -1.0646 -0.53215 -0.594 -0.11166 -0.092994 0.045647 0.46159 -0.16223 0.035654 -0.21302 -0.77999 -1.0889 -0.28212 -0.77066 0.11429 -0.060647 0.78208 -0.277 -0.46796 -0.72717 0.20744
-1.1586 0.79385 1.2208 1.4802 0.49568 1.2734 0.0028196 1.1508 -0.92182 0.99436 -0.65787 0.823 -1.5464 -0.30997 0.22725 -0.20377 -0.3275 -0.23543 -0.71006 -0.2237 -0.39583 0.34363 -0.26361 -0.85535 -0.019917 -0.045849 0.51461 -0.73591 -1.6113 -1.5189 -0.15365 -0.55612 0.22412 0.29336 1.2124 0.1216 -0.38097 -0.75841 0.7031
-1.1168 0.86122 1.1029 1.5795 -0.29069 0.67403 0.72583 0.9225 -1.3517 -0.022104 -0.3702 1.2354 -1.5357 -0.096693 -0.27115 -0.65639 -1.2678 -0.46541 -0.44578 -0.044609 0.11684 1.0031 0.027001 -0.37867 -0.52561 0.3179 1.4605 -1.4095 -2.0817 -1.2021 -0.07186 -0.42479 0.25118 0.14427 1.5279 0.35529 -0.36366 -1.093 1.5847
-1.4965 0.92856 0.79459 0.58105 -0.79319 0.35359 0.33326 0.60415 -1.0064 0.10357 0.21526 1.4663 -1.5848 0.65023 -0.9839 -1.8575 -1.5236 -0.93249 -1.3809 -0.02462 0.074032 1.2696 0.17221 -0.50446 -0.81544 0.89436 1.9421 -1.833 -2.1977 -0.69802 0.12304 -0.77534 -0.19706 -0.43086 1.6457 0.51321 -0.26389 -1.2776 2.2253
-1.454 1.0468 0.79947 0.77465 0.8853 0.96013 1.0426 1.3717 -0.36055 0.014238 -1.2101 0.60217 -1.4293 1.853 -1.7211 -2.3658 -1.4965 -0.65499 -1.4762 -0.086055 -0.50693 2.12 0.35965 -0.80547 -1.2532 2.112 1.852 -1.4895 -1.5549 -0.018235 0.90357 -0.74972 -0.41346 -0.94295 1.2992 0.22956 -0.27032 -1.4755 2.242
-1.0669 0.2304 0.28869 -0.029809 0.052395 1.632 0.72144 1.4275 0.076467 0.71766 0.14367 -0.5015 -0.933 2.3708 -2.2155 -2.6623 -1.4625 0.11247 -1.5733 -0.60916 -0.89461 2.6886 0.56002 -1.1257 -2.1298 2.916 0.84318 -0.66629 -0.41714 0.048453 1.2045 -0.2505 -0.54427 -1.0577 0.53188 -0.035177 0.51811 -1.2487 1.4644
-0.019558 -0.6508 -1.28 -0.29594 -1.7874 -1.1383 0.020167 1.1865 0.29184 0.15858 -1.6 0.25773 -0.3546 2.5292 -2.2282 -2.5964 -1.3413 0.8565 -1.6819 -0.61806 -1.218 2.5834 0.24933 -0.56417 -2.7294 3.195 -0.58963 0.52752 0.74759 0.22598 1.2248 0.23515 -0.32453 -0.55523 -0.60781 -0.2226 1.0792 -0.494 0.032289
1.0299 -1.0561 -0.87778 0.023579 -0.22804 -0.77117 0.17197 -0.34361 1.3838 1.4757 -1.5213 -0.46276 0.9942 1.9007 -1.8772 -2.3665 -1.5258 0.76962 -1.7112 -0.90211 -1.6157 1.9688 0.10815 0.39518 -2.4945 2.8878 -1.698 1.5198 1.9439 0.45266 1.0009 1.2699 0.23817 0.047492 -1.2974 0.0023109 1.5513 0.46502 -1.2257
0.63928 -1.229 -1.4288 -0.53726 0.41267 -0.88864 -0.22489 -0.23082 1.6266 0.28967 -1.4889 -1.773 1.283 0.98144 -0.96928 -1.379 -1.0744 1.5158 -0.96567 -0.61646 -1.202 1.3925 0.087278 0.53345 -2.0115 2.1693 -2.2137 1.7589 2.2251 0.57558 0.1511 1.3511 0.38223 0.63656 -1.6664 0.22947 0.94408 1.4692 -2.081
0.58917 -1.1273 -1.5633 -1.1753 1.3838 -0.8322 -0.058513 -0.25385 1.8324 0.21598 -0.22419 -2.6144 1.3297 -0.046796 -0.20527 -0.32949 -0.80325 1.8256 0.37371 -0.091958 -0.77121 0.97542 0.59765 1.3329 -1.5532 1.2832 -1.6775 1.305 2.1352 0.97526 -0.76617 0.77127 0.28329 0.77793 -1.5818 0.3999 -0.28022 2.1507 -2.1087
0.36423 -1.2265 -1.7731 -1.3479 0.84836 -0.75571 -0.44202 -0.37536 1.513 0.52384 -0.087653 -2.477 1.3653 -0.6587 -0.010278 -0.24878 -0.69179 0.63882 -0.27293 -0.19922 -0.34871 0.11807 0.42063 0.80658 -0.29995 0.36345 -0.72682 0.50406 1.4989 1.167 -1.8858 -0.33119 -0.078347 0.33189 -1.1466 -0.05874 -1.2459 2.4568 -1.6128
0.44748 -1.1014 -1.3985 -1.0303 0.92563 -0.45449 -0.3098 -0.044834 1.5609 1.0641 -0.080794 -2.1254 1.4501 -0.43216 -0.089065 0.29875 0.0030316 -0.35163 -0.65053 -0.49691 -0.47239 -0.20615 0.70224 -0.25655 0.88321 0.10885 0.1828 0.068798 0.9847 1.2182 -1.8566 -1.2817 -0.40902 -0.071847 -0.56429 -1.2086 -2.0637 2.1642 -1.0017
0.38518 -0.98769 -1.3488 -0.90498 1.1236 -0.68801 0.22798 -0.55588 1.9062 1.7174 -0.065895 -1.6139 1.4667 -0.19056 -0.14702 0.57629 0.58278 -1.238 -1.032 -0.5681 -0.65991 -0.058159 -0.1319 -1.0443 1.6028 -0.062597 0.55593 0.23595 0.89965 1.1332 -0.87531 -0.86731 -0.48322 -0.26741 -0.13521 -1.9111 -1.7093 1.2144 -0.60012
0.16049 -1.2415 -1.385 -1.1479 0.75714 -1.5599 -0.48355 -0.91281 1.4338 1.1901 -0.70535 -1.3507 1.4387 0.065466 -0.010467 0.7508 0.71061 -1.0188 -1.5371 -0.7638 -0.71923 0.053262 -1.6188 -1.6871 1.7555 -0.25958 0.40976 0.73557 0.7201 0.7468 -0.03484 -0.37821 -0.19103 0.19402 -0.45314 -1.8997 -0.6459 0.4182 -0.70094
0.20628 -1.39 -1.194 -0.73979 -0.057096 -1.6762 -1.3006 -0.70374 1.3215 0.84933 -1.6841 -1.0713 1.3558 0.14068 0.36639 0.88958 0.95479 -0.80983 -1.3737 -1.0796 -0.71404 -0.26207 -2.3323 -1.7419 1.6657 -0.50948 0.16777 1.2592 0.77624 0.62039 0.67869 0.55753 0.28023 0.75127 -0.82572 -0.97259 0.72162 -0.20822 -0.9242
0.47743 -1.2333 -1.0056 -0.46701 -0.63345 -1.8286 -0.73096 -1.1064 1.83 -0.38502 -1.1804 -0.4875 1.231 0.17546 0.93562 1.2354 1.1317 -0.63446 -1.1429 -0.63454 -0.025361 -0.91765 -2.088 -1.1263 1.6957 -0.90026 -0.53124 1.4042 0.9824 0.68103 0.99162 1.4096 1.0728 1.0327 -1.1455 0.42047 2.297 -0.34678 -1.1459
0.51414 -1.0207 -0.85339 -0.45896 0.069512 -2.4532 -1.4136 -1.102 1.5574 -2.0368 -2.4473 -0.11124 1.1085 0.072493 1.5684 1.512 1.4626 -0.044228 -0.207 -0.025402 0.51057 -1.046 -1.9125 0.086956 1.2511 -1.3633 -0.89796 1.2343 1.0491 0.45199 0.98489 2.0398 1.6477 1.0453 -0.87995 1.5087 2.7899 -0.61247 -1.0158
0.49034 -0.42098 -0.39544 0.23295 0.32357 -1.819 -1.6357 -1.0891 1.1206 -1.3912 -2.0866 0.037758 0.89837 -0.89725 1.828 1.9289 1.6547 0.62231 0.43633 0.99953 0.74004 -1.5943 -1.0263 1.8401 1.3101 -1.8394 -0.58776 0.89409 0.78142 -0.014336 0.53974 2.6696 1.664 0.70546 -0.21757 2.0456 2.472 -0.94328 -0.50618
0.35461 0.026465 -0.097608 0.20751 -0.025663 -2.4464 -0.42485 -0.35206 0.31128 -0.51208 -1.2983 0.65524 0.39291 -1.0096 2.0654 2.133 1.4848 0.57197 1.5284 1.6145 0.99967 -1.493 0.14037 2.1647 0.68604 -1.8203 0.23026 0.56884 0.48424 -0.53281 -0.14488 2.4615 1.1579 0.48164 0.39781 1.9828 1.2266 -1.0658 0.2068
0.17914 0.36497 0.15695 0.7481 0.27383 -1.4527 -0.7954 -0.089454 0.38682 -2.0693 -0.41921 -0.083087 -0.10294 -0.38662 2.2431 2.1107 1.0846 0.16008 2.8154 2.0912 1.1573 -1.0904 0.9749 2.6131 0.15856 -1.5654 1.2203 -0.74199 -0.046486 -0.39425 -0.61188 1.8583 0.33221 0.19293 1.3191 1.3538 -0.32889 -1.0839 1.2316
-1.0218 0.48363 0.936 1.357 0.64113 -1.1037 0.7876 -0.092846 -0.24846 -0.96777 1.4945 1.1197 -0.61081 0.25278 2.3534 2.1582 0.79155 -0.10621 3.0547 1.8999 1.2884 -0.60442 1.0493 2.0834 -0.23262 -1.1534 1.4668 -2.0585 -0.45343 -0.020033 -0.61558 0.15139 -0.46393 -0.063469 1.1657 0.90645 -1.3876 -0.50336 1.8056
-0.060552 1.2166 1.1075 0.95408 0.16655 0.060234 1.339 -0.035799 0.51398 -0.57753 0.41373 0.15557 -0.35145 0.76939 0.40605 1.8519 1.2911 -0.28377 3.038 1.5745 1.0135 0.28639 1.2094 1.272 -0.32538 -0.042822 0.85508 -2.3322 -0.72147 -0.11665 0.31849 -1.5123 -1.3766 -0.11306 0.75354 0.43189 -2.0762 -0.063519 1.6372
0.70363 1.7692 1.254 0.71343 0.24222 1.2144 1.1349 0.51242 0.11122 -0.18335 0.7116 -0.013797 -0.35782 1.174 -0.57435 1.5834 1.3354 -0.45883 1.7078 0.89992 0.98443 -0.12816 1.8084 0.1902 -0.030989 0.54707 -0.3118 -1.864 -1.2336 -0.50993 1.3553 -2.4711 -1.6119 -0.37881 -0.047438 0.2497 -1.5711 0.13647 0.91239
0.75722 2.3658 1.918 1.3017 -0.094156 1.0611 1.0999 0.99123 0.052312 0.31012 0.89592 -0.075227 -0.46006 0.7637 -0.32539 1.3143 0.59504 0.98796 0.78327 -0.3197 1.1244 -0.0050766 1.4208 -0.40991 -0.040721 0.41999 -1.0896 -0.38189 -1.9901 -1.2031 1.8358 -2.7965 -1.2597 -0.97162 -0.45799 -0.11313 -0.86128 0.33217 -0.0013185
0.66715 -1.0035 1.6535 2.4851 -0.29914 0.89805 1.9196 0.83102 0.86431 0.43201 0.91457 0.35623 0.47106 -0.3284 -0.50223 0.56976 0.22408 2.0233 -0.25043 -0.5637 0.52475 -0.55369 1.4006 -0.073692 -0.082139 0.18972 -0.94511 0.58815 -2.8289 -1.723 1.6235 -1.981 -0.70343 -1.7374 -0.11791 -0.88037 -0.20924 0.33947 -0.32234
0.72198 -0.056267 2.0012 2.3972 -0.035744 0.13215 0.67075 0.99734 -0.50008 0.89311 0.27336 0.44101 0.12765 -0.52658 -0.28424 -0.64103 -0.29877 2.2201 -1.0014 -0.35636 -0.63226 -0.32289 1.1364 -0.2288 0.37588 0.12059 0.040144 1.2743 -2.9496 -1.6774 0.27035 -0.87079 -0.12352 -2.1065 0.13695 -1.1305 0.075508 0.37293 -0.2475
-0.26764 1.6743 2.3604 0.90239 3.0039 0.44153 0.2515 1.4473 0.099951 1.1324 0.67686 0.72409 -0.50441 0.043794 0.43108 -1.7054 -1.2858 2.2373 -0.94964 -0.56322 -1.5209 -0.18905 0.1219 -0.27902 0.45068 0.12296 1.113 0.85988 -2.3499 -1.1702 -0.96904 0.28977 0.16029 -1.5828 0.79176 -1.2749 -0.004333 0.36758 0.18886
0.058305 1.1873 1.2797 0.85004 2.5508 0.39908 0.77854 0.43188 -0.362 1.5894 0.53495 -0.67619 -0.13447 0.65559 1.4224 -1.9968 -1.6373 1.4344 -0.4174 -0.56997 -1.9633 0.044139 -0.27461 -0.13824 0.4483 0.0097637 1.4169 -0.56502 -1.05 0.046734 -2.1018 0.64796 0.15706 -0.66736 0.78685 -0.94365 0.050767 0.33513 0.65662
0.6134 1.1541 0.40441 0.92711 2.0405 -0.11213 1.0992 -0.62362 -0.0084888 1.3517 0.58336 1.0452 -0.050737 1.1766 0.14114 -2.2954 -1.1939 0.44278 -0.0025624 -0.10426 -1.8891 0.65392 -0.5207 -0.10353 0.62662 0.56075 0.66064 -1.8916 0.25644 0.69241 -2.1067 0.2265 -0.015764 0.53639 0.82283 -0.16826 -0.28856 0.048799 0.93603
1.0887 1.2903 0.21388 0.34939 2.183 -0.17559 0.31965 -0.99475 0.17922 -0.28412 0.47178 0.77378 0.17814 1.5747 -1.1107 -1.9259 -0.27236 -1.1653 -0.29 -0.24005 -1.7246 0.63805 -0.49898 -0.19513 0.96939 1.0312 -0.49793 -2.5605 0.84749 0.46438 -1.1646 -0.27187 -0.30584 1.7707 0.84585 0.5234 -0.84164 -0.90708 1.062
1.2141 0.83135 0.24391 0.66159 1.5378 0.48285 0.56399 -1.211 0.4599 0.4683 0.56308 0.95833 0.29893 0.82938 -1.5716 -1.3477 -0.75011 -0.75547 -0.58741 -0.7494 -0.54605 0.96013 -0.15431 -0.78179 0.31142 1.2279 -1.5929 -1.9987 0.9797 -0.15143 -0.32233 -0.43061 -0.4019 2.4818 0.83732 0.7071 -1.1461 -1.8554 0.73622
1.3364 0.72769 0.026659 0.39403 1.9546 0.28338 0.40077 -0.66172 0.19339 0.70998 0.19568 1.1019 0.4265 -0.10496 -2.1491 -1.185 -1.0457 -0.33858 -0.5966 -0.88458 0.89031 1.3779 0.55276 -1.3941 -1.143 1.5111 -2.0753 -1.3472 0.57788 -0.61886 0.30203 -0.20986 0.20412 2.5228 0.98024 0.035915 -1.0312 -2.2588 0.41012
1.2835 0.094749 0.11181 0.73053 1.0461 -0.24131 0.14857 -1.1939 0.65874 0.81355 0.53522 1.578 0.73417 -0.97734 -2.7944 -1.1806 -1.0865 -0.62546 -0.60678 -0.62317 1.7289 1.7558 0.33555 -1.6846 -1.9214 1.5888 -1.6631 -0.89191 -0.016296 -0.22414 -0.22179 0.071254 1.187 1.4798 0.86521 -0.80397 -0.41003 -1.5309 0.012026
0.90116 -0.74086 -0.6562 -0.51382 1.6369 -0.79734 -0.34282 -0.42389 0.85545 1.2225 -0.99638 -0.49333 1.3191 -1.4232 -2.8255 -1.131 -1.213 -0.61231 -0.64028 0.14255 2.1442 1.9651 -0.71934 -1.7034 -2.3078 1.5513 -0.81952 0.14725 -0.13294 0.15196 -0.32625 0.34629 1.7368 0.32937 0.41608 -1.2392 0.083276 -0.30222 -0.52993
0.544 -1.1061 -0.89914 -0.567 1.8003 -0.60333 -0.36591 0.84022 1.8962 1.4899 -1.4209 -0.68177 1.579 -1.6374 -2.771 -1.3936 -1.0748 -1.0685 -0.41924 1.2698 1.7791 2.1877 -1.1925 -1.392 -2.0756 1.2157 0.08972 1.3085 0.25903 0.64988 -0.25832 0.47071 1.5097 -0.58673 -0.22923 -0.89394 0.44235 0.94344 -0.97667
0.068113 -1.9481 -0.71696 -0.65372 0.73688 -0.25775 -0.2445 1.1455 2.1053 -0.38585 -1.4347 -1.5786 1.6934 -1.314 -1.8984 -1.2735 -0.79248 -0.77992 -0.048686 1.8692 1.5517 1.8878 -1.2377 -1.3564 -1.6313 0.76261 0.77054 1.9629 0.72966 0.92163 -0.19514 0.37366 0.59516 -1.1296 -0.98736 -0.099102 0.5145 1.6184 -1.1151
-0.042801 -2.0601 -0.76292 -0.57452 0.74905 -0.26621 1.5301 1.3533 2.2553 -0.74114 -1.3655 -1.2793 1.7759 -0.8607 -0.98411 -0.71244 -0.15406 -1.066 -0.036822 1.7315 0.90749 1.3775 -1.2615 -0.98347 -0.38797 0.27088 1.1241 2.2056 0.99013 0.74186 0.22032 -0.091657 -0.80826 -1.1817 -1.5423 0.56036 0.48841 1.5826 -0.93013
-0.20453 -2.4109 -1.6382 -0.79172 0.13528 -0.68831 2.456 0.80796 2.597 -0.53743 -1.3788 -0.9284 1.6465 -0.35967 -0.31179 -0.36395 -0.048404 -1.0091 -0.14051 1.1878 0.39317 0.61075 -0.93337 -0.8943 0.04067 0.070622 1.1338 1.7938 1.1284 0.49117 0.5855 -0.42153 -2.0348 -1.2688 -1.5276 0.94817 0.70582 1.039 -0.63044
0.047754 -1.8832 -1.3512 -0.64295 0.69278 -0.52723 2.0657 1.0339 2.7208 -0.1951 -2.1384 -1.3094 1.7281 0.002376 0.26329 -0.34732 -0.14096 -0.50246 -0.52039 -0.093523 0.069055 0.083997 -0.2593 -0.65989 0.21048 -0.069632 1.0289 1.4729 1.0149 0.36985 1.2152 -0.3603 -2.6011 -1.3545 -1.5629 1.0745 1.094 0.41494 -0.50666
-0.096864 -1.8346 -1.2038 -0.75485 0.26377 -0.78276 1.228 1.4452 2.5628 -0.58484 -2.6325 -1.0928 1.6869 0.38968 0.59229 0.25372 0.062014 0.13424 -0.54807 -1.5269 -0.48991 -0.18164 0.13097 -0.13688 0.12796 -0.17703 0.7916 1.1426 0.55016 0.53447 1.0123 0.043939 -2.3941 -1.7487 -1.3662 0.81198 1.4984 0.49802 -0.77435
0.031739 -1.7984 -0.96548 -0.61193 -0.056745 -0.44252 1.2903 1.5673 2.4719 -0.77405 -2.2659 -0.90891 1.7143 0.7025 1.1223 0.51724 0.43648 0.84194 -0.46393 -2.4222 -1.2807 -1.005 0.33159 0.7657 0.40602 -0.49981 0.55819 0.9398 0.16447 0.67718 0.6751 0.60108 -1.2978 -1.8901 -1.1639 0.44299 1.4392 0.85203 -1.0855
-0.011454 -1.8388 -1.2865 -0.95362 0.11533 -1.1103 0.13524 0.93952 2.0566 -0.98778 -1.8059 -1.3323 1.6003 0.78177 1.2452 0.040377 0.60076 0.38484 -0.071599 -2.7195 -2.338 -1.2751 0.36544 1.2986 0.94307 -1.0746 0.12611 0.84322 -0.28992 0.58508 0.29435 0.91558 0.0075142 -1.3535 -0.76607 0.31018 0.9209 1.2042 -1.2226
0.47964 -1.4026 -0.70431 -0.40045 1.2476 -1.0675 -0.21633 0.079136 2.3029 0.024248 -1.2857 -0.87613 1.5101 0.85878 1.572 0.013479 0.78081 0.75085 0.34192 -2.2408 -2.6915 -1.4414 0.4714 1.4142 1.4957 -1.5225 -0.39401 0.5513 -0.25765 0.25746 -0.19513 0.8398 1.2797 -0.39712 -0.18412 0.22056 0.19315 1.0712 -0.89147
0.64165 -0.71019 -1.19 -0.092939 1.5524 -1.1127 -1.3107 -1.0335 1.1613 0.19156 -0.49956 -0.29405 0.97713 0.55124 1.8353 0.073513 0.91755 0.78216 0.71596 -1.5894 -2.4122 -1.3311 0.64037 1.3339 1.9648 -1.8058 -0.89558 0.13393 -0.20167 -0.28428 -0.61456 0.050257 2.0152 0.63298 -0.26425 -0.043623 -0.16038 0.21426 -0.20076
0.69963 -0.52414 -1.3742 -0.045677 0.16625 -0.24355 -2.0894 -1.6541 1.3405 -0.15882 -1.0003 0.10293 0.46001 0.079098 1.7894 0.11733 0.72439 0.24773 0.67278 -0.25759 -1.9878 -1.3141 0.59216 1.1433 2.0168 -1.6982 -1.0525 -0.49054 -0.19706 -0.84246 -1.0357 -0.70732 1.9455 1.3243 -0.032686 -0.45147 -0.33517 -0.66225 0.6671
0.66091 -0.23237 -0.93421 0.034874 1.1803 -0.26961 -1.2637 -1.3182 0.94412 -0.32055 -0.77266 0.98706 0.16885 -0.51053 1.3757 -0.31036 0.1139 -0.61425 -0.12851 0.5804 -1.4054 -1.8177 0.16875 1.1493 1.1275 -1.349 -0.79865 -0.95565 -0.22152 -1.1563 -0.81004 -1.3575 1.0304 1.3348 0.060971 -0.79509 -0.29483 -1.3778 1.3625
0.42287 0.13898 -0.84973 0.32702 1.2044 0.081586 -0.85127 -1.34 1.0625 0.30451 -0.086096 1.2908 -0.019459 -0.58756 0.95935 -0.086435 -0.32298 -0.6602 -0.49171 0.81784 -0.54889 -1.267 -0.25401 0.88557 0.64452 -0.60316 -0.1964 -1.28 0.11566 -0.86464 -0.32685 -1.3058 -0.50474 1.1578 0.18621 -0.69589 -0.35579 -1.675 1.5612
0.15273 0.19298 -1.076 -0.13521 0.74452 -0.88063 -0.031462 -2.1306 0.51478 0.3458 0.0331 0.976 0.032173 -0.61524 0.60228 -0.15339 -0.62124 -0.41304 -1.1287 0.073196 -0.46496 -1.2576 -0.59277 0.91951 -0.018824 0.004294 0.42292 -1.4788 0.84135 -0.042338 -0.057063 -0.64422 -1.4522 0.93605 0.378 -0.31068 -0.88365 -1.1982 1.2195
0.056576 0.24945 -1.4546 -0.32058 0.086961 -1.5839 -0.090314 -2.199 -0.52435 0.12741 0.61527 0.2191 0.029515 -0.2355 -0.033653 0.21927 -0.453 -0.51694 -1.1609 -1.0635 -0.13989 -1.2754 -0.48267 0.59773 -0.6612 0.32861 0.62471 -1.7783 1.2628 0.45344 -0.57899 -0.24445 -0.93705 1.018 0.39403 0.080818 -0.87564 -0.26687 0.8071
0.27123 0.3592 -1.223 -0.51437 0.29975 -0.96224 -1.1056 -1.5303 0.19158 -0.8487 0.1397 0.9696 0.29253 0.11144 -0.68205 0.81314 0.0932 -0.79994 -0.93613 -1.5503 0.27143 -1.1551 -0.39338 -0.38254 -0.53809 0.29406 0.50719 -1.719 1.604 0.5322 -1.2088 -0.082245 0.7721 1.2002 0.74777 0.4184 -0.73408 0.50481 0.66097
0.067269 0.1298 -1.2233 -0.69668 0.1996 -1.3897 -2.2467 -2.1834 0.031911 -1.1665 0.21665 0.43518 0.36481 0.22667 -1.4714 1.3432 0.1139 -1.6449 -1.0102 -0.34794 1.1256 -0.63143 -0.23832 -0.1238 0.40783 0.64328 0.013509 -1.0042 1.2104 0.02775 -1.3465 -0.19736 2.3685 0.62758 0.9352 0.78407 -0.61244 0.62827 0.63961
0.47154 -0.33947 -0.27084 -0.066876 0.85173 -1.4862 -2.4403 -1.2398 -0.63244 -0.10328 0.34644 0.19238 0.37442 0.11019 -1.6491 1.7128 0.029169 -2.3112 -1.3341 1.3672 1.3038 -0.26637 0.083249 -0.10786 0.46011 0.98402 -0.48117 0.20656 0.63121 -0.76002 -0.75202 0.086754 2.5687 -0.12475 1.0847 0.7122 -0.49367 0.47914 0.60708
0.39295 -0.68935 -0.12855 0.54308 -0.65193 -1.3748 -2.1336 -1.3709 -0.51225 0.082244 -0.94587 0.62896 0.1311 -0.20699 -1.2823 1.6031 -0.38232 -2.5042 -1.2994 2.5195 0.61773 -0.074615 0.81682 -0.69378 0.094706 1.0835 -0.82468 1.549 0.25641 -1.1957 0.56323 0.57599 1.0767 -0.84228 1.1491 -0.13804 -0.59775 0.13434 0.23804
0.23824 -1.5902 -0.07685 -0.68423 -2.4875 -2.7822 0.98935 -0.44207 -0.42669 -0.46322 0.7861 1.809 1.0145 -0.57435 -0.41157 1.6422 -1.018 -1.9011 -0.61731 2.4828 0.31756 0.47639 0.47149 -1.0233 0.5817 1.1172 -0.89707 2.2555 0.18692 -1.167 1.9059 0.988 -1.2752 -0.71463 1.0168 -1.3031 -0.179 -0.13982 -0.23019
0.15414 -1.1392 0.22048 -0.60707 -2.726 -2.9309 1.7127 -0.48872 -0.4794 -0.38515 0.38779 0.55036 1.276 -0.97982 0.60011 1.7715 -1.495 -0.69937 -0.31328 1.3929 -0.0021559 1.0212 -0.75971 -0.792 0.63568 0.97786 -0.57551 2.2149 0.31025 -0.36676 2.888 1.4934 -3.1606 -0.35894 0.53661 -2.0995 0.41508 -0.39746 -0.8041
-0.048762 -0.67986 0.37482 -1.1435 -2.0013 -1.9918 1.0521 -1.6405 0.26165 0.625 -1.5842 0.5525 1.2888 -1.1883 1.3237 1.9167 -1.496 0.67416 -0.029795 -0.76509 0.24427 0.97545 -1.8122 -0.37925 -0.058115 0.62337 -0.012145 1.099 -0.14022 0.54381 2.4861 1.3176 -3.3048 -0.23943 -0.5889 -1.8192 1.3159 -0.86016 -1.1308
-0.45296 -0.23036 0.91866 -1.589 -1.2916 -1.7206 -0.0026982 -1.5465 0.21804 -0.42846 -1.1235 1.4286 1.2473 -0.98008 1.6939 1.9402 -0.80476 2.0983 1.1146 -2.5559 -0.014645 0.61514 -2.3358 -0.19367 -0.33719 -0.081582 0.82314 -0.19828 -0.91726 1.68 1.3876 0.92972 -1.7657 0.062959 -1.5997 -0.59179 2.1505 -1.0526 -1.0816
-0.48536 0.13234 1.7803 -1.4001 -0.41776 -2.1253 -0.58417 -0.72167 0.42854 -1.9344 -0.4228 1.3972 1.1783 -0.59459 0.95246 1.3518 -0.40865 1.7707 1.0598 -2.5483 -0.10985 -0.37446 -2.4682 1.2323 -0.58893 -0.33351 1.6742 -0.91471 -1.954 2.4455 0.36086 0.69804 0.327 0.16053 -1.4436 0.93681 1.7983 -0.92865 -0.80418
-0.88321 0.24117 1.5375 -1.562 -1.1285 -2.281 -2.2776 -0.3199 0.37979 -3.1905 -0.41276 0.49274 1.0752 0.27413 0.44957 0.67442 0.932 1.5836 0.83436 -1.4527 0.33677 -1.1478 -1.6768 2.5622 -1.1326 -0.4386 2.0948 -0.71902 -2.7799 2.4173 -0.10278 0.76291 1.8064 0.47446 -0.95041 2.1969 0.83967 -0.6684 -0.57206
-0.5416 0.26586 1.7519 -1.5469 0.32363 -1.0507 -1.771 -0.88517 -0.011325 -3.2312 0.56125 0.86978 1.0444 1.3363 0.36876 -0.39564 1.9648 1.6694 1.3855 -0.61004 0.42258 -0.71046 -0.29502 1.7254 -1.4515 -0.61031 1.8502 0.026578 -2.5255 2.0446 0.35375 1.3189 2.293 0.93901 0.13775 2.9669 -0.78654 0.18644 -0.68856
-0.35403 -0.21236 1.3108 -1.1727 -0.62146 -1.3558 -1.5951 -1.6226 -1.0952 -2.6942 1.4626 -0.56672 0.93224 1.9974 0.74754 -1.3785 2.2876 1.9416 2.3437 0.3232 0.6914 -0.91093 0.97306 1.1986 -1.1878 -0.9515 0.73888 0.57043 -1.4453 0.95883 0.27212 1.2829 1.9893 1.4861 1.1986 2.6305 -1.9542 0.98134 -0.85713
0.35897 0.074306 1.2314 0.37184 0.61647 -1.0079 -0.86862 -0.83165 -0.85707 -1.3838 2.0093 -0.28503 0.80286 2.0265 0.85678 -1.43 2.5313 2.3152 2.6985 1.4453 1.6 -0.25995 2.1598 0.42515 -0.17074 -1.2881 -0.71507 0.84149 0.31239 -0.024585 -0.25636 0.85594 1.6021 1.7484 1.5981 1.5666 -1.999 1.3896 -0.91621
1.0172 0.62494 0.72145 0.82323 1.3437 -0.13631 -1.4417 -0.15762 0.21595 -1.6841 0.44856 -0.10094 0.51612 1.3213 1.2009 -0.98538 2.3397 1.8178 2.5064 1.7562 2.7126 0.73849 2.3683 -0.52255 0.17284 -1.604 -2.1434 0.53443 1.7017 -0.96922 -1.3997 -0.16856 0.87507 0.98894 1.2602 0.49492 -1.7573 0.74747 -0.80135
1.2492 1.2865 0.25422 0.71225 1.908 0.89801 -0.65404 0.59042 -0.89328 -1.3148 1.1886 -0.28005 0.029091 0.33169 1.6069 -0.1147 1.8845 1.211 2.8637 2.0878 2.8931 1.284 2.128 -1.235 0.61269 -1.8912 -2.813 -0.12042 1.871 -1.6336 -2.2359 -1.051 0.0059422 -0.34623 -0.19286 -0.30448 -0.89609 0.065632 -0.43395
0.81556 0.82415 0.40478 1.0757 2.0246 1.1582 0.34718 1.528 -0.0062953 0.20755 0.48668 0.75275 -0.27727 -1.1844 1.3054 0.53952 0.88043 -0.35756 1.9755 1.8724 2.0303 0.53784 1.9419 -1.3275 -0.091293 -2.0572 -2.3283 -0.96 1.1818 -1.669 -2.5688 -1.6453 -0.5554 -1.7936 -1.1222 -0.46384 -0.17836 0.011599 0.15644
0.56682 1.3318 1.0799 1.2826 1.9378 1.416 1.0127 2.1649 0.54143 0.31077 0.39596 0.34888 -0.59036 -2.0095 0.60318 0.63896 0.35143 -1.1532 1.0892 1.4121 1.2971 -0.51215 1.709 -0.8721 0.11555 -1.8295 -0.95935 -1.3456 -0.07686 -1.2036 -2.1937 -2.0145 -1.1665 -2.3179 -1.4352 -0.5021 0.48945 -0.30096 0.73243
0.12466 1.7737 1.3373 1.7054 0.79151 2.0571 1.4823 1.8162 0.29852 0.48368 -0.11958 -0.0023912 -1.056 -1.8851 0.047186 0.42831 0.13388 -2.2349 0.44841 0.92698 0.016173 -0.36165 1.5915 -1.0233 0.46992 -1.3756 0.73371 -1.0947 -1.0648 -0.784 -0.8793 -1.769 -1.1937 -1.8621 -0.86343 -0.7989 0.69906 0.20661 1.2328
-0.77303 1.6423 1.4339 1.2387 0.16633 1.1216 1.0489 1.5389 -0.48621 1.1324 -0.19467 -0.7471 -1.4031 -1.1201 -0.087409 -0.16942 0.11132 -2.3204 0.017135 0.095685 -0.62677 -0.81885 1.2396 -0.42196 -0.23092 -0.97054 1.8958 -0.63816 -1.3321 -0.91178 0.24555 -1.3581 -0.97631 -1.1503 -0.097199 -1.1652 0.98678 0.32432 1.5464
-0.72184 1.158 0.6748 0.89356 0.41873 1.4869 0.38724 1.8067 -1.1496 0.55156 -0.27981 0.70386 -1.3474 -0.24657 -0.23825 -0.65865 -0.40138 -1.5643 -0.65632 0.0080716 -0.63697 -0.84883 0.51269 -0.18424 0.51199 -0.35472 2.4633 -0.34562 -0.98611 -1.0157 1.1955 -0.59743 -0.63377 -0.34626 0.53298 -1.2746 1.2052 0.34825 1.7497
-0.39124 1.0479 0.66289 1.0625 -1.2239 1.6254 1.5118 0.65285 -0.50923 1.8666 -0.28624 1.0936 -1.3018 0.73974 -0.35221 -0.8235 -1.0096 -0.98565 -0.78642 -0.18938 -0.6038 -0.45168 -0.15639 0.63011 0.75485 0.33764 2.3924 -0.31326 -0.4469 -0.86052 1.143 -0.19534 -0.42357 -0.15116 1.2078 -1.171 0.49508 0.051018 1.7195
-0.11176 1.0642 0.63428 1.664 -0.71775 1.2335 0.63392 1.2471 -0.36977 2.0101 0.12506 -0.45511 -1.3403 1.8209 -0.4118 -0.72811 -1.1187 -0.4627 -0.20777 -0.26402 -0.63935 0.38762 -0.33658 0.79253 0.68418 1.0016 1.8715 -0.37354 -0.4585 -0.47391 0.93353 -0.12504 -0.615 -0.053965 0.88659 -0.96419 -0.34197 -0.76045 1.401
0.19194 1.5774 0.73741 0.55726 0.037638 0.53595 1.4729 1.5264 -0.60615 0.21247 -0.087422 1.1 -1.0342 2.3488 -0.53598 -0.80384 -1.0677 -0.53865 -0.54093 -0.65546 -0.8854 0.69085 -0.75235 0.065656 -0.19139 1.3301 0.99761 -0.39829 -0.56209 -0.13064 0.67044 -0.21121 -0.30271 -0.034232 0.42777 -0.50746 -1.0273 -0.77968 0.95195
0.50207 1.2179 0.47774 -0.074456 -0.88535 1.0224 0.70314 0.76654 -0.76482 0.21158 1.1011 0.71849 -0.74051 2.4716 -0.78612 -1.3551 -1.2239 0.11764 -0.98626 -1.0526 -0.56457 0.13897 -1.1876 -0.53596 -0.47688 1.5737 -0.043255 -0.28923 -0.64504 0.21333 0.38015 -0.22387 0.10447 -0.078666 0.22052 0.21157 -1.0712 -0.68101 0.38913
1.2268 0.68847 0.35879 -0.13397 -0.41633 1.3897 0.2619 0.62296 -0.077651 1.0902 0.60021 0.66059 -0.21743 2.2934 -0.84768 -1.3531 -1.1994 0.093288 -0.75955 -0.42564 -0.67073 0.41919 -0.80535 -0.65774 -0.16422 1.695 -0.88653 0.18182 -0.46833 0.37269 0.35045 0.043631 0.65531 0.016167 0.25219 0.52884 -0.64663 -0.22414 -0.10839
1.877 0.38579 -0.37557 0.18199 -1.2565 0.67355 -0.31025 0.15897 -0.12511 -0.12304 -1.0014 0.20729 -0.038793 1.7698 -0.74967 -1.4219 -0.68484 -0.0013737 -0.48364 -0.14482 -0.86374 0.90298 0.069764 -0.88225 -0.63597 1.4833 -1.5626 0.50433 -0.015458 0.23929 -0.15237 0.1215 0.88477 -0.10858 0.0018187 0.33602 -0.14985 0.014852 -0.59402
2.023 0.38628 -0.74314 -0.10715 -0.5132 -0.177 0.1056 0.51608 -0.66489 0.18747 -0.88324 -0.18692 0.19888 1.0346 -0.23201 -1.472 -0.68641 0.23759 -0.69565 0.29446 -0.6661 0.74446 -0.35947 -0.98112 -0.52457 1.1737 -1.9141 0.41006 0.42562 -0.12853 -0.40024 0.098549 0.65632 0.060854 -0.66912 -0.17249 0.27611 0.46282 -0.79195
1.9998 0.61475 -0.29639 -0.31961 -0.078269 0.36689 0.91473 0.73995 0.14598 0.2228 -0.028184 0.23545 0.44819 0.16423 -0.21312 -1.3133 -1.0663 -0.26289 -0.78137 0.47842 -0.74284 -0.031434 -0.77897 -0.63871 -0.24184 0.78775 -1.7396 -0.14296 0.84225 -0.41445 -0.78474 0.15158 0.25359 0.1193 -1.0778 -0.75071 0.23522 1.2376 -0.70348
1.8536 0.73549 -0.69362 -0.64318 -0.52051 0.5638 1.0742 -0.20321 0.54615 0.63506 -0.71485 0.38959 0.52335 -0.50177 -0.39841 -0.75886 -1.2473 -0.58965 -0.41519 0.6687 -0.57346 -0.30952 -0.77795 -0.22466 0.57003 0.65185 -1.2262 -0.77157 0.84995 -0.3102 -0.84377 0.15818 -0.49727 0.25341 -1.1023 -0.88815 0.14036 1.3002 -0.54684
1.7545 0.69589 -1.2433 -0.92574 -0.75384 0.339 0.47404 -0.24998 0.0063547 -0.47399 -0.43722 -0.19442 0.57197 -0.73188 -0.90682 -0.50072 -1.1505 -1.1853 -0.33288 0.21882 -0.63724 -0.48968 -1.2875 -0.78428 1.2639 0.50728 -0.53955 -0.8123 0.79925 0.058064 -0.21733 0.083903 -0.86064 0.71447 -0.91601 -0.61242 0.26516 0.96241 -0.36736
1.6383 -0.015035 -1.2163 -1.3028 -1.3565 -0.13407 0.5685 -0.39722 -0.69318 -0.67887 -1.1751 0.23767 0.58729 -0.82131 -1.2144 -0.58894 -1.2054 -1.0191 -0.61701 -0.61943 -0.18197 -0.98949 -1.9497 -0.61459 1.2921 0.34955 -0.040462 -0.46196 0.69458 0.34506 0.32856 0.17563 -0.85006 0.80001 -0.71555 0.034258 0.7575 0.2102 -0.2723
1.3885 -0.087103 -0.9763 -1.2518 -1.7701 -0.14646 1.1267 -0.083938 -0.68626 -1.1647 -1.1095 1.2506 0.7527 -0.68843 -1.2049 -0.18547 -0.99479 -0.48895 -0.51134 -0.69281 0.50635 -1.3246 -1.4799 0.090041 1.3059 0.28675 0.18859 0.036587 0.66681 0.58314 0.90457 0.64979 -0.54531 0.70079 -0.24319 0.87457 1.8883 -0.75146 -0.1291
1.2954 -0.52279 -0.92596 -1.5131 -1.6719 -0.24566 0.67615 -0.18384 -0.64896 -1.4915 -1.6698 1.8072 0.82333 -0.59713 -1.0423 0.1382 -0.72337 -0.26572 0.0083615 -0.66831 0.46814 -1.1702 -0.66054 0.81891 0.98608 0.27535 0.28992 0.063395 0.46622 0.90986 0.93197 1.0373 -0.33476 0.086523 0.40292 1.5918 1.9782 -1.3504 -0.0041893
1.1393 -0.46526 -1.1849 -1.9836 -1.1844 -0.11771 -0.46063 0.30082 -0.68129 -2.7184 -0.45783 1.4875 0.77168 -0.48676 -0.92222 0.14847 -0.36721 0.28439 0.54271 -0.90245 0.4557 -0.84097 -0.2112 2.1547 -0.027537 0.30677 0.28132 -0.0914 -0.048792 1.2357 0.68842 0.97613 -0.1222 -0.58168 1.16 1.683 1.3618 -1.6153 0.041805
1.2429 -0.48402 -1.1249 -1.8168 -1.2156 -0.078808 0.066129 0.41328 -1.4704 -1.0892 -0.28816 1.4524 0.78972 -0.37433 -1.2386 -0.046084 0.084873 0.49652 0.74212 -1.2132 0.051623 -0.52878 0.58757 2.1817 -0.65747 0.31927 0.23594 -0.26944 -0.33257 1.3073 0.33752 0.59881 0.29387 -0.81725 1.7535 1.6089 0.284 -1.2468 0.020664
1.1169 -0.73602 -1.0018 -1.7679 -1.6565 0.30065 -0.19975 0.057115 -1.6585 -1.2596 0.59365 0.96172 0.88974 -0.26819 -1.2578 -0.16125 0.78345 0.5357 0.8978 -0.66759 -0.39307 0.39795 1.252 2.0516 -1.0068 0.32455 0.14895 -0.10651 -0.39109 0.96494 -0.11596 0.26986 0.66215 -0.78351 2.2002 1.1708 -0.78767 -0.47672 -0.092785
1.0349 -1.2502 -0.88328 -1.6037 -1.0302 0.54064 -0.43093 0.25961 -1.3578 -1.277 1.9848 0.49389 1.019 -0.26013 -1.334 -0.20342 1.0106 0.29901 0.92728 -0.14944 -0.67909 1.3046 1.8139 1.4405 -0.93787 0.28944 0.17246 0.42496 -0.24218 0.39902 -0.24591 0.035067 0.96617 -0.37674 2.067 0.6311 -1.2755 0.21485 -0.23529
0.95336 -1.7354 -1.1337 -1.143 -1.0362 0.59906 -1.0383 -0.18537 -0.9106 -0.45499 0.91826 0.94196 1.1158 -0.2612 -1.0518 -0.35772 0.87172 0.14901 0.95416 -0.015996 -0.6841 2.1277 1.4956 1.0341 -0.79421 0.14727 0.25774 0.85462 0.081885 -0.24518 -0.18416 -0.233 0.8057 0.11376 1.0295 0.11482 -1.5804 0.52595 -0.3158
1.0478 -1.6786 -1.2966 -0.68539 -0.74497 0.77644 -0.3092 -0.61659 0.11783 -0.046518 1.1859 0.40735 1.0592 -0.050954 -0.59828 -0.30784 0.73825 0.1908 0.7951 0.52491 -0.50694 2.2558 1.6942 0.26093 -0.31761 -0.014447 0.29654 1.118 0.43948 -0.6085 0.079469 -0.40731 0.47068 0.59948 -0.16975 -0.47411 -1.1454 0.19791 -0.26504
0.89629 -1.7306 -1.3513 -1.0516 -1.1197 0.97538 -0.2515 -0.3323 0.29988 0.52258 1.6477 0.25051 0.99938 0.1145 -0.13804 0.020368 0.47395 0.21663 0.56227 0.7184 -0.21724 1.7344 1.496 -0.37443 -0.26211 -0.085944 0.30235 0.83177 0.71942 -0.57248 0.095024 -0.50818 0.028591 0.76562 -0.95914 -0.87021 -0.69312 -0.087223 -0.09201
0.95626 -1.5658 -1.331 -0.97211 -1.4017 1.2068 0.052513 -0.44595 0.50826 0.77302 1.5847 0.31268 0.94702 0.11229 0.15295 0.27698 0.11907 0.42949 0.40767 0.4951 0.30596 1.1896 0.80671 -0.034436 -0.7909 -0.068067 0.15054 0.35063 0.63791 -0.39926 0.061437 -0.56699 -0.54355 0.5711 -0.91894 -1.389 -0.2518 -0.36391 0.081262
1.1062 -1.5998 -1.1262 -0.84687 -1.0255 1.2414 0.47709 -0.4675 0.70146 0.97231 1.2384 0.65752 0.94857 0.22839 0.020622 0.44209 0.15482 0.22567 0.25065 0.071884 0.45512 0.95123 0.13115 -0.12752 -0.7024 0.0010191 -0.097317 -0.067648 0.020841 -0.2407 -0.13802 -0.78524 -0.83828 0.23048 -0.69274 -1.3938 -0.099744 -0.49743 0.14788
1.1547 -1.6236 -0.83633 -0.83954 -0.40815 1.0347 0.15355 -0.053116 0.50311 0.95992 0.87241 0.17453 1.0198 0.17775 -0.062999 0.45042 0.17872 0.3138 -0.052218 -0.29378 0.31946 1.0091 -0.48091 -0.32304 -0.78363 0.070488 -0.40266 0.0024669 -0.5207 -0.17096 -0.25962 -0.98529 -0.62288 -0.15689 -0.63706 -0.7161 -0.22547 -0.62026 0.16011
0.99963 -1.5381 -1.0561 -0.92268 -0.43007 1.1088 -0.3982 0.12381 0.78025 0.57513 1.24 -0.67437 1.041 -0.098807 -0.13997 -0.029127 0.0064074 -0.0046443 -0.60399 -0.65498 0.26778 0.58697 -0.7273 -0.39819 -1.2131 0.089108 -0.60572 0.40708 -0.80945 -0.30822 -0.15274 -0.988 -0.14751 -0.44966 -0.80002 0.10484 -0.12901 -0.82399 0.096114
1.2921 -1.7479 -0.92916 -0.56121 -1.1064 1.2156 -0.046466 -0.10289 1.4502 0.12873 1.4682 -0.38257 1.0053 -0.47905 0.24478 -0.26802 -0.12069 0.017634 -0.9215 -0.45188 0.12853 0.23261 -0.26054 -0.30898 -1.7232 0.1535 -0.57312 0.74568 -0.65389 -0.41325 0.17202 -0.83353 0.41367 -0.71574 -1.0157 0.89829 -0.074436 -0.62388 0.044739
1.0037 -1.7403 -0.89978 -1.0001 -0.89847 0.90613 -0.55297 -0.090382 1.401 -0.072953 1.071 -0.46285 1.0445 -0.58011 0.57912 -0.41536 -0.25302 0.064644 -1.0761 -0.15005 -0.29708 -0.088284 0.18493 -0.3589 -1.8189 0.11377 -0.34109 1.0139 -0.29533 -0.39561 0.72246 -0.49243 0.61029 -0.91388 -0.90884 1.1232 -0.16068 -0.098768 -0.01252
0.81774 -1.6796 -1.4912 -0.9928 -1.313 0.20885 -0.70067 -0.12008 0.71909 0.013798 0.67978 -1.2652 1.034 -0.65717 0.87634 -0.33821 -0.4355 0.63212 -1.2993 0.34444 -0.76979 -0.46297 0.8318 -0.46207 -1.6755 0.12303 0.15466 0.91467 -0.086194 -0.14131 0.9679 -0.097309 0.50561 -0.76714 -0.53689 0.78664 -0.028318 0.83711 -0.14146
0.54031 -1.0524 -1.1721 -0.99256 -0.27818 0.092044 0.068057 -0.079188 0.70333 1.1765 0.79997 -2.0203 1.1922 -0.64887 1.3078 -0.43429 -0.54882 1.1633 -1.2839 0.25505 -1.045 -0.68568 0.95022 -0.6069 -1.4044 0.069588 0.61264 0.50069 0.15858 0.2846 0.73377 0.40208 0.2676 -0.37899 -0.057924 0.29304 0.12166 1.8694 -0.24858
0.66286 -0.92664 -1.2426 -1.1764 -0.35282 -0.014554 -0.26123 -0.52135 0.5712 0.99556 0.6964 -2.3992 1.0969 -0.15129 1.4721 -0.38297 -0.23414 1.4439 -0.97483 0.43148 -0.97045 -0.43045 0.89982 -0.21566 -0.26689 -0.083504 0.88426 -0.23138 0.083244 0.75474 -0.12717 0.70112 -0.22869 0.098457 -0.018895 -0.34902 0.1195 2.4257 -0.34804
0.49005 -0.73724 -1.3013 -1.3921 0.15295 -0.2887 0.37599 -1.1893 0.69507 1.4904 0.88742 -2.2791 1.1338 0.32181 1.1558 -0.14774 0.14077 1.157 -0.49619 0.38693 -0.90526 -0.21811 0.69556 -0.22432 1.1599 -0.22845 0.80874 -0.89729 0.24403 1.0673 -0.75443 0.61623 -0.51211 0.41812 -0.12424 -0.41872 0.059659 2.2287 -0.30947
0.61632 -0.31452 -1.4462 -1.3329 0.2921 -0.37287 -0.18393 -1.3948 0.66407 0.94555 0.31143 -1.7004 1.0381 0.52327 0.55881 -0.35002 0.54847 0.37827 -0.41248 -0.19486 -0.60788 -0.74121 0.20512 -0.39975 1.8139 -0.3465 0.39673 -1.1791 0.46832 0.88092 -1.1353 0.24102 -1.017 0.48989 -0.30632 -0.43593 -0.24545 1.0865 -0.23591
0.90687 -0.10707 -1.5048 -1.1313 0.90282 -0.44844 0.042107 -0.87449 0.59543 1.2698 0.86798 -0.63687 0.91728 0.5376 0.21743 -0.07649 0.94328 0.16027 -0.43726 -0.50698 -0.36494 -0.76131 0.40259 -0.37633 1.9413 -0.35034 -0.031275 -0.82224 0.76801 0.57981 -0.96081 -0.046836 -1.0519 0.44192 -0.13031 -0.12008 -0.11645 -0.35915 -0.25504
1.1226 -0.43395 -1.4355 -0.62069 0.090914 -0.26675 0.22857 -1.1677 0.29864 1.5596 0.32445 -0.015397 0.84936 0.48956 -0.093863 0.29441 0.9173 -0.37007 -0.55221 -1.2689 -0.23795 -0.7123 0.11651 -0.58796 1.4939 -0.44599 -0.41546 -0.093565 1.1159 0.24571 -0.45552 0.14448 -0.76421 0.12774 0.48161 0.07825 -0.17138 -1.0367 -0.37376
0.96138 -0.58393 -1.5399 -0.44115 -0.070569 -0.48209 -0.57434 -1.0063 -0.48812 1.3194 0.23308 -0.39716 0.84355 0.28231 0.06516 0.69564 0.97471 -0.42537 -0.49266 -1.2976 -0.18204 -0.47432 0.44891 -0.3304 0.6431 -0.63542 -0.87101 0.70016 1.1678 0.19091 0.28133 0.38776 -0.14989 0.21588 0.7424 -0.67221 -0.34444 -1.2386 -0.66004
1.0701 -0.59558 -1.2047 -0.28228 0.15396 -0.76384 -0.92454 -1.469 0.039131 1.8116 0.35808 -0.19195 0.76098 -0.1281 0.48015 0.95489 0.95821 -0.2553 -0.10656 -1.4101 -0.40989 -0.042812 0.29216 -0.72855 0.46057 -0.86726 -1.5473 1.3039 1.4345 0.35916 0.79252 0.85956 0.95544 0.69747 0.86945 -1.3903 -0.27266 -0.90459 -0.94374
0.98021 -0.55694 -0.96256 -0.6069 -0.26541 -1.0792 -1.8716 -1.5828 0.11874 1.1348 -0.16432 -0.26792 0.59002 -0.78948 1.1505 1.3627 1.251 0.67871 0.056284 -0.74242 0.18405 0.20767 -1.0929 -0.94473 0.06039 -1.3011 -2.156 1.1 1.3497 0.19748 0.65887 1.2888 1.7004 1.3723 0.56416 -2.1092 -0.023432 -0.27773 -0.90883
1.0534 0.15905 -0.74138 0.03041 0.097606 -0.73531 -1.5378 -1.1932 0.1441 1.9665 0.3185 -0.55305 0.21437 -1.8825 1.6292 2.133 1.4059 0.69589 0.73938 0.49465 0.99046 0.4754 -1.9727 -0.78144 0.041225 -1.7682 -2.2326 0.11443 1.0653 -0.03869 0.15034 0.8769 2.0226 1.3726 -0.060229 -1.6978 0.73043 -0.024399 -0.44416
0.7372 0.35423 -0.59345 0.284 0.37198 -0.14841 -1.626 -1.5083 0.3514 1.7088 -0.53481 0.63489 -0.035832 -2.8936 1.4032 2.1507 1.0907 0.44456 1.4235 1.373 1.8583 0.25464 -2.7328 -0.32524 0.33522 -1.7792 -1.5983 -1.2881 0.38573 -0.78584 -0.95847 -0.042737 1.6111 0.53932 -0.36685 -0.32384 1.2095 0.10211 0.48575
-0.024483 0.75945 0.011464 1.147 1.2057 -0.39913 -0.57763 -0.5377 0.011683 -1.339 -1.1616 -0.45559 -0.57214 -3.2731 0.55926 2.1755 0.95913 0.17055 0.80715 1.8394 1.4941 -0.18395 -2.3701 0.39036 0.30123 -1.414 -0.15507 -2.1285 -0.2856 -1.2552 -1.6753 -0.7709 0.81988 -0.52344 -0.34662 1.1583 1.1211 -0.27688 1.3969
-1.3357 1.1398 1.0164 0.96122 0.44331 0.36846 0.30291 0.40557 0.24398 -1.4143 -0.28497 -0.43456 -1.0339 -3.0982 -0.53837 1.9297 0.069296 -1.0104 -0.036559 2.0187 1.0322 -0.12329 -1.5973 0.81948 0.15597 -0.64601 1.4427 -2.2173 -0.88317 -1.7877 -1.9019 -0.64542 -0.12017 -1.484 -0.055628 2.595 0.57588 -0.47645 1.9148
-1.8046 0.59769 0.7441 0.34822 0.2062 0.8692 0.55679 0.84205 0.39235 -1.8059 0.27323 0.58341 -0.88764 -2.0694 -1.0796 1.8179 -0.32144 -1.9898 0.099014 1.9251 0.41052 0.03955 -0.24571 0.82632 -0.38505 0.082722 2.5109 -1.5115 -1.644 -1.6527 -0.97085 -0.054491 -1.0994 -1.6784 -0.051912 2.6677 -0.11654 -0.036847 1.7994
-1.8284 -0.10342 1.07 0.75137 -0.049074 -0.78779 0.43417 -0.47696 -0.41066 -0.88053 0.68629 -0.042721 -0.72222 -0.77914 -1.6107 1.0015 -1.4521 -2.3503 0.63314 1.0873 -0.48467 0.033389 1.4057 0.5882 -0.22798 0.79098 2.5555 -0.0064291 -1.7837 -0.6719 0.77691 0.63286 -1.3975 -1.2682 -0.38836 1.8313 -0.71124 0.087343 0.93775
-1.7588 -0.44687 1.0637 0.075522 -1.4825 -0.80953 1.4764 -0.19656 0.23512 0.082511 0.86677 -0.12218 -0.31204 0.29281 -1.5154 0.16262 -1.2237 -1.1365 0.39217 -0.01725 -1.015 -0.36521 1.4761 0.30563 0.44693 0.98541 1.6979 1.3754 -1.6893 0.0049055 2.0343 0.85163 -1.2654 -0.087198 -0.59829 0.13504 -1.4071 0.40057 -0.18871
-1.3588 -0.36484 1.6629 0.40981 -1.9445 0.69178 1.507 -0.58518 0.42468 -0.024761 -0.35528 -0.5132 -0.17776 0.53021 -0.32433 0.069447 -0.68249 0.14911 0.97466 0.034508 -0.71469 -0.61964 1.1977 -0.26436 -0.063322 0.5213 0.54917 2.3356 -1.0299 0.93379 2.5989 0.40339 -0.8044 1.0131 -0.47892 -1.2431 -1.4624 0.46798 -1.2299
-1.3093 -0.78146 1.1165 -1.2199 -1.6774 1.146 0.8938 -0.52884 -0.063484 0.35572 0.023061 -0.63781 -0.0092672 0.47215 0.66678 -0.26147 -0.70811 0.91006 1.4801 -0.22336 0.39167 -0.70443 0.083378 -1.43 0.34213 -0.12375 -0.29045 2.26 -0.48321 0.79338 1.679 -0.51082 -0.37877 1.5567 0.071319 -1.1498 -0.53972 0.43894 -1.4865
-1.3366 -0.57458 0.84332 -0.26726 -0.13079 0.43169 -0.28986 -0.74067 -0.45774 0.27441 0.94771 1.4646 -0.14876 0.16667 1.3511 -0.33607 -0.063354 1.9271 0.83372 -0.50552 0.84504 -0.6561 -0.46034 -1.3329 0.76582 -0.80737 -0.45535 0.9719 -0.20605 0.23731 0.12199 -1.848 -0.3067 0.94965 1.0607 -0.53722 0.7775 0.28011 -0.62569
-1.4043 0.44307 0.99831 0.10869 0.59264 1.2576 1.3446 -0.34566 -0.6635 0.09746 -0.14556 -0.37835 -0.49854 -0.0693 1.5688 -0.35862 -0.13593 1.3999 -0.43934 -0.5393 1.3087 -0.23167 -0.068634 -0.1744 0.91694 -0.94971 -0.19061 -0.45074 0.2522 -0.52828 -1.3502 -2.4121 0.0056911 -0.35949 1.6155 0.32403 1.7068 -1.0807 0.71877
-1.29 0.57425 0.96716 -0.44458 -0.15498 0.73908 0.62699 0.49156 -0.85738 -0.82925 -2.144 0.17988 -0.81914 -0.053127 0.9154 -0.1874 -0.55803 0.15517 -1.3759 -0.44654 0.73489 1.0114 0.139 0.62702 0.22311 -0.16734 0.2104 -1.514 0.48991 -1.0496 -1.9961 -2.172 -0.24252 -1.3431 1.6972 0.47081 1.9426 -1.4322 1.8172
-1.4955 0.94981 1.0254 0.038454 0.60844 0.70581 0.75687 0.78089 0.037194 -0.40447 -0.74324 0.91797 -1.0817 0.22599 0.11114 0.050825 -1.4088 -0.95439 -1.7413 -0.2285 -0.22335 1.3116 0.39102 0.89661 -1.4751 0.79386 0.43233 -1.5883 0.37651 -0.55169 -1.0994 -1.3206 -0.54696 -1.8974 0.87457 -0.061818 1.5463 -1.3145 1.9999
-1.3626 0.92025 1.1041 -0.67288 -0.53861 0.035959 0.057473 0.84761 0.0048463 0.65572 0.85681 0.77955 -0.83885 0.41728 -0.53523 0.20481 -1.3001 -0.96298 -2.409 -1.1636 -0.99614 1.5667 0.21402 1.8916 -0.81434 1.4697 0.45095 -0.67591 0.16561 0.30687 -0.011323 -0.33337 -0.76258 -1.4495 -0.65095 -0.89017 0.41433 -0.61851 1.1181
-1.3472 -0.29903 0.63494 -2.038 -1.1309 -1.0415 -0.15942 -0.43502 1.1541 0.55975 1.7033 -0.14871 0.36033 0.5112 -0.44975 0.019623 -0.75447 -0.28022 -2.2832 -1.3299 -1.5246 1.0284 -0.27925 2.1911 -1.1102 1.6986 0.27967 0.46703 0.1299 1.3341 0.7612 0.78096 -0.58939 -0.43021 -1.4236 -1.6697 -0.85729 0.40618 -0.2849
-0.97504 0.0072502 1.1302 -1.5026 -0.92902 -1.1341 0.3966 -1.2564 0.34508 0.351 0.72389 -1.9416 0.61555 0.65499 0.032337 0.08405 -0.35122 -0.20273 -1.6874 -1.5029 -1.4313 -0.010747 -1.3744 0.80045 -1.1436 1.3128 0.17546 1.4466 0.33441 1.9205 0.69766 2.2221 0.011076 0.91423 -2.2344 -1.2764 -2.0528 0.8524 -1.9174
-0.97234 0.27807 1.3615 -1.0281 -0.40491 -1.5191 -0.8962 -0.83231 0.92533 -0.54456 1.3085 -0.29293 0.53022 0.63567 0.64358 0.31313 0.47354 0.21963 -0.67761 -1.2982 -0.81516 -0.43159 -2.24 -0.1829 -0.48999 0.36361 -0.20688 1.2475 0.20898 2.2022 0.42537 2.8683 0.46725 1.8664 -2.3041 -0.18946 -2.0292 1.5944 -2.8506
-0.92143 0.52076 0.77375 -0.94539 0.0064987 -1.7553 -1.474 -0.88342 0.22749 -1.3206 1.3679 -0.40311 0.472 0.68756 1.4311 0.56884 1.4834 0.2117 0.80815 -1.1437 0.48748 -1.6712 -1.4354 -0.84588 0.56905 -1.212 -0.58654 0.44151 -0.14509 2.1269 0.30521 2.8359 1.4079 1.8718 -1.6776 1.2247 -1.2544 1.0829 -2.7368
-0.8305 1.0846 1.148 -0.83204 -0.47672 -1.1708 -1.4722 -0.89117 -0.1218 -1.9639 0.8467 -0.61199 0.19014 0.10825 1.019 0.098573 2.2255 0.38204 1.6529 -0.50507 1.2295 -2.2326 -0.68006 -0.86482 1.1787 -2.0119 -0.66235 -0.45587 -0.48009 1.3055 0.14524 2.0473 1.8414 1.4053 -0.76874 2.0847 -0.62105 0.27393 -1.7277
-0.67279 0.98605 1.3994 -0.79735 -0.86987 -0.9726 -1.4593 -0.65498 0.047605 -2.3721 0.86532 -0.43698 -0.070195 -0.18212 0.61663 -0.022038 2.5366 0.34057 2.2727 1.1025 1.2706 -2.0921 0.27464 -1.2475 0.1665 -2.2743 -0.66246 -1.1735 -0.77555 0.28939 0.25953 0.51894 1.5413 0.37427 0.53078 1.9633 -0.31465 -0.65388 -0.28474
-0.45814 1.3543 1.4627 0.22731 -0.74653 0.26996 -1.3833 0.19941 -1.3848 -0.53918 -0.032421 0.13569 -1.1094 -0.17292 0.26843 -0.11071 2.2531 0.45356 2.2953 1.5012 1.5986 -1.5935 1.0735 -1.1528 0.27304 -2.1243 -0.42491 -0.96701 -0.80185 -0.85009 0.28856 -0.53152 0.66861 -0.62072 1.183 1.6016 -0.050238 -0.88401 0.73947
-1.2198 0.96885 1.0224 1.8342 0.35224 0.56058 -0.43844 0.53229 -2.1553 -0.92483 -0.051359 0.22795 -1.495 -0.41549 -0.21898 -0.492 1.9726 0.70732 1.4396 1.1384 1.0778 -1.0618 1.6107 -1.2833 -0.2316 -1.6642 -0.26579 -0.61398 -0.66845 -1.7324 0.2023 -1.3308 -0.54662 -1.124 1.6189 0.31566 0.48118 -0.18605 1.4657
-1.1963 1.0004 1.0621 1.585 0.1279 0.78861 1.0001 0.49811 -0.91183 -0.67545 -0.1245 -0.6156 -1.5505 -0.57187 -0.23086 -0.87164 0.98838 0.78924 1.1302 0.90902 0.14131 -0.66385 1.8433 -0.91977 -0.32596 -1.0433 -0.06659 -0.12405 -0.4162 -2.5086 0.099737 -1.7634 -1.188 -1.5473 2.229 -0.72182 1.0278 0.18206 1.8425
-0.77879 1.0677 0.7832 0.84191 0.10924 0.80228 0.089217 1.1119 -1.4575 -0.18759 -0.14457 -0.054403 -1.4658 -0.48014 -0.18995 -0.64531 0.084067 0.58743 0.47642 0.25007 -0.17646 0.29897 0.48016 -0.41474 0.12781 -0.27762 0.093429 0.10724 -0.12987 -2.7103 0.48882 -1.1468 -0.95878 -1.223 1.9313 -1.3108 1.437 0.42702 1.9725
-1.1981 0.75716 0.8963 1.3609 0.030839 0.21406 -0.59842 0.069883 -1.2616 0.35456 -1.1997 -1.094 -1.5325 -0.26338 0.046314 -0.65684 -1.265 0.71912 -0.38101 -0.56518 -0.78363 1.6625 0.13074 0.41354 0.47534 0.37517 0.06811 -0.16227 -0.30804 -2.4017 0.64625 -0.97913 -0.16254 -0.71188 1.8406 -1.1427 1.3234 -0.40621 2.0131
-1.2691 0.93891 0.44081 0.62963 0.31854 1.1343 0.0040635 -0.46311 -1.5338 1.0591 -0.28211 -0.19589 -1.5546 -0.39152 -0.16455 -0.78976 -1.721 1.7412 0.1478 -0.1482 -0.83034 1.1842 -0.23241 0.83767 0.22903 1.0457 0.15238 -0.49085 -0.33797 -1.8159 0.32376 -0.68332 0.86128 -0.35779 0.87941 -0.44946 0.88399 -1.4915 1.9075
-1.2158 1.1166 0.85933 1.2238 0.50561 0.98079 -0.52884 0.64631 -1.2099 -1.1171 -0.37426 0.84482 -1.5458 -0.48559 -0.51738 -1.2589 -2.3817 1.5321 -0.45087 0.77525 -0.89584 2.142 -0.15977 1.0232 -1.1455 1.7848 0.1471 -1.0921 0.18174 -0.64874 -0.52966 -0.58353 1.2016 0.088567 -0.18173 -0.17721 0.24574 -1.8758 1.576
-1.4764 1.0202 0.20647 -0.32101 1.5075 -0.41365 -0.68668 -0.65856 1.0047 -0.77432 1.1153 0.28848 -0.84176 -0.079927 -0.75106 -0.84895 -2.5907 0.84324 -0.7013 1.421 -0.78711 1.6056 -0.33175 1.0045 -1.9541 2.3235 0.17846 -1.5246 0.82876 0.35844 -1.6296 -0.68928 0.67323 0.14746 -0.77546 0.21176 -0.41373 -1.6689 0.87355
-1.37 0.61915 0.17664 -0.9349 2.6837 1.618 1.1765 -0.22754 -0.49877 -0.37059 0.64075 -1.0137 -0.20869 -0.14 -1.5448 -0.34703 -1.992 0.090561 -0.98939 1.214 -0.59295 1.119 -0.22608 0.82658 -2.0773 2.4653 0.20827 -1.338 1.7763 1.8117 -2.1398 -0.023444 -0.33655 0.096626 -2.2532 0.055781 -0.77797 -0.097747 -0.3305
-1.3951 0.20545 -0.70717 -1.9178 1.1468 -0.48649 0.98489 -0.47414 0.98977 0.49987 0.44797 -2.6398 0.40947 -0.22616 -2.2843 0.011652 -1.2904 -0.85801 -0.80632 1.0743 -0.65351 0.31142 0.18097 0.16398 -2.5444 2.2124 0.15339 -0.7275 1.5848 2.6738 -2.5185 -0.086403 -1.0485 0.30262 -1.6874 -0.20571 -0.094905 1.8228 -1.6021
-1.1926 0.064764 0.51024 -1.2289 0.49292 -0.26479 1.5429 -1.2557 -0.34802 -0.3304 0.21968 -2.8904 0.61302 -0.018241 -2.061 0.99915 0.17254 -1.9773 -0.42257 0.24621 -0.73447 -1.2121 -0.35138 -0.029129 -1.0158 1.2524 0.21849 0.46737 1.1928 2.8516 -2.0252 0.20357 -0.95295 1.1392 -0.92216 -0.57279 0.44002 3.5389 -2.5549
-1.5408 -0.86204 0.41871 -1.0631 0.58997 0.091899 0.94361 -0.47866 -0.1494 -0.45215 1.4005 -1.0301 0.72811 0.15019 -1.7458 0.87703 1.0614 -3.255 -1.1223 -0.30924 -0.082511 -0.22807 -0.73325 1.2736 1.1072 0.12945 0.46385 1.5538 -0.34473 2.1517 -0.49627 0.082305 -1.2702 2.0701 0.55551 -0.091178 0.3734 3.5557 -2.7606
-1.6034 -1.5466 0.63295 -0.69893 -0.023032 -0.2762 0.81239 -0.47845 0.0043925 -0.95631 -0.014565 -2.9185 0.84756 0.085277 -0.99724 1.0274 1.8819 -2.8375 -0.44675 -0.10557 1.403 -0.25527 -0.97558 1.1419 3.0464 -0.95159 1.0641 1.7538 -1.9732 0.75221 1.0685 0.29815 -1.0412 1.7878 1.4373 1.0755 -0.42185 1.5247 -1.7043
-1.3002 -0.88168 1.1657 -0.47488 -0.74872 -0.15845 0.17737 -2.005 -1.208 -0.92131 1.2225 -1.0798 0.44861 0.59708 -0.11751 -0.51732 1.6627 -1.4374 -0.628 -1.4348 2.3925 0.80576 0.26059 0.32044 2.407 -1.5018 1.6797 1.4374 -2.6032 -0.55441 2.3106 0.99945 -0.71185 0.48859 0.72937 1.9125 -1.143 -0.64182 -0.10614
-1.0461 -1.254 0.3265 -0.081591 -2.8388 -0.74783 1.2628 0.36909 0.36949 -0.96153 3.0345 0.25159 -0.099075 1.7625 0.16992 -1.2778 1.1962 -0.70541 -0.11475 -1.3897 1.5868 0.80526 1.279 -0.34016 1.3431 -0.91035 1.9112 0.58119 -2.4633 -1.6789 2.5095 0.93294 -0.30742 -0.97935 -0.056274 2.0302 -1.1856 -2.6412 1.4274
-1.43 -0.69848 0.85116 0.68578 -2.2579 -0.94196 1.2093 1.8634 0.33573 -1.2362 1.1754 1.5947 -0.62529 2.4737 0.16768 -1.896 0.40985 0.39179 0.5297 -1.1665 0.82565 0.5223 1.9595 -0.15997 0.72896 -0.088819 1.3665 -0.051766 -0.9541 -2.0101 2.0137 0.97015 0.3798 -2.1789 -1.6156 0.97273 -0.8575 -2.8095 2.192
-0.46381 -0.35036 -0.51333 0.54379 0.22979 -0.62538 -2.1203 1.8619 0.595 0.76907 0.10449 -0.7088 -0.69638 2.7444 -0.12587 -1.9976 -0.48156 1.3662 0.67263 -0.88025 0.29557 -0.22419 2.2333 -0.87439 -1.2563 0.81256 0.31445 -0.26118 -0.0039577 -1.9825 0.8761 0.43916 0.62546 -2.1685 -2.0579 -0.28079 0.026038 -2.1527 1.843
0.65626 -1.4126 -0.7915 -0.028323 -0.6222 0.35886 -0.67547 -0.035613 0.32953 1.4571 0.64562 -0.61023 0.58201 2.6791 -0.052017 -1.5926 -1.0761 1.6345 0.74355 -0.87076 -1.215 -1.5516 1.7028 -1.038 -1.7642 1.4376 -0.83741 -0.076196 1.0892 -1.3783 -0.67726 -0.32101 1.003 -1.51 -1.6429 -1.532 0.48658 -0.62926 0.81692
0.98659 -1.1899 -0.87091 -0.46195 -0.34815 0.34168 -0.19793 -0.57283 -0.21969 1.4257 1.0489 -1.3991 0.80484 2.2537 -0.16536 -1.4298 -1.5895 0.46162 0.58727 -0.19719 -1.6255 -1.8131 0.79136 0.17269 -1.5961 1.5201 -1.6749 0.47381 1.3669 -0.35181 -1.2767 -0.68683 0.6649 -0.31709 -0.14725 -2.1289 0.73684 0.89701 -0.55853
1.1848 -0.90994 -0.74293 -0.9486 -0.10411 -0.041907 -0.25556 -0.12583 -1.2855 1.7735 0.86521 -1.8442 0.80531 1.1463 0.062715 -0.52928 -1.4927 -0.53439 0.012253 0.63413 -1.1498 -1.6037 -0.46621 0.27615 -0.30642 0.96583 -1.8084 0.45457 1.2205 0.51781 -0.98841 -0.49825 0.20831 0.74532 1.548 -1.7215 0.22638 1.3786 -1.3062
1.155 -0.924 -1.0847 -0.76161 -0.66233 -0.25831 -0.41415 -0.0037716 -1.1484 0.75785 0.7117 -0.87757 0.85888 0.36277 0.64474 -0.45916 -0.90815 -0.14999 -0.18068 -0.20851 -0.32364 -0.4699 -1.0363 -0.090437 -0.20436 0.063681 -1.2933 0.1564 1.1519 1.2233 -0.19764 0.30589 -0.34103 0.6783 2.4532 -0.58965 -0.60255 1.1276 -1.2762
1.0397 -0.77813 -1.1114 -1.226 -0.90553 0.060398 -0.50069 -0.2235 -1.3064 0.48092 1.1258 -1.1853 0.81406 0.22545 0.33758 -0.22893 -0.50846 -0.072526 0.24819 -0.41048 -0.36026 0.50716 -0.91343 -0.44718 0.26286 -0.11981 -0.49237 -0.45234 0.90082 1.3519 0.18153 0.87417 -0.52249 0.14726 2.3266 0.54247 -0.92669 0.43948 -0.74315
1.1201 -0.74656 -1.0857 -1.4612 -0.66029 -0.21091 -0.64715 -0.57798 -0.96916 0.51936 0.55108 -1.1316 0.75019 0.28387 -0.024619 0.16539 0.078711 -0.16997 1.0382 -0.3868 -0.64655 1.4647 -0.22573 -0.60078 0.35116 -0.17052 -0.10471 -0.90734 0.98862 1.2958 -0.13775 0.63356 -0.071869 -0.13402 1.6399 0.76581 -1.1745 0.31635 -0.1472
1.217 -0.5906 -1.2679 -1.0526 -0.5148 0.34024 -0.75346 -0.66394 -0.080119 0.037127 0.74459 -1.4291 0.71889 0.26206 -0.37884 0.5246 0.40234 -0.15203 0.99519 -0.37397 -0.66046 1.5382 0.17766 -1.2273 0.30145 -0.22307 -0.20885 -0.79068 0.77915 1.124 -0.44633 -0.22006 -0.050091 0.0889 0.77615 0.3349 -1.3698 0.14834 0.0037393
1.3513 -0.85252 -0.88712 -1.1763 -0.27845 0.53714 -0.72131 -0.76284 -0.2343 0.4948 0.25792 -1.0443 0.69371 0.14998 -0.56142 0.66283 0.92535 -0.38879 0.60486 -0.36712 -0.3996 1.9076 -0.080959 -1.9357 0.42109 -0.15378 -0.39892 -0.4652 0.46636 0.65325 -0.48317 -1.3248 0.020306 0.49218 0.0083589 -0.20056 -1.4099 0.27399 0.079608
1.4659 -1.0617 -0.54516 -0.62146 -0.90051 1.3091 -0.84396 -0.80612 0.27485 1.5355 0.034568 -0.92197 0.65696 -0.097987 -0.75632 0.70477 1.0523 -0.87079 0.086556 -0.51443 -0.27078 1.6492 -0.35651 -2.3906 0.54393 -0.13465 -0.45618 0.0264 0.068561 0.22791 -0.36923 -1.9059 0.10897 0.73334 -0.20243 -0.45683 -0.86495 0.29956 0.086299
1.2288 -1.3779 -0.66456 -0.53086 -1.1651 0.55231 -1.0079 -0.91569 0.26375 0.44423 -1.0911 -0.45541 0.60395 -0.28401 -0.63441 0.78535 0.90241 -0.79336 -0.8754 -0.26119 0.16576 1.413 -0.41238 -2.7071 0.79179 -0.089197 -0.20621 0.45039 -0.20281 -0.15163 -0.05417 -1.8892 0.18041 0.94222 -0.64018 -0.072266 0.10999 -0.13895 -0.030338
1.1342 -1.2066 -0.54352 -0.2588 -1.3151 0.37571 -1.0613 -0.7726 1.1319 -0.19145 -1.7175 -0.93051 0.67014 -0.37655 -0.28935 0.57263 0.80768 -0.70023 -1.6793 -0.18327 0.53894 1.416 -0.62869 -2.4814 0.72799 -0.11819 0.11224 1.125 -0.33966 -0.035991 0.5339 -1.0379 0.27125 1.1853 -0.97717 0.43838 1.3894 -0.53272 -0.33506
1.0564 -1.5174 -0.48473 -0.23115 -1.7289 -0.082229 -1.5232 -1.0094 0.96856 -0.17819 -2.5259 -0.53128 0.58271 -0.096155 -0.0075068 0.42838 0.768 -0.58223 -1.8966 -0.13734 1.089 0.87952 -0.13911 -1.655 0.083015 -0.22777 -0.046142 1.7166 -0.37869 0.31186 1.1121 0.35395 0.093836 0.74498 -1.7957 0.78601 2.5124 -0.59353 -0.89523
1.0571 -1.2366 -0.24705 -0.11643 -1.143 -0.61519 -0.72916 -0.16134 1.3174 0.064108 -2.6745 -0.1258 0.63496 0.021683 0.8861 0.37607 1.045 0.11438 -1.254 0.011903 1.6397 0.17451 0.34545 -0.22056 -0.11812 -0.66131 -0.539 1.5765 -0.11466 0.0098616 1.5042 1.7345 -0.1656 -0.023937 -1.6205 0.81272 3.1449 -0.011137 -0.92822
1.0614 -1.2068 -0.20348 -0.10726 -1.4646 -1.1829 -1.026 -0.03911 1.3262 0.18048 -2.824 -0.03945 0.51322 -0.56745 1.7584 0.31749 1.3266 1.0688 -0.43255 -0.14726 1.1204 -1.1572 0.64227 1.0185 0.079432 -1.3882 -0.95762 0.74738 -0.23372 -0.83359 1.3956 2.1468 -0.30313 -1.1905 -1.1496 0.30431 2.8859 0.55659 -0.37414
1.4465 -1.1766 -0.2446 0.47825 -2.0435 -0.83319 -1.2348 0.66736 1.0261 1.2673 -2.053 -1.2932 0.34279 -1.1523 1.5656 0.46067 0.53531 1.5431 0.73048 -0.51769 0.51398 -0.44627 0.57637 2.2545 0.7338 -1.166 -0.79673 -0.28531 -0.55104 -1.7682 0.87586 1.5649 0.2177 -1.9712 -0.65321 0.02081 1.6767 0.98268 0.62634
1.0568 0.093801 -0.33623 0.89701 -0.57433 -0.67732 -1.0001 1.2033 0.46289 0.12544 -1.1982 -0.61986 -0.26953 -1.308 0.95459 0.038859 -0.467 1.5509 0.99559 -0.50398 -0.65483 -0.85686 0.31286 2.682 0.77182 -0.63939 -0.050474 -0.8463 -0.84343 -2.2606 0.21573 0.32728 1.0071 -1.8997 -0.15492 -0.35638 0.10428 1.127 1.4916
0.068777 0.86231 -0.11763 1.291 0.43431 0.011278 -1.557 -0.19732 -0.59176 0.67185 -0.53461 -0.31541 -1.0007 -1.1042 0.8011 -0.31104 -1.2066 1.6612 0.8682 0.66481 -1.3168 -1.1434 0.50418 2.1964 1.4841 0.041078 0.85425 -0.88493 -0.92089 -1.6046 -0.58744 -0.93369 1.4339 -1.079 -0.11057 -0.73739 -1.0864 0.64226 1.6366
-0.18467 -0.53377 0.23275 -0.52058 0.14845 0.71853 -2.1645 -0.32893 1.6555 0.74782 0.47932 1.311 -0.028805 -0.68396 0.68204 -0.56464 -1.8248 1.4518 0.10603 1.4122 -1.6677 -1.094 -0.090515 1.2719 1.9351 0.59047 1.5283 -0.45588 -0.82256 -0.32266 -1.2234 -1.5271 1.2705 0.12368 0.60442 -1.2134 -1.5376 -0.0036793 1.1397
0.18835 -0.64654 -0.50945 -1.0492 0.19805 -0.27117 -1.0151 -1.0302 0.021876 0.58151 0.52421 0.24911 0.36609 0.14501 0.17629 -0.62253 -1.6439 0.39729 -0.48831 1.5812 -1.0667 -0.53452 -0.76147 0.8937 1.4345 1.0536 1.5379 0.3208 -0.70554 1.251 -1.3575 -1.5207 0.39196 0.9014 0.63247 -1.3857 -1.2881 -0.95606 -0.051359
0.4919 0.091512 -0.71718 -0.97129 0.27652 -0.37298 0.80523 -1.1181 -0.53483 1.5744 -0.25453 1.3652 0.48282 0.94471 0.48462 -1.0419 -0.8315 -0.30893 -1.0585 1.7479 -0.49843 -0.10196 -1.5567 0.39964 0.8152 0.82434 0.93984 0.77659 -0.29704 2.1941 -0.99687 -0.61111 -0.74282 1.2539 0.75186 -0.85641 -0.42467 -1.1052 -1.0657
0.65547 0.55639 -0.77473 -1.0359 0.4999 -0.74736 0.72406 -0.95557 -0.55696 0.086166 -0.20658 1.2059 0.37419 0.97668 1.4627 -1.1322 0.50622 -0.22371 -1.2702 1.3416 -0.088358 -0.5304 -1.6137 0.1788 0.19933 -0.17819 0.080367 0.65268 0.18485 1.9701 -0.46906 0.40156 -1.7885 0.79255 0.52743 -0.17234 0.15943 -0.94279 -1.521
0.68183 0.40884 -0.59076 -0.59465 0.13302 -0.74802 0.22874 -0.23163 0.13681 -1.5726 0.83044 1.3217 0.41017 0.67054 1.3912 -0.75265 0.98319 -0.26778 -0.58561 -0.033043 0.35049 0.22444 -1.4447 0.83638 0.41622 -0.66076 -0.54098 -0.12291 0.72947 1.1573 -0.30398 1.3268 -2.2639 0.2192 0.072313 1.0723 0.35436 -0.65577 -1.1614
0.89809 0.70659 -1.1741 -0.30011 -0.36118 -0.8814 0.39815 -1.3134 0.36207 -1.287 0.39889 1.0495 0.085497 0.43574 0.86079 -0.48223 0.93429 -0.57728 0.016452 -1.3139 0.1075 0.22531 -1.2141 1.0058 -0.18471 -0.86323 -0.61506 -0.83737 0.98744 0.043836 -0.21466 1.6414 -1.5673 -0.33955 -0.3225 1.9049 -0.12801 -0.24838 -0.4298
0.89437 1.09 -1.2077 -0.21769 0.044815 -1.183 0.26269 -0.61258 0.17931 -0.76156 0.64302 1.2072 -0.12059 0.20006 0.57996 -0.25944 0.99765 -0.74959 0.70578 -1.7195 -0.12681 -0.36275 0.36424 0.69151 -0.24995 -0.86695 -0.56571 -0.81379 1.1926 -0.50876 0.26774 1.087 -0.51419 -0.29105 -0.9191 1.9897 -0.53784 -0.12867 -0.0044592
0.94894 1.1408 -1.271 0.045122 0.021711 -0.81259 -0.59231 -0.51591 -0.42255 -0.81276 1.6015 1.2712 -0.24935 0.057448 0.42521 0.11819 0.5662 -0.41815 1.0583 -1.1312 -0.48053 -0.81891 1.2868 0.028805 0.072282 -0.83589 -0.63529 -0.52696 1.1307 -0.59977 0.58381 0.24375 0.63481 -0.026678 -0.54654 1.3294 -0.82924 -0.11138 0.17459
0.94732 1.0246 -0.96082 -0.069327 -0.65001 -0.16099 -1.3808 -1.0555 -0.29901 -0.96727 0.84986 0.97968 -0.37874 -0.20196 0.20669 0.754 0.25381 0.20078 0.86922 -1.204 0.10919 -0.89205 1.2813 0.31418 0.061789 -0.69516 -0.84413 -0.41054 0.99046 -0.40881 0.89791 -0.50663 1.2128 0.068302 -0.037869 0.23956 -0.88218 -0.41565 0.20123
0.79411 1.0462 -0.91208 0.36856 -0.74616 0.17812 -1.8766 -0.92878 -0.72758 0.34172 0.94082 0.84464 -0.44867 -0.55577 0.14193 0.72429 0.23129 0.14002 0.39173 -0.21134 -0.025165 -0.48889 0.9682 -0.37672 -0.53267 -0.65832 -1.1932 -0.38409 0.84514 -0.041486 0.89823 -0.87778 1.1207 0.40186 0.16069 -0.52644 -0.5707 -0.59034 0.14752
0.83049 0.97115 -0.64748 -0.047073 -0.3157 0.21788 -0.33065 -1.3297 -0.52406 0.38279 0.51453 1.6862 -0.55591 -1.0787 0.017749 0.93904 0.42905 0.80417 0.14464 0.40816 -0.18211 -0.60581 0.95998 -0.77871 -0.73487 -0.61857 -1.453 -0.4305 0.8721 0.046018 0.84625 -0.60158 0.92463 0.74801 0.49252 -1.0364 -0.6072 -0.72703 0.097272
0.66076 1.1915 -0.42878 -0.077599 0.51179 -0.49367 -1.5727 -0.46551 -0.74621 0.52498 1.4422 1.0027 -0.72961 -1.7462 -0.13834 1.3077 0.39438 1.1136 -0.14228 0.45487 0.49441 -0.68846 0.33454 -0.49864 -0.65855 -0.63047 -1.4023 -0.77742 1.0044 0.22282 0.49852 -0.098331 0.20128 1.2521 0.84794 -1.3682 -0.0064208 -0.38991 0.31903
0.20943 1.3318 -0.68365 0.25761 -0.14562 -0.78178 0.10044 -0.60087 -0.48048 0.12491 0.089973 0.049662 -0.85122 -2.3373 -0.39159 1.7851 0.24334 1.4415 0.070787 0.43859 1.3604 0.068923 -0.54613 -0.76894 -1.2719 -0.55281 -0.72434 -1.1812 0.32393 0.084672 -0.44849 0.35524 0.54686 1.5552 1.6042 -1.0015 0.41892 0.32677 0.54143
-0.29451 0.92216 -0.076264 0.75583 0.92349 0.09349 -0.69359 -1.3446 -1.4572 0.60715 0.29229 0.31869 -0.88379 -2.5618 -0.99274 1.8239 0.70898 0.83997 0.26956 0.21313 1.7074 0.66434 -1.0942 -0.37017 -1.0012 -0.14909 0.30832 -1.0501 -0.61866 -0.093982 -1.0926 0.39598 0.59264 1.1443 1.3799 -0.35689 0.53284 0.78083 0.54026
-1.0024 0.74107 0.63668 0.28442 0.49439 -0.05092 -1.2161 0.0088597 -1.1382 -0.31046 0.38648 0.5141 -1.0533 -2.0309 -1.5939 1.1759 0.41143 0.028943 0.59651 1.7025 2.312 1.5476 -0.39939 -0.013424 0.1016 0.0698 1.2839 -0.32275 -1.6403 -0.14525 -1.5103 -0.024766 0.80373 0.27466 0.64837 0.42107 0.62057 0.69378 0.30256
-1.5246 0.58821 1.0364 0.29377 1.5866 0.28887 -0.5205 1.2957 -0.024071 -0.53334 -0.21791 -0.77813 -0.99825 -1.317 -1.3488 0.68376 0.13298 -0.40521 0.32603 1.0936 2.31 1.0049 -0.50875 0.17223 0.20819 -0.014743 1.8381 0.64352 -2.1121 -0.15711 -1.1183 -0.0043603 0.83753 -0.86533 -0.27276 1.0658 0.076748 0.2494 0.0059649
-1.5384 -0.2113 0.92106 1.0129 0.48777 -0.0406 -0.063344 0.83542 0.34643 -1.3569 0.76566 0.64708 -0.56362 -0.54214 -0.76535 -0.1163 0.26301 -1.0128 0.01596 1.7173 1.6379 1.0358 -0.035251 0.17723 -0.49341 -0.10652 1.7029 1.4175 -1.4585 0.059175 -0.31652 0.13536 -0.26089 -1.9173 -1.192 0.84341 -0.53325 -0.19921 -0.17951
-1.1168 -0.53038 0.057959 0.31909 -0.11954 0.078205 2.5028 2.4918 0.95299 0.926 1.1839 1.1828 -0.76954 0.15385 -0.28506 -0.71392 0.49381 -0.91677 0.57 1.9965 0.37816 0.4262 0.83146 -0.2941 -0.18994 -0.06352 1.037 1.5065 -0.50468 0.052772 0.57671 0.55225 -1.0085 -2.3857 -1.7448 0.54336 -0.89123 -0.5895 -0.28135
-1.2371 0.19612 0.25586 0.51845 -0.35757 -0.16038 0.18082 1.3567 -0.8343 -0.96138 -0.20336 -0.13714 -1.119 0.43929 0.33687 -0.3221 0.32545 -0.35828 0.73632 0.70937 -0.45999 -0.28502 0.58833 -0.78212 -0.06328 -0.23112 0.34919 1.2568 0.85135 0.21065 1.1512 0.42288 -2.1066 -2.0083 -1.5977 -0.06767 -0.63635 -0.31362 -0.24178
-1.1674 0.28545 0.32114 1.0531 -0.13887 0.25927 1.426 0.75664 -0.1817 0.43844 0.65662 -0.92045 -1.0988 0.14538 0.7168 0.030257 0.18483 0.44557 0.97847 -0.53169 -1.3015 -1.4355 0.2304 -1.0385 -1.1344 -0.45495 -0.10065 0.68381 1.2484 0.1253 0.94909 -0.24274 -1.74 -0.50592 -0.4866 -0.22073 0.27233 0.12999 -0.15714
-1.0847 0.29743 0.17679 0.84708 -0.068802 1.0892 2.1185 0.98376 0.062901 0.81868 -0.4642 0.47932 -0.91148 0.1214 0.91794 0.80305 0.78075 0.6553 0.59133 -1.4797 -1.4396 -0.87356 0.080333 -0.65074 -0.60894 -0.34445 -0.19228 0.23994 0.94264 0.059265 0.1776 -0.87525 -0.61977 0.84654 -0.11482 -0.18618 0.52161 0.91825 -0.10158
-1.0824 0.58523 0.92617 0.741 1.1542 0.87338 0.077976 0.82843 -0.03912 -0.48042 -0.87841 -0.093896 -1.0486 0.12596 0.61612 0.61459 0.47793 0.51362 0.22333 -0.59153 -0.090493 -0.15224 0.59093 0.18779 0.36301 -0.29324 0.014473 0.018821 0.22977 -0.1251 -0.76135 -1.2753 0.32956 1.5124 0.13669 -0.0059226 0.82308 1.2755 -0.10581
-1.37 0.30214 0.4253 0.93392 0.43861 0.87321 -0.30999 -0.62104 -1.9518 -0.50811 0.011614 -1.0547 -1.2149 0.089804 0.81009 0.81505 0.27349 -0.027961 -0.44442 -0.56452 0.63956 -1.141 -0.016587 -0.36821 1.0104 -0.50168 0.11256 -0.19224 -0.68975 -0.55947 -0.9577 -0.75466 0.94574 1.4296 -0.066855 -0.010681 0.51171 0.84835 -0.11609
-0.85401 0.95147 1.0619 1.6001 0.26003 0.30569 -0.16188 0.81056 0.0050232 1.084 0.18294 0.26002 -1.3048 0.19088 0.81059 0.37701 0.20589 -0.7627 -0.7825 -0.27718 0.6753 -1.0707 0.21881 0.42714 0.57729 -0.57341 0.20283 -0.25596 -0.78781 -0.42382 -0.4777 0.17901 0.76022 0.635 0.067251 -0.31056 -0.065357 0.0050177 0.038203
-1.1409 0.86053 0.69003 0.99843 0.24803 0.29923 0.69123 1.6743 -0.62964 0.39738 0.41526 0.34152 -1.377 0.30314 0.49498 -0.11405 -0.086646 -0.65673 -0.24688 0.38367 1.0308 -0.5437 0.19672 0.23759 0.9695 -0.41933 0.054117 -0.6285 -0.82482 -0.13639 0.18564 1.0538 0.42637 -0.45748 0.18225 -0.26941 -0.0015372 -0.58701 0.28913
-1.0557 1.2466 1.2719 1.1476 -0.16087 0.11868 1.1632 1.633 -1.8633 0.12525 -1.036 1.1486 -1.5497 0.40328 0.33758 -0.10484 -0.10469 -0.1436 0.46495 0.56096 1.0023 -0.34278 -0.19193 -0.21703 0.41907 -0.28092 -0.16454 -0.68765 -0.18423 0.26326 0.79446 1.3294 -0.1337 -1.0505 0.040908 -0.37798 -0.28646 -0.5808 0.32832
-0.86148 1.1299 0.48097 0.90673 -0.79687 0.28164 0.44103 1.087 -1.1634 0.59046 0.49029 0.38375 -1.4905 0.087872 -0.034779 -0.18391 0.17616 0.043221 0.84768 -0.065939 -0.38702 -1.1932 -0.40421 -0.025301 -0.03319 -0.15784 -0.38096 -0.54079 0.19648 0.42609 0.87185 0.93042 -0.4148 -1.0499 0.024275 -0.55308 0.049337 -0.98906 0.21504
-0.85131 0.8273 0.64011 0.70153 0.67474 0.8508 0.065659 1.5568 -0.99157 -0.46744 -0.22106 0.66154 -1.4915 -0.0085271 -0.10836 0.13948 0.53108 0.50926 1.0825 -0.32402 -0.64681 -0.68453 -0.2933 0.031391 -0.031877 -0.14589 -0.4336 -0.43725 0.36669 0.15032 0.57677 0.16337 -0.28528 -0.71983 0.23782 -0.29062 -0.20227 -0.47492 0.25566
-0.79659 0.90452 0.61227 1.3205 0.15617 1.3956 0.96767 1.1593 -1.7961 -0.020475 -0.16647 -0.46598 -1.5283 -0.20508 -0.2115 0.066258 0.34103 0.79656 1.138 -0.042409 -0.17436 -0.34083 -0.91935 0.23205 -0.71429 -0.12568 -0.24439 -0.13264 0.43841 -0.19318 -0.095578 -0.60988 0.13639 0.015686 0.98027 0.12699 -0.40535 0.016663 0.26895
-1.0044 1.0021 1.0313 1.8293 0.084994 0.94146 -0.10505 0.38373 -1.7308 0.58185 0.29533 0.89436 -1.4922 -0.26338 -0.32417 0.32961 0.06905 0.65786 0.63202 -0.044331 -0.48379 -0.35881 -0.57026 -0.71097 -0.14375 0.13486 -0.099895 -0.032671 0.19159 -0.45085 -0.68008 -1.1746 0.084142 0.24119 0.90619 0.22012 -0.32901 0.62825 0.22679
-1.2087 0.90659 1.0417 1.3815 0.79784 1.4385 0.631 1.1494 -1.811 -0.4225 -0.13337 0.73063 -1.6515 -0.24193 -0.14936 0.38886 0.053769 -0.22366 -0.0074589 0.09609 -0.39977 0.36889 -0.056948 -0.40997 0.081157 0.15677 0.17902 0.11462 0.0263 -0.50905 -0.84537 -0.99819 0.10805 0.41436 0.51067 0.27619 0.18684 0.84023 0.039366
-1.1099 0.95976 0.88316 1.0664 0.61376 1.4824 1.0239 1.6273 -1.8682 -1.731 -0.23423 -0.63741 -1.657 -0.17553 -0.18876 0.27327 -0.13594 -0.36484 -0.44225 -0.20233 -0.021232 0.55438 -0.32736 -0.25662 0.82537 0.094508 0.34146 0.26377 -0.14706 -0.37224 -0.62126 -0.43659 0.13018 0.6197 -0.01706 0.074069 1.1466 0.55018 -0.20556
-0.98472 0.46096 0.72129 0.73314 0.37669 1.0452 -0.1596 0.047286 -1.2896 0.20066 -1.0128 0.55546 -1.1161 0.090217 -0.073403 0.1399 -0.47042 -0.41327 -0.10456 0.2783 0.44826 0.095915 -0.53025 0.38802 0.47085 -0.049981 0.31662 0.28856 -0.062016 -0.26314 -0.014999 0.19983 0.1731 0.55884 -0.7828 -0.054574 1.3192 0.41079 -0.32063
-1.0883 0.87134 1.2591 1.4081 -0.17271 0.88195 0.69625 1.0616 -0.68451 -0.010796 -0.32398 0.66165 -1.4515 0.21532 0.102 0.23776 -0.34 -0.51163 -0.087722 0.15326 0.3505 -0.26353 -0.23187 1.1191 0.76362 -0.13241 0.1797 0.38945 0.037955 -0.1016 0.30133 0.60052 0.38732 0.52239 -1.0563 -0.21359 1.2093 -0.21097 -0.38568
-1.1032 0.80365 1.0207 1.5145 -0.35548 0.71401 0.25232 1.0368 -1.7334 -0.6318 0.030694 1.4596 -1.5787 0.16069 0.21235 0.31871 -0.32174 -0.17857 0.19317 0.29813 0.55279 -0.6194 -0.26315 1.4633 0.94155 -0.30062 -0.0030683 0.31202 0.070101 0.02776 0.42596 0.49586 0.2668 0.42062 -0.79471 -0.3546 0.70805 -0.29331 -0.32596
-0.9308 0.97092 1.1557 0.68275 0.18942 1.4171 0.93949 1.5819 -2.0712 -1.1248 1.1145 0.95307 -1.6969 0.12972 0.35022 0.24693 -0.40116 0.1344 0.50842 0.62249 0.99315 -0.96946 -0.94099 1.5555 0.20308 -0.4642 -0.055056 0.1789 -0.0215 -0.050873 0.39252 0.40853 0.29157 0.41889 -0.49126 -0.49439 0.23845 -0.48842 -0.23025
