39 210
-0.55197 1.3958 0.41319 1.4316 1.5647 0.5647 0.40944 0.92611 -1.0035 0.18923 -1.6612 0.83766 -1.5199 -0.15597 -0.17346 0.15774 -0.3244 -0.84928 0.42868 -0.14981 -0.26757 0.015388 -0.48593 1.0722 -0.082829 0.086396 0.070607 0.0072378 0.11697 0.27617 0.016413 -0.025748 0.30695 -0.41796 -0.30147 0.28054 0.19223 -0.080149 -0.0097289
-0.80425 1.0902 0.45734 0.98558 1.1672 1.2194 0.062767 0.095149 -0.54088 0.048914 0.45352 -0.11485 -1.4706 -0.21851 -0.24778 0.31218 -0.032668 -0.95942 0.46267 0.0040689 -0.85373 -0.52413 -0.33301 1.2018 -0.2998 0.090902 0.16255 0.12279 0.064657 0.20715 0.12447 -0.2453 0.3713 -0.02829 0.018063 0.58975 -0.031672 -0.11966 -0.038683
-0.53728 1.3247 0.84731 1.1391 0.90455 0.9872 -0.28467 0.41757 -0.24231 0.42175 -1.402 1.0392 -1.4165 0.0086968 -0.10877 0.29093 0.056648 -0.76918 0.3521 0.41133 -0.84808 -0.30657 0.00099368 1.4155 -0.13173 0.064687 0.26289 0.27838 -0.086678 0.20339 0.3937 -0.48948 0.50429 0.49657 0.26002 0.81071 -0.59149 -0.29279 -0.061416
-0.78645 1.2425 0.38424 1.1656 0.25526 0.93524 0.69742 0.9893 -1.6296 -0.90181 -0.16469 0.87055 -1.4407 0.065267 0.050262 0.21014 -0.11531 -0.64526 -0.025562 0.33809 -0.034555 0.20066 0.44505 0.82217 -0.2936 0.023029 0.15708 0.26611 -0.19895 -0.032979 0.65555 -0.55568 0.33787 0.88693 0.51583 0.76438 -0.78478 -0.34953 -0.099178
-0.83104 1.0845 0.82563 1.6413 0.5393 1.1156 0.45841 -0.69757 -1.8865 0.16159 -0.08935 0.15322 -1.434 0.19142 0.24133 0.063338 0.10959 -0.21658 -0.30123 0.7211 0.36516 0.14375 0.73613 -0.032662 -0.66222 0.0031106 -0.026674 0.098461 -0.12269 -0.00099753 0.77045 -0.37171 -0.4168 0.55936 0.47197 0.20854 -0.78705 0.21243 -0.061124
-0.36019 1.3672 0.6643 1.3334 0.84221 1.0088 0.96858 -0.029016 -0.6622 0.51389 0.61763 0.71493 -1.4638 -0.016437 0.11672 0.084393 -0.10247 0.084829 -0.31524 0.54992 0.39976 0.23462 0.81895 0.21127 -0.72264 -0.066957 -0.15087 -0.16444 -0.046056 0.11921 0.3939 0.14946 -0.86543 -0.11447 0.082753 -0.60022 -0.17418 1.1136 -0.018854
-0.62834 1.3939 0.64675 0.81293 0.45904 0.62031 0.21847 1.3041 0.032624 0.84182 -0.37748 -0.0027917 -1.4745 0.0028915 0.065949 0.14546 0.065888 0.41922 -0.24486 -0.52293 0.10863 0.5758 0.23514 0.0014416 0.50178 -0.0069882 -0.2997 -0.33553 -0.18836 0.0046671 -0.11763 0.64549 -1.2452 -0.52504 -0.2341 -1.1973 0.19842 1.5405 -0.039439
-0.51838 1.4513 0.61232 1.3474 0.74462 0.84374 1.044 0.58419 -0.75365 0.75396 -0.51809 -0.70707 -1.4181 -0.11699 -0.1741 0.094639 0.14394 -0.17297 0.23215 -0.77721 -0.14408 0.13364 -0.4816 0.41714 1.3187 -0.0086363 -0.13058 -0.29923 -0.24617 -0.063401 -0.39861 0.89595 -0.903 -0.74799 -0.54668 -1.1577 0.26037 1.145 -0.022184
-0.82081 1.3054 0.90532 1.0985 0.728 0.58937 0.63768 0.83178 -0.99072 0.71349 -0.56783 0.68027 -1.5452 -0.31027 -0.26371 -0.26487 0.012491 -0.33435 0.68911 -1.122 -0.46085 -0.2676 -0.97072 0.28596 1.3525 -0.1017 -0.16687 -0.52788 -0.30351 -0.86111 -0.57722 0.44324 0.064143 -0.3554 0.07769 -0.53436 0.29145 0.035621 0.31741
-0.74018 1.1982 0.60274 1.6415 1.0026 0.85852 -0.46478 -0.018446 -1.0367 -0.89299 0.57919 2.0422 -1.395 -0.098829 -0.29709 -0.13454 -0.17522 -0.35459 0.97569 -0.96397 -0.8805 -0.40812 -0.85692 0.62515 1.1083 -0.062613 -0.10914 -0.51591 -0.58575 -1.3763 0.071135 -0.14904 0.87206 -0.23833 0.83306 0.15796 0.30517 -1.2723 0.85996
-0.7465 0.9228 0.94835 1.6051 -0.087673 1.7017 -0.23888 -0.84755 -1.023 0.1681 0.94982 1.7655 -1.4726 -0.31232 -0.90345 -0.26423 -1.3454 -0.66821 0.24858 -0.28342 -0.2657 0.98593 -0.6242 0.52111 0.67769 0.61932 -0.05708 -0.48878 -0.3193 -1.3801 0.48905 -0.46186 1.6476 -0.59248 0.6344 0.33717 0.10449 -2.367 1.2487
-0.81656 1.2995 0.022865 0.72632 0.34393 1.6765 -0.40879 0.65839 -0.39624 -0.43866 0.03189 1.4138 -1.666 -0.31525 -0.86144 -0.92309 -1.6984 0.12992 0.14971 0.58656 -0.73893 1.1024 -0.33372 0.95305 -0.84979 1.2564 -0.033599 -0.33351 -0.1337 -0.89609 0.81885 -0.53318 1.3597 -0.69883 0.059261 0.14954 -0.022761 -2.6279 1.2388
-0.65192 1.0961 0.80348 0.72688 0.17788 1.6636 -0.39793 0.0086446 -1.0089 0.095222 0.15232 0.51466 -1.4523 -0.305 -0.93509 -0.42245 -1.7541 0.40646 0.18254 1.4571 -1.7708 0.18966 -0.55703 0.33948 -2.3311 1.5996 0.42412 -0.040137 0.71127 0.090932 0.2868 -0.58583 0.20346 -1.0188 -0.58429 0.13574 0.021954 -2.1536 0.81862
-1.2186 -0.068051 0.43103 -0.61527 -0.16237 0.36359 1.1651 0.35834 1.0273 -0.24417 0.36039 1.0226 -0.21194 -0.16197 -0.92772 -0.283 -1.6063 0.75964 -0.0515 0.93687 -1.5899 0.093739 -0.586 0.65697 -2.564 1.7893 0.85581 0.045394 1.2002 0.53863 -0.87274 -1.106 -1.0942 -0.25482 -0.51318 -0.18145 -0.19332 -0.92895 0.25971
-1.1522 0.54277 -0.49496 -0.27852 1.6359 1.2421 0.74901 -1.2212 -0.15553 -0.37368 1.9591 0.053389 0.04837 0.39871 -0.93649 0.66451 -1.2062 -0.40997 -0.81484 -0.030187 -1.9725 0.35329 -0.22084 0.70731 -2.7074 1.9002 1.2556 0.29428 1.0561 0.92629 -1.5686 -1.3966 -1.9214 0.8614 -0.66253 -0.60568 -0.16542 0.40516 -0.39289
-0.93453 0.22494 0.71732 0.066113 0.83562 1.9786 1.1936 -3.2952 -1.7044 -1.7214 0.57809 -1.4482 0.14798 0.91955 -0.75775 0.6364 -0.96125 -1.2391 -1.5414 -0.87073 -1.1699 0.020689 -0.85141 0.33958 -2.4912 1.5963 1.2117 0.17709 0.62746 0.89854 -1.7138 -1.6902 -1.5566 1.7229 -0.76789 -1.0024 -0.69698 1.5772 -0.77974
-0.82156 0.15445 0.44378 -0.62207 0.66981 1.5467 0.13818 -1.0579 -0.24265 -0.0030356 1.455 -1.4126 0.22005 1.4808 -0.42482 0.96912 -0.35052 -1.782 -1.8353 -1.516 -0.17421 -1.0616 -1.6123 0.12923 -1.5688 0.95192 0.75496 0.10062 -0.61885 0.79343 -0.41702 -1.432 -0.74795 2.2946 -0.55174 -0.93088 -0.76784 2.608 -0.9083
-0.027501 0.14451 1.3043 -0.85723 -1.2557 -0.4114 -0.83289 -1.4508 0.71685 -0.33431 0.67186 -2.0119 0.71234 1.5423 -0.82008 0.66703 -0.35922 -2.0363 -2.883 -1.4579 1.1223 -0.68972 -1.8621 -0.57781 -0.025715 0.78752 0.1612 0.012107 -1.2301 0.81729 0.84388 -0.41424 0.038059 1.2537 -0.29781 -0.59745 -0.9655 2.8046 -0.80342
0.22805 -0.27741 0.99764 -0.79572 -1.4899 -1.0082 -0.55775 -1.2371 -0.72671 -1.6807 0.8942 -2.0643 0.90955 1.4873 -0.6931 -0.42605 -0.026194 -0.8649 -2.9766 -1.2359 1.6905 -0.36572 -1.5461 -0.51178 1.1982 0.58553 -0.49509 0.15324 -1.6788 0.68557 2.04 1.0913 0.42602 0.14099 0.19933 0.45272 -0.85113 2.3181 -0.72084
0.43532 -0.25248 0.89544 -0.62116 -1.2653 -1.0169 -0.24127 -0.60782 -1.5238 -3.0667 1.3632 -0.57614 0.83596 1.2173 -0.58646 -0.80927 0.40167 0.0046198 -1.7963 -0.9175 0.52613 -0.91193 -2.0562 -1.4471 1.6511 0.25875 -0.7704 0.60857 -1.1762 0.63132 2.2095 2.4152 0.17904 -0.62243 0.57118 1.611 -0.5233 1.0302 -0.80623
0.58088 -0.46913 0.34304 -0.43715 -0.67338 -1.6912 -0.90229 -0.66453 -1.4935 -2.6479 0.40956 -0.34385 0.85743 0.72966 -0.22534 -1.2199 0.55114 1.3244 -0.23546 -0.90686 0.42129 -0.57677 -0.6116 -1.2948 2.1601 -0.1482 -0.71109 0.62114 -0.34956 0.32905 1.0046 2.4878 -0.095476 -0.80775 0.85836 2.3629 -0.12073 -0.29532 -0.67189
0.86537 -0.4711 0.20307 -0.18895 -0.18119 -1.631 -0.71704 -0.38854 -0.85263 -2.1467 -0.024919 -0.16171 0.79534 0.49799 0.16293 -0.98509 0.53416 1.3393 0.50008 -1.2435 0.45499 0.50642 0.86321 -1.3328 1.5234 -0.37164 -0.48927 0.40739 0.19708 -0.033356 -0.30697 1.5015 0.029887 -0.25993 1.153 2.3984 0.98983 -1.0606 -0.28245
0.82932 -0.42211 0.026688 -0.44158 -0.36793 -1.0116 -1.6108 -0.88725 -0.76536 -2.5901 -1.022 0.18709 0.67424 0.53363 0.17396 -0.94288 0.53204 0.49576 0.77212 -1.2502 0.035851 0.56938 1.6728 -0.84081 0.68073 -0.37121 -0.21067 -0.11609 0.25586 -0.28314 -1.3273 0.066313 0.81342 -0.074162 0.46784 1.3951 1.8059 -1.1964 0.09121
0.84299 -0.082784 0.11462 -0.21286 0.41831 -0.66807 -1.7381 -0.90174 -0.63343 -1.2684 -0.3599 0.79986 0.60113 0.41252 0.032871 -0.5974 0.36719 -0.21152 0.6519 -0.66914 0.17633 0.7273 1.5502 0.46685 0.30188 -0.16505 -0.1537 -0.4475 0.11909 -0.47604 -1.4043 -1.0683 1.525 0.23828 -0.44003 0.83535 2.6455 -0.51395 0.2284
0.83731 -0.099401 -0.044847 -0.073613 0.10143 -0.45337 -1.7457 -0.042656 -0.54252 -1.1882 -0.33426 -0.01382 0.42069 0.3852 -0.37671 -0.96063 0.12984 -0.59877 -0.18943 0.47021 0.40728 0.2042 1.8109 1.7194 0.41452 -0.080025 -0.43549 -0.35925 0.36063 -0.89094 -1.0357 -1.4699 1.8667 0.44952 -0.52013 0.36823 2.1283 -0.45266 0.24834
1.305 -0.30162 -0.41318 0.13333 -0.97672 -0.60274 -1.7736 -0.78388 -1.0841 -1.0057 0.1859 0.2994 0.48621 0.29044 -0.43363 -0.76211 -0.12535 -0.96807 -1.1346 1.0024 0.7705 -0.16983 2.454 3.1252 0.64456 -0.086281 -0.64065 -0.082472 0.62362 -1.1551 -0.4562 -0.93102 1.4034 0.21963 -0.079417 0.32786 0.39696 -0.92492 0.23265
1.0826 -0.61851 -0.2314 -0.093466 -0.8126 -1.244 -1.4555 -0.32787 0.05012 -0.79371 1.0979 0.05464 0.83437 -0.20864 -0.29015 -0.22438 -0.84764 -1.2335 -1.2419 1.7125 0.68252 0.0046761 1.9576 2.4446 -0.38186 0.058082 -0.90133 0.20583 1.0831 -1.3576 0.14291 0.20067 0.44102 0.095929 0.72689 -0.23011 -1.5835 -1.413 0.25955
1.2868 -0.93809 -1.0758 -0.29826 -0.76399 -1.8691 0.10935 0.026003 -0.83182 0.17073 2.1611 0.96338 0.5749 -0.47358 -0.16033 0.13011 -1.2573 -0.82711 -0.66658 1.5694 0.50086 0.66343 2.1337 0.95715 -1.1215 0.2049 -0.9152 0.41962 0.97998 -1.2351 0.64152 1.3565 -0.54025 -0.078112 1.3442 -0.94427 -2.8731 -1.1565 0.28136
1.0116 -0.45287 -0.40674 -0.61619 -1.4119 -2.2173 -0.9838 0.15857 -1.1667 1.2056 3.6577 1.3971 0.38995 -0.89829 -0.09305 0.49178 -1.7909 -0.3878 -0.036565 1.0965 0.74509 1.1784 1.5252 -0.64647 -1.4856 0.26426 -0.69619 0.4677 0.88022 -0.64533 0.90878 1.7381 -1.463 -0.051611 1.5941 -1.6935 -2.7422 -0.20411 0.33127
0.32158 -0.14904 0.20206 -1.2936 -1.3502 -1.5554 0.46568 0.08354 -0.28739 0.63919 1.6784 -1.1258 0.70267 -1.0559 0.31098 0.59808 -1.9145 -0.098806 0.92886 0.23196 0.57759 1.8243 0.81307 -1.581 -1.0813 0.34176 -0.3544 0.2978 0.56202 0.054678 1.0029 1.3152 -1.4073 -0.11374 1.1449 -2.6101 -1.6334 0.6569 0.35809
0.58974 -0.53518 -0.16836 -1.299 -1.2841 -0.82351 -0.33536 0.23495 0.66738 1.2961 -0.058346 -1.7922 0.81428 -1.2033 0.41245 1.0856 -1.6919 0.2362 1.379 -0.56677 0.53805 2.487 -0.71982 -2.2536 -0.80356 0.61519 0.14088 0.10049 0.18366 0.8441 1.0738 0.25697 -1.3178 -0.40746 0.29613 -2.5101 0.16976 1.5522 0.24801
0.20198 -0.77715 -0.037861 -2.0783 -1.3584 -1.0517 -0.50041 0.33903 0.69134 0.47735 -0.24466 -0.80086 0.95965 -0.9743 0.18914 0.8212 -1.1884 0.88558 1.2103 -0.4343 0.36811 2.2058 -1.8929 -1.7975 -0.16796 0.70571 0.24607 -0.038997 0.096568 1.1975 1.0158 -0.98029 -0.91105 -0.59436 -0.68413 -1.7176 1.7128 1.6874 0.045566
-0.1136 -0.12333 0.021265 -2.2568 -0.73012 -0.37825 -0.81136 0.61288 2.0873 0.5823 0.54629 0.095437 1.0864 -0.67564 0.17984 0.70715 -0.57943 1.2884 0.32061 -1.2243 -0.0017562 1.548 -2.0731 -0.17894 1.116 0.55035 0.21122 -0.037087 -0.20393 1.1595 0.52164 -1.6189 -0.80806 -0.72728 -1.287 -0.23586 2.2699 1.0217 -0.23756
-0.27011 -0.18954 0.57205 -2.1052 -0.76799 -0.48355 -0.78657 0.73204 1.666 -0.80958 0.019942 0.094165 1.1948 -0.86159 0.36336 0.96206 -0.24435 1.4258 -0.48383 -1.269 -0.39564 0.96436 -1.8956 1.0934 1.2836 0.45931 0.1283 -0.0048538 -0.28306 0.76605 -0.11073 -1.5428 -0.78109 -0.43147 -1.2662 0.81101 1.5426 -0.012222 -0.33824
-0.26079 -0.20886 0.68696 -1.9783 -0.1432 -0.63971 -0.8351 0.34694 1.4871 -1.3824 0.69692 -0.37024 1.3131 -0.866 0.26519 0.66488 -0.0075882 1.0152 -0.97507 -1.7705 -0.60168 0.61604 -1.1756 1.2231 0.48389 0.28799 0.13599 0.031754 -0.54637 0.2547 -0.47077 -0.89354 -0.1959 0.21268 -0.75432 1.1822 0.28115 -0.90823 -0.32227
-0.27413 -0.22501 0.63814 -1.9175 0.39843 -1.2139 -1.4902 -0.13155 1.951 -1.2978 0.74081 -0.063161 1.3383 -0.63896 0.15007 0.35381 -0.043774 0.78948 -1.1929 -1.7276 -0.23382 0.22032 -0.72996 0.84331 0.12451 0.19606 0.3548 0.14353 -0.57573 -0.0088367 -0.56841 -0.20011 0.36856 0.83523 -0.42504 1.0964 -0.77514 -0.95241 -0.32168
-0.72573 -0.20485 0.80222 -1.9593 0.35004 -1.5908 -2.1393 -0.17731 1.9668 -0.66278 1.6548 0.52402 1.3598 -0.53255 0.3625 0.062675 -0.1924 0.64404 -1.0957 -1.3757 0.36492 0.45523 -0.3108 0.5474 -0.093201 0.071361 0.45614 0.33262 -0.16943 -0.097006 -0.48953 0.18219 0.96136 0.84991 -0.55744 0.60143 -1.3641 -0.81744 -0.28413
-1.0791 -0.21892 0.55718 -2.3576 -0.34752 -1.9493 -2.8296 -0.082124 1.9171 -0.88951 1.4785 -0.021854 1.2773 -0.36893 0.6118 0.26327 -0.15075 0.45098 -0.82694 -0.7035 0.87287 0.21483 -0.15237 -0.26239 -0.30362 -0.041891 0.54255 0.31758 0.28547 0.073064 -0.39114 0.28385 1.0563 0.20857 -0.81568 0.22637 -1.7196 -0.764 -0.26498
-0.66798 0.17841 0.60141 -2.1808 0.46046 -1.4709 -2.3801 0.84657 2.2066 -1.0743 1.1313 0.14978 1.3888 -0.15408 0.7054 0.42014 -0.11554 0.18396 -0.80759 -0.31854 0.62753 -0.4664 -0.26685 -1.1972 -0.91191 -0.13151 0.65311 0.054848 0.60713 0.23531 -0.21178 0.41637 0.83547 -0.57027 -1.2433 0.10999 -1.3781 -0.12579 -0.21657
-0.77195 0.21861 0.76958 -2.1868 0.40138 -1.8759 -1.9898 1.1226 2.1155 -1.7842 0.71778 -0.4378 1.3005 0.17868 0.61996 0.67989 0.070073 0.21846 -0.786 -0.099784 0.07385 -0.90191 -0.29561 -2.0299 -0.97072 -0.20477 0.74057 0.0070061 0.27292 0.48302 -0.52049 1.0268 0.41594 -1.2025 -1.8581 0.5129 -0.83721 0.66502 -0.52961
-0.67138 0.48767 1.1209 -2.0105 0.72682 -1.8901 -1.7913 0.94806 1.7331 -1.2378 0.35951 -0.59889 1.2491 0.40514 0.48011 0.9212 0.14875 0.32279 -0.3039 0.031335 -0.42825 -1.3938 -0.01284 -1.5725 -0.0069503 -0.25789 0.56181 0.24 -0.30195 1.2829 -0.41295 2.0686 0.64209 -0.973 -1.8362 0.93973 0.15567 1.5612 -1.1629
-0.71786 0.45708 1.0763 -2.1602 0.23331 -2.6517 -2.6214 -0.0064003 1.1097 -1.1617 -0.70167 -1.0269 1.1544 0.72484 0.75151 0.49563 0.62559 -0.6817 0.93718 -0.019531 -1.1165 -2.9142 0.74319 -1.9032 0.55451 -0.9815 0.12193 0.40433 -1.0266 1.9054 -0.30862 2.6871 1.3348 0.019584 -1.1621 1.0941 1.1142 1.8524 -1.6924
-0.62298 0.37621 1.4462 -2.0211 0.28377 -2.5523 -2.6672 -0.1165 0.85839 -1.0297 -1.0047 -0.52802 1.0991 0.61536 1.1275 -0.0092695 1.9907 -0.21123 2.4011 0.95846 -0.81369 -3.0108 1.0798 -0.93184 1.4015 -1.9438 -0.32577 0.47151 -1.2091 2.3357 0.27723 2.4954 1.7666 0.87968 -0.046528 1.0256 1.4729 1.3053 -1.7266
-0.344 0.45116 1.4654 -2.1995 0.45996 -1.5709 -2.3649 0.054971 0.36002 -1.1651 -4.234e-05 0.63178 1.029 0.30196 1.1092 -0.64255 2.6813 -0.14834 3.1515 2.1572 0.30962 -2.3443 1.3292 0.060898 1.9749 -2.564 -0.7978 -0.079463 -0.98087 1.6003 1.0445 1.2351 1.4105 1.1173 1.5529 0.050833 1.4043 0.64099 -0.81938
0.43588 1.4337 0.87897 -1.0054 -0.95317 0.43836 -1.8744 -0.37504 -2.1725 -0.085324 -2.0301 0.57024 -0.24622 0.016343 1.2471 -0.61624 3.4469 0.60982 3.5009 2.5385 0.70362 -1.779 1.7299 0.63596 1.8548 -2.7335 -0.98078 -0.94415 -0.47758 -0.15787 0.90504 -0.60718 0.20106 0.5208 2.6544 -1.0121 0.39045 -0.2441 0.60931
-0.4425 1.6443 0.79234 0.86774 0.93332 1.044 -0.15012 0.31501 -1.0657 -0.40826 0.094202 1.1245 -1.3564 -0.44953 0.54777 -0.90866 2.867 1.0168 2.814 2.0644 0.46755 -0.5469 0.52758 0.35446 1.5912 -2.1376 -0.95309 -1.7977 0.13977 -2.203 0.56073 -2.1609 -0.61494 -0.17263 3.2118 -1.5808 -0.23416 -0.9867 2.1569
-0.62555 1.3648 0.41341 0.63297 0.29494 0.98917 0.50308 1.4471 -0.50419 0.58616 0.34632 1.6715 -1.5035 -0.82142 -0.44601 -0.70463 1.6242 1.0325 1.3637 1.4284 0.20042 1.1973 -0.51048 -0.23987 1.113 -1.0055 -0.45348 -2.0802 0.64835 -3.9891 -0.69899 -2.8561 -1.0005 -0.75517 2.3853 -1.6541 -0.78082 -1.3667 3.0366
-0.65678 1.6713 0.94802 1.4776 1.3178 1.1574 -0.52401 0.29707 -1.0705 0.94988 -0.2079 1.1669 -1.5127 -1.0404 -1.5867 -0.34812 -0.45356 0.76867 -0.049857 1.4825 0.2016 2.3489 -0.66552 -0.019473 0.40244 0.65079 0.19154 -1.4171 1.0172 -3.8362 -1.3522 -2.1396 -0.72724 -1.1542 0.83826 -0.83349 -0.37734 -1.2949 2.7047
-0.94072 0.58978 0.40778 0.32859 1.419 1.1074 -0.66183 0.064676 0.16356 -1.6229 -0.8444 2.0318 -0.85155 -0.5248 -1.7868 0.24233 -2.2338 -0.69122 -0.70796 0.81844 -0.74343 1.3612 -0.93342 -0.88306 -0.24275 1.6151 0.63521 -0.2831 0.7058 -2.292 -1.4426 -1.0464 -0.45906 -0.96609 -0.54452 0.6287 0.10676 -0.74903 1.396
-0.95863 0.20835 0.53612 -0.26467 0.90724 0.69402 -0.26306 0.17169 1.2105 -1.6246 -1.1681 1.9461 -0.42707 -0.24063 -1.5714 0.40114 -2.2629 -0.87057 -0.37811 0.91205 -1.4766 0.97667 -0.89908 -0.15331 -0.28146 1.667 0.98574 0.62608 0.21124 -0.3519 -1.0357 -0.31566 -0.71422 -0.34992 -1.3837 1.9981 0.2479 -0.30494 0.057748
-1.145 -0.21373 0.46651 -0.99976 0.28019 0.5415 1.4802 0.58758 0.80387 0.12053 -0.79079 0.74767 0.15448 -0.042954 -1.0004 0.15995 -1.6815 -1.0803 -0.54441 0.79964 -0.98239 0.82314 0.85771 0.049457 -0.020165 1.1258 1.0077 0.80967 -0.28091 0.79434 -0.11338 -0.10273 -0.90057 0.3916 -1.0368 2.256 0.34281 -0.11265 -0.38631
-1.0222 -0.04131 1.3133 -1.6367 -0.46269 0.084154 0.70829 -0.59579 0.036983 -1.1159 -0.70435 1.0024 0.24744 0.54579 -0.72842 0.068186 -1.3613 -1.1445 -0.76291 0.060912 -0.40997 -0.060234 2.3965 0.043321 -0.30908 1.0036 1.0827 0.62952 -0.54904 0.97228 0.26019 -0.30363 -1.3393 0.79541 -0.67914 1.1493 -0.35805 -0.34973 -0.18699
-0.78742 -0.060922 0.83947 -1.0761 -0.06609 1.1431 0.7468 -1.1563 0.50783 -0.42544 0.36929 1.6515 0.15753 0.94983 -0.59368 -0.075973 -1.2018 -0.79233 -0.72696 -0.56451 -0.45432 -0.12966 1.8861 -0.24611 -0.45036 1.215 1.0268 0.086496 -1.0264 1.0081 0.14769 -0.17961 -0.96341 0.67211 -0.42006 -0.39941 -0.20402 -0.78181 0.12289
-0.82666 0.38747 0.68012 -0.27141 0.38674 0.2526 -0.22671 -0.64723 0.74698 1.6818 -1.0209 1.7133 -0.26938 1.2696 -0.51643 -0.43416 -0.69176 -0.49539 -0.89439 -1.1033 -0.072205 0.13326 0.86699 -0.79299 -0.75483 1.2677 0.76641 -0.099148 -1.2686 1.1747 -0.38843 -0.13784 -0.16814 0.41557 -0.4472 -1.7818 0.81235 -1.0177 -0.060373
-0.091013 -0.88863 0.31034 -2.1867 -0.63406 -0.32207 -0.32123 0.348 0.45509 1.1267 -1.1919 1.2713 0.95067 1.4982 -0.92211 -1.3761 -0.13929 -1.1137 -0.84166 -0.55408 0.25879 -0.093951 0.84212 0.014814 -1.337 1.2252 0.43543 0.57249 -0.66943 1.6203 -0.7184 0.036387 0.23473 0.23481 -0.90083 -1.797 1.7342 -0.99936 -0.93144
0.11671 -0.54859 0.729 -2.1759 -0.52609 -0.23738 0.15096 -0.58602 0.95093 0.52492 -1.2871 0.45585 1.5248 1.6928 -0.74711 -1.4923 0.29181 -1.7793 -0.98618 -0.26882 0.1061 -0.95075 -0.5938 1.6682 -1.8701 0.88325 -0.44226 1.7358 0.47946 2.3389 0.066574 0.75673 0.29056 0.10569 -1.1666 -1.135 1.6237 -0.12685 -2.2174
0.3291 -0.52364 0.30093 -1.5655 -0.61061 -0.54306 0.058971 -0.073796 0.48411 0.22753 -1.5628 -0.28996 1.449 1.5468 0.6672 -0.71052 1.3128 -1.6148 -0.61812 -0.49002 -0.049538 -1.3348 -0.92579 2.2815 -1.861 -0.35563 -1.4883 2.3703 1.5692 2.349 1.4475 1.2973 -0.21482 0.4496 -0.77879 -0.50021 0.51604 0.94373 -2.9749
0.8294 -1.0798 -0.67754 -0.93978 -2.2449 -0.3098 -0.037286 -0.81465 -0.199 0.50298 0.74782 -0.0070023 1.1181 0.42946 2.1353 0.076779 2.914 -0.11815 0.47724 -0.53051 0.3054 -1.5059 -0.48308 1.5918 -0.74221 -2.1371 -2.1599 2.0193 1.9473 1.4914 2.4129 1.6086 -0.045804 0.93231 0.11778 0.35994 -1.1193 1.6316 -2.6324
1.2575 -0.54634 -0.7834 -0.29707 -2.1976 -0.38 -0.028492 -0.69299 -0.77369 -0.53804 2.9839 -0.49767 0.74597 -0.62195 2.3381 0.58716 2.9001 0.98148 0.97597 -0.84232 1.1031 -1.3283 -0.19276 1.1646 -0.041209 -2.8926 -2.2011 0.59693 1.5642 -0.10244 2.5637 1.4573 0.80537 1.2703 0.94864 0.66576 -2.4103 1.4483 -1.1405
1.0418 1.5567 0.6766 0.50302 -1.5229 -0.91697 -1.3125 0.015865 -0.72349 0.9379 0.52033 -0.75097 -0.67338 -1.2178 2.4245 1.2673 2.2668 1.8052 1.3801 -0.16931 1.485 -0.73749 -0.24003 -0.21479 0.43482 -2.8286 -1.4441 -1.2597 0.86785 -1.8158 1.2689 0.58133 1.3822 0.78699 1.3545 0.5224 -2.4647 0.67735 0.8477
-0.18668 1.5956 0.8442 1.0395 0.24676 1.0446 -0.34874 0.77161 -1.0254 0.12942 -0.40837 0.64228 -1.4129 -1.7007 1.7165 1.4332 1.465 2.612 1.7953 0.97734 2.0239 0.099259 0.27733 -2.0614 0.40423 -2.1682 -0.33889 -2.5894 -0.3249 -2.309 -0.09118 -0.059626 1.6979 0.039112 1.092 0.24042 -1.1729 -0.12365 2.1981
-0.82583 1.4074 0.92096 1.0155 0.70908 0.87639 -0.7922 0.82261 -0.52772 0.04784 0.59439 0.017483 -1.4699 -1.7013 -0.032147 1.1761 0.29965 1.6305 1.2051 1.3764 1.4957 0.38116 0.32322 -2.1597 0.36998 -0.89697 1.1664 -3.2296 -1.5074 -2.2475 -1.6186 -1.292 0.97358 -0.60373 0.30939 0.36068 0.55203 -0.58278 2.9297
-0.46111 1.5084 0.85497 0.91242 0.42073 0.97287 0.34067 1.3763 -0.68754 -0.18341 -0.75353 0.22535 -1.4841 -1.0047 -1.5419 0.071103 -0.35804 0.8758 0.93707 1.8412 1.1817 0.20713 0.0097101 -0.42078 -0.25187 0.29816 2.3297 -2.8423 -2.0622 -1.8234 -2.6454 -2.1056 -0.035526 -1.15 -0.49122 0.118 1.7999 -0.53752 2.9358
-0.71719 0.72149 0.59321 0.8133 0.81248 1.8062 1.4497 1.6685 -0.11793 1.1043 -1.2237 0.1037 -1.252 0.59584 -2.321 -0.67935 -0.94991 -0.61572 -0.74728 1.3875 0.64335 -0.2055 0.61554 0.15474 -0.38473 1.4788 2.5195 -1.6797 -1.7857 -1.2198 -2.2866 -2.1741 -1.0234 -1.3777 -0.68187 -0.057864 1.8785 -0.41206 2.2474
-0.79442 -0.0070884 1.2758 0.09356 -0.37216 0.25854 0.58461 1.0554 -0.52081 0.087959 -0.39048 -0.14986 -0.54986 1.4653 -2.7477 -1.2362 -1.2562 -1.6353 -1.3895 0.91597 0.042931 -0.56495 0.37335 0.6824 -0.27685 2.1959 1.829 -0.37583 -0.73003 -0.87863 -1.5325 -1.8524 -1.9574 -1.4612 -0.58461 -0.12069 0.9501 -0.13034 1.1574
-0.54977 0.071957 0.62596 0.52855 0.67586 1.1888 0.90814 1.9545 -0.77637 0.62012 0.24279 -0.74863 -0.75427 1.7295 -2.7383 -1.2843 -1.4839 -1.7572 -1.9276 -0.21825 -0.81926 -0.55787 0.036036 1.3604 -0.4288 2.4041 0.5508 0.88971 0.23244 -0.24529 -0.40281 -0.4341 -2.1358 -1.0694 -0.43607 -0.061305 0.31625 -0.080057 -0.25434
0.89465 -1.2023 -0.2479 -0.14018 -0.84743 -0.41734 1.1424 1.4333 -1.3228 0.87367 0.084613 0.50856 0.61058 1.8163 -2.0634 -0.89592 -1.6943 -1.6681 -2.1344 -1.3057 -1.1461 -0.75424 0.069947 1.0311 -0.48609 2.0237 -0.62577 2.4041 1.3431 0.58758 0.32161 0.44201 -1.924 -0.76141 -0.2684 0.058423 -0.22861 0.0065868 -1.6411
1.0608 -1.5355 -0.45019 -0.53681 -1.9689 -0.77285 0.64074 0.7712 -1.0133 0.23721 1.0736 -0.43546 1.1431 1.4425 -0.89022 -0.4373 -1.1658 -1.4241 -1.2396 -1.8129 -1.0004 -0.96205 0.65507 0.65796 -0.43732 1.0827 -1.8753 3.617 1.8794 1.6461 1.5111 1.8202 -0.98017 -0.17766 0.092677 -0.001973 -0.73818 0.39616 -2.8605
1.151 -1.538 -0.11888 -0.88353 -1.3972 -0.94534 0.27033 0.16794 -0.93769 0.19199 0.55748 -0.49463 1.1037 0.45334 1.0965 0.69314 -0.31385 -1.1582 -0.87071 -2.1689 -1.4596 -0.89082 0.18827 0.5274 -0.25911 -0.24856 -2.5124 3.7009 1.6195 2.4798 2.4322 2.6326 0.35139 0.37066 0.40346 -0.36224 -1.137 1.0809 -3.1984
0.97828 -1.4487 0.36488 -1.3469 -1.2618 -1.0156 -0.79492 0.30572 -1.2693 1.2895 0.1522 -0.74831 0.86118 -1.0571 2.8489 1.2109 0.87985 1.0426 1.021 -1.7565 -1.0327 -0.32145 -0.01804 -0.0010847 0.23867 -1.8714 -2.2726 2.3024 0.73197 2.6332 2.3303 2.1478 1.4849 1.3054 0.76988 -1.0352 -1.2972 1.3583 -2.3786
0.90326 -0.4826 0.67001 -0.58862 -2.0127 -0.57665 -1.521 0.52544 -2.2457 1.1641 0.98596 -0.69309 0.26769 -1.5812 3.4003 1.1157 1.8746 2.0203 1.9178 -0.60582 -0.35147 -0.30726 -0.30036 -1.1192 1.3058 -2.55 -1.2129 -0.2169 -0.61987 1.9652 1.3886 0.86511 2.6228 2.2937 0.90179 -1.2989 -0.99446 1.2985 -0.61157
0.34894 1.5614 0.9281 0.50752 -1.328 -0.36376 -1.0634 -0.27472 -1.858 0.43895 1.1389 -0.35511 -0.90415 -1.7438 2.525 0.63639 2.6147 1.702 1.5926 0.43036 1.1822 0.21986 -1.1373 -1.3467 1.4566 -2.2666 0.12378 -2.503 -1.5832 0.57111 -0.067523 -1.0513 2.8912 2.5566 1.0423 -0.7751 -0.4459 0.41165 1.2057
-0.61067 1.5544 0.63657 0.70339 1.1091 1.2473 -0.54616 -0.1055 -0.96382 0.36646 -0.060898 1.0304 -1.3039 -1.4455 0.84263 -0.096639 2.4614 1.3186 0.54062 2.068 2.2402 0.56652 -1.81 -0.96993 1.6906 -1.2088 1.3961 -3.5393 -1.9563 -1.1865 -0.97167 -2.1424 1.4522 1.6774 1.197 0.60745 0.57474 -0.73207 2.2907
-0.63734 1.5716 0.7628 1.2819 0.65943 1.4098 0.095471 0.42265 -1.4113 -0.2079 -1.2332 1.115 -1.5117 -0.89314 -0.8097 -0.94313 1.6574 1.2484 -0.37238 2.7808 3.0295 1.2405 -0.78595 -1.0541 0.85773 -0.26247 2.5375 -3.0611 -1.9226 -2.5221 -1.6405 -2.2862 -0.63169 -0.39643 0.86407 1.5703 1.1129 -1.5677 2.5919
-0.66594 0.35574 0.71625 1.8095 -0.12476 0.038199 0.19223 2.7112 -0.82464 -0.82719 -1.0546 0.69628 -1.1 0.58008 -1.9195 -1.5067 0.18203 0.26936 -1.3332 1.1775 2.2411 1.4795 0.73336 -0.026384 0.16351 0.77974 2.9113 -1.6335 -1.6343 -2.9394 -1.5168 -1.366 -2.5231 -2.2972 0.37948 1.9008 1.2537 -1.8517 2.1795
-0.46519 -0.47279 0.23171 1.3863 -0.41191 -0.92134 1.7088 3.1897 -1.2246 -0.79364 0.23769 1.323 -0.32271 1.9427 -2.1353 -2.0117 -0.88046 -1.107 -1.9876 -0.38811 0.35328 1.4187 0.70312 0.58987 -0.86771 1.6406 2.3953 -0.025081 -1.0405 -2.5635 -0.89138 0.056294 -2.9639 -3.6224 -0.30282 1.2319 1.0656 -1.1514 1.3672
-0.27891 -0.18224 -0.48942 1.5463 0.40818 -0.54058 1.8062 3.4641 -0.22141 0.8019 -0.33049 0.078658 -0.68681 2.5276 -1.7123 -2.4118 -1.6743 -0.58643 -1.3543 -1.4435 -1.2323 1.1985 1.2108 0.92248 -1.094 1.9611 1.0398 1.0252 -0.42363 -1.4318 -0.0023849 1.1706 -1.8391 -3.2048 -0.79525 -0.031802 0.44855 -0.28914 0.27462
1.194 -0.065235 -0.69979 0.24634 0.015412 -1.0636 -0.87286 0.99865 0.55711 1.7954 0.8141 0.56513 -0.22914 2.569 -0.94966 -2.3026 -2.1256 -0.13877 -0.25966 -1.898 -2.8206 0.78667 1.4187 0.77703 -0.78127 1.7319 -0.41151 1.2109 0.41545 -0.28989 0.39814 1.4776 -0.22714 -1.6556 -1.3779 -1.0259 0.032334 0.74167 -0.54054
1.8147 -1.0319 -1.401 -0.16614 -1.0742 -0.89412 -1.1934 -0.024113 0.37319 -0.121 -0.34152 -0.15744 0.82281 2.1941 -0.47137 -2.0954 -1.819 -0.22781 0.10226 -1.7778 -2.884 0.25181 0.32171 0.84502 -0.44881 1.2525 -1.6373 1.0929 1.0296 0.89356 0.10248 1.0908 1.2739 0.12171 -1.7768 -1.4771 -0.47526 1.1289 -1.1936
2.0693 -0.72978 -1.6101 -0.15033 -0.16781 -0.63233 -0.93193 0.45157 -0.39507 0.86298 0.14804 -0.28774 0.90422 1.3505 -0.34752 -1.438 -1.3253 -0.48747 0.18908 -0.66502 -2.2873 -0.77495 -0.87071 0.68931 0.27131 0.97141 -2.34 1.1572 1.6118 1.5221 0.2397 0.57598 1.652 1.2616 -1.6437 -1.0062 -0.48022 1.0631 -1.6444
1.9407 -0.89859 -1.6612 -0.56695 -0.15034 -0.54889 -0.74493 -0.072499 0.0068157 1.1957 0.74138 0.26586 0.87196 0.10928 0.16138 -1.039 -0.40862 -0.21258 0.56347 0.5374 -1.2419 -1.4567 -0.55452 -0.075771 0.60421 0.08269 -2.8153 1.0401 2.6268 1.8298 0.84724 0.31528 1.1325 1.4512 -0.65738 -0.30039 -0.75684 0.44983 -1.7107
2.0279 -0.61608 -2.2405 -0.47209 -0.52656 -0.84482 -0.034019 -0.17157 -0.54957 -0.11578 1.6255 0.58154 0.64195 -0.71682 1.0361 -0.0084869 -0.0056507 0.33125 0.63669 0.3078 -0.99663 -1.5384 -0.1226 0.18453 0.78703 -0.79459 -2.8794 0.66092 3.2708 1.7431 1.2787 0.2157 0.40987 1.3792 0.88282 0.22844 -0.70883 -0.42908 -1.4397
1.7459 -0.47743 -1.8143 -0.31912 -0.64386 -0.41238 -0.197 -0.4213 -0.91134 -0.11394 0.30944 0.50282 0.56328 -1.9801 0.90723 1.7855 0.91385 1.0719 0.49133 0.046663 -0.48701 -0.64433 -0.63698 -0.55648 0.18001 -1.1013 -2.4388 -0.10576 3.3625 1.0054 1.4194 0.20238 0.12716 1.1854 1.7985 -0.078937 -0.39416 -0.99512 -0.59094
1.461 -0.16879 -1.9743 -0.31134 -0.6673 -0.17273 -0.78735 -1.0735 -1.4524 0.99716 -0.23391 1.0943 0.18871 -2.9314 0.59999 2.8706 1.2464 1.4539 0.64168 0.42697 0.22654 0.51031 -0.36906 -0.61991 -0.36139 -1.1609 -1.6995 -0.81146 2.2205 0.3933 1.2693 0.43813 0.77355 1.0932 2.0449 -0.79684 0.090083 -1.2328 0.20313
0.88491 0.34237 -1.1147 -0.15616 0.075104 0.04227 -0.87083 -0.93432 -1.6971 -0.031339 0.50147 0.47635 -0.10793 -3.2945 0.18344 3.4025 0.83745 2.0949 0.95125 0.75163 0.63191 0.97568 -0.5783 -0.53947 -0.78148 -0.85297 -0.34364 -0.86223 0.31541 -0.43843 0.60917 0.29195 1.0623 0.64641 1.6236 -1.0184 0.7766 -0.43469 0.66471
-0.8965 -0.05092 0.98041 1.2238 1.9703 -0.25416 -0.50428 0.32537 -0.24603 0.025651 -0.2389 -0.21006 -0.38527 -3.2023 -0.19382 3.0687 0.77554 2.3845 1.2619 1.5388 0.73624 1.5834 -1.7176 0.36219 -1.1603 -0.53558 1.1032 -0.34346 -1.2926 -0.77777 -0.70182 -0.37137 0.62657 -0.056958 0.86051 -0.60142 0.97641 0.61791 0.73294
-1.5326 -0.45 0.84736 0.57036 1.0068 0.20411 0.62702 0.22447 1.0947 0.32442 0.61571 0.080738 -0.42661 -2.478 -0.38806 2.2435 0.35802 1.8332 0.74811 1.6592 0.61437 1.9388 -1.9662 0.63018 -0.27638 -0.15771 2.1274 0.50938 -2.2047 -0.68515 -2.0574 -0.84409 -0.38823 -0.48311 -0.16138 0.40368 0.66806 1.1236 0.32914
-1.4172 -0.3297 0.79381 -0.01782 1.9309 0.69151 0.78886 0.21755 -0.32724 -1.2514 0.29329 -0.2857 -0.12847 -1.2951 0.21961 1.1976 0.068884 0.15392 0.0021134 1.2589 0.118 1.6772 -0.85465 0.9071 0.60386 -0.12321 2.2658 1.1286 -1.8287 -0.28082 -2.1681 -0.90003 -1.2103 -0.22892 -1.4277 1.4898 -0.47754 0.91078 -0.18545
-1.7665 -0.44556 0.91231 0.68642 2.3721 1.5017 1.2537 -0.16906 0.58873 -2.1754 0.75053 -0.80582 -0.13723 -0.30798 0.99743 0.49203 -0.055546 -0.96847 -0.092159 0.12114 -0.069057 0.60712 -0.20308 0.62998 0.55047 -0.43764 1.6386 1.0125 -0.98688 0.041933 -1.4654 -0.49747 -1.284 0.29999 -1.7665 1.6963 -1.1687 0.41551 -0.47292
-1.4253 -0.24201 0.55915 0.20488 1.69 0.051238 0.60073 -0.29767 0.9445 -1.0858 0.83593 1.427 -0.17706 -0.090995 1.3589 0.75541 0.48182 -0.61759 -0.1016 -0.12826 0.60039 -0.51368 0.35395 -0.68476 0.22104 -0.74744 0.83895 0.097322 -0.45099 -0.21351 -0.22269 -0.13399 -1.1006 0.79504 -1.5474 0.60568 -1.3642 0.16438 -0.21756
-1.2102 0.87778 1.1882 0.6088 0.078152 -0.58027 0.6388 -0.15239 1.0468 -0.17602 1.7553 0.93887 -0.57731 -0.044546 1.058 0.74635 0.24641 -0.75962 -0.18981 -0.2327 1.0037 -0.38188 0.79064 -1.1227 0.7341 -0.74116 0.42834 -0.77226 -0.61469 -0.38657 0.63031 0.41891 -0.41445 0.37886 -0.8032 -0.2227 -0.72859 0.12854 0.23065
-1.7133 0.85333 1.6752 1.016 0.53199 0.30639 -0.21165 0.60134 0.58444 -0.11401 0.23333 -0.20419 -1.1006 0.12863 0.395 0.28845 -0.45843 -0.41013 -0.2221 -0.77794 1.2493 -0.82197 -0.14559 -1.19 0.83638 -0.38403 0.96474 -1.7686 -2.0819 -0.85638 0.67591 0.77588 -0.20253 -0.3987 -0.18642 -0.31259 0.33906 -0.35058 0.9148
-1.7029 0.7937 1.4595 0.80213 1.3194 0.96007 1.2507 1.1846 -0.69158 -0.40632 -1.1248 -0.082077 -1.0529 0.37772 -0.034872 -0.34247 -0.28099 0.1972 0.78534 -0.37758 0.40223 -0.79772 -0.38442 -0.70992 0.49652 -0.18413 1.654 -2.1359 -3.1466 -0.96626 0.31091 0.45392 0.0097246 -1.0308 0.24686 0.18375 1.1855 -1.5265 1.6331
-1.4555 0.40751 1.3333 0.090384 1.3292 0.59556 0.60981 1.0613 -0.11505 -1.1889 -0.65331 1.3011 -0.61928 1.4861 -1.5795 -2.3318 -0.81667 0.26581 0.93198 -0.45003 0.067875 -0.67569 0.33274 -0.16404 -0.35033 0.70332 1.8981 -1.928 -2.9417 -0.60051 -0.15539 0.017454 0.29869 -1.0324 1.0053 1.202 1.2737 -2.3463 1.9205
-1.3371 -0.1233 0.80327 -0.16158 1.2595 0.18851 -0.47086 1.0272 0.23039 -2.3332 0.15941 1.3538 -0.41392 2.3407 -2.1661 -3.4353 -1.3393 -0.47561 0.11943 -0.3608 -0.56314 0.010365 0.92359 0.93047 -1.6793 1.8031 1.3841 -1.2637 -1.8026 -0.22591 -0.40314 -0.31573 0.75778 -0.3439 1.0269 1.6395 0.38022 -2.5431 1.6641
-0.69685 0.52243 0.35416 0.49833 1.0008 1.0292 0.33242 -0.42099 0.12643 -0.06955 0.69514 1.6868 -0.79635 2.6628 -2.3396 -3.299 -1.0195 -0.39693 0.13645 -0.16498 -0.42891 0.70151 1.5847 0.7476 -2.6975 2.2539 0.18069 -0.11276 0.25303 0.5101 -0.14338 0.053361 1.3548 -0.015678 0.81924 1.1022 -0.78534 -1.6113 0.78777
0.87703 -1.4459 -1.6713 -0.25339 0.29695 1.0765 -0.02552 0.71453 -0.3059 1.0883 0.70591 -1.4994 0.34435 2.3537 -2.1411 -3.0023 -0.57881 -0.29682 0.55169 1.0314 -0.067806 0.48285 2.2384 -0.34921 -3.3393 2.1871 -1.1454 0.44845 1.6616 0.75987 0.45425 0.30713 1.1491 0.13062 0.42761 -0.32175 -1.643 0.077451 -0.14915
0.86358 -1.6046 -1.7469 -0.92043 0.24313 0.33346 0.030066 0.25179 0.27226 0.34772 0.62952 -2.8131 1.4556 1.8168 -1.8018 -2.1001 -0.23851 -0.12244 0.81225 1.615 -0.21061 0.65693 1.8625 -1.24 -2.6942 2.0003 -2.13 1.0811 2.2886 0.67893 0.58255 0.057439 0.52523 -0.40453 0.081324 -1.7754 -1.3096 1.9453 -0.99811
1.1897 -1.6511 -1.266 -0.40046 1.4532 1.1223 1.1688 0.94586 0.64079 0.57985 -0.49363 -1.9021 1.5968 0.6464 -1.5348 -1.1255 -0.31066 0.29968 0.37835 1.0936 -0.39661 0.8465 0.15783 -1.6549 -1.5279 1.6468 -2.176 1.349 2.1868 0.58638 0.65607 -0.16947 -0.60964 -0.55157 0.0036045 -2.3372 -0.36784 2.8475 -1.48
0.91505 -1.7324 -1.6861 -0.36202 0.75641 1.3226 1.6294 0.74687 0.53595 1.1862 -0.91213 -1.8588 1.4483 -0.42301 -0.4913 -0.23259 0.11633 0.47741 0.32758 0.88429 -1.11 0.66594 -0.87458 -1.4543 0.22959 0.63512 -1.7045 1.2285 1.4398 0.35446 0.48825 -0.28974 -1.4008 -0.141 -0.254 -1.9518 0.7015 2.3178 -1.4608
1.0143 -1.8044 -1.5365 0.011612 0.71505 1.6187 1.4156 -0.26484 0.96421 0.70479 -1.022 -1.6552 1.4757 -0.55111 -0.11507 -0.10923 0.3429 0.72485 0.45104 0.17769 -0.77161 0.47477 -1.0027 -1.0508 0.80889 0.06936 -0.83712 0.77508 0.63955 0.073691 0.25325 -0.40744 -1.5367 0.18613 -0.096827 -1.175 1.1294 1.4918 -1.0239
0.44714 -1.965 -1.6632 -0.44855 1.135 1.1074 0.97162 -0.74971 0.89447 0.20902 -1.1937 -1.642 1.5831 -0.7365 -0.068621 -0.08663 0.10605 0.64641 0.19574 -0.74909 -0.31647 0.34259 -1.4053 -0.027479 0.70401 0.024965 -0.32578 0.040993 -0.031706 -0.38205 0.11839 -0.61332 -1.2693 0.82083 0.3011 -0.53434 1.0023 0.90849 -0.3981
0.38465 -2.033 -2.0256 -0.4924 0.91392 1.0624 0.98967 -0.48913 0.51196 -0.61966 -1.0212 -1.8718 1.5075 -0.74351 -0.19991 -0.074973 -0.15209 0.72028 -0.368 -1.1871 -0.4014 0.81098 -1.8897 0.075894 1.1742 0.014165 -0.043735 -0.17261 0.01645 -0.33204 -0.13507 -0.65385 -0.59659 0.74581 0.55277 -0.26929 0.46431 0.92364 -0.15661
0.47847 -1.4693 -1.427 -0.19445 1.973 1.3604 0.71675 0.1241 1.1956 -0.54137 -1.1663 -1.2266 1.6023 -0.92707 -0.3546 -0.29908 -0.32341 0.71144 -0.48115 -0.98898 0.42657 1.0678 -1.478 0.15041 1.8372 -0.091344 0.34303 -0.10317 0.32015 0.053975 -0.2601 -0.34413 0.1324 0.54773 0.60799 0.36236 -0.16268 0.95957 -0.15125
0.25208 -1.863 -1.4162 -0.15043 1.9041 1.685 0.46092 0.78303 1.0436 -0.64533 -0.34103 -0.78754 1.5312 -0.53406 -0.30027 0.031773 -0.037359 0.41031 -0.50867 -0.89496 0.42135 1.1673 -1.4895 -0.14049 2.0624 -0.16976 0.68827 -0.033131 0.5155 0.32987 -0.64837 0.054906 0.54192 0.5137 0.082623 0.99824 -0.3561 0.28923 -0.15691
-0.0394 -2.2091 -1.9657 -0.62678 1.1712 0.46413 0.038793 -1.0694 2.0141 -1.449 -1.1671 -0.14737 1.432 -0.20363 -0.20931 0.42539 0.16574 0.26594 -0.42133 -0.61074 0.42167 1.326 -0.88037 -0.28227 2.1508 -0.17021 1.0352 0.053048 0.56616 0.32622 -0.9789 0.14273 0.41175 0.11475 -0.44757 1.6445 -0.69104 -0.54603 -0.15649
-0.42654 -2.3291 -2.0398 -0.59142 1.8287 0.88283 0.28787 0.39039 2.1872 -1.1448 -0.89628 0.77529 1.395 0.17134 -0.32489 0.46951 0.22932 -0.37945 -0.29845 -0.26206 0.67926 0.83063 -0.20685 -0.49098 1.5877 -0.24426 1.0887 0.37247 0.32733 0.20096 -1.0548 0.31655 0.30711 -0.20504 -1.2482 2.5443 -0.74296 -1.1222 -0.30229
0.11598 -2.0534 -1.4132 -0.31236 1.614 0.51344 -0.077169 -0.082723 1.8511 -2.1248 -1.539 0.48386 1.3923 0.63892 -0.22416 0.47728 0.16249 -0.88614 -0.31363 -0.45501 0.54004 0.36275 1.1395 -1.1853 0.99936 -0.35114 0.78311 0.99328 0.40986 0.21149 -1.3756 0.055007 -0.099981 -1.0396 -1.666 2.5816 -0.055061 -1.3333 -0.58679
0.45098 -1.8558 -1.0965 0.038376 1.6901 1.0574 0.38795 0.63579 2.3584 -1.1679 -1.1581 0.89868 1.3694 1.0623 0.45707 0.58378 0.35246 -1.16 0.05287 -0.33441 -0.065374 -0.76785 2.5375 -1.3127 0.42796 -0.65213 0.050519 1.3918 0.57319 0.17419 -1.2383 -0.25209 -0.38119 -1.6922 -1.434 1.8444 1.0173 -0.93538 -0.73224
0.62225 -2.1029 -1.0188 -0.0012845 1.0946 1.1722 0.29494 1.2761 2.0443 -0.39339 -1.5218 0.71543 1.2591 0.803 1.3775 1.0904 0.51179 -2.1404 -0.49734 -0.76098 -1.382 -1.0972 2.8582 -0.00057883 0.10447 -1.0772 -0.76021 1.3061 0.65211 0.053034 -0.79649 -0.71397 -0.32382 -1.8714 -1.0038 0.23378 1.8958 -0.60748 -0.61821
0.75657 -2.486 -1.5432 -0.47826 0.040326 0.53406 -0.62838 0.2357 1.6987 0.92091 -2.5509 0.66581 0.98752 0.18552 1.6404 1.1705 0.39348 -2.2705 -0.71251 -0.86527 -1.9028 -1.2144 2.5877 1.1174 0.19294 -1.2673 -1.1884 0.79141 0.58919 -0.13513 0.0060858 -1.0116 -0.1609 -1.3633 -0.20799 -1.3315 1.964 -0.32782 -0.19614
1.0651 -1.2483 -1.4284 -0.15223 -0.012318 0.5926 -0.12452 -1.5587 0.7397 1.6501 -2.8805 0.74597 0.50828 -0.32697 1.7806 1.3293 0.2573 -1.9536 -1.3476 -0.82952 -2.4598 -1.3596 1.5854 1.709 -0.079389 -1.214 -0.91497 0.14548 0.3008 -0.056958 1.0928 -0.55526 0.31983 -0.035915 0.24817 -2.1859 1.1989 -0.29016 0.31773
0.39622 -0.14848 -0.019319 0.42512 -1.1902 0.014785 -0.82328 -1.3232 0.95178 1.336 0.50426 0.91213 0.063541 -0.56953 1.834 1.4998 0.24793 -1.2493 -1.5256 -0.60999 -2.3805 -1.0481 0.55155 2.0901 -0.12542 -0.95582 -0.19965 -0.79694 -0.38904 -0.085467 1.3568 -0.060188 0.67699 1.3067 0.75359 -2.0943 -0.24862 -0.57039 0.79255
0.36061 -0.49302 0.0027598 0.21039 -1.0291 -0.020212 -0.81462 -1.7275 0.79227 0.67839 0.2782 0.88015 0.10372 -0.51021 1.5816 1.4573 0.49699 -0.44404 -1.1946 -0.22443 -1.2163 -0.71239 -0.43442 2.1082 -0.30747 -0.63305 0.55209 -1.6542 -1.4865 -0.26046 1.0549 0.44309 1.1497 2.2755 1.1934 -1.3585 -1.9643 -0.36507 1.0958
0.10395 -0.47071 -0.017715 0.072208 -0.73617 -0.67236 -0.42247 -1.8764 0.71941 1.1317 0.38224 0.56356 0.13966 -0.089676 0.17681 0.43276 0.13348 -0.28331 -0.91655 0.22002 0.21491 -0.095729 -0.53204 0.36808 -0.81621 -0.059689 0.91552 -1.7502 -1.6869 -0.29254 0.12668 0.5378 1.5632 2.2612 1.2298 -0.75309 -2.6024 0.17517 1.0657
0.17858 -0.36386 0.044829 -0.030551 -0.78936 -0.87443 -0.79952 -2.1318 0.5818 0.87846 0.057075 0.50126 0.142 0.45763 -0.64943 -0.72839 -0.14842 -0.30668 -0.78723 1.1012 1.0117 0.45441 -0.54839 -1.7072 -0.45268 0.40965 0.74113 -1.1217 -1.0495 -0.4561 -0.823 0.49576 1.7047 1.3594 0.65786 -0.66894 -1.8303 0.72732 0.78096
0.44687 -0.091148 -0.040378 0.48173 -0.60518 -0.64915 -0.74775 -1.6901 0.45705 0.62346 0.1581 0.33409 0.0028227 0.64372 -0.49886 -0.34867 0.048526 -1.0695 -0.67755 1.9107 1.2446 0.72885 -0.8707 -1.6659 0.29279 0.53757 0.092072 0.024661 0.0060394 -0.52105 -0.86252 0.24615 1.4499 0.13317 -0.46951 -0.47339 0.13986 0.5034 0.34303
0.91227 -0.99763 -0.68549 0.1353 -1.1495 -0.51184 0.25057 -0.74581 0.9523 0.98355 -1.7326 -0.39702 0.42267 0.49749 -0.286 0.020357 -0.28435 -1.7274 -0.34529 2.4005 1.1188 0.13305 -1.578 -0.86087 0.57137 0.54444 -0.60411 0.66048 0.67531 -0.68485 -0.16248 -0.099617 0.39265 -0.77298 -1.1083 0.041343 1.8108 -0.37043 0.015033
0.79943 -1.1036 -0.78483 0.057431 -1.871 -1.2372 0.72286 0.022579 1.8487 0.19445 -1.749 0.93115 0.67559 0.063511 0.057073 0.074969 -0.74218 -1.3295 -0.66095 2.5242 0.44238 -0.85072 -0.94374 0.23922 -0.33601 0.52071 -0.96522 0.88104 0.44019 -0.69936 0.94035 -0.23801 -1.0822 -1.4454 -1.4535 0.63836 2.2602 -1.1857 -0.24388
0.89983 -0.75204 0.17152 0.25134 -2.507 -1.1162 1.7974 -0.91715 1.3826 -0.48278 -1.283 1.5548 0.67517 -0.36766 0.39216 0.24574 -0.99884 -0.51424 -1.0008 1.6061 -0.20455 -0.90289 -0.42118 1.2649 -0.86752 0.44546 -0.79384 0.77675 0.19159 -0.18837 1.7295 0.050507 -2.2916 -1.3514 -1.2276 1.2292 1.8217 -1.3731 -0.47203
0.46847 -0.38098 0.18751 -0.50924 -2.9358 -0.99943 2.0362 -0.97586 -0.0067908 -0.98095 0.082895 0.85392 0.59531 -0.70744 0.91787 0.31378 -0.86678 0.22178 -0.82795 0.13127 -1.1197 -1.5658 -0.17865 2.1723 -1.3232 0.1247 -0.42448 0.763 -0.11088 0.28377 1.7575 0.51731 -2.4636 -0.23511 -0.52874 1.2041 0.66188 -0.42421 -0.75478
0.28665 -0.13748 -0.25835 -0.79811 -1.6957 -1.7578 1.7503 -1.6523 -0.95424 0.54003 0.52064 -1.1655 0.65308 -0.58357 0.83313 0.24174 -0.55202 0.99441 -0.17101 -1.03 -0.92932 -1.8866 0.47746 2.1208 -1.6396 -0.15146 -0.28715 0.46948 -0.15648 0.89189 1.4575 1.0832 -1.7241 0.80608 0.46088 0.65817 -0.26713 0.64331 -0.90359
0.25352 -0.18333 -0.22439 -0.57571 -1.0489 -1.8988 0.94663 -1.177 0.54008 0.45739 0.83861 -0.88776 0.72314 -0.61146 1.3589 -0.11073 -0.42465 1.4704 -0.064561 -1.133 0.31424 -1.3887 0.9954 1.2397 -0.78516 -0.60954 -0.37791 0.13484 0.32069 1.1726 0.62812 1.6116 -0.32219 1.2374 1.3266 -0.03934 -0.90982 1.6695 -0.86371
0.098634 -0.14143 -0.37525 -0.71489 -1.5511 -1.5108 0.37459 -1.9959 -0.53254 0.097991 0.70727 -0.97232 0.6356 -0.94439 1.1134 0.19061 0.44278 1.8075 0.74467 -1.2388 0.7692 -0.11344 0.30143 1.1413 0.13131 -0.89759 -0.61083 -0.12809 0.84314 1.1687 -0.26732 1.6223 1.1325 0.38619 1.3762 -0.75107 -1.069 1.4536 -0.58661
0.2643 -0.05549 0.13503 -0.31084 -1.0621 -1.0086 0.028682 -1.0968 -0.83651 0.26838 1.3264 -0.14727 0.37154 -1.2237 1.0576 0.90568 0.81622 1.0802 1.8833 -0.40101 0.62541 0.094608 -0.15939 0.67585 1.0809 -1.137 -0.47667 -0.82 0.91254 0.83129 -0.79065 1.1056 1.5257 -0.48393 1.2142 -1.0066 -0.88669 0.19742 0.073048
-0.096583 1.5059 0.064062 -0.70549 -0.70768 -1.3128 1.3877 -0.085451 -0.98593 0.80628 0.56434 0.56691 -0.32864 -1.4053 0.74364 1.2127 1.0009 0.63941 2.0454 0.91474 -0.27383 0.014328 -0.4204 0.070653 0.29148 -0.99836 0.078222 -1.1247 0.39155 0.2519 -1.0401 0.32052 0.74002 -0.86646 0.78531 -0.9065 -0.85915 -1.4174 0.66334
-1.1227 0.50965 0.18385 0.163 0.2302 -0.08764 0.17121 -0.48057 0.2503 -0.50632 2.4157 -0.25883 -0.33952 -1.2606 -0.064856 0.97866 0.84719 0.44352 1.4563 0.89772 -0.17603 0.87768 -0.624 -0.16092 -0.47581 -0.42204 0.5991 -1.5016 -0.082649 0.38402 -0.93562 -0.98275 -0.20003 -0.69871 0.20169 -0.62057 -0.82056 -1.6289 0.94708
-1.1175 0.77917 0.87031 0.22561 -0.57034 0.76113 1.1496 -1.4808 -0.41549 0.61552 1.0294 0.139 -0.47875 -0.7785 -0.53663 0.84427 0.90944 0.0093767 1.5813 -0.37259 -0.64326 0.99846 -1.2487 -0.31646 -1.8822 -0.0014198 1.2015 -0.76237 -0.22796 0.43732 -0.73952 -1.5437 -0.45819 0.27545 -0.84994 -0.11788 -1.0109 -0.25014 0.46841
-1.2133 0.37344 0.99841 0.50343 -0.82029 0.39774 2.1669 -2.2914 0.13317 -0.48139 0.45751 -0.97387 -0.19504 -0.42559 -1.259 0.95153 1.5878 -0.50953 0.16856 -0.14648 -0.65163 -0.019162 -0.96261 -0.92292 -1.0409 0.15488 1.197 0.17168 -0.37381 0.50423 0.16995 -1.4091 -0.3976 1.2595 -1.6749 0.32241 -0.86946 1.0591 -0.36443
-1.0343 -0.29103 0.45179 0.0090229 -0.86528 -0.20481 0.77979 -1.1001 0.39608 -0.59704 0.82481 -1.235 0.26106 0.40382 -0.154 0.83403 1.4548 -0.39129 -0.36364 0.52463 0.54305 -1.1863 -0.47506 -1.7542 0.081723 -0.40189 0.76479 0.87911 -0.7082 0.22453 1.0884 -1.0558 0.11515 1.9476 -1.5614 0.8576 -0.30806 2.1676 -0.91269
-0.6006 0.22726 1.0478 0.79267 -0.64588 1.2769 -0.95577 -1.1376 0.28868 -1.31 1.1606 -2.549 -0.072286 0.36649 0.096598 0.33668 1.5221 0.98012 -0.35855 -0.34033 1.8714 -1.2694 -0.36468 -1.3406 0.62913 -0.91217 0.19937 0.97646 -0.98145 -0.44279 1.3034 -0.061071 0.099024 1.5315 -0.73714 0.64031 0.28935 1.516 -0.87292
-1.3059 -0.21836 1.2528 1.9065 -1.1781 -1.5526 1.9785 -1.1122 -1.3158 -0.18824 -0.49406 0.43616 -0.45875 0.24366 0.53758 -0.079646 1.374 1.4624 -0.24585 -0.026188 2.1774 -1.397 0.1561 -0.78646 1.5537 -1.1953 -0.54648 -0.20587 -0.93515 -1.0059 0.78809 0.17606 0.06915 0.69192 0.53885 0.25453 0.85492 0.8114 -0.069303
-0.4208 0.95602 1.3378 1.6572 -0.32176 0.44064 1.6837 -0.0065576 -1.5764 -0.65538 -0.57361 0.2554 -1.1578 0.026207 0.33979 -0.30043 0.82896 1.1973 -0.019574 0.34572 1.7417 -1.3455 -0.0038401 -0.78768 1.2103 -1.1006 -0.4668 -0.83178 -0.15169 -1.4617 -0.55045 0.37291 -0.1761 -0.13377 1.6512 -0.13377 1.0364 -0.0091049 0.76351
-0.8474 0.55319 0.95658 1.6608 1.246 0.47085 0.41055 0.8198 -1.2469 -0.1455 -0.71502 0.072643 -1.3312 -0.43475 -0.66958 -0.4753 -0.036688 1.0893 -0.19476 0.33787 2.0595 -0.12004 -0.14351 -0.18276 1.3902 -0.43982 -0.055405 -1.3875 0.31413 -1.3076 -1.5872 -0.088346 -0.40302 -0.52258 2.0122 -0.057202 0.96708 -0.51268 1.3162
-0.92899 0.55326 0.43669 1.6744 0.74372 -0.25849 1.4839 0.49697 -0.94748 -0.70164 0.39544 0.42632 -1.0442 -0.15555 -0.93178 0.2755 -0.45136 0.042674 0.34243 -0.863 1.6521 1.2648 -0.47024 0.5996 0.69345 0.15321 0.88974 -1.1215 0.28932 -0.82122 -2.2572 -0.63569 -0.49705 -1.1676 1.3462 0.28903 0.73914 -0.37171 1.5066
-0.9225 -0.13832 0.45392 1.0462 -0.089006 0.11431 0.3515 0.72084 -1.497 -1.0372 -0.26076 -0.59505 -0.89263 0.2347 -1.5578 0.18729 -0.38043 -1.1858 -0.60988 -0.22225 1.1294 1.1665 0.28524 0.61147 0.80258 0.66636 1.7622 -0.49105 -0.22812 -0.28285 -2.1041 -0.95037 -0.55918 -1.8777 0.14401 0.72607 0.041195 -0.54876 1.3022
-1.5381 -0.89332 1.0793 1.2878 0.55173 0.016779 0.85568 1.6767 -0.036298 -1.0278 0.3279 0.95287 -0.65698 1.3409 -1.4211 -0.12018 -0.4965 -2.2486 -1.0744 -0.36515 -0.23733 0.59604 0.36193 0.41155 0.77227 1.1949 1.8638 0.054043 -1.3016 0.024687 -1.1902 -1.223 -0.061653 -1.8602 -0.48539 0.73422 -0.5549 -0.54277 1.0312
-0.84396 -0.43147 2.0681 1.511 -1.2829 -0.45393 0.86986 1.1701 0.28264 -0.59423 0.1003 1.6359 -0.64733 2.0812 -1.3829 -0.67002 -0.51836 -2.0382 -1.3692 -1.0279 -0.92759 0.48146 0.88424 -0.0087798 0.27018 1.5014 1.4556 0.54565 -1.7514 -0.08616 -0.26212 -0.42031 -0.23738 -1.4407 -0.082409 -0.002168 -0.86244 -1.1383 0.65332
0.23142 -0.71597 0.70796 1.1717 -1.176 -0.25038 1.1554 1.6697 -0.55522 0.3093 0.27796 0.70372 -0.4756 2.3736 -0.89911 -1.564 -0.31935 -1.9518 -1.6984 -0.56894 -1.2143 0.66107 0.69019 -0.30541 -0.10911 1.6851 0.23323 0.38993 -1.5528 -0.38695 0.86186 0.43634 0.011345 -0.16842 0.62886 -0.60928 -0.82219 -1.4779 0.21863
0.95707 -1.066 0.040183 0.91008 -1.9614 -1.4939 -0.25328 -0.60274 -0.90134 -0.25719 0.1809 0.7479 0.48008 2.4151 -0.72636 -2.1448 -0.61043 -1.8738 -1.1355 -0.58514 -1.3983 0.9646 0.12582 -0.91336 -0.99869 1.656 -1.0007 0.30587 -0.43713 -0.68497 1.5057 1.1171 0.32224 0.8929 1.0979 -1.1229 -0.60058 -1.2472 -0.23712
1.2729 -1.3813 -0.29634 0.83211 -1.8658 -1.8384 -0.21455 -0.52035 -0.20122 0.085342 0.14174 0.18797 0.83515 1.6084 -0.96498 -2.0899 -1.1467 -0.5921 -0.33962 -0.54737 -0.35278 1.5563 -0.45392 -0.93203 -1.5043 1.5301 -1.7071 0.20745 0.77467 -0.81955 2.1258 1.7628 0.068978 1.6834 1.093 -0.91203 -0.45502 -0.72092 -0.77149
1.2169 -1.2188 -0.60607 0.94999 -2.4994 -1.7047 0.33215 0.28832 0.33827 -0.52636 -0.78434 0.0067398 0.94094 0.61435 -0.73182 -1.1648 -1.3507 0.32572 0.14546 -0.36961 0.51426 2.1399 -0.75376 -1.0099 -1.4887 1.1293 -1.7371 0.38175 1.2433 -0.54556 2.2022 1.6754 -0.45684 1.2878 0.41034 -0.3453 -0.26814 0.226 -1.059
1.4354 -1.451 -0.44403 0.63141 -2.4881 -0.89164 0.53201 0.13021 1.7482 -0.75986 -0.97951 0.18192 0.99608 0.11703 -0.47287 -0.69444 -1.4435 1.2491 1.1284 -0.52079 1.3581 2.17 -0.66337 -1.2553 -1.2838 0.48806 -1.0699 0.67511 0.92505 -0.054482 1.739 1.1481 -0.89497 -0.14705 -0.71734 0.66996 0.13728 0.53948 -1.0463
1.3914 -1.6272 -0.4959 -0.28676 -1.5588 -0.62906 0.025136 1.1724 1.4603 -0.71064 -0.7228 -0.83522 1.1275 -0.051608 -0.20416 -0.66424 -1.4509 1.6613 1.4254 -1.5079 0.44617 1.4383 -0.44283 -1.3438 -0.66318 0.17294 -0.42912 0.75684 0.091134 0.37533 1.1432 0.34205 -0.74389 -1.2233 -1.8499 1.5081 0.7403 0.45366 -0.77343
1.078 -1.6329 -0.85959 -0.48879 -0.59706 -0.84102 0.0022156 1.3148 1.5177 -0.6242 -0.89819 -1.2731 1.1866 -0.036209 0.11968 -0.71785 -1.1796 2.2568 1.2756 -1.7754 -0.62477 0.51365 0.72356 -0.47633 -0.85374 0.028225 0.0016967 0.87235 -0.19995 0.75973 0.26371 -0.42268 0.17626 -1.6571 -2.3219 1.7074 1.4964 0.57325 -0.44881
1.2514 -1.6073 -0.7952 -0.49562 -0.49903 -0.24139 -1.3088 0.64961 1.9361 -1.0598 -1.8323 -0.61124 1.1117 -0.10055 0.48206 -0.98786 -0.77277 2.131 0.73755 -1.2334 -1.055 -0.60886 1.542 0.19951 -0.80955 -0.10473 0.28341 0.96617 -0.21562 0.63648 -0.55368 -0.62993 1.3387 -1.0743 -2.3018 1.2896 2.0723 0.3628 -0.33633
1.2634 -1.4199 -1.1545 -0.54316 -0.32326 0.041782 -1.8812 -0.24985 1.7002 -0.50103 -2.0652 -0.25576 0.98676 0.14735 0.92263 -0.87596 -0.36365 1.5406 0.62999 -0.28477 -1.3609 -1.2933 1.7273 1.2147 -0.080779 -0.22307 0.36925 0.92377 -0.19148 0.15767 -1.0452 -0.68303 1.9384 -0.19625 -1.9445 0.33568 1.9954 0.23396 -0.25508
1.3025 -1.0177 -1.2466 -0.40337 0.48867 0.11552 -1.073 -0.56705 1.2467 0.84937 -0.68315 -1.5078 1.0062 0.38386 1.3186 -0.9559 -0.66734 0.88887 0.49718 0.47527 -1.4345 -2.1062 1.6128 2.3034 -0.33443 -0.33863 0.43388 0.58097 0.064436 -0.13766 -1.0836 -0.4636 1.5692 0.58671 -1.0412 -0.46667 1.1608 0.20636 -0.13468
1.2319 -1.0433 -1.5184 -0.71935 0.57016 -0.19139 -0.5103 -0.35106 0.61312 1.2251 -0.14002 -1.3498 0.94457 0.40772 1.5418 -1.0624 -0.92401 0.75097 0.040072 1.314 -0.84414 -2.4968 1.3605 2.7973 -0.62989 -0.33835 0.21871 -0.061204 0.18072 -0.14809 -1.0453 -0.37935 0.68737 0.72708 -0.0090563 -0.82692 -0.47887 0.4201 0.007703
1.5532 -0.53356 -1.3891 -0.84678 0.58121 0.093712 -0.26515 -0.099252 -0.29649 0.85599 1.0727 -0.63128 0.90002 0.57501 1.3348 -0.77604 -0.72903 0.32104 0.10951 1.1629 -0.082172 -2.0249 0.8122 1.9207 -0.12795 -0.30288 -0.050464 -0.71312 0.49886 0.35188 -0.92058 -0.077684 -0.20207 0.45137 1.1808 -0.77155 -1.8644 0.65135 0.19094
1.629 -0.073726 -1.9612 -1.4458 0.2336 0.021352 -0.22258 -1.0904 -0.8518 0.73046 1.5745 -1.5614 0.69816 0.45928 0.80666 -0.64409 -0.58847 -0.30258 0.066951 0.78029 -0.5118 -1.362 0.50246 0.35608 0.6441 -0.22743 -0.38004 -1.3397 0.77848 0.66463 -0.67375 0.18539 -0.70299 0.025885 1.8986 -0.34034 -2.2659 0.3857 0.34519
1.7123 0.13872 -2.0098 -1.475 0.65154 -0.13067 -0.12125 -0.67738 -0.85199 0.82058 1.2809 -1.3054 0.69636 0.26739 0.28884 -0.28737 -0.16853 -0.4586 0.32174 0.34885 -0.653 -0.40777 0.52609 -0.53614 0.31225 -0.03399 -0.58543 -1.5611 0.98336 0.81143 -0.076599 0.33571 -0.62253 0.38412 1.7073 0.27995 -1.4755 -0.019604 0.44909
1.9716 -0.084194 -1.8111 -0.95158 0.31025 0.3643 -0.34344 -0.10365 -0.46947 1.2919 0.27296 -0.56295 0.69973 -0.13915 -0.57194 0.05952 0.039223 -0.23313 0.29071 0.31281 -0.50247 0.34437 0.83999 -0.90668 -0.089641 0.17907 -0.56828 -1.3094 0.88022 0.66536 0.3746 0.36766 -0.39368 0.7579 1.1145 0.26396 -0.33577 -0.55132 0.38874
1.6449 -0.40816 -1.9331 -1.1418 -0.070062 -0.036321 0.29024 -1.5914 -0.57389 1.8071 -0.21051 -0.4667 0.80507 -0.20659 -1.0504 0.59633 0.4714 0.12281 0.6508 0.15149 0.71992 0.40279 1.2057 -0.66331 0.20081 0.34227 -0.44359 -0.64793 0.39126 0.20306 0.62099 0.043143 -0.072125 0.59588 0.46435 -0.19499 0.27781 -0.67086 0.17917
1.5717 -0.58849 -1.6876 -1.0062 -0.064622 0.43661 -0.15871 -1.026 -0.14271 1.4415 0.026845 -1.1322 0.94288 -0.35279 -1.1004 0.45803 0.33639 0.1578 0.61859 0.097474 0.39154 0.3707 0.6933 -0.31938 -0.38578 0.31868 -0.14033 0.23343 -0.10588 0.03348 0.68032 -0.17938 0.047946 0.45466 0.13324 -0.50297 0.30356 -0.54243 -0.054006
1.3378 -1.0327 -1.4889 -1.1819 0.46106 0.37873 0.16644 -0.87059 -0.16648 1.7175 0.67354 -1.3612 1.0413 -0.44407 -0.71524 0.20303 0.074943 0.59643 0.23405 0.32654 0.15038 0.46373 0.22308 -0.23576 -0.8608 0.23405 0.0046346 0.68738 -0.56313 -0.20616 0.45314 -0.59322 0.08897 -0.017613 0.14512 -0.69436 0.079118 -0.2456 -0.21799
1.6046 -1.0162 -1.3285 -0.74726 0.69 0.9743 -0.17903 0.81164 -0.6051 2.477 0.66251 -0.90289 1.0381 -0.27742 -0.26463 0.077207 0.31671 0.90083 0.13654 0.33859 0.73682 0.56025 0.34631 -0.47047 -0.62694 0.12997 0.17061 0.7087 -0.51216 -0.18095 0.046694 -0.83075 -0.16337 -0.032124 0.21847 -0.74791 -0.03976 0.14624 -0.23342
1.3675 -1.0139 -1.6937 -0.97412 0.50088 0.57627 0.0020574 -0.73328 -0.14913 1.4318 0.07528 -1.5523 0.99814 -0.23299 -0.095557 -0.19114 0.11846 0.66156 -0.28678 0.22735 0.5124 0.57726 0.015952 -0.42542 -0.16195 0.023241 0.2076 0.41463 -0.16618 -0.18762 -0.58029 -0.71188 -0.52994 -0.16343 0.13787 -0.54462 0.2345 0.17085 -0.14631
1.2761 -0.82202 -1.7382 -1.014 0.89907 0.25617 0.49356 -0.98667 0.33634 1.6296 -0.59884 -1.6618 0.98446 -0.13985 0.0046564 -0.23372 -0.0016458 0.21165 -0.76797 -0.16779 0.14525 0.72459 -0.67216 -0.32048 -0.4466 -0.018474 0.25932 0.24838 0.10605 -0.32858 -1.0374 -0.40512 -0.76312 -0.38755 -0.16559 -0.1211 0.41953 -0.067442 -0.088884
1.2869 -0.72654 -1.6929 -0.61889 1.1485 0.30174 0.57177 -0.16293 0.22942 2.4556 -0.57364 -1.3164 1.039 -0.12591 -0.016593 0.074156 -0.094473 -0.24345 -0.72628 -0.47783 0.1058 0.63682 -0.33496 0.18919 -0.61389 0.030472 0.30803 0.28134 0.19312 -0.23893 -1.1775 0.051254 -0.765 -0.36194 -0.44521 0.090277 0.44502 -0.024311 -0.086666
1.2565 -1.0188 -1.7332 -1.0757 0.76815 0.16057 -0.20835 0.14332 0.44213 1.251 0.39702 -1.2217 1.0066 0.1517 0.20036 0.13589 -0.16543 -0.7576 -0.4514 -0.83884 0.13024 0.2007 0.29143 0.12417 -0.53333 -0.042818 0.20085 0.36556 -0.01085 -0.17867 -0.91806 0.158 -0.35807 -0.7173 -0.51077 0.028263 0.09137 0.32594 -0.14005
1.3194 -1.1066 -1.61 -1.0886 0.58821 -0.52063 -0.32929 -0.32408 0.46729 0.83892 0.41326 -2.1238 1.0137 0.19406 0.37626 -0.032486 -0.22287 -1.2488 -0.35281 -0.97096 -0.23633 -0.029614 -0.27845 0.30958 -0.16598 -0.12957 0.079564 0.56993 -0.29113 0.19488 -0.25822 -0.13601 0.27656 -1.1118 -0.31714 0.0035257 -0.55035 0.60862 -0.20028
1.393 -0.90717 -1.253 -0.8309 0.093771 0.28784 -0.65381 0.37262 0.23074 2.3171 0.55975 -1.9082 1.0785 0.074612 0.54447 -0.19332 -0.24952 -1.1548 -0.65196 -0.63057 -1.1844 0.062583 -0.63558 -0.19171 -0.02794 -0.20441 -0.047647 0.53496 -0.28495 0.60646 0.41706 -0.55407 0.54105 -0.92523 -0.0026788 0.068223 -0.87626 0.88956 -0.2262
1.5687 -0.4558 -1.8068 -1.2526 -0.46065 -0.068146 -0.56593 -1.3253 0.24921 2.0816 -0.71293 -2.1932 0.86266 0.062611 0.95182 -0.26388 0.32455 -0.5765 -0.90301 -0.0054675 -1.564 0.083946 0.14449 -0.85813 0.33292 -0.26861 0.02472 0.20951 0.13325 0.95211 0.67955 -0.75888 0.19507 -0.10154 0.24987 0.22956 -0.87081 0.71032 -0.25769
1.4151 -0.34643 -1.8707 -1.0933 -0.54287 -0.23905 -0.49025 -0.77712 0.33885 0.95503 0.15604 -1.1691 0.8319 0.13195 0.98388 -0.24026 0.69705 -0.25664 -1.2777 -0.20919 -1.1422 0.12823 0.22376 -1.2053 0.97019 -0.40221 0.10406 -0.22639 0.88008 1.048 0.43179 -0.40752 -0.48053 1.2893 0.20391 -0.018364 -0.28321 0.49047 -0.28988
1.2379 -0.39367 -1.8575 -1.0224 -0.1655 -0.88298 -0.38876 -1.6425 0.50115 0.95719 -0.4112 -1.3659 0.81737 0.21385 0.58415 0.22983 1.0776 -0.32873 -1.5452 -0.77026 -0.46811 0.40876 -0.24548 -1.0851 0.73481 -0.51914 -0.03002 -0.41134 1.3437 0.72149 -0.079012 -0.11336 -0.80706 1.7948 -0.3077 -0.58814 0.067085 0.16789 -0.41487
1.42 0.055044 -1.8041 -0.43076 0.18637 -1.2268 -0.23222 -1.7976 0.55656 1.902 -0.74127 -1.2707 0.70912 0.1943 0.29374 1.1035 1.3246 -0.41169 -1.1433 -1.2056 0.97077 0.28275 -0.4679 -0.70309 0.73786 -0.62851 -0.43865 -0.015508 1.6442 0.36676 -0.30718 0.41288 -0.6605 1.6026 -0.96421 -1.116 0.42885 0.1282 -0.643
1.6632 0.025315 -1.6273 -0.13519 -0.18186 -1.7965 -1.0755 -1.1123 0.42796 1.9245 -1.3973 -0.81472 0.51043 -0.021414 0.49649 1.4181 1.3592 -0.66736 -1.2026 -1.1263 1.1416 -0.59704 -0.66296 -0.97304 0.78034 -0.94124 -1.1423 0.44148 1.2074 -0.096935 -0.20339 1.3776 -0.050885 0.77942 -1.5396 -1.3718 0.37486 0.26916 -0.88174
1.7393 -0.29181 -0.99703 0.21056 -1.0998 -1.3253 -1.8997 -0.392 0.86359 1.6034 -1.0009 -1.2663 0.36729 -0.55956 1.0102 2.0445 1.2503 -0.71821 -0.64366 -1.3533 1.4123 -1.2383 -1.764 -0.33915 1.2005 -1.4084 -1.6079 0.76505 0.58605 -0.29425 0.39847 2.1036 0.87646 -0.06409 -1.2168 -1.1127 0.45797 0.44058 -0.89444
1.5837 -0.08807 -0.58222 0.050636 -1.0266 -1.3267 -1.7455 0.21983 0.4956 0.38009 -1.0984 -0.77889 0.07984 -1.5208 1.1123 1.8749 0.95345 -0.59597 0.91263 -0.78338 0.94601 -1.8095 -2.2994 -0.46219 1.0343 -1.798 -1.4913 0.72582 0.014782 -0.25558 1.125 2.3196 1.8449 -0.1749 -0.61821 -0.077026 0.46557 0.54331 -0.58071
1.0312 0.47658 -0.57124 0.51026 -1.0315 -2.3168 -1.2234 -0.15934 -0.95277 0.10306 -1.3716 0.05847 -0.35197 -2.0293 1.5122 1.9051 1.0022 0.35206 1.9384 0.4149 0.93632 -1.4673 -1.8396 0.026929 1.4794 -1.893 -0.84178 0.31745 -0.56437 -0.020991 1.4084 1.6522 2.0964 -0.19706 0.26342 1.4803 0.55403 0.1186 0.011425
0.42936 1.205 0.45623 0.61782 -0.67259 -1.5966 -2.1405 -0.29753 -0.99438 -0.86313 -0.78478 0.21832 -1.0095 -2.0439 1.6943 1.5196 1.0293 1.0696 2.0715 1.7438 1.0152 -1.6849 -0.76839 -0.15412 1.7118 -1.7984 0.17878 -0.25689 -0.93558 -0.068135 1.2199 0.69373 1.491 0.054145 1.2879 2.0526 0.71812 -0.26437 0.65815
-0.4862 1.0392 -0.13938 0.74279 -0.84749 0.81298 -1.2728 -0.49031 -1.5148 -0.34285 -1.9877 -0.25975 -1.4564 -1.8533 1.3603 1.2421 1.1912 1.2955 2.026 1.647 0.96688 -0.80326 0.40473 0.70096 1.0959 -1.3877 0.78609 -1.2074 -1.2208 -0.54021 0.66245 -0.36562 0.5582 -0.23755 1.7414 1.58 0.58583 -0.89936 1.3235
-0.4228 1.4583 0.70177 1.1873 0.22839 0.77112 -0.55145 1.0339 -0.42852 -0.049022 -0.74221 1.2362 -1.5098 -1.2752 0.69335 0.5778 0.75076 1.3968 2.228 1.6377 1.0462 0.33092 0.64369 0.75145 0.70567 -0.80685 0.97941 -1.6581 -0.91499 -1.1638 0.15915 -1.5623 -0.66686 -1.1495 2.0592 0.32838 0.66011 -1.1406 1.8606
-0.39994 1.5709 0.59444 1.2923 0.23877 0.40344 0.72111 1.2451 -1.7081 0.49136 -1.3248 1.0274 -1.6242 -0.95604 -0.36222 0.24897 0.16244 1.523 1.1304 1.6151 0.4252 0.87145 0.58578 0.83739 0.21114 0.11356 0.81035 -1.3415 -0.61415 -1.459 -0.32264 -1.8261 -1.0706 -2.1099 1.0499 -0.98096 -0.086356 -1.0225 1.7347
-0.78993 1.5741 0.67822 1.5587 0.54753 0.14978 -0.35992 0.81043 -0.79612 0.64523 0.42339 0.50356 -1.5436 -0.67707 -0.71077 0.42352 -0.5857 1.2702 -0.57026 0.42476 -1.1201 1.4372 -0.20099 1.2023 -0.092382 0.96925 0.5283 -0.58436 -0.081499 -1.2169 -0.90601 -1.3456 -0.92602 -1.9593 0.31112 -1.3359 -0.17081 -0.6763 1.1376
-0.67152 1.3211 0.025768 1.097 0.73175 1.1403 0.11848 0.65637 -0.35206 0.091848 -0.72109 0.90649 -1.474 -0.6498 -0.57777 0.2522 -0.81433 0.69654 -0.18456 0.10049 -2.368 0.65715 -1.1025 0.27837 -0.51903 1.0044 0.43897 0.02455 -0.021778 -0.77687 -1.2457 -0.45544 0.015726 -0.59451 -0.15582 -0.8771 -0.38253 -0.23031 0.27981
-1.1905 0.33387 0.78433 0.55689 1.3779 0.67235 0.017685 -0.12414 0.10572 -0.22753 -0.15394 0.13782 -0.77046 -0.44782 -0.34147 0.43982 -0.988 -0.034662 0.22319 0.53492 -1.6598 1.0273 -1.1432 0.65031 -0.26105 0.89848 0.42158 0.28452 -0.070834 -0.052154 -1.289 0.029254 0.77943 1.1285 -0.56198 0.087125 -0.067286 0.087731 -0.42965
-1.2068 0.59604 0.72236 0.13071 0.88896 -0.50299 -0.62181 -1.8176 0.5646 -0.50461 0.07602 0.34295 -0.15627 -0.2555 -0.48511 0.20881 -1.0519 -0.35783 -0.17323 1.6081 -0.54839 0.76544 -0.66741 0.27275 -0.15773 0.67715 0.42994 0.34544 -0.051327 0.6171 -1.0092 -0.11526 0.54055 1.8376 -0.56532 0.74685 0.3667 0.066848 -0.77521
-1.0212 1.4865 1.017 0.77141 0.95398 0.83981 0.41548 -1.4595 -0.92139 -1.3079 -0.83529 0.76935 -0.83623 -0.09124 -0.18114 0.32749 -0.54561 -0.82364 -0.52706 1.2664 0.33628 0.28909 -0.23737 1.0494 -0.099695 0.31914 0.31917 0.18813 -0.25421 0.97531 -0.47709 -0.097049 -0.13114 1.3005 -0.65809 0.65442 0.27835 -0.18063 -0.80667
-0.94407 1.264 0.89135 0.29084 -0.21813 0.94885 1.4952 0.18407 0.1353 -0.30285 0.70561 0.52223 -0.82647 -0.02964 0.038521 0.22472 0.12029 -0.96285 -0.045542 0.84615 0.48564 -0.074111 -0.070524 0.86599 -0.46751 -0.1733 0.17651 -0.022148 -0.50004 0.62713 0.0043763 0.089653 -0.98541 0.0079078 -0.027427 0.50383 0.28986 -0.46176 -0.34252
-1.1671 0.36067 0.38566 0.056928 0.49497 -0.11705 1.7255 0.44353 0.76141 -0.076648 0.33555 0.24534 -0.66568 0.032689 -0.21799 -0.0062687 0.24245 -0.70745 -0.040848 0.66632 0.54959 0.16787 -0.13945 0.9489 -0.4615 -0.20316 0.054453 -0.15032 -0.72589 0.11402 0.40888 0.06269 -0.92387 -0.70596 0.23507 0.12713 -0.63506 -0.089483 0.073279
-0.95747 0.764 0.79911 0.35435 -0.13749 0.13323 0.74416 0.29228 -0.061554 -0.56256 1.0674 0.59021 -0.71343 0.011944 -0.49729 -0.49197 -0.27165 -0.41529 -0.24836 -0.072341 -0.63645 0.76265 0.28827 0.94319 -0.886 0.28937 -0.0067777 -0.055214 -0.4411 -0.26767 0.34037 0.034368 -0.37572 -0.65466 0.16085 0.34045 -0.66111 0.16171 0.34709
-1.371 0.67857 1.3327 0.86628 0.089549 0.485 0.3212 -1.1782 -0.1818 -0.75277 0.72082 -0.79171 -0.78522 -0.008538 -0.19735 -0.57643 -0.12181 -0.27688 -0.31084 -0.13011 -0.57961 0.31336 -0.15656 -0.37853 -0.066226 0.22536 -0.12714 0.00043165 -0.12809 -0.42854 0.20991 -0.084204 0.37869 -0.14283 0.051097 0.69379 -0.59894 0.42244 0.28382
-0.91076 0.91799 0.53886 0.49464 -0.13915 -0.067299 0.9917 -0.9236 0.47854 -1.0792 1.0242 0.43398 -0.61407 -0.018859 -0.067801 -0.25487 -0.17382 -0.49644 0.14841 0.49926 -0.31922 0.15272 0.6198 0.083807 -0.34607 0.26791 -0.12954 -0.037924 0.28129 -0.48992 0.16397 -0.11654 0.6674 0.48691 -0.23088 0.65862 -0.050751 0.73152 0.067562
-0.95749 0.72183 0.10647 -0.14549 0.086002 0.82699 1.0799 -1.4873 0.69865 -0.0020965 0.91768 -0.62395 -0.38762 -0.18451 -0.41867 -0.34258 -0.57946 -0.24963 -0.4141 1.164 0.093778 0.56082 1.0748 0.067783 0.10126 0.34336 -0.17382 -0.24569 0.64707 -0.28327 0.29428 -0.26834 -0.019023 0.37995 -0.044142 0.48732 0.42745 -0.062156 0.021121
-1.1213 0.62597 0.19076 0.14745 -0.59831 -0.22874 1.5911 0.68592 0.63034 -0.50559 -0.44787 1.0376 -0.61631 -0.13712 -0.44843 -0.11139 -0.92904 -0.10479 -0.43537 0.64902 0.048947 0.1833 0.9831 0.60023 0.47188 0.35711 -0.074169 -0.20056 0.59196 0.30453 0.53067 -0.53934 -1.0338 0.18557 -0.2049 -0.21779 0.16761 -0.27304 -0.11974
-1.2377 0.32705 0.77341 0.20346 -0.32127 0.31773 1.8826 -0.37424 0.31766 0.85988 1.5055 -0.79911 -0.3534 -0.2684 -0.47977 0.48843 -0.24922 0.11556 -0.55691 -0.22737 0.034313 0.20244 0.63381 0.28241 -0.59714 0.21965 0.16633 0.05816 0.37642 0.84594 0.79401 0.136 -1.5259 0.10415 -0.67422 -0.6706 0.27202 -0.97631 -0.22629
-1.3405 0.34879 0.71227 -0.17383 -0.30547 -0.52393 1.7736 -0.59431 0.68448 0.30433 1.2255 0.62129 -0.34754 -0.11147 -0.42074 0.36994 0.2403 0.38839 -0.85254 -0.88347 0.1013 -0.073633 0.4189 0.3311 -0.53426 0.10222 0.2781 0.24303 -0.40474 0.96971 0.90832 0.65584 -0.95534 0.46231 -0.40969 -1.0872 -0.3761 -0.79223 -0.36684
-1.2632 0.38882 0.81225 -0.54269 0.052153 0.093956 0.79894 -1.6745 0.18023 -0.012379 1.7388 0.12944 -0.29515 0.11323 -0.30428 0.080474 0.4138 1.105 0.053856 -1.1453 0.28783 -0.62105 0.040699 0.78381 -1.3185 0.041732 0.4506 0.35397 -1.0276 0.69502 0.40087 1.1562 -0.028892 1.0915 -0.0012223 -1.1438 -0.73289 -0.089227 -0.4336
-1.1615 0.37481 0.73212 0.39714 -0.025312 -0.5896 0.67666 -0.30778 1.2168 -0.089593 0.57616 -1.1348 -0.34749 0.18949 -0.042291 -0.60854 0.54569 1.2334 0.5437 -0.81151 0.89274 -0.2053 -0.85995 -0.47713 -0.72765 -0.24885 0.48425 0.46728 -0.93017 0.5527 -0.42413 1.2726 0.7754 1.2622 0.33503 -0.84299 -0.85805 0.60787 -0.49547
-1.1444 0.11804 0.3687 0.3811 0.354 -0.56108 0.33052 -0.19022 0.2104 0.83498 0.92025 -0.56147 -0.39171 0.41781 0.044318 -0.81175 0.89762 0.49736 1.016 -0.30573 1.9274 0.25539 -0.97813 -0.91532 -0.67572 -0.42601 0.26686 0.52851 -0.34606 0.19618 -1.102 0.76106 0.95072 0.79318 0.27447 -0.068833 -0.66551 1.6568 -0.5015
-1.0281 0.21699 0.59772 0.60689 1.1706 0.49654 0.76098 1.0503 -0.71675 -0.2891 1.906 -1.2205 -0.51127 0.6352 0.3424 -0.80313 1.0354 -0.17574 1.1669 0.28397 1.9279 0.12351 -0.72859 -0.69311 0.34236 -0.60213 0.081083 0.57792 0.64558 -0.093745 -0.98036 0.15466 0.38482 0.1076 -0.2656 0.60508 -0.043485 1.5727 -0.33469
-1.1221 0.44018 -0.030456 0.38941 1.1822 0.95727 1.1339 -0.14625 0.83458 -0.75649 0.33054 -0.81394 -0.68506 0.38699 0.56191 -0.42084 0.54833 -0.43239 1.2342 0.2494 1.434 -0.26684 -0.15202 -0.56365 1.4108 -0.73127 -0.18263 0.51641 1.2256 -0.30975 -0.46462 -0.65417 -0.49148 -1.0985 -0.84289 0.84283 0.14177 1.4371 -0.13933
-0.6712 0.45907 -0.05481 0.80611 -0.44915 0.5887 0.928 1.8683 1.4097 -1.0986 -0.22572 -0.087676 -0.84286 0.35769 0.85517 0.33001 0.56492 -0.29711 0.73078 -0.29321 1.3669 -0.46676 -0.068281 -0.75699 1.3279 -0.73033 -0.27113 0.27848 1.2478 -0.1626 0.12688 -1.0714 -0.99152 -1.373 -1.2326 0.87974 0.21843 0.30338 0.094273
-0.36664 0.85721 0.11091 1.1103 -0.37768 1.1558 0.91871 0.79528 0.09597 -0.27652 1.0063 0.23749 -1.0118 0.22127 0.82253 0.76911 0.579 -0.39198 -0.06471 -0.99679 -0.091524 -1.085 0.36627 -0.58491 1.6632 -0.62651 -0.16168 0.038584 0.69291 -0.065102 0.65945 -0.88878 -0.81306 -1.4392 -1.2206 0.75275 0.018188 -0.71423 0.24754
-1.0511 0.83099 0.41265 0.86386 0.015222 0.72359 0.71659 1.6881 0.053684 0.60505 0.047134 0.86874 -1.2138 0.21896 0.7761 0.78815 0.73763 0.053007 -0.30516 -1.0857 -0.18384 -1.8543 0.75976 -0.21747 0.81435 -0.47725 -0.20853 -0.34953 -0.23081 -0.26502 0.79693 -0.24324 0.041959 -1.0875 -0.4054 0.31366 -0.40206 -0.96363 0.27257
-0.69006 1.1306 1.0131 1.0197 0.94741 0.69869 -0.13797 1.8591 -0.98865 -0.070099 0.33166 0.43885 -1.2029 0.15981 0.69097 0.56679 0.35938 0.72101 -0.0092941 -0.98556 -0.80361 -1.9367 0.93051 -0.80344 0.26106 -0.39065 -0.033909 -0.39693 -0.71699 -0.3986 0.43144 0.32513 0.76331 -0.36097 0.92921 0.0085667 -0.41182 -1.0974 0.22447
-0.76413 1.1345 1.0611 1.244 0.27193 0.50331 -0.26173 -0.4195 -1.221 -0.59598 0.58585 1.0569 -1.2335 0.0051803 0.24281 0.033928 0.20336 0.75353 0.2146 -0.19765 -0.55328 -0.83297 0.27843 -1.5308 0.13109 -0.33374 -0.018971 -0.42306 -0.77471 -0.65831 -0.31592 0.45762 0.99238 0.1736 2.1173 -0.040862 -0.19688 -0.5062 0.12962
-0.53148 1.3164 0.27218 1.5004 0.31444 0.56289 0.16484 0.64271 -0.76506 0.34382 -0.41526 0.046054 -1.2682 0.26811 0.3173 -0.10049 0.12838 0.12406 0.30772 0.12191 -0.661 0.18522 0.63286 -0.83252 -0.15665 -0.27473 -0.1106 -0.31702 -0.27587 -0.52391 -0.69533 0.30298 0.78289 1.0743 1.9422 -0.35447 0.31703 0.020446 0.085072
-0.35123 1.3152 0.59239 1.086 0.49222 1.0481 -0.16251 1.024 -1.4716 0.73328 -1.1612 0.5324 -1.408 0.13241 0.13938 -0.22577 -0.34369 -0.29712 0.4299 0.38739 0.11058 1.1561 0.83683 -0.64022 0.026481 -0.29109 -0.2305 -0.17678 0.30213 -0.40941 -0.50327 0.012196 0.11082 0.95281 0.75722 -0.64073 0.81718 0.47341 0.11062
-0.88127 0.924 0.30268 1.1774 1.0735 1.4251 1.0203 0.50663 -0.62795 0.043223 -1.2242 0.88122 -1.495 -0.10579 0.12887 0.22067 -0.316 -0.17134 0.4717 0.32433 1.1171 0.80246 -0.040199 -0.56948 0.35414 -0.25211 -0.39813 -0.26111 0.16345 -0.19744 0.13018 -0.30231 -0.42742 0.58451 -0.15336 -1.0627 0.63834 0.61687 0.16438
-0.54478 1.495 0.87854 1.0468 0.064893 0.68517 0.15062 0.75152 0.27294 1.3372 -0.10012 0.44698 -1.4831 -0.23177 0.00058655 0.40727 -0.31216 -0.12712 0.14784 -0.058151 0.55581 0.3077 -0.64226 0.10356 0.80882 -0.13686 -0.063254 -0.046478 -0.091657 0.10211 0.61649 -0.38954 -0.87728 -0.27478 -0.8775 -0.94918 0.15976 0.25365 0.18643
-0.46728 1.2853 0.74764 0.61309 0.13558 1.1629 0.058672 1.344 0.29334 0.39933 -0.29013 0.64107 -1.5142 -0.28395 -0.11656 -0.12539 -0.23408 0.2947 -0.15621 -0.50517 0.34294 0.30323 -0.7186 0.17291 0.66792 -0.041975 0.11116 0.0077649 -0.63935 0.23148 0.64998 -0.36775 -0.37198 -0.79942 -0.75684 -0.31996 -0.02127 -0.031198 0.14242
-0.95356 1.3405 1.031 1.2545 0.10674 1.1811 0.33845 1.4816 -0.89374 -0.92722 -1.0462 1.4348 -1.5237 0.10713 0.18337 -0.20685 -0.17879 0.71123 -0.0331 -0.95919 -0.075962 -0.29654 -0.69073 -0.67387 0.36979 -0.044587 0.17172 0.19944 -0.53997 0.409 0.20777 -0.21544 0.25705 -0.72532 -0.48181 0.36975 -0.015391 -0.37497 0.076673
-0.72423 1.1919 0.53103 0.98926 0.55208 0.86791 0.039724 1.1889 -0.83553 0.037213 -0.53493 1.2033 -1.4448 -0.066787 0.066042 -0.58333 0.061808 0.71875 -0.17183 0.037323 -0.23975 -0.36503 -0.63927 -0.23652 0.51271 -0.02992 0.18014 0.28438 -0.0096131 0.36306 -0.54246 -0.041665 0.67311 -0.62844 -0.16122 0.7381 0.44937 -0.49571 0.040198
-0.87751 0.98859 0.18298 0.70109 1.3992 0.94978 -0.55434 1.021 -0.33142 0.044777 -0.88622 1.3782 -1.5076 -0.019825 0.31696 -0.30118 0.31184 0.073765 -0.278 0.20758 -0.67034 -0.29757 0.057761 0.26529 0.14824 0.0010813 -0.0281 0.20985 0.45806 0.36569 -1.1574 0.064751 0.78846 -0.28427 0.081168 0.54868 0.80009 -0.42037 0.038465
-0.37058 1.6366 0.4937 0.94458 1.5124 1.2899 -0.37123 0.21756 -0.43894 -0.36613 -2.0404 0.85122 -1.5864 0.11564 0.39232 -0.088995 0.20781 -0.49435 -0.12473 0.29143 -0.67442 -0.017588 0.37475 0.67009 -0.19737 0.010172 -0.0013987 0.16795 0.78315 0.24992 -1.2472 0.2113 0.33274 0.040641 -0.11674 0.2418 0.52255 -0.37779 0.045482
-0.76983 1.5093 0.34532 1.1215 0.19967 0.34179 0.80922 1.1601 -0.15391 0.23457 0.54236 1.3972 -1.497 -0.033378 0.44849 0.35235 0.44026 -1.0365 0.062218 0.52745 -0.45215 -0.32431 -0.10447 0.60159 -0.10281 0.0070709 -0.070531 -0.0039626 0.59298 0.15228 -0.84461 0.22721 0.23796 0.2926 -0.29254 -0.18274 0.22592 -0.10575 0.038582
-0.75149 1.6103 0.71187 1.2945 -0.14731 1.0327 0.28804 0.50598 -0.92434 -0.13811 -0.22738 1.1073 -1.4825 -0.059887 0.34566 0.46428 0.4761 -1.2624 0.065908 0.56773 -0.26168 -0.58725 -0.071339 0.7211 -0.10551 0.052062 -0.10347 -0.056264 0.34524 0.14567 -0.43061 0.10208 0.13833 0.2415 -0.35822 -0.2219 0.055373 0.045686 0.034596
