39 234
-0.93134 0.87841 0.11407 0.59995 -0.065576 1.3497 0.59345 -0.29795 -0.76625 0.046786 0.65643 0.66839 -1.4479 0.13141 0.078876 0.214 0.82032 0.91879 -0.15222 -1.2172 0.85023 0.052894 0.12809 -0.54925 0.25013 -0.098942 0.023404 -0.045134 -0.04603 0.16197 -0.18907 -0.057398 0.56209 -0.21813 0.16719 0.38944 0.24874 -0.2177 0.0080091
-1.142 0.88928 0.30227 1.4989 0.93655 0.82877 -1.2438 -0.34057 -0.5291 0.92284 0.43009 -0.091378 -1.5653 0.18434 -0.071337 0.14541 1.1141 0.77324 -0.21261 -0.71432 0.64093 0.089505 0.33719 -0.32835 0.033666 -0.11162 -0.023297 0.034797 -0.17188 -0.15186 -0.47451 -0.11043 0.85235 -0.30312 0.10769 0.39985 0.42473 -0.32155 0.046973
-0.73629 0.86058 0.38449 1.1961 0.70074 0.92679 -1.0019 0.41035 -0.89458 0.31593 0.45943 0.92169 -1.5246 0.13757 0.063568 0.15249 0.98468 0.60716 -0.25364 -0.34199 0.46794 0.40746 0.77876 -0.10734 -0.10663 -0.07358 -0.10457 0.069486 -0.27657 -0.63291 -0.87561 -0.081023 1.209 -0.31269 -0.066144 0.0012916 0.55977 -0.28116 0.13088
-0.71409 1.0368 0.32646 1.8408 1.0897 1.4895 -0.13567 1.2135 -0.60234 -0.11823 -0.47658 1.3618 -1.5442 0.080186 0.15334 -0.092789 0.42446 0.13881 -0.34223 0.03762 0.36949 0.11811 0.57863 0.16847 -0.26002 -0.013861 -0.043429 0.19071 -0.12061 -1.0256 -0.92324 0.22418 1.1958 -0.45596 -0.16414 -0.088995 0.3853 -0.16572 0.17446
-0.75341 0.65552 0.19441 2.1953 0.59525 0.95907 0.20653 -0.045053 -0.57953 0.84593 0.66414 0.22786 -1.5692 -0.0052241 0.10158 -0.20555 -0.10646 -0.47459 -0.26763 0.79441 0.29324 -0.099784 -0.0073673 0.43743 -0.20462 0.1195 0.075235 0.064286 0.1831 -0.87168 -0.57374 0.44191 0.90444 -0.63943 -0.21085 -0.052753 0.063937 0.046809 0.14781
-0.90262 1.1001 0.3793 1.7427 0.77127 0.86816 -0.18221 0.12126 0.21904 1.6375 0.66695 0.25796 -1.5117 0.17278 0.28315 0.085364 -0.3939 -0.48848 0.2421 1.0793 -0.27622 -0.0099611 0.53642 0.2514 -0.27044 0.14723 0.11232 -0.033627 0.45348 -0.37942 0.060442 0.59849 0.48977 -0.36996 -0.095308 -0.13815 -0.18012 0.19892 0.048913
-0.91523 1.0919 -0.059613 1.1215 0.39864 0.61109 -0.42628 0.42939 -1.042 0.71798 0.80108 0.090724 -1.4912 0.21354 0.12348 0.40773 -0.3532 -0.20666 0.34988 0.93118 -0.61296 0.016064 0.67793 -0.0021062 0.0029552 0.14742 0.051661 -0.18526 0.33453 0.051483 0.4837 0.64847 0.074167 0.15223 0.12473 -0.13068 0.024974 0.33438 -0.082115
-0.96847 0.90548 0.15942 1.3635 0.24072 0.69621 -0.015968 0.72199 -0.94683 0.069955 0.83297 0.3832 -1.3635 0.15721 0.074616 0.46425 -0.219 0.10243 0.56686 0.95501 0.0052397 -0.14209 -0.055351 -0.00077756 0.067988 0.073866 -0.18594 -0.32417 0.037168 0.23679 0.52881 0.32357 -0.042656 0.73175 0.38189 -0.097649 0.32769 0.30781 -0.14126
-0.14916 1.3247 0.76711 0.98582 0.29895 2.0565 1.292 0.0046045 -0.51789 1.4621 0.1092 1.0195 -1.3827 0.084062 -0.1602 0.2402 -0.10268 0.14513 0.89066 1.0323 0.47155 0.24612 0.012003 0.62469 0.34954 -0.0069146 -0.49276 -0.10795 -0.091876 -0.03422 0.46067 -0.19547 -0.4637 0.77547 0.55761 -0.13792 0.44578 0.29337 -0.045593
-0.64613 0.887 0.87817 1.9818 1.0382 1.5189 0.95343 -0.35584 -0.1938 1.5422 -0.19769 0.8271 -1.4292 -0.091906 -0.21429 0.23313 -0.058926 0.33794 0.62391 0.97677 0.7617 0.7183 0.65839 0.66367 0.22245 -0.058219 -0.54303 -0.28067 -0.29059 -0.9158 -0.10388 -1.1899 -1.137 0.49795 0.71302 -0.38515 0.072073 0.38923 0.46866
-0.84871 0.86244 0.56457 1.6015 0.69095 1.1877 0.79222 0.47517 -0.8319 0.55346 1.4386 -0.27527 -1.5135 -0.52197 0.053963 0.33941 -0.51266 0.54627 -0.09432 0.047613 0.68413 0.81419 0.030169 0.65055 0.56083 0.12416 0.11122 -0.35397 -0.2394 -1.6988 -0.91058 -1.8715 -1.323 -0.28484 0.55474 -0.78663 -0.80468 0.14533 1.2212
-0.87635 0.97432 0.23374 1.0076 0.64306 2.0112 0.75153 1.564 0.4911 1.3006 2.0436 1.1939 -1.484 -0.48679 -0.58619 -0.15094 -1.8489 -0.31797 -1.4023 -0.73774 0.97034 1.1427 -0.84575 0.15086 0.80381 0.95823 0.88015 -0.48709 -0.074912 -1.7514 -1.5006 -1.9451 -1.0297 -1.3321 0.16695 -0.83157 -1.5859 -0.45194 1.7137
-0.93338 0.8167 0.45372 1.0463 0.74785 1.2841 1.1875 1.4806 0.0029548 1.7049 1.1019 0.52655 -1.4753 0.46601 -0.67215 -0.035017 -2.6017 -1.305 -1.9602 -0.65812 -0.26488 1.2559 -0.81364 -0.8789 0.37532 1.9556 1.3841 -0.56924 0.20752 -0.96174 -1.5975 -1.6474 -0.36202 -1.9747 -0.51306 -0.32469 -1.7979 -1.6179 1.586
-1.4582 1.3198 1.3006 0.48523 1.2703 0.84878 0.23173 0.69222 0.62746 0.07379 0.94385 1.9203 -1.0396 0.9285 -0.81099 0.26906 -2.5133 -1.6543 -2.4585 -0.64628 -1.6748 0.86976 -0.58656 -2.0464 -0.654 2.492 1.2591 -0.11994 0.48477 0.3963 -0.86753 -0.59708 -0.13684 -1.8856 -1.2802 0.12488 -0.92251 -2.1213 0.63826
-0.59527 -0.0088953 0.21524 -2.1024 -0.54053 -0.38284 0.19002 1.2115 1.6659 0.16348 -0.21076 1.9186 0.19828 1.1564 -0.95499 0.52065 -2.1068 -1.8907 -2.969 -0.67261 -2.3028 -0.16694 -0.76079 -2.1909 -2.1893 2.5651 0.60538 0.49084 0.3745 1.8207 0.13057 0.45662 -0.31169 -0.68177 -1.9479 0.48773 0.54192 -1.7659 -0.95424
0.35568 0.13604 0.69047 -1.3969 -1.1433 -1.0333 0.23516 -1.1058 1.4015 0.38993 -0.85696 0.022184 1.0595 1.3377 -0.68234 0.49502 -1.3185 -1.7201 -2.1398 -0.96608 -2.1264 -0.94422 -0.64176 -1.2118 -2.4766 1.9461 -0.35624 1.453 0.14474 2.9264 1.5034 1.9815 -0.1892 0.65739 -1.96 0.47988 1.6921 -0.41097 -2.5435
0.16122 0.22712 0.91002 -1.5624 -1.2351 -1.2256 0.1995 -1.39 0.30211 0.36625 -1.0982 -1.4494 1.0461 1.3006 0.2274 0.56397 0.41521 -1.0391 -1.1936 -1.0746 -1.535 -2.0986 0.16414 -0.1003 -2.5109 0.303 -1.3965 1.6576 -0.53682 2.7635 2.4729 2.8881 0.050994 1.6523 -0.98605 0.38703 1.7965 1.3784 -3.2476
0.20989 0.030531 1.2291 -1.4969 -1.2863 -1.7234 0.087224 -1.0762 -0.38428 0.38592 -1.1418 -1.9136 1.0896 0.23244 1.4543 0.51802 2.0416 0.80472 0.71711 -0.78292 -0.64037 -2.4524 -0.11441 0.62887 -1.3742 -1.5141 -2.0235 1.1122 -1.0504 1.7513 2.5265 2.6446 0.61311 1.6397 0.33362 0.47371 1.1898 2.1544 -2.6819
0.50216 0.36234 1.3124 -0.84942 -1.0044 -1.0716 -0.62489 -1.2281 -1.3201 -0.003596 -0.13073 -1.5199 0.58246 -0.71404 1.2355 -0.52941 1.7048 1.6046 1.5311 -0.63366 0.53764 -1.5668 -0.27403 0.83869 0.23029 -2.2648 -2.0469 0.044712 -1.2614 0.13704 1.6246 1.542 1.1535 1.1748 1.6754 0.29752 0.50755 2.3965 -1.1087
0.58085 1.528 1.5763 0.67888 -0.59299 -0.89218 -1.2971 -1.1102 -2.2599 0.57441 0.71566 -0.9468 -0.71668 -1.1626 0.99978 -0.98327 1.5129 1.8192 1.9254 0.039614 0.39334 -0.47256 0.49971 0.93682 0.79391 -2.1867 -1.3623 -1.1482 -0.98421 -1.1609 -0.022478 -0.0043749 1.3699 0.53821 2.4325 0.30958 -0.050774 1.7663 0.66518
-0.37065 1.6714 0.58122 1.055 0.76997 0.92107 -0.054932 -0.23748 -1.7518 -0.077641 -0.11354 -0.57613 -1.3805 -1.5499 0.54096 -1.1157 0.9412 1.5727 1.3614 0.79363 0.49243 0.58893 0.42997 0.8662 1.5673 -1.5983 -0.46453 -1.9322 -0.22132 -1.6933 -1.1212 -0.91229 1.55 -0.043554 2.1326 -0.027437 -0.23147 0.6626 1.9463
-0.90433 0.92934 -0.30415 0.12831 0.76745 0.36056 -0.37813 -0.59958 -0.68566 0.020991 -0.16437 -0.31934 -1.0868 -1.7136 -0.45871 -1.0868 0.10049 0.75809 0.77944 1.2047 0.54122 1.8061 0.1304 0.51002 1.763 -0.50032 0.52912 -2.1798 0.62858 -1.7845 -1.7677 -1.5541 0.6222 -0.26102 1.36 -0.51449 -0.41268 -0.050022 2.4021
-1.234 1.0178 0.12944 0.26824 0.74549 0.62354 0.41456 -1.1007 -0.57088 1.7802 0.44652 -0.95464 -1.064 -1.2498 -1.8375 -0.91018 -0.97213 -0.049711 0.2136 1.836 0.35667 1.9732 -0.16109 0.55036 1.1756 0.82785 1.4351 -1.5871 1.2909 -1.0857 -1.4895 -1.1599 -0.18906 -0.44463 -0.11671 -0.85585 -0.66915 -0.67353 1.9519
-1.3766 0.78431 0.32134 0.16066 0.50338 -0.5136 0.68251 -0.17017 0.15174 0.36964 0.8005 1.169 -0.76933 -0.40536 -2.1005 0.11398 -1.0953 -0.80343 -0.71155 0.76231 -0.11906 1.8216 -0.24262 0.19522 0.88566 1.4572 1.8272 -0.50025 1.2175 -0.3113 -0.43751 -0.64651 -0.57988 -0.37239 -1.3605 -1.0008 -0.73148 -0.58379 1.0196
-1.4864 0.24781 0.036943 0.021856 -0.073436 0.35101 0.3111 -0.29562 1.4242 -0.17473 0.81087 1.319 -0.44909 0.27023 -1.7617 0.75626 -0.63414 -0.54304 -0.29293 0.67746 -0.15727 0.33199 -1.0985 -0.43888 0.55974 1.3702 1.4447 0.82131 0.77117 0.58365 0.57888 -0.23009 -0.73448 -0.24572 -1.9572 -0.54413 -0.49102 -0.94077 -0.0044037
-1.1293 -0.81212 -0.16306 -0.87465 -0.030203 0.2062 1.7733 -0.36009 0.52667 0.17601 1.0587 0.052553 0.15844 0.67865 -1.4822 0.41129 -0.69969 0.14044 -0.31097 0.68486 -0.024443 -0.34774 -1.4035 -0.59467 0.81791 1.2917 0.62614 1.4576 0.048688 0.94343 1.1771 0.070383 -0.17244 0.04232 -2.017 0.1696 -0.019174 -1.1901 -0.61529
-0.98201 -0.72718 0.76438 -0.71219 -0.13748 -0.33665 0.077539 -0.88573 1.5614 -0.060427 -0.61584 0.50337 0.40072 0.69896 -0.53267 0.41509 -0.018991 0.57739 -0.4736 0.47429 -0.23761 -1.2239 -0.67734 -0.12617 -0.81192 0.90453 -0.13338 1.4138 -0.51702 0.98616 1.0401 0.1726 -0.75001 0.062062 -1.0684 0.82957 0.34592 -0.79897 -0.86786
-0.58737 -0.57482 1.0225 -0.31824 0.38303 0.15926 0.84645 -0.98615 -1.3443 -1.1522 -0.61893 0.40904 0.27596 0.45534 0.15048 0.3707 0.46452 0.89095 -0.48992 0.55892 0.00095934 -1.8132 -0.13409 0.0031296 -0.98655 0.44948 -0.41164 0.77361 -1.0815 0.7387 0.54657 0.41064 -1.1094 0.37712 -0.39895 1.0499 0.42772 -0.50066 -0.90651
-0.50673 -0.4422 0.28715 -0.76556 1.1694 -0.23394 1.7613 -0.36652 -0.51034 -0.3971 0.42034 1.7518 0.45288 0.14335 0.20134 -0.22397 0.73622 1.0716 0.13815 -0.69031 -0.04716 -1.2696 -0.10494 0.027903 -0.25423 0.040386 -0.21323 -0.53414 -1.5063 0.18919 0.011004 0.63242 -1.4102 0.63179 0.63682 0.74839 0.020055 0.17246 -0.51305
-0.7463 0.20239 0.63494 0.48577 0.80131 -1.0763 0.98403 -0.40226 -1.1191 -0.55261 1.2887 -1.0964 0.34002 0.23668 -0.32916 -1.3541 0.3824 0.92994 0.21451 -0.86406 0.68877 -1.1925 0.37574 0.27353 -0.53502 -0.10525 0.44852 -1.4462 -1.437 -0.16101 -0.47396 0.68898 -1.3866 0.52951 1.0016 0.27336 -0.70434 -0.14412 0.071898
-0.9456 -0.24303 0.44685 0.24303 0.87675 0.17032 1.4037 -0.38968 -1.5145 0.13736 0.28894 -0.59487 0.28418 0.43166 -1.3452 -1.6234 0.38751 0.55998 0.46183 -1.5318 0.78112 -0.13244 0.535 -0.21099 -0.66284 0.14797 0.89173 -1.5768 -0.7807 -0.49154 -0.56615 0.52046 -0.34853 0.62791 1.0565 -0.22537 -1.0554 -0.15935 0.67952
-0.79851 -1.0209 -0.28197 -0.037128 1.4838 0.55386 -0.51372 -0.94323 -0.80167 -0.37573 -0.14452 0.72394 0.29705 1.0791 -1.9227 -1.6973 0.30696 0.21206 0.75225 -1.692 0.72688 -0.18067 0.070911 -1.4172 -1.0889 0.54382 0.70226 -0.83788 0.18184 -0.43239 -0.42105 0.10434 0.36141 0.35002 1.2269 -0.968 -0.60033 0.039366 1.0092
-0.19773 -1.0886 -1.2404 -0.31649 1.2504 -0.30566 -0.59911 0.69805 -1.5676 0.10974 -0.2671 -0.13918 0.24411 1.2566 -2.1051 -1.5593 -0.21616 0.31777 0.92658 -0.92457 1.288 0.54585 -0.41689 -1.437 -0.3167 1.0919 0.15869 0.30676 0.91007 -0.46786 -0.14727 -0.23991 1.6146 0.2228 1.1798 -1.0102 0.31065 0.39687 0.9102
0.12901 -2.1776 -1.0376 0.48788 1.3283 0.59466 -0.11152 0.29777 -1.073 -0.32326 -0.21649 -0.44883 0.71933 1.0309 -1.5989 -1.0442 -0.18807 0.21854 0.18329 -0.43211 1.1848 1.1631 -1.0858 -0.42489 -0.61974 1.465 -0.76062 1.0091 1.2911 -0.37491 0.063511 -0.24277 2.0495 -0.16552 1.2848 -0.77208 0.8008 0.81007 0.47316
0.91926 -2.0663 -1.574 0.16338 1.1703 0.33137 -0.19003 0.49499 -0.97729 -0.36354 -1.7992 -1.3332 1.2671 0.72232 -0.90525 -0.20927 -0.30791 0.25308 0.23919 1.0164 1.0248 1.7873 -0.90778 -0.01885 -0.03951 1.5295 -1.1784 1.3464 1.1876 -0.23583 -0.0046795 -0.21209 1.6786 -0.38041 0.7551 -0.40664 0.48717 0.83135 -0.22556
0.33135 -2.0212 -1.0162 -0.10913 1.3621 0.67732 0.089481 1.5526 0.060729 -1.161 -0.75084 -0.921 1.6553 0.02283 -0.53939 0.10021 -0.40501 0.34791 0.58295 1.3634 0.48604 2.0202 -1.2325 -0.36205 0.51988 1.284 -1.1891 0.95794 0.79832 -0.15338 -0.095733 0.19209 1.2355 -0.16761 0.07477 -0.17866 -0.047573 0.97713 -0.80922
0.087045 -2.1537 -1.1263 -0.27659 1.4754 0.24108 0.021779 0.73937 0.77669 -1.6174 0.16045 -0.51189 1.8691 -0.28536 0.011869 0.14225 -0.58859 0.22486 0.27687 1.4807 0.79727 1.7783 -1.1675 -0.39267 0.90664 0.72941 -0.63734 0.44023 0.17579 0.0036469 -0.37091 0.11832 0.43476 -0.04818 -0.80972 -0.1947 -0.43154 0.47572 -1.0595
0.45702 -2.0039 -0.79432 -0.55116 1.8878 0.64073 1.0431 0.97467 1.9543 -0.9789 -0.32708 1.066 1.8577 -0.5296 -0.17482 0.30613 -0.36445 0.028541 0.54614 1.7751 0.92156 1.338 -1.3276 -0.33605 1.0141 0.23265 0.095337 0.067717 -0.20592 0.059042 -0.69305 0.028992 -0.019798 0.039845 -1.3835 0.094266 -0.45258 -0.20557 -0.95508
-0.088976 -2.1504 -1.3343 -0.38943 1.5453 0.87061 1.2884 1.312 1.1357 -1.8026 -1.7402 -0.18721 1.7666 -0.11161 -0.22322 0.018042 -0.33222 -0.32289 0.48752 1.6891 0.68992 0.36086 -1.2637 -0.97275 0.741 -0.083063 0.47432 -0.20662 -0.46642 0.086041 -0.76448 -0.034617 -0.68854 -0.36459 -1.4292 0.31321 -0.17924 -0.72943 -0.58622
0.16479 -2.0991 -0.9659 -0.33556 1.4074 0.80279 1.5461 1.7955 1.5602 -2.0452 -1.3637 0.2589 1.7308 0.09299 -0.29027 -0.24063 -0.42691 -0.73615 0.52376 1.2517 0.61418 -0.2959 -1.0147 -1.0591 0.16382 -0.23697 0.66689 -0.032413 -0.50067 0.03263 -0.50997 -0.29483 -1.2485 -0.50448 -0.80487 0.91203 0.32385 -0.64663 -0.22578
-0.016258 -2.327 -0.89029 -0.466 1.198 1.14 1.9634 2.2727 1.4239 -2.6948 -1.5887 0.15574 1.7042 0.21583 -0.33848 -0.48769 -0.39731 -0.88871 0.20333 0.43143 0.1453 -0.52966 -0.71997 -0.41824 -0.23473 -0.21757 0.34861 -0.0041983 -0.36327 0.027786 -0.40019 -0.56527 -1.5905 -0.3894 -0.20508 1.4472 0.70503 -0.56472 -0.023582
0.26651 -2.2736 -1.0704 -0.7977 1.0307 1.0071 2.0032 1.864 0.72398 -2.9253 -1.5883 0.65221 1.6516 0.45223 -0.18259 -0.41012 -0.27821 -0.69282 0.068131 0.0014735 0.083788 0.026239 0.19235 0.10392 0.1137 -0.15352 0.27353 0.20816 0.22281 0.1372 -0.44843 -0.74132 -1.2826 -0.17038 0.28139 1.8771 0.66823 -0.40177 0.053006
0.38655 -2.4367 -1.5848 -1.0499 0.59531 0.96372 1.6625 1.2624 0.74538 -2.2978 -1.6041 0.058157 1.5743 0.30385 -0.28696 -0.6024 -0.36252 -1.1368 -0.46119 -0.75471 0.095456 -0.243 0.98632 -0.00031985 -0.44593 -0.1696 0.23032 0.60051 0.99875 0.12576 -0.79985 -0.79297 -0.76718 0.09265 0.49125 1.6824 0.23438 -0.26283 -0.024993
0.55974 -2.3643 -1.6033 -0.85115 0.75065 0.91665 1.5155 1.3619 1.126 -1.9649 -1.3704 0.25402 1.5968 0.5142 0.091785 0.23732 -0.18239 -1.4975 -0.6827 -0.62404 0.25609 0.18386 1.8383 0.2051 -0.59179 -0.151 0.22587 0.84788 1.4828 0.16746 -1.1691 -0.63255 -0.47198 -0.38344 0.19795 1.0054 0.30427 -0.084712 -0.13063
0.46145 -2.2627 -1.5266 -0.4684 0.71025 0.98508 1.4281 2.1759 1.739 -1.5368 -1.5136 0.14066 1.6073 0.57534 0.70393 1.0997 -0.20608 -2.0506 -1.0663 -0.72002 0.24853 0.47443 1.7771 0.051998 -0.44412 -0.2665 0.19458 0.84397 1.6977 0.088086 -1.0444 -0.24306 -0.70789 -1.3047 -0.1405 0.22537 0.64519 0.34222 -0.18609
0.38629 -2.6274 -1.6146 -1.1296 -0.60484 -0.0068841 0.5804 2.2918 0.59918 -0.89186 -1.5179 -0.60622 1.4907 0.69928 0.98815 1.5796 -0.034254 -2.5135 -0.94428 -0.9047 -0.83942 0.10779 1.774 0.75201 -0.06594 -0.36621 -0.010206 0.86301 1.3529 0.031709 -0.45771 0.18743 -1.1461 -1.9714 -0.64328 -0.26864 0.72689 0.68425 -0.42285
0.95653 -1.9754 -0.042731 -0.83303 -0.95836 0.41603 1.7648 2.3103 1.6761 -0.13376 -1.2078 -0.37954 1.5134 0.53999 0.92335 1.9802 -0.27247 -2.6654 -0.844 -1.963 -2.2082 -0.50626 1.4482 1.1488 0.03141 -0.43521 -0.60009 1.147 0.4568 0.69014 1.2167 1.0823 -0.56601 -1.8074 -0.91771 -0.37139 0.53758 0.77737 -0.96734
1.1498 -1.2056 0.21143 -1.299 -1.8822 -0.49157 0.83055 1.4656 1.5397 -0.69368 -1.7102 0.22706 1.2176 0.50638 1.678 2.3884 -0.097335 -2.0935 -0.42172 -2.2054 -2.8179 -0.72871 1.4526 1.2586 0.64694 -0.9183 -1.4944 1.3389 -0.7935 1.2552 2.7031 1.3928 0.20461 -0.30417 -0.78759 -0.3401 0.17207 0.52092 -1.494
1.2928 -1.4999 0.019816 -0.67968 -2.4917 0.16822 0.22344 -0.69909 0.7916 0.41208 0.28203 0.12432 1.1561 -0.37392 2.6137 1.5653 1.1885 0.070559 0.88574 -1.1418 -2.7078 -1.1115 1.1838 0.98507 0.87639 -1.9424 -1.8944 1.1755 -1.5316 1.7513 3.554 1.5047 1.4003 1.6247 -0.47501 -0.29881 0.054137 0.16535 -1.5613
0.88252 -1.6597 0.90308 -1.2578 -2.4147 -0.097616 -1.6533 -1.3858 0.13813 -0.041279 0.20394 0.088084 1.1531 -1.4361 2.7751 0.25546 1.7236 1.3209 1.0429 -0.88536 -1.2638 -1.3087 1.2143 1.218 0.6365 -2.6289 -1.6758 0.39163 -1.7916 1.2508 3.0831 0.96401 1.8449 3.0487 -0.14252 -0.3177 -0.18324 -0.24516 -0.96137
1.0798 -0.0057892 1.7732 -0.63065 -2.0651 0.26517 -0.93951 -0.6862 0.45302 1.013 -0.18898 1.0406 0.18376 -1.773 2.6855 0.09716 2.2931 2.4736 1.506 0.13748 0.53812 -1.2505 0.95733 1.2944 0.39616 -2.7321 -0.76416 -0.77765 -1.3716 -0.023787 1.4361 -0.17531 1.7071 3.0356 0.62542 -0.45675 -0.31658 -0.37895 0.32756
-0.38647 0.97431 0.22342 1.516 0.48223 1.7541 0.95618 -0.82832 -1.0083 0.81777 -0.51807 0.55712 -1.3454 -1.7002 2.4108 -0.3263 1.8298 2.6414 1.238 0.78208 2.1815 -0.96495 0.91832 0.70813 0.36295 -2.4633 0.10667 -1.8227 -0.74961 -1.331 -0.11296 -1.1925 1.0182 1.4224 1.0825 -0.78769 -0.43752 -0.3569 1.685
-0.94929 1.1306 -0.093156 1.3129 0.19009 0.99746 0.32367 1.029 0.081649 1.4188 1.0266 0.60153 -1.5226 -1.5713 1.2645 -0.78583 1.0767 2.1653 0.41399 1.3829 2.1634 0.093469 0.40848 0.55142 0.20107 -1.3604 0.68342 -2.373 -0.054493 -2.5447 -1.6109 -2.2499 -0.094758 -0.58233 1.248 -0.69615 -0.73538 -0.09418 2.5221
-0.63803 1.057 0.72454 1.8119 0.71593 1.3895 0.18338 1.3921 -0.85861 0.52874 1.0883 0.70082 -1.4318 -1.3603 -0.1013 -0.75034 -0.32994 1.2376 -0.87813 0.50757 1.0067 0.39772 -0.091085 0.63538 -0.030579 0.093117 0.89079 -1.974 0.78677 -2.3415 -1.8103 -2.1807 -0.67431 -2.402 0.60241 -0.70398 -1.0957 0.55413 2.3536
-0.57043 0.7045 0.087319 0.91207 0.38299 1.4397 0.14954 1.854 -0.92656 1.9886 0.94427 0.73329 -1.3011 -0.76884 -0.72789 0.19711 -1.7055 0.044589 -2.0785 0.12117 -0.15399 0.80909 0.063799 -0.27713 0.39382 1.0892 1.0338 -0.86398 0.89869 -1.4702 -1.6621 -1.3316 -0.91967 -2.7503 -0.22998 -0.24166 -1.2647 0.74601 1.2866
-1.2173 0.14721 0.22606 0.14948 0.56246 0.074738 0.64501 1.1166 1.2715 0.34458 0.1965 0.74013 -0.44911 -0.56869 -0.47766 0.68612 -1.4531 0.18575 -2.0158 0.12977 -1.8993 0.0037162 -0.3231 -1.2763 1.463 1.0708 1.4522 0.11093 0.62711 -0.12207 -1.4585 -0.19687 -0.72171 -2.0944 -0.89776 -0.26991 -0.89282 0.22274 0.23605
-1.3351 0.50989 0.15154 -0.32365 0.50457 -0.5524 0.35157 0.065099 0.32902 0.94979 0.8457 0.83163 -0.30358 -0.18709 -0.24844 0.21481 -1.3007 -0.53853 -1.7704 -0.18961 -2.381 -0.2069 0.027818 -1.2625 1.0637 0.75362 1.8391 0.60482 0.048806 0.93585 -1.4168 0.74639 -0.74735 -0.99398 -1.422 -0.26673 0.065941 -0.68882 -0.4541
-1.5417 0.37322 0.64655 -0.77611 0.43949 -1.0015 1.0407 -0.39302 0.25317 1.353 -0.79143 1.3334 -0.37946 0.85251 -0.12446 0.43802 -0.78671 -1.3074 -1.4507 -0.71262 -2.4499 -1.0548 -0.62581 -0.82538 0.11753 0.74075 1.8642 0.71399 -0.22141 1.4161 -1.1643 1.1426 -0.59045 0.53449 -0.80587 -0.20111 0.68979 -1.5992 -0.72523
-1.2789 0.78857 1.3794 0.099933 0.7539 -0.84427 -0.041112 -1.4265 -1.0494 0.50262 -0.76009 3.5735 -0.48596 1.6936 0.28359 0.40752 -0.18639 -1.9649 -0.83896 -0.88319 -2.054 -1.7708 -0.33125 -0.3515 -0.41257 0.33943 0.98676 0.72222 -0.27168 1.6687 -0.058278 1.4793 -0.10169 1.6249 0.010734 -0.034812 0.90987 -1.615 -0.92668
-0.44653 0.48008 0.18008 -0.33386 -0.63156 -0.33059 -0.18254 -1.2478 -0.95979 1.2631 -0.48586 1.1086 -0.53981 1.7073 0.65913 0.15708 0.79847 -1.3693 -0.14422 -0.64319 -0.9119 -0.97348 -0.5598 -0.21134 -1.2376 -0.1848 -0.5642 0.41956 -0.50317 1.4329 1.1968 1.7874 0.56773 2.3216 1.0729 0.44756 0.81381 -1.0482 -1.1157
0.68208 0.16979 0.63219 -0.70707 -1.7027 -1.1451 -0.56927 -1.5582 -1.7211 0.12846 -0.063453 -0.12529 0.25391 1.0843 0.77876 -0.17397 1.2183 -0.63934 0.60635 -0.39139 0.37387 -0.21749 -0.091537 0.43407 -1.7315 -0.6534 -1.8529 0.062283 -0.32695 1.1145 2.2194 1.9866 0.97415 2.3701 1.6626 0.39641 0.65984 -0.014665 -0.99237
0.61677 0.86107 0.92089 -0.14608 -1.8248 -1.4639 -0.074014 -2.1076 -1.5729 0.19075 -0.16772 0.52262 -0.10797 0.17351 0.45161 -0.24515 1.3531 0.32245 1.4905 0.1792 1.3761 0.52583 0.12485 0.57458 -1.4757 -1.0145 -2.234 -0.30096 -0.26558 0.50397 2.2186 1.7259 0.95698 1.5846 1.2175 0.57637 0.30115 0.74159 -0.74734
0.14485 1.5972 0.55416 1.4125 -0.099028 -0.4434 0.0074875 -0.75918 -0.75842 0.60166 -0.33673 -0.24176 -1.0835 -0.75202 0.50823 -0.026784 1.7442 1.4573 2.4175 0.63551 1.9476 1.129 0.095477 0.7103 -0.32144 -1.2482 -1.6682 -0.73443 -0.18782 -0.18849 1.4543 0.94408 0.60288 0.51413 0.43934 0.12063 -0.32033 0.95941 -0.12448
-0.57558 1.1311 0.59444 1.1499 0.047369 0.33345 0.20968 0.34205 -0.28663 1.4547 -0.17589 0.077961 -1.3816 -1.2462 0.20077 -0.43405 1.5278 1.8489 2.4876 0.73978 1.7374 1.0274 0.47272 0.31795 -0.34267 -1.3947 -0.63883 -1.0869 -0.17816 -1.3668 -0.22863 -0.84174 0.11685 -0.94598 -0.21334 -0.70259 -0.69358 0.7671 0.93409
-0.6487 0.70729 0.6251 1.5814 0.48145 1.4986 -0.1224 0.4046 -0.42392 0.51633 0.46307 0.8993 -1.4324 -1.0989 -0.5421 -0.4477 0.7443 1.3876 2.0366 0.53456 1.2998 0.50091 -0.043469 -0.13442 -0.22925 -0.712 0.34415 -0.9685 0.043025 -2.2226 -1.343 -2.3839 -0.25431 -2.069 -0.57342 -1.2779 -0.85873 0.37301 1.7226
-0.73227 0.96333 0.24587 1.7956 0.44928 2.2096 0.70505 1.0754 0.72037 0.81602 0.82804 -0.14499 -1.3955 -0.76578 -1.1628 -0.3843 -0.87989 -0.1035 -0.064441 0.48858 -0.37092 0.37898 -1.2167 -0.51916 0.13302 0.60781 0.75052 -0.46624 0.44973 -2.3213 -1.3781 -2.8433 -0.18259 -1.9979 -0.26478 -1.3953 -0.56515 0.5162 1.9789
-0.75778 0.77026 0.15977 1.5258 0.59276 0.80272 0.44212 -0.094656 -0.65374 0.82512 -0.26681 -0.82861 -1.4586 -0.40484 -0.71669 0.023596 -1.489 -0.18003 -1.2246 0.29657 -1.513 0.20337 -1.6121 -0.74977 0.24726 1.2343 0.68352 -0.09802 0.56025 -1.7292 -0.69584 -2.2481 -0.37316 -1.3365 0.076095 -0.78889 -0.49146 0.58103 1.4626
-1.025 0.48827 0.3727 1.3243 0.59069 1.2084 0.55038 0.1899 -0.64847 0.17351 -0.90008 0.4836 -1.2229 -0.30297 -0.63068 0.18678 -1.9892 -0.04848 -1.7451 0.53401 -1.2162 0.60256 -1.5281 -0.60856 0.53384 1.6338 0.55367 0.28091 0.50378 -0.51519 -0.041343 -0.46824 -0.4509 0.30632 0.069013 0.47429 -0.0039508 0.24244 0.42616
-1.1184 -0.10492 0.06226 -0.70215 -0.70179 -0.93233 0.58001 -1.2805 0.57021 -1.3789 -0.87872 0.40076 -0.0032894 -0.15595 -1.0026 0.33553 -2.1557 -0.0032655 -1.7619 -0.18436 -1.1983 0.5624 -1.4699 -1.1622 0.82466 1.7335 0.42221 0.16263 0.082606 0.52257 0.21306 1.0382 -0.33996 1.2824 -0.14681 1.4824 0.54934 -0.18123 -0.48336
-1.0092 0.53321 0.98491 -0.60445 0.42064 -0.20541 0.39887 -1.6086 0.0581 -0.69271 -0.52301 0.80313 -0.0057421 0.059514 -0.46891 0.42003 -1.5837 -0.29092 -0.7727 -0.11868 0.12606 0.35722 -0.3642 -0.31528 0.36981 1.2222 0.62647 0.25753 -0.05852 1.5944 0.41664 2.2896 -0.074522 1.6832 -0.69997 2.1229 0.78745 -0.68972 -1.1779
-0.97516 0.14457 0.56342 -0.67322 0.84721 0.13698 1.1139 -0.10954 1.2056 -1.1786 0.086598 1.1255 0.31319 0.13629 -0.47931 0.058253 -0.66245 0.33358 0.41178 -0.0085732 0.59429 0.010903 0.72935 0.3158 -0.057228 0.46613 0.66847 -0.12064 -0.47461 1.4849 0.05817 2.0508 0.62523 1.4295 -0.64905 2.0258 0.90027 -1.1664 -0.86831
-0.91644 -0.45263 0.48205 -1.0802 0.34894 -0.45935 -0.04302 -0.97335 0.73616 -0.86331 -2.3338 0.3894 0.36708 0.62655 -0.38739 0.20562 0.42784 0.56875 1.8652 0.332 1.5383 -0.64882 1.566 0.38734 -0.50627 -0.10987 0.5713 -0.63893 -0.5713 0.66455 -0.31188 0.82025 1.1428 0.31525 -0.30923 1.0333 0.55902 -1.2171 0.091505
-0.75112 0.46759 0.80573 -0.53498 -0.36986 -0.017484 0.43969 0.624 -0.83475 0.64381 -0.4149 -0.12037 -0.26114 0.70882 -1.2823 -0.47631 -0.21584 -0.33991 1.1252 0.84009 1.1941 -0.35014 1.5663 0.46906 -1.2444 0.6477 0.424 -0.68889 -0.60223 -0.25609 -0.56859 -0.39796 1.6717 -0.21802 0.19332 -0.25105 0.61974 -1.004 1.0632
-1.0134 -0.43051 0.1746 -0.13967 1.132 1.5125 0.79018 0.099703 0.10965 0.54675 0.11627 0.86397 -0.27144 0.75347 -1.3258 -0.41747 -0.49499 -0.57581 0.5447 1.7157 0.49991 -0.13325 1.2498 0.84154 -1.6529 1.3192 0.11897 -0.67155 -0.81838 -0.91848 -0.17458 -1.3831 1.4975 -0.63101 0.76683 -1.5226 0.40585 -0.52425 1.4375
0.12228 -0.26853 0.95956 -0.033061 0.47529 1.7542 1.2203 0.85982 -0.46315 0.74229 -0.24529 -0.37258 0.15759 0.7983 -1.3668 -0.7944 -0.72227 -0.21167 0.23971 2.5892 0.62678 0.18324 0.37214 1.4554 -1.6415 1.9029 0.036152 -0.066764 -0.77523 -0.63189 0.23065 -1.3448 0.48049 -0.079355 0.43134 -1.9508 -0.025423 0.19483 0.7077
-0.22395 -1.5259 -0.16381 -1.817 -0.3055 0.33695 1.7372 0.13377 0.48201 1.1123 -0.03123 -1.219 1.565 0.77972 -1.6677 -1.2147 -1.1592 0.14821 -0.55128 2.4074 0.43652 0.77122 -0.87464 0.79139 -1.4326 2.1704 -0.17098 0.20708 -0.96709 -0.19062 0.48256 -1.0438 -1.0016 0.42083 -0.04663 -1.9273 -0.66915 1.0801 -0.33711
-0.14999 -1.3009 0.078577 -1.4709 -0.21976 0.11479 3.0954 0.25183 0.92136 0.31208 0.46998 -1.5299 1.925 0.75037 -1.2443 -1.5742 -1.1533 -0.27556 -1.1072 1.4619 1.0409 0.14927 -1.2585 0.44468 -0.93155 1.6551 -0.15028 0.73222 -0.57944 0.63007 0.62044 -0.43808 -2.1871 0.50067 -0.61029 -1.3988 -1.3625 1.6064 -1.3886
0.091356 -1.3894 -0.57216 -1.5474 0.29141 0.32431 3.0367 0.72807 -0.060169 0.027138 0.56355 -1.7617 1.9739 0.47388 -0.98139 -1.8926 -0.67033 0.36911 -0.94285 0.35809 1.1964 -0.21188 -1.7754 -0.11558 0.32071 0.76472 -0.10713 1.0279 -0.22427 1.0833 0.6728 0.29407 -2.5706 0.29942 -0.68972 -0.33199 -1.5599 1.5547 -1.7565
0.23599 -1.5776 -0.93289 -1.7838 0.76134 0.19506 3.1214 1.4426 0.85433 -0.82537 0.90392 -1.2839 1.8454 0.68346 -0.27131 -1.5759 0.27667 0.85719 -0.47933 -0.61796 1.3241 -0.65584 -1.9695 -1.0756 0.94324 -0.19753 -0.14846 0.85857 0.24336 1.0523 0.58717 0.64977 -1.9881 -0.33001 0.21972 0.50438 -1.5161 0.95768 -1.322
0.37716 -1.8613 -1.7089 -1.7153 0.16798 0.30138 2.0134 1.9133 -0.17833 -0.87257 0.18099 -0.48351 1.6653 0.62005 -0.13397 -1.6521 0.27164 0.86229 -0.2737 -1.5321 0.93423 -0.33091 -1.195 -1.8663 0.98014 -0.45002 -0.11068 0.71068 0.75702 0.653 0.0076117 0.6136 -1.1268 -0.8251 0.84716 1.2792 -0.87863 -0.11702 -0.52377
0.58615 -1.7322 -1.6199 -1.526 0.6479 -0.16996 1.7558 2.0281 -0.53614 -1.5494 -0.8376 -0.17193 1.5974 0.41266 0.019198 -1.2344 0.45986 0.59289 -0.11843 -1.437 0.44159 0.69675 -0.56546 -2.0015 0.80381 -0.40627 -0.12994 0.52325 1.0362 0.17018 -0.30299 0.50648 -0.18903 -1.217 1.2833 1.5824 0.30089 -0.74776 0.15439
0.62158 -1.5683 -1.9374 -1.0509 1.0246 -0.44554 1.7583 1.5946 -0.20441 -1.7794 -1.6262 -0.33132 1.5095 0.41 0.26966 -0.61661 0.5271 0.49679 0.12563 -1.3976 -0.17011 0.97456 0.042678 -1.575 0.14216 -0.1865 0.043102 0.46424 1.1437 0.029034 -0.51265 0.47422 0.35291 -1.1258 0.87962 1.4963 1.4597 -0.80232 0.33952
0.67877 -1.3674 -2.2263 -1.2262 1.2077 0.18725 1.3716 1.6382 0.63395 -0.92498 -1.9685 -0.54943 1.4532 0.5559 0.5545 -0.11052 0.47653 0.43548 0.34953 -1.0225 -0.78438 1.5097 0.53326 -0.55443 -0.24373 -0.014448 0.14952 0.21781 0.81325 -0.29163 -0.66912 0.16533 0.21488 -0.85907 -0.18609 1.2974 2.0287 -0.61313 0.25555
0.57995 -1.5857 -2.205 -1.0411 1.006 0.3313 1.4461 1.7502 1.9379 -0.86466 -1.72 -0.40695 1.5076 0.61513 0.50992 -0.024421 0.30983 -0.06846 0.45448 -1.0203 -0.91499 1.1965 1.2065 0.62065 -0.2195 0.043009 0.073564 0.043084 0.36188 -0.36392 -0.79842 -0.37587 0.23845 -0.61865 -1.0338 0.90958 2.0863 -0.13821 0.012724
0.9296 -1.3856 -1.6803 -1.0773 1.1066 0.3044 0.86372 1.3457 1.623 -0.9253 -1.2362 -0.85096 1.643 0.56084 0.32588 0.024251 -0.023505 -0.43619 0.043785 -1.1757 -1.0677 0.18461 1.409 1.3602 -0.33154 -0.0017821 -0.072886 0.082254 -0.084779 -0.27131 -0.91795 -0.7978 0.22322 -0.54796 -1.8351 0.40871 1.6069 0.2507 -0.29384
1.3269 -1.0707 -1.8021 -0.87947 0.82675 0.42915 0.6944 0.59308 1.6383 -0.37169 -0.87415 -0.54382 1.6119 0.52691 0.46708 0.00373 0.041168 -0.62885 -0.50834 -0.82512 -1.387 -0.62143 1.3918 2.0536 -0.10783 -0.16429 -0.17547 0.29881 -0.15975 -0.021922 -0.70253 -0.81395 0.49767 -0.50961 -1.6999 -0.21037 0.93465 0.59133 -0.52371
1.321 -1.1232 -1.9348 -0.93941 0.68556 0.1239 0.62092 0.77494 1.056 0.25521 -0.13456 -0.41167 1.5531 0.46611 0.73608 -0.29483 0.059306 -1.0767 -0.824 -0.65388 -1.7531 -1.5957 1.2341 2.2626 0.2437 -0.50175 -0.23709 0.37156 0.0045727 0.29398 -0.27505 -0.4043 0.4693 -0.17321 -0.9253 -0.57685 0.2174 0.70856 -0.52105
1.1196 -1.303 -2.2071 -1.3208 0.51181 -0.35375 0.18686 0.1925 0.11623 0.46988 0.080352 -1.1197 1.409 0.35118 0.89094 -0.17914 0.21349 -1.1244 -0.79979 -0.28007 -1.6936 -1.6314 0.85939 2.2274 0.76937 -0.76248 -0.21352 0.14791 0.27662 0.36589 0.21482 -0.010112 0.11341 0.16834 0.16599 -0.69432 -0.82767 0.47067 -0.27382
1.2927 -0.7866 -2.124 -0.96009 0.34158 -0.33475 0.66679 -0.21765 0.42999 0.95335 1.3279 -0.4432 1.2362 0.23081 0.84318 0.11707 0.46445 -0.73888 -0.65582 -0.50235 -1.3036 -1.3313 0.51364 1.7569 0.75868 -0.75278 -0.17071 -0.34339 0.65112 0.29421 0.64598 0.22163 -0.23692 0.64371 1.2174 -0.42236 -1.8576 -0.050654 0.16552
1.384 -0.56129 -2.3821 -0.80438 -0.68028 -0.66142 0.46198 -0.98562 -0.91667 0.40752 1.6144 0.10725 0.88254 0.26743 0.70283 0.32173 0.55591 -0.40196 -0.62676 -0.64869 -1.2576 -0.38341 0.35744 0.49605 0.65143 -0.58926 -0.28505 -0.92913 0.57561 -0.017079 0.64352 0.30484 -0.64378 1.1118 1.742 -0.28194 -2.6446 -0.84455 0.52011
1.6376 -0.20927 -1.5968 -0.59403 -0.17825 -0.44631 0.46232 -1.0481 -0.71557 0.28114 1.8954 0.5407 0.76786 0.20489 0.15305 0.69805 0.46266 -0.20928 -0.46804 -0.90022 -0.58247 0.45423 0.62993 -0.94289 0.19725 -0.25103 -0.5785 -1.2214 0.35976 -0.32942 0.49293 0.23604 -0.41696 1.4308 1.8177 -0.4099 -2.7199 -1.2223 0.64806
1.5126 -0.38603 -1.7163 -0.17169 0.22692 -0.42646 -0.27475 -0.69506 -0.30158 0.80929 1.4178 0.20264 0.86258 -0.13671 -0.59326 0.62865 0.16909 -0.16535 -0.28 -1.3048 0.35315 1.2993 0.22467 -2.2214 -0.76423 0.040516 -0.84224 -0.87865 0.1442 -0.3859 0.17122 0.053078 -0.20584 1.5846 1.1496 -0.95363 -1.7857 -1.3731 0.43382
1.5056 -0.64116 -1.7572 -0.50459 0.20195 -1.0697 -0.27744 -1.1489 0.73191 1.0776 -0.063799 -0.079974 0.94075 -0.5755 -0.91287 0.64728 -0.0093952 0.075813 -0.35707 -0.95587 0.99233 1.8166 -0.25039 -2.8484 -1.1609 0.24477 -0.92318 0.32223 0.31559 -0.34975 0.20383 -0.038986 0.041253 1.0644 0.091757 -1.4797 -0.093706 -0.8922 -0.1469
1.3656 -1.1732 -1.2066 -0.72937 -0.12899 -0.89912 -0.71263 -0.55063 0.91766 1.6933 -1.2043 -0.90748 1.1325 -0.80689 -0.49419 0.61671 0.012222 -0.23295 -0.58655 -0.99095 1.3911 1.4608 -1.1114 -2.4646 -1.6215 0.042352 -0.70239 1.5121 0.66849 -0.15206 0.4277 -0.057331 0.092906 0.45634 -1.116 -1.223 1.5321 -0.067189 -0.70467
1.0654 -1.3078 -1.5323 -0.61677 -0.48945 -0.54373 -0.88286 0.37246 2.1439 0.3553 -1.4649 -1.3071 1.0944 -1.0645 0.73572 1.3028 -0.16665 0.19908 -0.40849 -0.94561 1.2026 0.58106 -1.6546 -1.0206 -1.291 -0.54597 -0.346 1.5986 0.68998 0.0038784 0.34582 0.12607 0.39232 -0.14159 -1.9405 -0.74762 2.1968 0.93124 -0.80535
0.61325 -1.2213 -1.2342 -0.59537 -0.17111 -1.1706 -0.38051 0.30966 1.5439 -0.48525 -2.091 -0.95949 1.0515 -1.1148 1.5552 1.5776 -0.066354 0.58003 -0.38576 -1.0977 1.2288 -0.52171 -1.5165 0.23421 -0.84018 -0.98527 0.019149 0.54268 0.25103 -0.052535 0.042363 0.17009 1.3214 -0.62694 -1.7842 0.026788 1.9919 1.8249 -0.26694
0.69879 -0.32299 -0.69626 -0.21595 -0.16493 -1.3232 -1.2204 0.96634 1.4255 -1.1089 -1.2031 -2.0143 0.67673 -1.0278 1.2054 1.4848 0.026331 0.31816 -0.21159 -0.10665 0.75311 -1.4373 -1.5481 0.63078 0.4566 -0.86603 0.5059 -0.82685 -0.58456 0.0050839 -0.66188 0.2061 2.1146 -0.69986 -0.80782 0.2848 1.274 2.0983 0.51719
0.077339 0.76352 0.31616 -0.76664 0.93433 -1.0031 -1.6217 0.37353 0.56695 -0.72788 0.0096978 -1.4614 0.016339 -0.79998 0.33683 1.0005 -0.20017 -0.22983 -0.34858 1.1962 0.2393 -1.4328 -1.1287 1.0884 1.4366 -0.33421 0.82645 -1.6739 -1.2178 0.0068367 -1.1085 0.31925 2.3831 -0.8342 0.35584 0.039957 0.402 1.9286 1.0492
0.15747 0.57641 0.25364 -0.73789 0.65484 -1.5306 -1.7263 0.86176 -0.14123 -0.22934 -0.43291 -1.3987 -0.072871 -0.35483 -0.2832 0.46109 -0.10091 -0.69371 -0.016559 2.0603 0.16212 -0.72687 -1.3008 1.3553 2.091 0.17648 1.1664 -1.5363 -1.4853 0.31218 -1.0829 0.2938 1.4272 -0.67812 1.2659 -0.036239 -0.33368 0.90066 1.0224
0.002416 -0.89058 0.19688 -0.50047 -0.55487 -0.73341 0.067275 0.85191 -0.97596 -1.3166 -1.1199 0.40952 0.58891 -0.029811 -0.99486 -0.25716 -0.00040645 -1.0745 0.16004 2.4949 -0.30328 -0.09072 -1.5782 0.76075 2.4976 0.61664 1.2477 -0.59185 -1.1992 0.68281 -0.60376 0.34483 -0.30254 -0.61675 1.3541 0.40419 -1.1547 -0.3875 0.42447
-0.01762 -1.2084 -0.70404 -0.94185 -0.98264 -1.4806 1.3826 0.63513 0.61531 -1.9167 0.19425 0.94002 1.0121 0.59651 -1.1524 -0.74676 0.53681 -1.3705 0.12506 2.057 -0.46356 0.67196 -1.4126 0.068495 1.8684 0.72749 1.1175 0.58392 -0.60935 0.72711 0.17484 0.18136 -2.0733 -0.68332 0.87462 1.7835 -1.5816 -1.759 -0.42233
0.37607 -0.58847 -0.21753 -0.40507 -0.60527 -1.196 1.4352 0.78595 0.71498 -2.6722 0.55334 1.3326 0.98198 0.87447 -0.3944 -0.70643 0.82936 -1.0769 0.27656 0.63932 -0.80227 0.84124 -0.28837 -0.79644 0.71733 0.25089 0.76578 1.4289 0.11658 0.63153 0.80199 0.34327 -3.0079 -0.57218 -0.037133 3.0514 -1.3837 -2.4487 -1.0778
0.49793 -0.63074 -0.55041 -0.36014 -0.88922 -0.89307 0.68384 0.13055 0.85618 -2.7988 0.007868 1.1732 0.8656 1.1179 0.56353 -0.49216 0.92081 -0.37396 0.2848 -1.022 -1.0877 0.73005 1.5748 -1.3315 -0.80169 -0.49126 0.13559 1.3768 0.39278 0.23684 0.89992 0.4978 -2.4917 -0.50818 -0.81617 3.2608 -0.3259 -2.0804 -1.2099
0.97554 -0.62311 -0.56191 0.22822 -0.95409 -1.0267 0.42295 -0.11549 1.1159 -1.7374 -0.70936 0.88458 0.66786 1.0261 0.95618 -0.16792 1.0539 -0.04276 0.77292 -1.7973 -1.2486 -0.19458 2.9637 -1.5702 -1.4348 -0.94925 -0.29455 0.74351 0.44241 0.0053355 0.66826 0.39161 -0.97769 -0.11993 -1.1772 2.2051 1.1707 -0.85732 -0.8196
1.1679 -0.50566 -0.75968 0.54142 -1.4118 -0.97606 -0.44285 -0.088732 0.60449 -0.28925 -2.5734 -0.098811 0.41181 0.74735 0.879 -0.26892 0.8849 -0.16839 0.88757 -1.5503 -1.3585 -0.59187 3.4125 -0.25365 -1.5301 -1.1146 -0.72213 0.013819 0.25249 -0.24243 0.25093 0.17499 0.28098 0.22632 -1.1897 0.36433 2.1781 0.50496 -0.23319
1.3523 -0.31531 -0.67145 0.47131 -0.93895 -0.55465 -0.39507 -0.77337 0.8272 0.86165 -2.0581 -0.58289 0.15013 0.54245 0.90875 0.024373 0.84666 0.092022 0.76737 -0.97103 -0.94007 -1.0707 3.1496 1.2407 -0.76029 -1.0908 -0.80018 -0.45857 0.15014 -0.44675 0.13269 -0.16903 0.73106 0.53299 -0.55663 -1.2806 2.3987 1.0712 0.29204
1.2564 0.31463 -0.67436 0.65459 -0.65852 -0.31787 -0.58047 -1.0242 0.13412 1.6036 -0.97738 -0.66386 -0.10955 0.1029 0.6128 -0.11069 0.53037 0.024178 0.63409 -0.85629 -0.76168 -1.4321 2.1872 2.0505 -0.048345 -0.88885 -0.63827 -0.80374 0.094484 -0.51823 0.0018963 -0.5011 0.48744 0.71509 0.099527 -2.2137 0.96323 0.69988 0.70659
1.31 0.28508 -0.65213 0.92562 -1.1074 0.05858 -0.51686 -1.2451 -0.23744 1.2533 1.0245 -0.47988 -0.34196 -0.043445 0.18562 0.033962 0.33022 0.098087 0.53838 -0.6882 -0.39942 -0.98756 1.0188 2.5495 0.13377 -0.46913 -0.33189 -1.177 -0.023235 -0.62951 -0.24758 -0.90792 0.29363 0.76794 0.88359 -2.4111 -1.03 -0.23748 1.0082
1.3821 0.15091 -0.45956 1.1364 -0.82007 -0.28467 -0.55914 -0.87949 -0.86795 1.7094 1.2462 0.533 -0.38807 -0.07144 -0.34207 -0.099617 0.099885 -0.18694 -0.042437 -0.71051 -0.084918 -0.40881 0.06933 1.2127 -0.46697 0.0052501 0.0092868 -1.0682 0.090436 -0.56357 -0.32226 -1.3451 0.51081 0.823 1.4009 -2.0828 -2.7343 -0.42248 1.1172
1.0643 -0.13904 -0.99153 0.94362 -1.2206 -0.41135 -1.1461 -1.103 -1.2765 1.7581 0.57315 0.3447 -0.34578 0.047753 -0.93059 -0.033191 -0.20292 -0.29984 -0.77585 -0.44046 0.38048 0.36026 -0.59145 -0.59501 -1.0586 0.5023 0.07204 -0.73694 0.28699 -0.5212 -0.567 -1.3241 0.68247 0.65049 1.2612 -1.8212 -3.0825 -0.0050879 0.95811
1.2294 -0.22415 -0.53871 0.86388 -0.93907 0.0037272 -1.3021 -0.77078 -0.22464 1.3967 0.97678 -0.77744 -0.06572 0.065514 -0.93189 0.089205 -0.33658 -0.41854 -1.4899 0.046615 0.62711 0.97007 -1.1566 -2.3729 -0.35797 0.88595 -0.014462 -0.12634 0.73694 -0.44716 -0.60795 -0.61033 0.97473 0.27126 0.86537 -1.4322 -1.723 0.72355 0.62119
1.3051 -0.43068 -0.8487 0.58794 -1.0975 -0.70531 -1.1014 -1.1328 0.36176 1.005 -0.35091 -1.8388 0.13665 0.0048246 -0.97069 0.48342 -0.50069 -0.90055 -1.4756 0.29461 0.64791 1.0929 -1.9981 -2.4178 0.071933 1.0295 -0.25804 0.50159 0.96772 -0.35277 -0.52684 0.32113 0.88317 -0.25723 0.27519 -0.71988 0.078244 1.178 0.19548
1.4127 -0.77021 -0.57807 0.52837 -1.2522 -1.4868 -0.80317 -0.22709 0.48202 0.5542 -1.4195 -1.7521 0.43756 -0.082837 -0.57216 1.0502 -0.65295 -1.0801 -0.96177 0.85299 0.35943 1.1275 -2.0856 -1.6516 0.52888 0.99978 -0.46506 0.80393 1.0973 -0.40138 -0.089081 1.0867 0.38846 -0.67255 -0.18811 0.14081 1.6728 0.78542 -0.15003
1.3486 -0.69303 -0.42612 0.69643 -1.743 -2.0738 -0.26034 -0.2047 0.87426 -0.32158 -2.5765 0.96777 0.66078 -0.3322 -0.12543 1.3378 -0.75848 -1.0059 -0.39271 0.90892 -0.057712 0.89106 -1.5722 -0.77754 1.0373 0.84324 -0.55454 0.92112 0.75493 -0.45856 0.51582 1.2982 -0.22907 -0.96475 -0.41622 1.0489 2.1914 -0.13607 -0.3594
1.1438 -1.0578 0.195 0.27822 -2.2891 -1.6824 -0.71397 -0.14723 0.34195 -1.1205 -1.6485 0.63756 0.76412 -0.57815 0.22521 1.7624 -1.0182 -0.55712 0.1909 0.52775 -0.49592 0.66539 -1.1075 0.48529 0.85362 0.67874 -0.51086 0.71918 0.11594 -0.40295 0.93067 0.9224 -0.86971 -0.99949 -0.69346 1.3723 1.9045 -1.2582 -0.42729
0.93586 -0.53054 0.5813 -0.19113 -2.4142 -0.79061 -0.10593 -0.9674 1.1447 -0.81644 -0.90188 -0.27763 0.85993 -0.71446 0.44088 1.5701 -1.2425 -0.18485 0.60556 0.041859 -1.0361 0.41854 -0.42376 1.3304 -0.37973 0.46658 -0.27389 0.6656 -0.41351 0.044814 1.0686 0.038248 -0.86948 -0.89135 -0.82319 1.1487 0.98386 -1.4419 -0.51096
0.87274 -0.28338 1.0539 -0.26786 -1.8643 -0.67827 -0.17163 -0.98932 1.6511 -0.36582 -0.46343 -0.17717 0.9748 -0.78311 0.55771 1.1494 -1.2246 0.28791 0.42336 -0.37754 -1.3387 -0.14913 0.044996 1.4813 -1.4674 0.32749 -0.041107 0.84044 -0.82638 1.0554 1.0462 -0.65684 -0.49976 -0.40899 -1.0374 0.90207 -0.051361 -0.70128 -0.91838
0.59587 -0.3929 1.4185 -0.92413 -1.6469 -1.2912 -0.50819 -1.442 1.2526 -0.70181 -0.42059 -0.46273 1.0262 -0.71126 1.0159 0.84257 -0.57733 0.61656 -0.44376 -0.30203 -1.5883 -0.49881 0.11291 0.89045 -0.90232 -0.010835 0.0080746 0.98822 -1.1757 1.8946 1.0387 -0.45957 -0.12706 0.7087 -1.1888 0.49199 -0.60142 0.42107 -1.4976
0.51309 -0.41942 1.195 -1.0695 -1.8366 -1.1204 -0.71944 -1.4135 0.90776 -0.38419 -0.11157 -1.381 1.0284 -0.65869 1.5892 0.53137 0.7395 1.0439 -0.64936 -0.24326 -1.1221 -1.1425 0.39625 0.5989 -0.391 -0.93557 -0.0094658 0.92685 -1.4037 2.0697 0.99439 0.44252 0.22505 1.8967 -0.83468 0.62279 -0.60758 1.2067 -1.8302
0.24701 -0.14283 1.0382 -0.97959 -1.6601 -1.4287 -0.85752 -2.1777 0.089747 -0.73193 -0.26182 -1.0055 1.0654 -0.77055 1.8674 -0.38659 1.5368 1.4243 0.18287 -0.24181 0.38559 -1.6829 0.35927 0.45783 -0.0079249 -1.9255 -0.30963 0.45266 -1.3203 1.5219 0.88866 1.2524 0.49045 2.4012 -0.20364 0.45832 -0.13219 1.1928 -1.5494
0.23773 0.58473 1.6122 -0.24206 -1.4523 -2.0174 -0.61504 -2.7383 0.0065379 -0.89854 -0.10094 -0.54398 0.59266 -0.77768 1.9535 -0.9397 1.8284 1.7857 1.007 0.062136 1.7897 -1.3794 1.1399 0.37028 0.68661 -2.4108 -0.52893 -0.3679 -1.2831 -0.030903 0.34181 1.3451 1.3266 1.885 0.80399 0.066134 0.088209 0.68652 -0.39387
0.10028 1.7064 1.4544 1.5601 -0.41449 -1.1772 -0.16172 -2.0423 -0.34239 0.46104 0.20021 -0.73247 -0.69946 -1.1951 1.7226 -0.9654 1.8975 1.9431 1.2912 0.53236 2.1689 -0.82 0.63292 0.72095 1.13 -2.4013 -0.46891 -1.0528 -1.0898 -1.6743 -0.10231 0.84016 1.4492 0.20405 1.3384 -0.40806 0.18235 -0.57748 1.1215
-0.3142 1.3876 0.091246 1.4048 0.27583 -0.090685 -0.90236 0.7723 -1.3706 -0.14088 0.17963 -0.26677 -1.4408 -1.369 0.9363 -1.6513 0.48635 1.4256 1.5504 1.9866 2.076 0.19422 0.37332 0.66732 0.5214 -1.4907 -0.1326 -1.3646 -0.50202 -2.5594 -0.55742 0.11187 1.0105 -1.6186 1.1289 -1.2142 -0.34956 -1.713 2.2733
-0.42773 1.348 0.060143 0.86269 0.39847 -0.023638 -0.47857 1.1474 -0.6755 1.3308 0.083069 0.32638 -1.3872 -1.2937 0.30349 -2.1315 -1.1375 1.3875 1.6262 1.6519 0.67422 0.46944 -0.084178 0.71594 -1.1648 -0.11644 0.64108 -1.3036 0.52485 -2.4103 -1.1399 -0.8138 0.26113 -2.7502 0.7978 -0.62169 -0.63581 -1.8769 2.6128
-1.3501 1.4607 0.34491 1.5969 0.42319 -0.084453 0.1986 0.14787 -0.25013 -0.56489 1.2526 0.2917 -1.2882 -0.96558 -0.022782 -1.3284 -1.7619 0.96756 1.0561 1.5031 -0.99766 0.45599 -0.92739 -0.38818 -1.8497 1.0434 1.3093 -1.2611 1.6058 -1.2553 -1.5115 -1.6572 -0.93098 -2.5065 0.25267 -0.064343 -0.71508 -1.0751 2.0681
-1.3791 1.1033 -1.0946 -0.81197 -0.088715 0.039304 2.6731 -0.4265 0.89916 -0.3838 0.43466 -0.67646 -0.32379 -0.29595 -0.36369 -0.12612 -1.7893 -0.049031 -0.14952 1.3142 -2.2914 0.8037 0.032758 -0.14061 -1.721 1.6143 1.7957 -1.2833 2.1096 -0.022755 -1.8231 -2.0999 -1.3214 -0.9433 -0.027984 0.77125 -0.68508 0.13161 1.086
-1.1339 1.5214 -1.2189 -1.3409 1.292 0.46469 0.42977 -2.0356 0.052902 -0.3671 1.0608 -3.4452 0.070969 0.3887 -1.2125 0.42316 -1.6986 -0.7951 -0.98476 0.37194 -1.908 0.58726 0.16992 -0.4677 -1.511 1.8259 1.6479 -0.89619 1.7837 0.96866 -1.5454 -1.9211 -1.7452 0.77709 -0.47314 0.9091 -0.13191 0.83864 -0.01729
-1.0531 1.6639 -0.054832 -0.11995 1.1758 0.56919 0.90541 -1.8508 -0.60391 -0.89479 -1.4603 -2.5481 -0.044031 1.127 -1.6276 1.0375 -1.2258 -1.2721 -1.6872 -0.32696 -0.93565 0.34904 0.87977 -0.74175 -1.0472 1.6897 0.90563 -0.10205 1.2114 1.3286 -0.70351 -1.0804 -1.7893 2.2995 -0.88068 0.2027 0.014389 1.4921 -0.92827
-0.58598 0.50151 0.43382 -1.0933 -0.618 -0.97927 0.72796 -1.6288 0.60305 1.368 0.90664 -1.0747 0.33018 1.1652 -1.1553 1.5086 -0.12612 -1.4254 -2.141 -1.0468 0.0032818 -0.34682 0.43516 -0.3708 -0.37776 0.97356 0.021641 0.76969 0.48682 1.0241 0.35118 0.16736 -1.5354 2.4372 -1.1207 -0.24831 0.53589 1.5607 -1.3789
-0.23068 -0.39942 0.54674 -1.4959 -1.0231 -1.6099 0.51357 -1.4549 0.81264 0.61348 -0.20009 -1.6208 0.96851 0.87424 -0.59464 1.6507 0.058686 -1.112 -1.8077 -1.4329 1.7448 -0.65234 0.28494 -0.15111 0.92793 0.1675 -0.79915 1.0119 -0.49151 0.42333 1.251 1.1373 -0.57626 1.7632 -1.025 -1.0655 0.52557 1.4116 -1.2539
0.060805 -0.15302 0.87605 -0.85116 -1.0396 -1.9362 0.90456 -1.3671 0.55662 0.19659 -0.071497 -2.2736 1.0289 0.54468 -0.21656 1.0443 -0.3128 -0.21593 -0.59372 -2.0366 2.0433 -1.3611 -0.042512 0.41965 0.8645 -0.19665 -0.98709 0.56649 -1.3647 -0.081208 1.3486 1.2508 0.69109 0.62923 -0.34308 -1.1402 0.19768 1.2835 -0.65453
-0.010667 0.81127 0.46892 -0.94336 -0.85424 -1.9876 0.42098 -0.94799 -0.79754 -0.26215 -0.14505 -2.6162 0.58311 0.047316 -0.10822 0.31815 -0.30074 0.52061 -0.13441 -0.92415 1.8692 -1.383 -1.0123 0.023048 1.3737 -0.25626 -0.66316 -0.18031 -1.8454 0.040629 0.82267 0.73799 1.5058 -0.54547 0.69631 -1.2286 -0.1249 1.0426 0.093282
-0.2139 1.2324 1.7421 -0.7063 0.40841 -1.1889 -2.1403 1.2657 -1.4908 0.26239 0.11909 -0.81664 -0.25248 -0.13635 -0.28587 -0.4539 -0.11941 0.34421 -0.41773 0.076937 1.2982 -0.72662 -1.1953 -0.017593 2.1658 -0.1344 -0.078566 -0.80227 -1.6423 0.4549 0.073646 -0.02764 1.791 -0.92637 2.0002 -1.1051 -0.45706 0.70248 0.61735
-0.23318 0.38561 1.2894 -1.2599 -0.010602 -0.3774 -1.1865 0.71532 -2.2144 0.055139 0.015849 -0.35214 0.097725 0.059957 -0.91629 -1.1525 0.031608 0.17787 -0.39084 0.47645 0.91811 0.56265 -1.593 -0.20029 2.5252 0.32772 0.58242 -0.68198 -1.4379 0.58887 -0.28705 -0.15917 1.007 -1.2067 2.3526 -0.40337 -0.51947 -0.73794 0.73738
-0.39152 -0.67397 0.32307 -1.9686 -0.63383 -2.3297 1.0541 0.31811 -0.2971 -0.55184 0.72337 0.813 0.84766 0.39464 -1.3922 -1.3824 0.41559 0.078525 -0.53589 0.78517 0.49067 2.0553 -1.9616 -0.46561 1.8045 0.76174 0.86782 0.096757 -0.73612 0.63283 0.13821 0.4208 -0.35175 -1.0981 1.5082 0.69928 -0.4999 -2.2692 0.28985
-0.13782 -0.42389 -0.29838 -0.89331 -0.81324 -2.7392 1.1187 -0.15144 -0.028617 -1.6768 -0.85628 0.62581 0.99612 0.78128 -0.89813 -1.987 0.5931 0.079789 -0.41633 0.71557 -0.36531 2.3874 -1.4466 -0.88686 -0.030448 0.78861 0.77399 0.91643 0.093016 0.41027 0.52283 1.2668 -1.4873 -0.87828 -0.34638 2.0465 -0.14049 -2.9604 -0.46566
0.33244 -0.35515 -0.53943 -0.36042 -0.31643 -1.8551 0.33829 0.54051 1.1376 -2.1709 -0.30686 0.91589 1.0236 0.99606 -0.10625 -1.458 0.84871 0.64106 0.44727 -0.6971 -0.46207 1.6721 0.10135 -0.76528 -1.4373 0.22371 0.41777 1.1416 0.55829 -0.16994 0.52273 1.5544 -1.496 -0.55819 -2.0033 2.8758 0.63057 -2.2552 -0.9344
0.42088 -0.3878 -0.36143 -0.29964 0.08545 -1.851 -0.42205 0.98154 2.1195 -2.4773 -0.71081 0.12253 0.9072 1.09 0.24174 -0.94339 0.62073 0.88738 1.7104 -1.6502 -0.52906 0.0018645 1.4178 -0.35248 -2.2227 -0.34143 0.06996 0.77902 0.8227 -0.50937 0.032218 1.1227 -0.58933 -0.34882 -2.6647 2.4583 1.0377 -0.68966 -0.95092
0.74486 0.013734 -1.0138 -0.47313 0.43021 -1.2168 -0.97198 0.23752 1.4087 -0.76089 -1.1975 -1.2101 0.67536 0.95495 0.28169 -0.83925 0.052075 0.6653 1.5852 -0.91668 -0.65442 -1.1347 2.2936 0.65771 -1.9502 -0.55864 -0.26726 0.60814 0.5464 -0.60264 -0.6232 0.29209 0.46869 -0.20175 -2.1528 0.95515 0.89134 0.79553 -0.71302
0.90829 -0.27164 -0.83687 -0.45078 0.38197 -0.51401 -0.6927 -0.60373 0.32731 0.70739 -0.60674 -2.1465 0.67827 0.91498 0.43863 -0.72348 -0.034169 0.11072 1.311 -0.29219 -1.0405 -2.0412 2.3164 0.68579 -1.2549 -0.739 -0.79219 0.81201 0.86417 -0.18013 -0.81804 -0.28339 0.77075 0.12168 -0.85888 -0.69691 0.40124 1.9899 -0.62423
1.0554 -0.45184 -1.123 -0.75237 0.25294 -0.5599 -0.56776 -0.42582 -0.6009 0.60901 -0.016934 -1.7653 0.5211 0.61351 0.9899 -0.5258 -0.03515 -0.19363 1.2344 -0.43142 -0.65765 -2.0168 1.5294 0.67851 -0.20517 -1.0155 -1.5103 0.93845 1.3712 0.47434 -0.54036 -0.23817 0.45913 0.79191 0.45257 -1.6603 -0.4711 2.2735 -0.71252
1.2171 0.12115 -1.4964 -0.43069 0.16209 -0.8364 0.0056756 -0.40844 -1.223 0.60727 0.45258 -1.3326 0.33374 -0.1172 1.4833 0.55245 0.29437 -0.28253 1.2892 -0.35937 -0.2749 -1.4324 0.40017 0.52423 1.1917 -1.3716 -2.1205 0.57903 1.902 0.96803 -0.06788 0.040871 0.42753 1.1124 1.2056 -1.7389 -0.62737 1.6512 -0.61914
1.6139 0.26566 -1.25 -0.22964 -0.050111 -0.095315 -0.64676 -0.61347 -1.2873 0.56658 0.12779 -0.8161 0.035599 -1.1488 1.6037 1.1494 0.82106 -0.20106 1.0926 0.042945 0.67388 -0.44096 -0.059042 -0.28927 1.724 -1.6794 -2.161 -0.37888 1.7088 1.1082 0.42557 0.21083 0.75978 1.1265 1.2032 -1.2192 -0.67282 0.757 -0.24434
1.0239 1.1215 -1.0747 -0.52061 0.081225 0.0084491 -1.7137 0.04684 -0.82575 0.14349 -0.36101 -0.86008 -0.50683 -1.8792 1.2691 2.085 1.4541 -0.035863 1.4525 0.33509 0.70233 -0.18102 -0.35601 -0.2011 1.3385 -1.6554 -1.5481 -1.2476 0.73618 0.74997 0.69562 0.019625 1.177 0.88114 0.80934 -0.76746 -0.065339 -0.074585 0.33745
0.23882 1.5519 0.3497 0.11375 0.14236 0.89096 -0.96374 -0.70592 -1.3236 0.55032 -0.19083 0.41205 -1.0152 -2.2509 0.35008 1.983 1.5805 0.48592 1.573 0.73342 1.2929 0.00023654 -0.52818 -0.42936 1.3545 -1.3645 -0.44882 -1.9721 -0.066134 0.22464 0.49115 -0.45488 1.1825 0.067857 0.34749 -0.54071 0.71607 -0.39266 0.98266
-0.8831 0.98442 0.45073 0.94148 0.068901 0.44881 0.24586 1.0023 -0.45837 0.78477 -0.93976 0.27716 -1.2537 -2.2514 -0.3456 1.5424 1.3968 0.69853 1.0759 1.6207 1.3209 0.12687 -0.90494 0.45721 1.2195 -0.84424 0.68586 -1.9529 -0.97727 -0.58248 -0.035237 -1.3274 0.252 -0.42551 0.41957 -0.37758 0.74233 -0.66644 1.3694
-1.0137 0.86019 1.4109 1.6306 0.19325 1.1969 0.060291 0.29982 -1.5533 -0.29118 0.50749 -0.1107 -1.2605 -1.7468 -1.4698 1.2863 1.2858 0.36132 0.33149 1.7361 0.50005 0.17301 -0.87447 0.95976 0.94188 -0.096345 1.4958 -1.1962 -1.0281 -1.0727 -0.63431 -1.3002 -0.62584 -0.97229 0.60723 0.13923 0.47226 -0.81568 1.3011
-1.1006 0.41428 0.37315 1.5481 1.071 1.3424 0.35591 1.6337 -1.1485 -0.21089 -0.66169 0.99251 -1.1821 -0.95287 -1.664 0.54879 0.43028 -0.060808 -0.67137 0.35605 0.16054 0.65844 -0.94916 0.74018 0.11387 0.48054 1.9034 -0.35921 -1.0722 -1.0523 -0.83883 -0.74837 -1.3157 -0.79596 0.87471 0.89288 -0.5135 -0.6078 0.86994
-1.2582 0.34539 0.66227 1.1645 0.79843 1.0911 0.87183 1.0259 -0.64457 -0.9441 1.1544 0.98388 -1.0573 -0.32098 -1.3454 0.49744 -0.083501 -0.37888 -0.24205 0.17704 -0.25501 1.0715 -0.24717 0.47216 0.15515 0.6051 1.9045 0.10701 -1.1752 -1.0479 -0.80447 -0.19747 -1.2065 -0.32408 1.0226 1.1388 -1.0197 -0.57188 0.52656
-1.5563 -0.55237 1.4389 1.5973 0.1083 0.2435 0.4951 -0.13986 -0.57665 -0.48694 0.90619 0.73616 -0.68424 0.31989 -1.116 -0.13026 -0.025242 -0.5709 -0.1906 -0.13303 -0.04601 1.6007 0.5353 -0.41982 0.30815 0.56585 1.7988 -0.039777 -1.3289 -0.72838 -0.55616 0.33104 -0.69221 -0.11428 0.83111 0.80729 -1.4199 -0.53545 0.50555
-1.2213 -0.27376 1.0955 0.86256 -0.19706 -0.30676 -0.6762 0.22488 0.19447 -0.51158 0.096285 0.033666 -0.53097 0.90276 -1.5349 -0.63909 -0.58448 -0.95679 -0.32869 -0.33992 -0.11419 1.9489 0.62494 -0.69226 -0.38264 0.92791 1.7734 -0.014579 -1.6995 -0.6984 -0.13661 0.42226 -0.67728 -0.077895 0.22149 0.089293 -1.2284 -0.68641 0.54275
-1.2617 -0.3793 1.3534 1.2726 -0.14703 1.3194 1.0586 1.1161 1.009 0.48235 -0.093629 0.65475 -0.73401 1.5384 -1.6491 -1.443 -0.78093 -0.86535 0.039523 -0.70355 -0.1708 2.0473 0.19889 -1.788 -0.7662 1.3436 1.2477 0.69797 -1.1889 -0.71319 0.17692 0.22407 -0.87396 -0.58281 -0.7743 -0.48632 -0.57592 -0.62514 0.12948
-0.24728 -0.4289 0.34896 1.8859 0.12617 1.2845 -0.14074 0.85672 0.93695 0.32891 -0.54979 1.175 -0.63838 2.1291 -1.1091 -2.118 -1.1077 -0.51472 0.49814 -0.82667 -0.37438 1.3401 0.080864 -1.5339 -0.78159 1.3159 0.30042 1.9338 -0.06401 -0.46102 0.41442 -0.35652 -1.4231 -0.9183 -1.6671 -0.66125 0.44919 -0.22298 -0.65619
0.017463 -1.9141 -0.71676 -0.15441 -0.43847 0.18074 0.18304 1.1187 2.3882 0.046285 -0.87288 0.031344 0.35015 1.8568 0.042399 -1.682 -1.1951 -0.46935 -0.15652 -1.562 -1.1965 0.21517 -0.17465 -1.2569 -0.83441 0.63637 -0.92401 2.7249 1.5939 -0.17653 0.46477 -0.64879 -1.3197 -0.53673 -2.1182 -0.12776 1.7235 0.055388 -1.3541
0.58744 -1.6898 -0.65905 0.20449 -0.79049 0.67601 -0.48198 -0.36082 2.5084 -1.1134 -1.7362 -0.67856 0.88602 1.2553 1.4215 -0.64997 -1.3067 -0.37344 -0.97769 -2.6535 -1.612 -0.78116 -0.51728 0.034564 -0.8249 -0.04168 -1.7518 2.8502 2.6991 0.41774 0.6741 -0.4033 -0.88704 0.41269 -2.0127 0.31807 2.1587 0.42628 -1.6243
1.2662 -1.1087 -1.1191 -0.035015 -0.48882 0.97256 -0.97079 -0.54725 0.94713 0.25934 -1.2988 -0.36885 0.55331 0.36938 2.444 0.87719 -1.0442 -0.057371 -0.57091 -2.3313 -0.73225 -1.5266 0.22724 1.2174 -0.62171 -0.71114 -1.8994 1.8449 2.4696 0.62297 0.95613 0.12725 0.097682 1.4424 -1.3877 0.75989 2.1767 0.58236 -1.2453
0.70052 0.71661 -0.4267 -0.45532 -0.65572 -0.19723 -2.3003 -0.91449 0.294 -0.25968 -1.731 -0.57641 -0.66496 -0.16485 3.295 1.7797 -0.36254 0.56225 -0.13794 -2.1399 0.27935 -2.1924 0.49357 1.974 0.033264 -1.29 -1.3109 -0.23958 1.1388 0.60711 0.85539 0.50909 1.2488 1.7302 -0.2421 0.72223 1.4078 0.79914 -0.2732
0.31754 1.1824 0.65468 -0.21608 -0.39433 0.051447 -2.3789 -0.74065 -0.10747 -0.34791 0.8875 0.067528 -0.86012 -0.72601 2.7329 1.8395 -0.43795 0.89057 -0.3281 -1.5973 0.98445 -2.1132 0.80999 2.5578 -0.0063128 -1.2531 -0.12467 -2.5012 -1.0332 0.32435 0.31482 0.33281 1.9735 1.0401 0.72213 0.13532 0.1581 0.3429 0.99509
0.28972 1.1593 1.1984 -0.25217 -0.0522 0.49588 -2.4476 0.67537 -0.63757 0.8376 1.1458 -0.29939 -0.68254 -0.4721 0.80415 1.0489 -0.4122 0.78576 -0.065194 -0.55516 1.2826 -1.0118 0.60672 2.4609 0.59122 -0.31993 0.83448 -3.6316 -2.5757 0.015927 -0.31246 -0.01418 2.4353 0.016895 1.3592 -0.28341 -1.4736 -0.54054 1.7212
0.18969 1.4263 1.1807 -0.60313 0.26947 0.32106 -2.2774 1.1721 -0.88177 0.080229 1.151 -0.26165 -0.61806 0.29954 -1.2321 -0.74943 -0.3848 0.41983 0.063937 0.75411 1.0174 -0.52812 0.4218 1.3274 -0.15895 0.81754 1.279 -3.1834 -2.9093 0.163 -0.61053 -0.20035 2.4324 -1.0028 1.4203 -0.62051 -2.5601 -0.89317 1.6511
-0.073946 1.4532 1.1182 -0.4734 0.44216 0.2064 -2.7228 0.23561 -1.4734 0.48732 1.7372 -0.82906 -0.74111 0.75777 -1.8677 -1.8808 -0.36869 0.17487 -0.37665 1.4624 0.28741 -0.00021669 0.10818 -0.63908 -1.0503 1.1556 0.97079 -1.6282 -2.1234 0.37887 -0.41469 -0.46181 1.6672 -1.1966 0.9735 -0.6752 -2.4593 -0.99665 0.96259
0.84014 -0.2109 -0.12436 -0.82297 0.27141 0.4745 -1.8112 0.99465 -0.24559 1.0064 2.1358 1.3106 -0.089662 0.86321 -2.1946 -2.2913 -0.14641 -0.0025264 -0.59808 2.1663 -0.71246 0.49963 -0.18892 -1.5054 -1.1045 1.3485 0.25847 0.26664 -0.43771 0.63638 -0.044924 -0.35003 0.54311 -0.88115 0.68925 -0.76367 -1.7744 -0.43548 0.056078
1.102 -0.68828 -1.4384 -0.84227 -0.3397 -0.25968 -1.0711 0.42221 -0.69854 -0.07579 0.37253 -1.5699 0.4229 0.91721 -1.9189 -2.2664 0.21176 0.1767 -0.69783 2.0195 -0.46872 0.61389 -0.44459 -1.5148 -1.0777 1.3626 -0.73682 1.7846 1.1671 0.98024 0.39613 0.28104 -0.57621 -0.45201 0.045349 -0.49323 -0.59384 0.23299 -0.90307
1.1461 -0.4327 -1.0744 -0.5772 0.1933 -0.26747 -0.52727 0.18527 -0.26049 0.21374 -0.47914 -2.0215 0.46118 0.65899 -0.68361 -1.4048 0.58092 0.31296 -0.50914 1.5653 -0.53435 0.68157 -0.83398 -2.1234 -1.079 0.8302 -1.6426 2.6064 2.2864 1.0324 0.5976 1.0328 -1.2886 0.084367 -0.47489 -0.040798 0.7168 1.2574 -1.7592
1.0675 -0.87502 -1.2257 -0.45725 0.2734 -0.17749 0.15984 -0.28969 0.016533 0.52654 -0.93134 -1.4169 0.81649 -0.42231 0.88551 -0.08955 1.2083 0.76315 0.1436 0.67087 -0.79753 0.014723 -0.56499 -1.6273 -0.55795 -0.40732 -2.2148 2.3282 2.5286 0.53831 0.17408 1.3419 -1.0993 0.29545 -0.56219 0.36772 1.5554 1.768 -2.0547
1.2471 -0.43342 -1.6677 -0.17344 0.80855 -0.5993 -0.59429 0.78199 -0.24447 -0.66909 0.16069 -1.2345 0.79379 -1.3158 1.5285 1.0048 1.3998 0.83944 1.0926 0.36009 -0.3767 -0.23476 -0.22695 0.13061 1.3458 -1.3186 -2.1324 1.0973 2.0007 0.056429 -0.19527 1.2084 -0.47217 0.59225 -0.12224 0.55277 1.7859 1.6509 -1.6471
1.0466 0.42623 -0.85116 0.34633 0.57394 -0.14563 -0.81496 -0.54371 0.090289 -0.46358 -1.603 -1.6618 0.14513 -1.9338 1.553 1.3785 0.86295 0.23056 1.2487 0.51048 0.083163 -0.1532 -0.035975 0.77891 1.5191 -1.7123 -1.4039 -0.35713 1.0523 -0.32726 -0.35731 0.50046 0.39041 0.61687 0.46779 0.38415 1.1739 1.0303 -0.62002
-0.03746 0.66457 -0.49702 1.0905 1.1219 0.7939 -0.60923 -0.31324 -0.71931 0.29982 -0.66959 -0.15849 -0.79704 -2.281 1.1395 1.6969 0.85468 0.18288 1.4109 0.75627 0.30189 0.50426 -0.019269 0.59999 1.4396 -1.8428 -0.49455 -1.2782 0.17646 -0.68806 -0.099958 -0.28547 0.48282 0.5535 0.42549 -0.042817 0.34866 0.080562 0.47527
-0.85138 0.93487 0.15973 1.0641 0.77017 1.2338 0.040728 0.036975 -1.0127 -0.29881 1.004 0.42389 -1.0547 -2.3756 0.37588 1.5782 0.81793 0.38205 1.0006 1.2649 0.19335 0.67673 0.075915 0.72114 1.6165 -1.3953 0.48874 -1.5358 -0.35373 -0.82367 0.30642 -0.73031 -0.25101 0.28772 0.29254 -0.44137 -0.075671 -0.26222 1.287
-1.1882 0.82776 0.50048 0.024398 0.2743 0.85594 0.58849 0.56917 0.20195 0.37678 0.33313 -0.050661 -1.061 -1.9581 -0.39888 1.2365 0.040932 0.55143 0.61582 0.95511 0.76047 0.2891 -0.38512 0.93119 1.4741 -0.51383 1.3324 -1.0987 -0.74538 -0.97777 0.27621 -1.0618 -1.0263 0.067529 -0.073346 -0.54717 -0.35824 -0.64636 1.5531
-1.4442 0.1951 0.54611 1.1895 0.97803 1.2505 0.60636 0.38932 1.4252 -0.25212 -0.51602 0.47069 -1.0989 -1.2579 -0.70038 0.92183 -0.38164 0.619 0.13019 -0.047062 0.46775 0.60191 -0.74588 0.45357 0.94103 0.22678 1.5918 -0.18343 -0.75604 -0.67447 0.214 -0.768 -1.2285 -0.064084 -0.43529 -0.62096 -0.68802 -1.0754 1.1404
-1.6746 0.35698 0.37443 1.5522 1.6649 0.4741 0.59083 0.35133 0.34852 -0.64716 0.7898 1.0908 -0.9771 -0.5434 -0.48526 0.58598 -0.50384 0.57878 -0.35204 -0.55703 0.29939 0.38751 -0.71107 -0.046233 0.38962 0.48747 1.2807 0.44815 -0.5998 -0.37336 -0.052425 -0.41736 -0.84058 -0.49423 -0.63365 0.1473 -0.46231 -1.2709 0.42688
-1.757 0.15855 1.0311 0.12172 1.351 1.3056 0.11221 0.66244 -0.65865 -0.70086 0.11936 0.942 -0.70734 -0.33779 0.056618 0.44385 -0.26402 0.76259 -0.10911 -0.34252 0.27218 -0.31969 -1.0102 -0.29406 -0.15254 0.41142 0.88481 0.40741 -0.39435 -0.12239 -0.59295 -0.097501 -0.21217 -0.50132 -0.45035 0.57926 -0.37876 -1.3827 -0.061353
-1.8998 0.070987 0.89858 0.35154 1.6251 1.1309 -0.73526 0.44779 0.59007 -0.75892 0.81822 1.3296 -0.61464 -0.21109 0.10253 0.31595 -0.77262 0.35919 -0.13674 -0.50444 -0.22952 -0.63191 0.021931 0.29656 -0.71115 0.25933 0.57472 0.15933 -0.29474 0.29007 -0.7987 -0.069081 0.18981 -0.64383 0.14363 0.69651 -0.16639 -1.1427 -0.25891
-1.4068 0.57502 0.96536 0.05971 1.0125 0.31062 -0.0039832 0.75192 0.45634 -0.98155 0.32787 0.2797 -0.5378 0.098425 -0.19451 0.29195 -0.50224 -0.43577 -0.19158 -0.45578 -0.371 0.13142 0.01938 -0.54289 -1.4814 0.21971 0.57612 -0.02989 -0.45206 0.56258 -0.65509 0.03332 0.56126 -0.63661 0.36737 0.60771 -0.26042 -0.79199 -0.2849
-1.8422 0.77949 0.98197 0.59349 1.928 1.0354 0.77214 0.95887 -0.05033 -1.3649 -0.9705 -0.32928 -0.75762 0.22463 -0.047932 0.088389 0.1816 -0.38407 -0.46645 -0.099306 -0.79235 0.48321 0.13848 -0.2807 -1.4021 0.062969 0.70499 0.028712 -0.88399 0.71743 -0.30712 0.32277 0.66399 -0.2254 0.19027 0.28231 -0.27755 0.1698 -0.31555
-1.8883 -0.03217 0.83144 0.081943 1.7094 0.92366 -0.46312 -0.51531 -0.31535 0.38654 1.2641 0.014195 -0.79698 0.43292 0.071419 -0.31811 0.36785 -0.15039 0.11079 0.58001 -0.84403 -0.065755 0.11974 -0.57072 -1.5083 -0.063288 1.4708 0.11203 -1.5733 0.027818 -0.446 0.026726 0.21457 0.13428 -0.33195 0.43257 0.041108 1.1991 -0.070475
-1.3981 -0.099429 1.098 0.35965 0.40533 0.36488 -0.41863 0.17675 0.69604 -1.1093 -0.70173 -1.1509 -0.44135 0.8331 0.024405 -1.0844 0.20965 -0.39593 0.36263 0.30302 -0.49576 -0.10988 0.51447 -0.29242 -0.32858 -0.23399 2.2556 0.044812 -2.0178 -0.65362 -0.97038 -0.48395 -0.126 0.58003 -0.85639 0.05082 -0.36767 1.5427 0.382
-1.4589 0.39395 1.1357 0.56113 1.1237 0.65815 -0.12735 -0.47568 0.81153 -0.59341 0.12087 -0.54481 -0.61062 2.3301 -0.011939 -2.1511 -0.47216 -1.3105 -0.56464 -0.20757 -0.23933 -0.29281 0.67215 -0.44043 0.56664 0.22862 2.3689 -0.056445 -1.8474 -1.0509 -0.98075 -1.1302 -0.44505 0.50347 -1.0461 -0.07698 -0.13514 1.669 0.7303
-1.1055 0.62128 0.089819 0.98068 1.7541 1.3409 0.91358 -0.33108 -0.048633 -0.81532 -0.52432 -1.3226 -0.78931 3.1693 0.080261 -2.8785 -0.71123 -1.6976 -1.138 0.080018 0.1553 -1.2731 -0.05421 -1.1465 0.88489 0.69181 1.6906 -0.11691 -0.84147 -1.0146 -0.57379 -1.1014 -0.41332 0.32978 -0.83135 -0.45859 -0.052267 1.039 0.92967
-0.29655 0.58949 -0.79917 0.15935 0.48992 0.92496 0.40852 0.52746 -0.18902 0.15808 -0.31617 0.39292 -1.026 3.354 -0.069173 -2.9772 -1.2756 -1.4132 -1.4777 -0.14481 -0.086169 -1.7697 0.23408 -0.43396 1.4813 0.95245 0.028898 -0.17912 0.59509 -0.60771 0.15421 -0.51992 -0.40706 -0.083395 -0.050983 -0.66336 0.31035 0.52203 0.70871
1.8741 0.1097 -2.0816 -0.73361 -0.51397 -0.44405 -0.64987 -0.058966 -0.63368 0.22504 -1.0566 0.81971 -0.043452 3.2372 -0.17858 -2.2951 -1.4202 -1.4722 -1.4603 -0.50285 0.13308 -1.1865 -0.19347 -0.40403 1.4541 1.2856 -1.4592 -0.20869 1.8565 -0.015916 0.8099 0.3488 -0.2658 -0.36619 0.8587 -0.65938 0.88396 -0.01785 0.3354
2.1727 -0.084076 -2.4106 -0.67989 -1.1063 -0.94323 -0.3124 -0.293 -2.4083 -0.85891 -1.117 0.47142 0.41556 2.3382 -0.23648 -1.307 -1.3391 -1.1446 -1.4867 -0.67842 -0.42195 -0.4413 -0.59139 -0.12409 1.4093 1.3667 -2.6049 -0.15107 2.6098 0.63048 1.1384 1.2141 0.29537 -0.23024 1.1998 -0.45433 1.2026 -0.60514 -0.23739
2.2039 0.27051 -2.027 -1.179 -0.37867 -0.97961 -0.046127 -0.18168 -1.5749 -0.73315 -0.76405 0.92652 0.46821 1.1456 -0.24822 -0.15481 -0.72247 -0.28667 -0.42934 -0.14012 -0.48596 -0.049285 -0.96676 0.64523 0.88607 1.1653 -2.8207 -0.36804 2.3354 0.82237 1.1187 1.5503 0.2219 -0.32284 0.99592 0.37556 1.4811 -0.96355 -0.68787
2.2837 0.53393 -1.7037 -0.99308 -0.076139 -0.14387 -0.2314 0.047566 -0.51736 -0.72924 -0.44603 1.3355 0.55572 -0.11333 -0.33314 0.9584 -0.38029 0.17387 0.49132 0.28068 -0.28994 0.29708 -0.29782 1.6876 0.46636 0.53573 -2.1211 -0.69314 1.5824 0.89343 0.56573 1.2887 -0.28678 -0.31195 0.73931 1.2449 1.0753 -1.2274 -0.72414
1.9565 0.18094 -2.0484 -1.1877 -0.36124 -0.79327 -0.19443 -0.87473 -0.652 -1.2234 -0.86171 1.3153 0.6274 -0.42334 -0.85582 1.0507 -0.2733 0.010469 0.72684 -0.51875 -0.64773 0.63305 0.38744 1.9476 -0.14486 0.31389 -1.0979 -0.80902 0.74387 0.71833 -0.057272 0.33261 -0.80162 -0.35749 0.86596 1.6483 0.0082285 -1.2998 -0.43959
2.0096 -0.10915 -1.3722 -1.0843 -0.55356 0.012857 -0.18478 -0.091296 -0.91715 -1.0866 0.83737 1.8608 0.73306 -0.55362 -1.2977 1.1223 0.20411 -0.21952 0.57307 -1.0169 -1.0322 0.84396 1.1836 1.5915 -0.7136 0.33191 -0.18472 -0.51698 0.17954 0.74714 -0.24008 -0.30636 -0.73179 0.18648 1.2199 1.1264 -1.2938 -0.96901 -0.056035
1.8306 -0.44341 -0.75582 -1.3159 -0.49383 -0.15271 -0.11121 -0.56867 -1.139 -0.11554 1.6645 0.87518 0.72996 -0.54085 -1.3589 1.1847 0.40445 -0.21979 0.2006 -1.0226 -0.90505 1.5812 1.5449 0.71772 -1.3181 0.3817 0.077308 0.17346 0.0090062 0.78885 -0.1738 -0.71888 -0.017586 0.90208 1.2495 0.054853 -2.0858 -0.21044 0.015904
1.6299 -0.94474 -1.1647 -1.1641 -0.82815 -0.077689 -1.3004 -1.4032 -0.88995 -0.25917 1.4473 0.022007 0.792 -0.3819 -1.1001 1.2289 0.75732 -0.19395 0.11061 -0.8626 0.2323 2.5023 1.3406 -0.53105 -1.0292 0.39143 0.079395 0.77579 -0.09661 0.718 -0.34107 -0.97264 0.66999 1.2303 0.50365 -1.12 -2.032 0.75931 -0.082948
1.5262 -0.89085 -0.4638 -0.51762 -0.28667 -0.080422 -1.368 -1.5995 1.0636 1.2752 0.89397 0.31917 0.92134 -0.38334 -0.61506 1.0073 1.0096 -0.35723 -0.53449 -0.59907 0.67087 2.548 0.40044 -1.5632 -0.4364 0.31911 -0.1516 1.206 0.1968 0.5519 -0.5774 -1.0853 1.3831 0.66283 -0.86011 -1.4869 -1.088 1.0959 -0.26143
1.5683 -0.93963 -0.34543 -0.44256 -0.48845 -0.18835 -1.0952 -1.0278 2.4871 0.83644 -0.13992 -0.42153 1.081 -0.5029 -0.1453 1.018 1.32 -0.8288 -1.074 0.10831 0.84494 1.4706 -0.48312 -1.7221 0.48361 0.19842 -0.43514 1.3321 0.3856 0.17007 -0.65755 -1.0054 1.8254 -0.50626 -2.2718 -1.197 -0.01218 0.46802 -0.5058
1.5558 -1.1119 -0.25415 -0.090167 -0.87214 -0.46537 -0.86829 0.66669 2.9123 0.076766 -1.2497 0.6593 1.0913 -0.75039 0.53424 1.6608 1.2108 -1.0369 -1.4535 1.2189 0.21881 0.21905 -0.51016 -1.0686 0.28807 -0.047258 -0.55297 1.6318 0.44634 0.033727 0.039014 0.0761 1.3005 -1.251 -3.0917 -0.17696 0.78748 -0.34117 -1.0323
1.414 -0.77799 0.13338 0.23637 -1.165 -0.83378 -0.924 0.52421 1.9439 -0.65826 -0.44706 1.1668 1.0159 -0.9588 0.9439 1.6354 0.98409 -1.1435 -1.512 1.8176 -0.65563 -1.3042 -0.59575 -0.79874 -0.38041 -0.44467 -0.73524 1.6028 -0.072882 -0.083445 1.1411 1.3839 0.17067 -1.182 -2.5997 0.62591 1.0274 -0.85908 -1.4743
0.91533 -0.73871 0.44439 0.70818 -1.841 -1.7078 -0.29723 -0.65155 0.22338 -0.52444 -0.49302 1.15 0.91124 -1.1196 2.0485 1.5486 1.2335 -0.14371 -0.17245 1.1123 -1.3135 -2.8321 0.088422 -0.28991 -0.73517 -1.4427 -0.73894 1.0699 -0.95274 -0.12794 1.9066 2.3577 -1.1095 -0.070932 -1.0176 1.0764 0.88614 -0.31306 -1.5601
0.52169 -0.1211 1.5489 0.63871 -1.7819 -1.7356 0.36914 -2.0095 0.44348 0.30332 -0.10316 -0.36416 0.73356 -1.5978 2.2486 0.92673 1.1312 0.90962 1.1193 0.5254 -0.97348 -2.6933 0.44188 0.15018 -0.85037 -2.0803 -0.7038 0.083465 -1.3927 -0.64024 2.4168 2.431 -1.344 1.3857 0.78372 0.80558 0.8706 0.4924 -0.93076
0.43467 0.16359 1.4662 0.81433 -1.5466 -1.7115 1.0966 -1.938 -0.072122 0.50215 -1.3172 -0.73834 0.35924 -1.7168 1.9847 0.17767 0.8712 1.6003 2.0681 -0.26641 0.21113 -1.3095 1.089 0.40848 -0.14721 -2.3792 -0.43688 -1.2145 -1.7598 -1.7579 1.9107 0.85506 -0.9341 1.8448 1.7724 -0.48082 0.80234 0.9756 0.48381
0.27406 1.726 1.28 1.7193 -0.12329 0.58614 -0.60787 -1.3653 -2.4162 0.44914 -0.93127 -0.65925 -1.1164 -1.8853 1.1383 -0.36175 -0.12098 2.634 2.3559 -0.081683 1.5854 -0.34181 0.48466 0.76946 0.38915 -1.8544 0.18244 -1.8019 -1.4109 -2.4809 0.86915 -0.92747 -0.64126 1.0453 1.7148 -1.5908 0.70923 0.63312 1.8114
-0.86307 1.0171 0.58554 1.547 0.31568 0.85509 -0.4826 0.20478 -1.1121 0.011684 -0.32499 0.55871 -1.3132 -1.7393 0.21315 -1.1948 -1.6523 2.6658 0.95496 -0.37376 1.4094 -0.1179 -0.90404 1.168 0.7487 -0.57508 0.56009 -2.2265 -0.58832 -2.4941 -0.1724 -1.9161 0.15922 -0.19552 1.0521 -1.8393 0.61974 -0.59745 2.6208
-0.90574 1.0545 0.50837 1.3733 0.31352 0.87603 -0.98863 0.26426 0.37935 1.4131 0.6598 1.3453 -1.4713 -1.2788 -0.41164 -1.1045 -2.5585 2.0366 -0.24589 -0.6397 0.68991 0.47482 -1.7345 1.3336 0.068106 0.681 1.0656 -1.6982 0.4034 -1.5199 -1.1586 -1.6714 -0.015488 -1.0579 0.19993 -1.3387 -0.072058 -1.5995 2.26
-1.6408 0.27143 0.68389 -0.27738 1.8386 0.47221 0.98791 0.74861 -0.26279 0.011205 0.4708 0.50992 -0.63563 -1.0592 -1.6215 -0.58843 -2.8878 1.5467 -0.58684 0.35408 0.22115 0.59399 -1.4673 1.4932 -1.2691 1.6521 1.2534 -0.81558 1.3677 0.14929 -1.6585 -0.48457 -0.5539 -0.69257 -0.046025 -0.32728 -0.5134 -1.5574 1.0499
-1.3363 0.42539 -0.16097 -2.3318 1.5817 -1.3558 -0.15887 -1.111 -0.65085 -1.7161 0.92757 -0.097353 0.40965 -0.39026 -1.2863 0.10254 -2.541 0.93622 -0.32551 -0.44466 -0.13478 -0.25313 -1.9065 0.45507 -2.0414 1.6019 1.4564 0.22294 1.4463 1.8043 -2.4596 0.52294 -1.1035 -0.26384 -0.18063 1.0496 -0.56023 -0.084075 -0.45048
-0.90454 0.53669 0.094314 -1.7984 1.2188 -0.79525 -0.94924 -0.6815 -0.27052 -1.9558 0.32606 -0.9105 0.43445 -0.023657 -0.95543 0.82136 -1.375 -0.0068579 -0.015713 -1.5198 0.30239 0.15179 -1.4845 0.48668 -1.5452 1.0889 1.7315 1.0743 0.99753 3.0305 -2.9228 0.78054 -0.82806 0.15088 -0.045741 2.2309 -0.50096 1.4866 -1.5225
-1.7674 -0.68851 0.60924 -1.5029 2.2057 1.2321 0.14693 0.23228 -1.0604 -0.49409 2.0734 -2.119 0.28384 0.71441 -0.30778 0.96136 0.26675 -1.9569 0.53094 -1.8224 0.062878 0.30669 0.33883 0.61344 0.028789 0.0551 1.7265 1.1646 0.095353 3.1063 -2.6233 -0.11028 0.61243 0.01781 0.064338 2.8489 -0.19221 2.283 -1.5631
-1.3479 -0.2437 0.9373 -1.9094 1.2986 0.37257 -1.4623 0.44706 -0.79323 -2.3515 -0.16531 -1.3723 0.25553 1.3753 0.00086113 0.89088 1.7316 -2.6718 0.57733 -0.5399 0.4384 0.2204 1.8181 0.32067 0.89933 -0.64844 1.7807 1.1932 -0.94925 2.3088 -1.659 -1.2749 1.4807 -0.53327 -0.35121 1.8753 -0.53085 2.1743 -1.0588
-1.0045 0.036989 1.8073 -0.98361 0.47041 0.041193 -2.4639 0.74937 1.2857 -0.75594 1.8311 -0.28742 0.082111 1.8885 0.52478 0.24355 2.0799 -2.8178 -0.86244 0.29026 -0.17627 -0.13992 2.0762 0.1225 1.6543 -0.68534 1.0616 0.70856 -1.2952 1.1927 0.12064 -1.6862 1.6628 -0.59797 -0.59693 0.53061 -0.33178 1.2109 -0.34029
-0.21797 0.23696 1.1078 -0.48885 -1.6457 0.22289 -0.91319 -0.67707 -0.55797 0.28555 1.4635 0.88542 -0.24696 2.4613 0.97375 -0.6505 2.3046 -2.8003 -1.9556 0.34117 -0.75076 -0.38789 1.3494 -0.42675 2.326 -0.67777 0.069786 0.15314 -1.2394 0.037733 1.4315 -1.1572 0.90156 -0.34386 -0.65705 -0.7229 -0.16099 0.27076 0.13037
0.82998 0.39156 0.63383 0.67986 -1.6698 -0.47212 -0.37048 -0.24725 -0.64546 1.0016 0.98359 0.21191 -0.31581 1.9996 0.5979 -0.76327 2.3439 -1.6788 -1.6854 1.0092 -0.65608 -0.69052 1.6084 0.26521 1.9255 -0.61504 -1.0645 -0.45735 -0.43352 -0.72824 2.182 -0.049214 0.037475 0.35974 -0.10018 -1.1027 0.12211 -0.66107 0.32027
0.93873 0.61814 0.5382 1.1408 -1.2705 -1.3671 -0.19401 -0.33658 -0.9728 0.87568 0.77092 0.65388 -0.31649 1.4326 0.26391 -0.99392 1.6635 -0.49533 -1.4056 0.88901 -0.082241 -0.93739 0.60071 -0.097723 1.3502 -0.41729 -1.8999 -0.71461 0.36968 -1.5381 1.9519 0.79359 -0.3197 0.46575 0.29591 -0.84173 0.27133 -1.2088 0.45299
1.246 0.39757 -0.084644 1.2996 -1.3848 -1.4145 -0.70184 -0.56036 -1.2932 -0.16571 0.68399 1.7949 -0.50577 0.55385 -0.021563 -0.42487 0.93904 0.22541 -1.2522 0.12051 0.26009 -0.078129 0.24577 0.23238 0.72287 -0.16555 -1.7862 -0.53353 0.69103 -1.9024 0.82317 1.0934 -0.56793 0.029177 0.68605 -0.47909 -0.086157 -1.5093 0.49551
0.95006 0.48365 0.8017 1.5073 -1.1887 -1.5557 -0.85342 -0.22668 -0.72394 0.70924 1.4317 1.8175 -0.51192 -0.10957 -0.12381 -0.11699 -0.067092 -0.0011756 -0.55294 0.19351 -0.20754 -0.039176 0.34375 0.19161 0.32882 0.01573 -1.3462 -0.29908 0.81826 -1.6358 -0.099201 1.2353 -0.1742 -0.46954 0.74405 0.34989 -0.24538 -1.7075 0.4647
1.0762 0.35746 0.18213 1.3783 -0.97732 -1.3197 -0.60903 0.41641 -0.82208 0.72492 1.6886 1.7279 -0.47886 -0.3264 -0.25935 0.11825 -0.59028 -0.35492 0.12449 0.28112 -0.54219 0.37011 0.76929 -0.062219 -0.8091 0.17262 -0.71093 -0.1131 0.39506 -1.1546 -0.49585 1.1538 0.16338 -0.79291 0.33161 0.20114 -0.75029 -1.4061 0.34821
0.7746 0.27191 0.44154 1.1375 -1.6291 -1.6984 -0.27863 -0.51988 -0.70868 1.0978 1.2964 1.1941 -0.38826 -0.46338 -0.20713 0.2989 -0.84043 -0.41597 0.43402 0.5003 -0.71516 0.47531 1.0157 -0.4827 -1.5558 0.35553 -0.45546 0.16694 0.47791 -0.64046 -0.33472 0.7915 -0.22184 -0.72474 0.49187 -0.39806 -0.71557 -0.78228 0.14816
0.76914 0.41705 0.3731 0.52959 -1.5495 -1.4122 0.05591 -0.87076 -1.0621 1.3503 0.72436 0.66594 -0.24224 -0.50665 -0.204 0.11866 -0.9847 -0.5442 0.61465 0.3167 -1.2239 0.39776 0.29149 -1.0711 -1.358 0.37104 -0.4776 0.48486 0.61422 -0.43722 0.050896 0.80688 -0.7657 -0.25645 0.47161 -1.2357 -0.17508 0.31164 -0.068726
0.63484 0.21035 0.6084 0.43416 -1.7593 -1.0749 -0.31559 -1.208 -0.14432 1.4905 0.6101 -0.2372 -0.19594 -0.81501 0.17526 0.79342 -1.1565 -0.57228 0.81692 -0.22555 -1.4561 1.0313 -0.22427 -0.86834 -1.077 0.21877 -0.62148 0.5286 0.70952 -0.25923 0.40303 1.043 -1.0827 0.4161 0.63199 -1.5406 0.52001 0.87907 -0.27888
0.59179 0.18955 0.61336 0.37276 -1.6907 -0.82961 -0.27091 -1.0439 -0.33665 1.4168 0.37198 -0.067403 -0.10488 -0.98446 0.50157 1.0434 -1.3142 -0.19763 1.5796 -0.81728 -0.74204 1.132 -1.0793 -0.24736 -0.37406 0.10496 -0.54934 0.51598 0.55479 0.072934 0.84923 1.1448 -0.86675 1.4025 0.29866 -1.1556 1.0956 0.77121 -0.45122
0.26235 0.25146 0.71474 0.15141 -1.8231 -0.84896 -0.42057 -1.7397 -0.17573 0.79272 -0.045216 0.36492 -0.105 -1.3072 0.47823 1.192 -1.2032 0.17008 2.0839 -1.0118 -0.062802 1.4995 -1.3722 0.25327 -0.15189 -0.072157 -0.30321 0.30574 -0.081717 0.48473 1.3707 1.0435 -0.40326 1.8993 -0.40158 -0.46311 1.1585 0.29218 -0.57685
-0.22526 0.77253 1.5861 -0.57241 -2.0148 -0.42823 -0.83808 -1.9533 1.2988 0.41655 0.60019 0.051177 -0.28699 -1.2185 0.65784 0.97765 -0.82741 0.70589 2.323 -0.94845 1.1193 0.82458 -1.4441 0.77934 -0.15686 -0.39248 -0.026092 0.052944 -0.73725 0.97362 1.6502 0.28535 0.089019 1.6052 -0.96104 0.80699 0.99882 -0.24009 -0.64183
-0.49476 0.9407 1.786 -1.0607 -1.7039 0.77081 -1.2572 -1.2485 0.70942 -0.4684 0.97737 0.56225 -0.18186 -1.2302 0.69689 0.66195 -0.44593 1.6045 2.5787 -0.91485 1.7342 0.31165 -0.9778 1.1676 -0.55309 -0.69538 0.41421 -0.21546 -1.4396 1.3816 1.4697 -0.82745 0.55518 0.82097 -1.412 1.6263 0.50266 -0.065876 -0.57283
-0.93679 0.61283 1.7629 -0.92777 -1.0921 1.448 -1.1239 -0.63377 1.7669 -0.093463 0.97636 -0.23142 -0.32584 -1.0759 0.49475 -0.1151 0.23468 2.2536 1.9058 -0.66113 1.8405 -0.37326 0.30699 1.4943 -0.68666 -0.8776 0.7566 -0.31382 -1.6689 1.47 0.81411 -1.8014 1.2105 -0.25595 -1.0123 1.6986 -0.17895 0.34099 -0.35076
-0.63966 0.90231 1.5361 -0.18963 -0.65689 1.5766 -1.3386 0.932 0.33529 -0.32786 1.6931 -0.53004 -0.77607 -0.66995 0.13433 -1.0343 1.0057 2.2161 0.57656 -0.042245 1.3509 -0.9888 0.961 1.0055 -0.025178 -0.98432 0.96452 -0.33316 -1.2648 1.2312 -0.21938 -2.106 1.472 -1.004 -0.67851 1.1643 -0.6951 0.90789 -0.046097
-1.1401 1.0838 1.3983 -0.28891 0.7025 2.157 -1.3673 0.70133 0.0012192 0.14178 1.8399 -0.63339 -0.98211 -0.19795 0.3202 -1.3873 1.3627 1.9535 -0.3957 1.0058 0.74167 -0.73667 0.93857 0.47393 0.3168 -0.95399 0.83199 -0.3023 -0.51197 0.52477 -1.1172 -1.5919 1.3479 -1.1992 -0.063816 0.20365 -1.1493 1.0965 0.25243
-1.3271 0.96377 0.69092 0.24775 0.89372 1.0218 -1.3396 -0.029819 -0.14391 1.6397 2.4205 -0.38172 -1.1327 -0.0088977 0.12719 -1.1389 1.4305 1.3116 -0.61712 1.1519 0.086377 -0.98676 0.9986 0.15838 0.90309 -0.7475 0.62703 -0.21727 0.32475 -0.086766 -1.6845 -0.60284 0.61533 -0.64998 0.49914 -0.50188 -1.1535 0.6181 0.46319
-1.0013 0.85124 0.28461 0.71154 0.45187 0.33201 -0.77 -0.11036 -0.11268 1.1209 1.7161 0.78396 -1.3295 0.024672 -0.097952 -1.0536 1.056 0.52862 -0.78616 1.4003 -0.14915 -0.50756 0.67487 -0.59857 1.213 -0.48307 0.37406 -0.19072 0.8403 -0.62563 -1.701 0.35861 -0.14097 0.013547 0.5156 -0.97663 -0.96462 0.06847 0.50916
-0.63428 1.3507 0.16241 0.90031 0.98045 0.88954 0.5239 0.44733 0.21318 0.20368 1.3406 0.59977 -1.2305 0.29536 -0.085604 -0.58473 0.97503 -0.3446 -0.48203 0.99104 0.36958 -0.003163 0.079995 -0.9838 0.86081 -0.28093 0.11122 -0.050866 0.86826 -0.93045 -1.1731 0.63872 -0.61327 0.32531 0.37539 -0.78945 -0.36281 -0.58061 0.40119
-1.003 0.62958 0.67829 1.3695 0.74672 1.2546 -0.25741 0.20376 -0.67726 1.4989 1.5994 0.66873 -1.3452 0.28902 0.049819 -0.057686 0.33338 -0.52337 0.26106 0.84264 0.6173 -0.092201 -0.55673 -1.0661 0.48894 -0.15553 -0.045652 -0.001162 0.69111 -0.79911 -0.66517 0.36598 -1.2831 0.073509 -0.10196 -0.18299 0.27746 -0.68572 0.22681
-0.90817 0.90455 -0.0012073 0.97335 0.44384 0.61936 0.10153 0.81645 -0.64081 0.78778 0.75606 1.1205 -1.4293 0.043446 -0.048383 0.023588 -0.072287 -0.44764 0.15989 0.26649 0.39884 -0.36539 0.031098 -0.39792 0.018942 -0.097698 -0.1192 0.14207 0.38175 -0.69731 0.02003 0.050231 -1.028 -0.24858 -0.17048 0.33447 0.36196 -0.42633 0.12541
-0.79894 1.048 0.51483 1.3059 0.18096 1.1323 -0.51172 0.91607 0.53137 0.78149 0.61297 0.43116 -1.317 0.063825 -0.12048 -0.037642 -0.022939 -0.72393 -0.36764 -0.70721 -0.016062 -0.5433 0.31904 -0.27611 0.16152 -0.11351 -0.0517 0.079936 0.16904 -0.028605 0.50952 0.17957 -0.49431 -0.52452 -0.095201 0.71835 0.16613 -0.1713 0.065285
-0.76406 1.0786 0.47965 0.63246 0.14467 1.1016 0.32103 0.60609 -0.51094 0.43052 0.77926 0.84366 -1.3706 0.19394 0.27736 0.13115 -0.24665 -0.22481 -0.077842 -0.20664 0.13306 -0.14461 0.28829 -0.57787 0.11043 -0.045673 0.040266 0.082226 0.027258 0.27099 0.78073 0.54187 0.37873 -0.19369 0.00056096 0.12362 -0.19027 0.090382 0.053765
-0.88967 0.81171 0.18511 0.77297 0.25236 0.54926 -0.0039016 0.49609 -0.97012 1.2962 1.44 0.77253 -1.4297 0.11651 0.042548 0.20585 0.35231 0.33027 0.73587 0.14686 -0.40349 -0.40464 0.72233 -0.60506 0.078073 -0.046772 -0.095872 0.037842 -0.019729 0.44317 0.84384 0.59305 0.83095 0.21042 0.30855 -0.31892 -0.30346 0.078727 0.077264
-0.62211 0.95857 0.26046 1.3881 -0.1311 0.44581 -1.1089 0.335 -1.0378 1.1958 0.75032 1.026 -1.4085 0.078898 0.03021 -0.053192 0.26842 0.5142 0.70948 0.60879 0.15881 -0.42695 0.057367 -0.64474 0.25883 -0.019579 -0.23452 -0.058861 -0.081778 0.43047 0.39427 0.083294 0.62927 0.35321 0.46446 -0.71606 -0.23742 0.15737 0.068908
-0.75559 1.1838 0.89602 0.72672 0.64127 1.3999 -0.014717 1.014 -0.2716 1.7238 -0.080452 0.9024 -1.4053 -0.052312 0.075898 0.0092399 0.59073 0.51741 0.44534 0.53584 0.41673 0.28048 -0.21543 -0.90244 0.2604 0.032416 -0.27862 0.018132 -0.10227 0.035768 -0.019993 -0.61378 0.45161 0.45723 0.6331 -0.88006 -0.0093178 0.14579 0.060754
-0.73847 0.93813 0.25609 1.9569 0.96047 2.147 0.55497 -0.021278 -0.9699 1.5535 -0.2448 0.95486 -1.4437 -0.1351 0.14327 0.064981 0.48005 0.42405 0.22528 0.85654 0.47936 0.53704 -0.68054 -0.94399 0.36163 0.056821 -0.22726 -0.048831 -0.073121 -0.018701 -0.35419 -0.96684 -0.12757 0.020148 0.39492 -0.45354 0.3247 0.075908 0.024738
-0.69342 1.0793 0.32396 1.0925 0.63551 1.5857 0.56284 1.5692 -0.49391 0.036973 0.23511 0.94296 -1.3098 -0.26623 0.020049 -0.057073 0.30643 0.31755 -0.29835 0.93438 0.41901 0.50709 -0.67175 -0.46953 0.34412 0.04064 -0.11266 -0.10433 -0.14898 -0.13881 -0.43698 -0.93639 -0.36285 -0.16554 -0.026549 -0.18863 0.52614 0.060927 -0.0098756
-0.96323 1.0518 0.41606 1.6337 0.66036 0.74111 0.47039 0.9996 -0.098036 0.68109 -0.26735 1.3866 -1.3719 -0.21503 -0.039552 -0.16788 0.36204 -0.08923 -0.9214 0.192 0.18927 0.33158 -0.63145 -0.14211 0.38398 0.02914 -0.026881 -0.10726 -0.14622 -0.039633 -0.36108 -0.70218 -0.54735 -0.18046 -0.13681 0.043624 0.43699 0.017967 -0.017949
