39 284
-0.91881 1.5712 1.2297 1.6592 1.2636 1.5775 0.31792 -0.2115 -1.4521 0.46897 0.089545 0.38521 -1.7594 -0.097042 0.080666 -0.64589 0.22747 -0.15886 -0.50455 0.12539 1.0604 0.25044 0.82287 -0.56763 0.55931 -0.075376 -0.0040611 -0.24887 0.0174 -0.093704 -0.13024 0.094345 -0.10614 -0.65431 -0.52852 -1.1929 0.096238 0.053831 0.02965
-0.823 2.0027 0.7916 1.5205 0.86914 0.20831 0.46842 0.82677 -0.96159 0.89929 0.049191 0.66372 -1.8183 0.077675 -0.1479 -0.70557 0.30235 -0.21744 -0.44638 0.074799 0.36631 -0.10247 -0.34108 -0.5279 0.76801 -0.055883 -0.087704 -0.33627 0.17146 -0.29622 -0.21871 0.07807 -0.22515 -0.57464 -0.53351 -1.2569 0.38577 -0.24378 0.074352
-1.0682 1.6265 0.72048 1.6578 0.7388 0.81811 0.39516 0.9889 -1.6634 0.087538 -0.97292 1.5538 -1.8114 -0.18092 -0.22335 -0.58263 0.013244 -0.36194 -0.34472 -0.060207 0.039718 -0.63423 -1.037 -0.36629 0.55296 -0.035481 -0.2894 -0.2471 0.36388 -0.53158 -0.18831 0.26197 -0.036702 -0.29085 -0.33902 -1.1636 0.4633 -0.78194 0.069216
-1.0198 1.5182 0.54264 2.1005 1.4479 1.5587 0.45428 0.93836 -0.87998 2.2885 -0.32068 0.68152 -1.8187 -0.21628 -0.33424 -0.36845 -0.21158 -0.4512 -0.42576 -0.22221 0.36707 -0.37841 -0.81978 0.1729 0.037882 0.027758 -0.22766 0.13658 0.48741 -0.60629 -0.024715 0.042693 0.0083531 -0.033278 0.32321 -0.29827 0.37336 -1.1814 0.087081
-0.66317 1.3349 0.57854 1.8917 0.91407 0.9738 0.34224 -0.57238 -1.9806 -1.2928 -0.33579 1.404 -1.7864 -0.50829 -0.24147 -0.1611 -0.49103 -0.38036 -0.014857 0.19691 0.44079 -0.29062 -1.3198 0.089188 -0.72604 -0.0025531 0.16084 0.31478 0.39807 -0.53042 -0.058006 -0.24856 0.02179 -0.10564 0.74371 0.15938 -0.1601 -0.91276 0.12537
-1.3397 1.5113 0.68695 1.3268 0.6442 0.85639 0.1884 0.0964 -2.5685 -0.92119 -0.2352 0.85495 -1.7941 -0.19532 0.09821 -0.041968 -0.55726 -0.24794 -0.51826 -0.043855 0.077004 0.38197 -0.81542 0.05898 -1.0786 0.071646 0.39897 0.35195 -0.0012874 -0.17795 0.26352 -0.082995 0.055804 -0.16208 0.73473 0.95867 -0.42939 -0.34917 0.13271
-1.0876 1.4323 0.66866 1.3295 0.53634 0.26389 0.093446 1.6033 -1.1278 0.48612 0.40745 0.38228 -1.7404 0.1367 0.10047 -0.031356 -0.78729 -0.56406 -0.74594 -0.11357 -0.05304 0.48969 -0.72078 -0.63704 -0.81291 0.14947 0.72615 0.072972 -0.37256 0.33503 0.46127 0.15686 -0.1105 -0.025046 0.60952 1.2887 -0.21339 0.25747 0.154
-1.595 1.7254 0.4695 1.1232 0.57965 0.77408 1.1334 1.6636 -1.4064 -0.97761 -0.72534 -0.14057 -1.8765 0.25809 0.098033 -0.43335 -0.3939 0.12717 -0.20042 0.034437 0.25997 0.71743 0.83062 -0.36835 -0.66375 0.1707 0.43742 -0.30773 -0.42425 0.6547 0.46465 0.52035 -0.19429 -0.053469 -0.076289 0.96519 0.38449 0.56671 0.065205
-0.88461 1.6129 0.64296 1.5058 0.9875 0.56985 -0.061311 -0.035236 -0.69922 0.02426 -0.83676 0.1756 -1.6779 0.70592 -0.11248 -0.62972 0.032522 0.27964 0.13116 -0.061537 0.27749 0.77519 0.48079 -0.13897 -0.40944 0.20186 0.095335 -0.74602 -0.23199 0.48311 0.25003 -0.046523 -0.40394 -0.37345 -0.057467 1.0626 1.0172 0.235 0.3875
-0.54476 1.4223 0.49486 1.0287 0.40022 0.40868 0.18793 -0.036808 -0.97612 -0.024556 -1.0934 0.12263 -1.6348 0.39261 -0.3137 -0.49958 0.22114 0.18392 0.022721 -0.45075 -0.21861 0.08994 0.54703 0.6484 -0.10937 0.15351 -0.1388 -1.103 -0.1257 -0.28499 -0.61424 -0.71418 -0.1384 -0.651 -0.15471 0.20066 0.78954 -0.010321 0.84606
-0.8051 1.4907 -0.078555 1.3291 1.1398 0.77486 0.45768 0.64007 -1.5154 -0.012088 -0.084642 0.56427 -1.6523 0.26859 -0.95726 -0.41104 -0.21948 -0.13056 -0.93002 -0.65613 -0.60304 0.69211 1.5831 1.048 -0.61309 0.79561 0.053064 -1.6037 -0.17831 -1.041 -1.1233 -0.96179 0.37686 -0.26413 0.22661 0.13402 0.47411 -0.11747 1.5191
-0.63513 1.3793 0.032939 1.4086 0.78728 0.88114 0.14017 1.9205 -0.6509 0.10107 -0.063991 -0.21762 -1.6248 0.215 -1.3501 -0.76531 -0.79359 -0.78373 -0.98143 0.058645 -0.66063 0.45157 0.6821 0.74399 -0.59813 1.2647 0.71247 -1.927 -0.083351 -1.381 -1.3633 -0.93003 0.78343 0.2737 0.65643 -0.3154 -0.073893 0.0097599 2.0491
-1.0618 1.1743 0.28844 1.581 0.66188 0.15879 -0.2846 0.75673 -1.1341 0.92264 1.0022 0.069895 -1.6819 0.91066 -2.3162 -0.81361 -1.3648 -1.2818 -1.1379 0.4043 -0.065673 1.0558 0.67988 0.84361 -0.42542 2.1429 0.92964 -1.61 -0.22239 -0.94184 -0.68472 -0.37447 0.8311 0.95247 0.27715 -0.97554 -0.32018 0.60198 1.8243
-0.97261 0.43023 0.10585 0.55161 0.42117 -0.91091 0.036983 -0.79255 0.38642 1.6478 -0.21349 -1.2473 -0.66453 1.4856 -2.9058 -0.44514 -1.7311 -1.724 -1.5855 0.52359 0.056106 1.2362 0.34794 0.60747 -0.19741 2.8471 0.75521 -0.89821 -0.27484 -0.21196 0.55321 0.24097 0.053165 1.7288 0.12515 -1.2321 -0.61582 0.52089 1.0888
-0.13388 0.12324 -0.60537 0.33182 -0.27944 -0.24568 0.39673 -0.9697 -0.67697 0.01805 -0.30919 -0.0055592 -0.38784 1.4748 -2.912 -0.96675 -1.4746 -0.90507 -1.3091 0.70788 0.9798 0.86316 -0.248 0.44573 0.43127 3.0025 -0.043238 0.38421 -0.33948 0.71046 1.7155 1.0888 -1.0337 1.8953 -0.34505 -1.5657 -0.74744 0.24731 -0.35092
0.72314 -1.2161 -0.64967 -0.43695 -0.83285 -0.51575 1.036 1.8189 0.56773 0.85548 0.7807 -0.051257 0.4666 1.4311 -2.5745 -1.1782 -1.1312 0.043291 -0.43478 0.0031726 2.3566 0.80479 -1.3759 -0.36064 0.048599 2.6247 -0.91641 1.4317 -0.30326 1.2671 2.3663 1.7497 -1.8069 0.8686 -0.045572 -0.76733 -0.756 -0.47334 -1.5113
0.59362 -1.2777 -0.1403 -0.086799 -0.55682 -1.2239 0.63525 1.423 0.38352 0.52215 0.99427 0.059705 0.859 0.86428 -1.8237 -1.0522 -0.3747 0.97178 0.3212 -1.3351 2.6668 0.58036 -1.661 -0.25776 -0.045666 1.6786 -1.3915 2.1423 0.035624 1.275 1.9569 1.8042 -1.8424 -1.4269 0.28847 0.064773 -0.72702 -1.191 -2.1459
0.29063 -1.2966 -1.1737 0.24003 0.38894 -0.86092 0.54936 2.729 0.28202 0.14693 0.49314 0.29016 0.87777 -0.0016754 -1.0108 -0.94273 0.024264 1.663 0.86038 -1.9455 0.98108 1.2903 -0.51876 -0.64455 -0.96376 1.0272 -1.1668 2.1862 0.23247 0.77297 1.0381 1.403 -0.79213 -3.0922 0.40773 1.0619 -0.26122 -1.1391 -2.0413
0.37125 -1.5044 -1.1347 -0.075626 0.83956 -0.39556 -0.70213 2.6912 0.45277 -1.0407 -0.62376 -0.87971 0.8725 -0.53654 -0.046626 -1.0185 0.26753 1.8631 1.4054 -1.8768 -1.2911 1.2066 -0.55127 -0.95402 -1.5688 0.27671 -0.44643 1.653 0.59054 0.073476 -0.0015179 0.69143 0.76486 -3.2555 0.23015 1.4472 0.0096439 -0.5784 -1.3866
0.35616 -1.5036 -1.2632 -0.071162 0.98871 -0.086083 -1.632 2.2094 1.0826 -0.7903 -0.42368 -0.87891 0.91558 -0.15399 0.25885 -0.77686 -0.048265 1.4983 1.6407 -1.2597 -2.0525 1.3183 0.22993 -0.55675 -1.5875 -0.027048 0.17282 0.92728 0.63824 -0.26668 -0.7793 -0.21634 1.8484 -1.8503 -0.5595 1.2 0.45381 0.5039 -0.80532
0.18394 -1.3006 -1.5664 0.11962 0.99524 0.84074 -1.1135 0.47319 1.9448 0.59627 -0.25188 -1.1667 0.87377 0.073098 0.35678 -0.076241 -0.21028 1.0568 1.2281 -0.2093 -2.5408 1.0349 0.91179 -0.26588 -0.95842 -0.071347 0.42331 0.23476 0.52122 -0.36096 -1.1407 -1.2566 1.9624 -0.14852 -1.088 0.59987 0.42948 1.1049 -0.28115
0.033186 -1.2162 -1.5056 -0.0061058 1.244 0.54898 -0.67383 -0.12808 2.0557 0.011937 0.01666 -2.1388 0.86668 0.045181 0.36894 -0.2696 -0.22913 0.64884 0.5614 0.77888 -2.2247 0.25254 1.1923 -0.0017203 -0.22939 -0.12086 0.52439 -0.010342 0.32708 -0.019831 -0.95052 -1.8238 1.183 1.0091 -1.3978 -0.62078 -0.036949 1.411 -0.10592
0.55897 -0.97457 -1.1811 -0.080412 1.4817 0.5769 -0.83131 -0.32117 1.7565 0.56036 0.077598 -1.5594 0.82591 0.20864 0.30232 -0.33723 -0.3063 0.21069 -0.3732 0.88198 -1.5311 -0.44961 0.18506 -0.29674 0.049093 -0.13734 0.77576 -0.013947 -0.04781 0.37862 -0.9046 -1.6929 -0.022572 1.5177 -1.2996 -1.1548 -0.31899 1.3356 -0.16976
0.40363 -1.1578 -1.2193 -0.15703 1.7483 0.63664 -0.08794 0.079679 1.489 0.70291 -0.65313 -0.85156 0.8176 0.822 0.27333 -0.058874 -0.042296 0.19141 -0.92953 0.46976 -0.49935 -0.75335 -0.68078 -0.60533 0.84596 -0.16713 0.80749 0.046212 0.14792 0.78655 -1.2594 -1.3177 -0.94119 0.81924 -0.74545 -1.3171 -0.2621 0.73147 -0.35715
0.296 -1.2355 -1.7943 -0.36354 1.3155 0.28334 -0.33393 -0.38226 0.84428 0.44129 -0.5872 -1.2529 0.77084 1.2233 0.38571 -0.26487 0.38104 -0.36059 -1.1545 -0.10447 -0.2983 -1.0781 -0.51587 -0.63203 1.2834 -0.32616 0.6465 0.27888 0.39322 1.0756 -1.5237 -0.97426 -1.3067 0.008041 -0.24735 -0.98881 0.39935 0.13611 -0.5119
0.52674 -1.0694 -1.8291 -0.24678 0.96962 -0.47211 -0.65759 -0.55822 0.98871 -0.51533 -0.57014 -1.1523 0.79253 1.1389 0.41065 -0.038844 0.85601 -1.3593 -1.4795 -0.54906 -1.1743 -0.93176 -1.1526 -0.3802 0.66909 -0.61227 0.17053 0.37886 0.56934 0.98668 -1.2656 -0.60627 -0.95768 -0.05208 0.12419 -0.66815 0.77408 -0.46636 -0.40035
1.3896 -0.8627 -1.2727 0.29236 1.5617 -0.18128 -0.39148 -0.27276 1.2445 -0.38438 -0.84605 -0.15712 0.68816 1.3343 0.71267 0.35859 1.2006 -1.7903 -1.8925 -1.1346 -1.1973 -0.85458 -1.6043 0.46097 0.40766 -0.75482 -0.67773 -0.042825 0.83979 0.30822 -0.35682 -0.18332 -0.14394 1.0235 0.081299 -0.38259 0.74919 -0.65497 0.078973
1.5908 -0.68418 -1.7347 0.44037 0.79318 -0.81014 -0.98011 -0.56906 0.10071 0.01383 -0.65529 -0.28668 0.47129 1.1136 0.75884 0.65035 1.3418 -1.399 -1.6719 -0.86816 -0.17731 -0.61013 -1.5073 0.52089 0.29359 -0.60959 -1.8489 -0.6917 0.73518 -0.45331 0.47387 0.29071 1.1321 2.212 -0.093513 0.1826 0.38487 -0.40717 0.70404
1.4071 -0.73696 -1.102 0.80604 -0.40312 -1.1643 -1.2732 -2.4275 0.4223 -1.0435 -0.59393 -0.90286 0.15306 -0.08675 0.14363 0.89539 0.69448 -0.98679 -1.3847 -0.2287 1.2907 -1.0704 -1.1264 0.53684 0.086332 -0.19683 -2.5561 -1.1998 0.72205 -0.92261 0.84223 0.85343 2.4968 2.2253 0.072524 0.68016 0.11249 -0.35758 1.1423
1.6558 -0.43766 -1.0947 0.94566 -0.25593 -1.942 -1.5333 -1.1051 0.11766 -1.7475 0.29333 -0.52336 0.18818 -1.7788 -0.47606 1.0104 0.27633 -0.89054 -1.1801 1.1748 2.1166 -1.0079 -1.0258 0.42114 -0.036662 0.2663 -2.2676 -1.1223 0.55406 -1.1158 0.6976 1.2343 2.8637 1.0279 0.32186 0.83923 0.029155 -0.21612 1.1986
1.4971 -0.44071 -1.2032 1.031 0.27712 -1.6403 -1.1242 0.33907 0.31309 -1.5828 -0.21414 -0.81276 0.42492 -2.2398 -0.70506 1.4727 0.044567 -0.5015 -0.54072 2.6525 2.218 -0.50494 -0.46366 0.76686 -0.18988 0.68488 -1.1598 -0.53186 0.34207 -0.88928 0.27834 1.4451 2.2918 -1.0147 0.993 1.0263 -0.12055 -0.066234 0.80611
0.28285 -1.2002 -0.51447 0.31064 0.40102 -1.7999 -0.42597 2.0035 -0.84133 -1.4141 -0.24316 -0.46011 0.76377 -2.2623 -0.72026 1.3553 -0.37433 -0.36263 0.21062 3.2073 1.4556 -0.23934 -0.13259 0.48343 -0.035043 0.9197 0.17639 0.21125 -0.0036541 -0.7033 -0.14525 1.146 0.6088 -2.771 1.1061 0.77044 -0.40221 -0.18934 0.23139
-0.89349 -1.4174 -0.27314 0.78414 -0.0065374 -1.6461 1.4406 1.6543 -0.39244 -1.3314 -0.41304 -0.15323 0.80923 -2.1167 -0.63373 1.3373 -0.60811 -0.73717 0.61559 3.1683 -0.48854 0.5521 0.51501 0.26266 -0.067651 0.80173 1.1154 0.83288 -0.62852 -0.34739 -0.31651 0.48507 -1.2047 -3.4679 0.97737 0.39214 -0.87252 -0.47738 -0.29043
-0.35331 -1.158 0.12249 0.73787 -0.59875 -1.5875 1.9274 0.45555 -0.18033 -0.83245 0.92485 -1.2105 0.8861 -1.4817 -0.14772 1.0739 -0.68603 -1.0325 0.38236 2.0847 -2.2568 0.6984 0.050578 -0.17293 -0.50849 0.58896 1.6004 1.0527 -0.96102 -0.049577 -0.030263 -0.095927 -2.5897 -2.5386 0.46392 0.23159 -1.0639 -0.78393 -0.46802
-0.4316 -1.1381 0.17042 0.35876 -0.74075 -1.0019 1.715 -0.76151 0.3236 -1.9861 0.0096065 -0.74288 0.96139 -0.42291 0.42961 0.49114 -0.43909 -0.73903 0.28746 0.88448 -3.0876 1.0014 0.23828 -0.75822 -0.96644 0.37404 1.3579 0.81034 -1.1519 0.18558 0.65063 -0.34273 -2.8825 -0.45821 -0.32774 0.30034 -1.1245 -0.66746 -0.36292
-0.56531 -1.0495 0.13905 0.1707 -0.57326 -1.2612 1.8648 -0.88529 1.1794 -0.5945 0.27403 -0.46649 1.0118 0.052797 0.54271 0.061179 -0.55514 -0.41155 0.21048 -0.65101 -2.493 0.47595 0.47158 -1.2692 -1.2402 0.36557 0.74031 0.23696 -0.99973 0.29988 1.0061 -0.3153 -2.1981 1.1641 -0.88455 0.77698 -0.52366 -0.52823 -0.20464
-0.69413 -0.88711 0.10568 0.047866 -0.68479 -1.4865 1.2539 -1.7568 0.35308 -1.7844 -1.0469 -1.6832 1.1069 -0.19943 0.40367 -0.21503 -0.34094 0.14562 0.079293 -1.0287 -1.3343 0.0070398 0.91065 -1.582 -1.1127 0.31812 0.14337 -0.22084 -0.66191 0.28449 0.84324 -0.054553 -1.2191 1.7709 -1.2141 0.50898 0.36145 -0.19168 -0.09979
-0.52087 -0.88068 0.081321 0.20815 -0.48778 -1.4703 1.4136 -1.8865 0.53173 -0.68038 -1.1147 -1.7198 1.0942 -0.12461 0.27298 -0.35946 -0.194 0.36751 -0.084891 -1.2036 -0.7564 -0.5834 1.2935 -0.86728 -1.555 0.28166 0.055861 -0.34721 -0.37334 0.25104 0.65392 0.34491 0.028866 1.5038 -0.73284 0.13489 1.3339 0.42125 -0.13331
-0.59948 -0.78826 -0.13652 0.25371 -0.84719 -1.1663 0.68546 -1.7867 0.23686 -0.51103 -1.2284 -2.1061 1.1799 -0.040509 0.19382 -0.48056 -0.10662 0.41635 0.34773 -1.1962 -0.32926 -0.91244 0.85935 -0.17004 -1.2247 0.25299 0.26303 -0.28476 -0.34754 -0.03334 0.26153 0.5709 0.75965 0.85981 -0.20507 -0.58567 1.524 1.0564 -0.18551
-0.60481 -0.7815 -0.058297 0.18626 -0.30993 -1.2646 0.78819 -1.3733 0.12796 0.10122 -0.93618 -2.2224 1.1986 0.094774 0.062132 -0.47176 -0.22027 0.65235 0.73019 -0.51779 0.080971 -0.5374 0.76563 0.89642 -0.31761 0.18007 0.2601 -0.31958 -0.41432 -0.3161 0.052085 0.59097 1.5447 0.76461 0.53127 -0.69634 0.88009 1.6031 -0.33287
-0.65388 -0.90156 -0.27933 -0.070049 -0.2198 -1.2792 0.31069 -2.0313 -0.26112 -0.20173 -0.851 -2.6973 1.2426 0.22013 0.029755 -0.77844 -0.39448 0.48609 0.74509 0.087058 -0.0025976 -0.42489 -0.027855 0.81473 0.46404 0.06508 0.40547 -0.29382 -0.70563 -0.53509 -0.54044 0.15909 1.4238 0.81891 0.86701 -0.47228 0.30425 1.6478 -0.56065
-0.63339 -0.75668 -0.4356 0.060995 -0.213 -0.80703 0.40475 -1.5612 -0.3583 -0.12681 -0.25737 -2.1961 1.2729 0.26856 -0.18353 -0.94955 -0.63252 0.43314 0.82701 1.1273 0.63461 0.24859 0.30874 0.54005 0.9396 -0.17032 0.91214 -0.089455 -0.53023 -0.19512 -0.97209 -0.1139 0.4299 0.91343 0.69952 0.049446 -0.29158 1.5138 -0.85068
-0.43239 -0.83516 -0.36428 -0.14231 0.073616 -0.49299 1.0556 -1.6991 -0.10614 -0.66523 0.03535 -1.8395 1.2421 0.68226 -0.17809 -1.5019 -0.88239 -0.4553 0.60839 0.72055 1.0601 0.44729 0.11684 0.67476 1.5792 -0.49195 0.85482 0.67074 0.65924 0.44556 -0.9373 -0.38094 -0.8487 0.58219 0.45826 0.42004 0.027928 0.92091 -1.2924
-0.23378 -0.81479 -1.0498 -0.18975 -0.27996 -0.64491 1.4591 -1.8687 -0.037121 -0.53579 -0.56633 -0.93793 1.1281 1.6708 0.018791 -1.0564 -0.33809 -0.64627 0.60099 -0.011723 1.4104 0.44152 0.78728 0.35715 2.2771 -0.93803 -0.085864 1.5701 1.9714 1.2186 -0.24824 -0.46324 -1.7788 -0.0076033 0.11047 0.13949 0.10162 -0.0068009 -1.608
-0.44657 -1.1007 -1.1609 -0.5953 -0.20547 -0.25683 2.1499 -0.18521 0.88577 0.7235 -0.69952 -1.2826 0.96875 1.2132 1.0739 0.45682 0.26514 -0.68001 0.16496 -0.98623 0.78817 0.4072 0.58335 0.98111 1.7072 -1.6734 -1.5637 1.6944 2.6789 1.5291 1.1515 -0.18634 -1.42 -0.6164 0.1066 -0.38872 0.20426 -0.94554 -1.4376
0.32513 -0.93282 -1.9639 -0.94476 -1.1233 -0.8369 0.5903 -0.20589 0.30417 -0.11706 0.40457 -0.27775 0.68137 -0.15448 1.8649 1.6006 1.0105 0.097708 0.20283 -1.4558 0.73467 0.49593 0.3533 0.6196 0.84675 -2.2203 -2.7517 1.0597 2.1333 1.1127 1.8675 0.031833 -0.46826 -0.78841 0.21444 -1.0792 0.086743 -1.3563 -0.71594
1.6509 -0.67099 -0.89907 0.14733 -0.68686 -0.18894 -0.2028 -0.39148 0.0011744 0.96458 -0.34023 0.6089 0.30074 -1.4719 1.7846 1.9649 1.2265 1.2805 0.47546 -1.302 0.10838 0.63958 -0.46655 0.99605 0.30169 -2.2116 -2.6523 -0.11704 0.5622 0.20089 1.9976 0.27675 0.83894 -0.29074 0.46566 -1.0173 -0.42056 -1.1439 0.42744
-0.073756 0.95603 1.0183 0.58009 -0.65207 -0.63699 -0.36116 -1.2755 0.41198 -0.13501 1.6174 -0.47278 -0.49784 -2.392 1.47 2.0088 1.2049 1.7884 0.51864 -0.76303 0.10652 0.76226 -0.89749 0.55054 0.12788 -1.8442 -1.6054 -0.9498 -0.88377 -0.80659 0.96246 0.13515 1.3318 -0.070647 0.26008 -0.87638 -0.27243 -0.69059 1.3096
-1.5078 0.9421 1.0007 0.87298 0.64299 -0.13917 0.25819 -0.42894 1.0491 -0.26615 -0.31115 -1.0091 -0.83134 -2.8776 1.0772 1.2609 0.52849 2.127 0.53448 0.27898 0.48329 1.2175 -0.87468 0.13018 -0.34092 -1.1583 -0.0096343 -1.2955 -1.6454 -1.0285 -0.31114 0.071358 1.1069 0.078906 -0.44161 0.064139 -0.40092 0.12411 1.6858
-1.9789 0.16081 -0.0045748 0.48033 1.269 0.11715 0.53726 -1.0977 1.3085 -0.80303 0.74819 -0.42735 -0.64565 -2.6005 0.60856 0.37362 -0.11757 1.437 0.43796 0.31584 0.38149 0.73592 -1.2384 0.48429 -0.29126 -0.5945 1.4048 -0.85025 -1.5889 -0.68871 -1.3867 -0.303 0.31737 -0.76629 -1.2686 0.58121 0.19388 0.53852 1.4615
-2.0607 0.075467 0.45816 0.33195 0.93462 0.08089 0.56537 0.66977 1.6397 -0.22477 0.15342 -0.38016 -0.57654 -1.3751 0.017379 -0.15913 0.0058964 0.89355 0.66205 0.28684 0.11314 -0.23313 -0.17209 0.18579 0.75629 -0.066018 2.0723 0.016483 -0.67485 -0.045081 -2.1878 -0.73611 -0.2578 -1.5186 -1.6061 0.89181 0.41129 0.35395 0.84055
-1.6222 0.62292 -0.30213 -0.10929 0.93797 -0.24728 0.31137 0.084367 1.7336 -0.87058 0.62093 -0.35331 -0.44737 -0.36625 0.5591 -0.12175 0.20416 -0.12108 -0.093645 -0.16115 -1.3067 -1.0658 -0.069337 0.95303 0.69125 0.011635 1.7652 0.60233 0.12896 0.5077 -1.5889 -0.54456 -0.14105 -1.5693 -1.2726 0.61774 0.21985 -0.4644 0.16426
-1.7021 0.84737 0.80652 0.57232 0.70699 0.31277 -0.15018 -0.82587 0.63542 -1.0731 1.1291 -0.29604 -0.72205 0.09613 1.1347 0.3034 0.27953 -1.0827 -0.552 0.014121 -1.8202 -1.1155 0.35422 0.79166 -0.10631 -0.079556 1.1842 0.52396 0.14073 0.32351 -0.66169 0.13531 0.077571 -0.50476 -0.37069 -0.0030342 -0.16679 -0.99802 -0.38984
-2.4786 0.88741 0.94197 0.98004 0.99681 0.44993 0.53411 -1.1427 0.027836 0.095784 1.0659 0.60846 -0.7362 0.15024 1.0788 0.37538 0.6658 -0.47034 0.048182 0.17399 -1.9039 -1.3844 -0.24758 0.66726 -0.84609 -0.31694 1.2771 -0.61439 -0.6679 -0.12761 0.085774 0.93114 0.13301 1.6457 0.44823 0.29736 -0.79847 -0.33082 -0.41546
-1.936 1.1254 0.015182 0.8126 0.67073 -0.62797 0.18714 -2.6871 -0.19716 -0.70178 1.0439 -0.28278 -0.70362 0.70918 0.65322 -0.15361 0.35929 -0.13444 0.85607 0.26265 -0.64797 -0.81671 -0.096089 -0.013371 -0.57751 -0.54124 2.0086 -1.7594 -1.2491 -0.64557 -0.067863 0.68291 -0.61541 2.4244 0.51811 0.20698 -0.97646 0.75519 0.066991
-1.6055 1.257 0.39532 0.28269 -0.52045 -0.71569 0.73973 -2.3402 0.55261 -0.058619 1.5774 -1.0406 -0.58467 1.8528 -0.23993 -1.086 -0.074351 -0.43319 0.94421 -0.035117 1.476 -0.30688 0.75586 -0.33916 0.22016 -0.43913 2.1508 -2.2441 -0.88463 -0.88236 -0.7096 -0.2043 -1.2361 2.2521 0.29884 0.36622 -1.0415 1.7419 0.77275
-1.7277 1.3512 0.90453 1.1582 1.066 0.79043 0.49861 -1.1625 -0.46357 -1.3742 0.86799 -1.7056 -0.97268 3.2103 -1.1924 -1.1986 -0.5338 -1.2197 0.28119 -1.0743 1.4624 -0.60501 0.26806 -0.78098 0.9258 0.092529 1.4731 -2.084 -0.14204 -0.50292 -0.76463 -1.15 -1.5056 0.86122 -0.13924 -0.074332 -0.62202 1.9028 1.3137
-0.64743 1.2457 -0.48045 0.35927 0.95088 1.4635 0.31163 -0.66426 0.4299 -0.79239 0.59479 -0.079864 -1.1539 3.1451 -1.8091 -0.68263 -0.50296 -1.2178 -0.0297 -1.5473 1.6586 -0.88318 0.31094 -1.164 2.0318 0.63663 0.21776 -1.281 0.65791 -0.19414 -0.5892 -1.6842 -1.0951 -0.51021 -0.029473 -0.37209 0.062542 1.33 1.4994
0.26683 0.12674 -0.49848 0.73232 -0.18081 0.9748 -0.17557 1.5356 -0.2318 1.3145 0.82423 1.094 -1.0215 2.9744 -2.1007 -0.60713 -0.3496 -1.1327 -0.77746 -1.8908 1.014 -0.80477 -0.032284 -0.91782 2.4827 1.0801 -1.195 -0.1335 1.2286 0.34245 0.21338 -1.3522 -0.10867 -0.68345 0.56621 -0.55038 0.838 0.055023 1.1738
1.3789 -0.43686 -0.58122 0.058497 -1.1163 -0.81223 -1.1448 -1.3571 -1.2824 -0.4318 -0.016369 1.3071 -0.19249 2.4109 -1.959 -0.20228 -0.52643 -1.547 -1.6383 -1.7449 0.62923 -0.26188 0.1396 -0.12169 2.2094 1.5313 -1.9734 0.89297 1.2365 0.30831 0.66234 -0.48318 0.95638 -0.78082 0.99188 -0.81174 1.42 -1.8707 0.5999
0.94037 -0.35865 -0.10412 0.2089 -0.7033 -0.69148 -1.3026 -0.66101 -1.0655 -0.68938 -0.19686 1.4751 0.021834 1.2365 -1.3397 0.76166 0.096699 -0.66017 -1.4102 -1.1913 0.54938 0.23055 -0.77663 0.50748 0.93747 1.5746 -2.7939 1.5224 1.1924 -0.3254 1.0032 0.85436 1.9854 -0.30647 1.1042 -0.19778 1.0954 -2.8961 -0.13325
1.1712 -0.5496 -0.0021038 0.39135 -0.68692 -0.4767 -1.2036 -0.24698 -0.30928 -0.67869 0.66261 1.5786 0.077773 0.14075 -0.66652 0.8477 -0.16962 -0.23941 -0.59622 -0.059005 0.26273 0.60367 -0.98075 1.1792 -1.1238 1.3759 -2.9117 1.6315 0.54854 -1.3015 1.1969 1.3895 2.267 -0.55413 0.82797 0.13288 0.11584 -2.5537 -0.59764
1.0755 -0.5613 0.07224 0.37474 -0.44238 -0.52728 -1.4654 0.66193 -0.27728 -0.47325 0.91798 1.6906 0.19154 -1.379 -0.15367 1.0036 -1.1274 0.050491 0.30089 1.0887 0.54587 0.99353 0.11726 0.79245 -1.9238 0.93982 -2.4234 1.4984 -0.19212 -2.1001 0.8669 0.84794 1.7149 -1.0371 0.31416 0.30118 -0.97841 -1.2152 -0.5916
1.0583 -0.49712 0.282 0.64994 -0.20962 -0.37394 -1.0967 0.74711 0.68487 -1.0865 1.312 1.3933 0.34633 -2.0017 0.22685 0.66047 -2.2942 0.28828 0.098591 1.4805 -0.53038 1.0306 -0.043039 -0.0010096 -1.7168 0.86779 -1.5692 1.2581 -0.36952 -1.8515 0.81819 0.17658 0.81264 -1.3254 -0.02123 -0.19807 -1.4792 0.43403 -0.4399
0.68492 -0.88291 0.35655 -0.024062 -1.3131 -0.53037 -0.26911 0.27524 -0.39823 -0.30748 1.909 -1.3968 0.65909 -2.4513 0.76615 0.51382 -2.6775 0.66408 -0.17014 1.3398 -1.2101 0.65506 -0.63764 -0.98243 -1.3228 0.85763 -0.28184 1.0272 -0.38206 -0.80312 0.8502 -0.13427 -0.030791 -1.0442 -0.17163 -0.76411 -1.0395 1.6413 -0.36016
-0.83533 -0.36762 0.78416 -1.8696 -0.79235 -0.3832 0.21649 -1.1212 0.24653 -0.28741 -0.06392 -0.756 0.72551 -2.4006 1.0176 0.43373 -2.7777 0.95296 -0.019177 1.3763 -1.609 0.73464 -1.0145 -1.0857 -0.53092 0.69519 1.0128 0.65242 -0.19235 0.70829 0.63788 0.16886 -0.64503 0.1461 -0.10933 -0.29417 -0.44684 2.4101 -0.62809
-1.1086 -0.001436 0.43257 -2.2073 0.15818 -0.57195 0.18952 -1.069 0.99478 -1.0708 -0.047987 0.45515 0.75683 -1.7229 1.2024 0.43568 -2.3564 1.2758 0.12441 1.0752 -1.0855 0.8 -0.96365 -0.87595 0.90217 0.43535 2.4406 -0.13538 -0.11799 2.1853 -0.29267 0.13518 -1.109 1.1597 -0.3647 0.92788 0.26837 1.9704 -0.96049
-1.0488 0.30402 0.48456 -1.7804 0.2786 -0.7809 -0.17694 -1.0496 0.51489 -1.8301 -0.19166 0.33963 0.88171 -0.36073 1.1229 0.35766 -1.1686 1.1524 0.27853 0.36276 -0.31207 0.74226 -0.48742 -0.99598 2.198 0.047997 2.8712 -0.86747 -0.085869 2.7916 -1.4861 -0.17224 -1.5303 1.3637 -0.87241 1.9808 0.28357 0.78194 -1.0372
-1.14 0.29979 0.66341 -2.1872 0.42894 -0.28824 0.40634 -1.1281 1.081 -1.7786 0.41052 0.65738 0.86186 1.3446 0.48816 0.34303 0.4982 0.035427 -0.054293 -0.29828 0.5093 -0.079552 0.98587 -0.43748 1.4202 -0.39579 2.3229 -1.2589 -0.24345 2.2951 -1.9413 -0.52762 -1.5696 0.97164 -0.89351 2.2993 0.17114 -0.46456 -0.83417
-0.68066 0.48746 0.93232 -2.1041 0.53536 -0.1722 0.64425 -0.65285 1.469 -1.5428 0.60843 1.5458 0.82321 1.7293 -0.095428 0.32871 0.88098 -1.1346 -0.23565 -0.89411 0.38172 -0.58009 2.0471 -0.68257 0.83127 -0.59223 1.1707 -1.0075 -0.49181 1.2548 -1.5901 -0.85625 -1.4701 0.42036 -0.61621 1.8187 0.16147 -1.4937 -0.41093
-0.039905 0.3111 0.79679 -1.9445 -0.24527 -0.238 0.06681 -0.66821 0.48487 -0.21032 -0.67596 1.6061 0.63317 1.8163 -0.32414 0.016855 0.79928 -1.1195 -0.58386 -1.3293 0.54833 -0.33589 2.4556 -0.65106 0.59906 -0.61402 -0.11121 -0.32823 -0.65256 0.21552 -0.59183 -0.65798 -1.1042 -0.11707 -0.012123 0.68076 0.41431 -1.6006 0.077703
0.69516 0.16967 0.98199 -1.0651 -0.55928 -0.92255 -0.55018 -0.40778 0.10369 1.0857 -0.78513 1.0482 0.22584 1.7195 -0.17911 -0.35693 0.96364 -1.1678 -1.032 -1.9629 0.51383 -0.36749 2.4831 -0.5283 -0.5308 -0.51705 -0.72493 0.24421 -0.47161 -0.26424 0.3645 -0.16791 -0.5377 -0.12419 0.33839 -0.47921 1.1685 -1.5329 0.41932
0.4041 -0.081348 0.62086 -1.2176 -1.0969 -0.9576 -1.1662 -0.81126 0.15079 0.67913 -0.65075 1.4051 0.36955 1.142 -0.023245 -0.47945 0.84411 -1.023 -0.86344 -1.8994 0.18192 -0.20575 2.1505 0.3877 -1.2619 -0.30479 -1.1827 0.60586 0.31833 -0.80967 0.71405 0.64528 0.24405 -0.39937 0.045311 -1.3602 1.6006 -1.0752 0.54371
0.65816 0.1172 0.50497 -1.3698 -0.35082 -1.219 -1.283 -0.14581 0.83534 0.70875 -0.31754 1.2586 0.47509 0.65089 0.17418 -0.26468 0.37071 -0.51194 -0.39366 -1.6521 0.28894 0.041696 1.2145 1.3153 -1.4597 -0.057028 -1.1979 0.85918 1.0658 -1.0068 1.0249 1.2215 0.83185 -0.39364 -0.46052 -1.4009 1.4907 -0.17693 0.22484
0.84434 0.37228 0.34941 -1.2256 -0.79414 -1.3485 -1.6659 -0.29589 0.78726 1.5338 -0.03436 -0.20214 0.39554 0.033827 0.53416 0.54258 -0.38698 -0.13841 0.30837 -1.0203 -0.1819 -0.44458 0.30652 1.8697 -1.2004 0.050136 -1.0609 1.0984 1.5753 -0.45669 0.91818 1.5059 0.71846 0.12122 -1.132 -1.6667 0.69185 0.59821 -0.58727
0.75176 0.41874 0.51369 -0.99936 -1.0076 -1.0063 -1.6026 -0.57852 0.5683 1.8487 0.79269 0.029916 0.43552 -0.072994 1.0078 1.0413 -0.26308 0.2664 0.66283 -0.80456 -0.13514 -1.1721 0.53869 1.9379 -0.9463 -0.3242 -1.0708 1.14 1.1132 0.76613 0.88482 1.4088 1.0993 0.61164 -1.2774 -1.4911 -0.48957 1.0718 -1.6117
0.92184 0.27741 0.70633 -1.3388 -0.97452 -0.81972 -2.2369 -0.086492 0.077305 1.5072 0.67927 -0.24533 0.399 -0.57293 1.4323 1.6885 0.32214 0.26952 1.4169 -0.94394 0.62335 -1.8767 -0.9206 1.573 -0.28174 -1.1351 -1.0056 0.8921 -0.049244 2.0053 0.72045 0.73995 1.8802 1.2457 -0.46585 -1.2035 -1.6217 0.83367 -2.2048
0.38025 0.71342 1.8676 -1.7982 -0.6825 -0.50025 -1.6896 -1.1181 -0.76322 0.80452 1.6732 0.035732 0.29687 -1.1421 1.6682 1.1565 1.4077 0.90491 1.6805 0.42329 1.1256 -1.8134 -1.2225 0.4304 0.30869 -2.1113 -1.0029 0.34114 -1.2496 2.4029 0.59846 0.19171 2.2944 0.8517 0.57395 -0.97742 -2.1054 0.49279 -1.9011
0.4372 1.2256 1.4278 -1.366 -0.35374 -0.34475 -2.2508 -0.50384 -1.2262 1.7506 1.6349 0.24529 -0.0053849 -1.3997 1.7256 0.39919 2.4295 0.86306 1.1866 1.9853 1.7329 -1.0587 -1.2765 -0.83415 -0.098479 -2.6775 -0.47862 -0.48181 -2.1622 1.9248 0.45968 -0.27523 2.1418 0.18894 1.463 0.31339 -1.8784 0.19818 -0.87386
0.048222 1.8302 2.3224 -0.44878 -0.2853 0.66479 -2.6774 1.5305 -1.6798 -0.95092 1.4013 0.3627 -0.93885 -1.6223 1.446 -0.54752 3.0603 1.0676 1.1476 2.1491 1.0438 -0.41929 -1.2854 -1.3518 -0.021638 -2.6753 0.097566 -1.2803 -1.8582 0.55514 0.090541 -0.60304 0.90051 -0.47126 1.9061 0.75921 -0.88212 0.15749 0.54533
-0.53095 1.8884 0.94269 0.89349 0.1189 0.60861 -0.13525 0.87362 -1.435 0.83734 0.09416 0.055049 -1.7675 -1.2635 0.72899 -1.3259 3.0009 1.0328 1.1864 2.3171 1.0331 0.3807 -0.25636 -1.543 0.28341 -2.2878 0.55874 -1.9146 -1.0549 -1.2037 0.1055 -0.71848 -0.52787 -1.0135 1.5486 1.4529 0.32867 0.38731 1.9388
-0.62769 1.8414 0.89452 1.3431 -0.34214 -0.069159 1.1316 1.6389 -0.53641 0.28814 -0.38861 -0.49066 -1.7846 -1.0067 -0.0054522 -1.3034 2.1288 0.99076 0.57524 1.9877 0.48479 1.3149 -0.18978 -1.089 0.4326 -1.4093 0.88673 -2.2127 0.23178 -3.0698 -0.024781 -1.3278 -1.6918 -1.0078 0.77401 1.1135 1.4454 0.38742 3.1998
-0.9335 1.7075 0.51958 1.2075 0.53293 0.77762 -0.70274 -0.12301 -0.95105 -0.45467 -0.12408 0.11883 -1.6989 -0.59615 -0.79912 -1.108 0.69377 1.0995 0.15322 1.0419 -0.094977 1.2012 1.1345 -0.24664 0.47004 -0.12436 0.80926 -1.7194 0.92915 -3.7282 -0.060113 -1.8176 -2.2624 -1.2025 -0.36411 0.35737 1.8148 0.2873 3.4396
-0.69991 1.5965 0.5646 1.1776 0.57504 1.2735 0.45129 0.82959 -0.43318 1.3593 0.3707 0.99405 -1.775 -0.19899 -1.5472 -0.23949 -1.3914 0.99445 -0.78616 -0.48191 -0.48777 0.73567 0.28507 1.1103 0.68092 1.5008 0.55077 -1.0602 0.70915 -3.0599 -0.14248 -1.8383 -1.6033 -0.69031 -0.94222 -0.29686 0.97055 -0.30984 2.744
-0.69762 1.4259 0.39641 1.1947 0.68937 0.29258 -0.33682 1.3559 0.82615 0.27514 0.22587 0.70557 -1.6159 -0.062869 -1.4187 -0.19315 -2.0453 0.92661 -1.4923 -0.81705 -0.97727 -0.059316 0.22875 1.2586 0.74566 1.9089 0.13229 -0.28892 0.28413 -1.838 -0.2296 -1.6656 -0.7061 -0.29275 -0.80195 -1.2801 -0.40988 -1.1511 1.5422
-0.86263 0.88181 0.8004 0.62263 0.97745 0.71404 -0.32008 1.294 -0.43849 1.4139 0.56675 0.41508 -1.2314 -0.17765 -1.4934 -0.48973 -2.0889 0.82249 -1.9998 -0.18084 -0.51588 0.049833 -0.34977 0.25179 -0.36802 2.0829 -0.053493 0.44717 -0.13706 -0.06173 -0.2727 -0.59977 0.30724 -0.1656 -0.61625 -0.77646 -1.3037 -1.2589 0.064711
-0.80078 0.037005 0.59825 -1.0849 0.94828 -1.2761 -0.21643 -0.41764 -0.381 0.4504 1.5455 0.67889 0.12264 -0.33493 -1.3124 -0.47226 -2.3159 0.77174 -2.3173 -0.47648 -0.70402 -0.068354 -1.168 -0.67996 -1.4283 2.1192 -0.06402 0.84653 0.12083 1.12 -0.62626 0.51253 0.46067 0.16323 0.21306 -0.41774 -0.8732 -0.78366 -1.0022
-0.77047 0.82242 0.39781 -0.56071 0.88701 -1.3986 -0.50539 -0.39887 -1.0328 0.15801 0.93289 0.88797 -0.27198 -0.15679 -0.83523 -0.34288 -1.3745 0.57943 -1.4729 -0.065923 -0.98567 -0.49782 -0.60842 -0.69707 -0.88032 1.5029 -0.048343 1.2607 0.69959 1.8879 -0.86572 1.9706 0.37905 0.46702 0.45409 0.43422 -0.10322 0.17909 -2.0115
-1.1624 0.1912 -0.33071 -0.56789 1.693 -0.78137 -0.45452 0.19855 -0.015842 -0.40595 -0.44116 -0.57818 -0.10734 -0.18785 -0.30367 -0.0481 -0.3654 -0.089795 -0.7907 0.0076271 -0.42648 0.64865 -0.50156 -0.12165 -0.65222 0.5534 0.11817 1.0043 1.1312 1.8876 -1.1842 2.4843 0.24377 0.68883 0.75595 0.98625 0.92819 0.75709 -2.0791
-1.0076 0.24572 0.32047 -1.3477 1.2999 -1.7815 -0.32505 0.67284 0.18729 -0.13795 -0.66203 -1.308 0.12786 -0.33488 0.15061 0.5522 0.37356 -0.32186 0.90777 0.30185 0.28685 0.61148 0.19644 -0.23326 -0.39603 -0.43783 0.47283 0.43236 1.0697 1.0864 -1.3139 2.2334 -0.3188 0.64772 0.56706 0.64504 1.1567 0.95457 -1.4022
-0.75409 0.40004 0.3935 -0.097454 1.2467 -1.0564 -0.38313 -0.53281 -0.84021 0.37158 0.31787 0.42229 -0.15549 -0.0017899 -0.09299 1.1064 0.24717 -0.93417 1.1167 -0.19649 0.058013 0.90579 0.43583 1.0909 -0.10124 -0.32523 0.90109 -0.52492 0.1995 0.065419 -1.2615 1.7543 -0.63149 0.21188 0.26955 0.056232 0.94747 1.0042 -0.086584
-1.143 0.3193 0.85552 -0.4257 0.46706 -0.83782 -0.25695 0.11695 0.97229 0.56044 1.6718 -0.054517 -0.33537 0.69245 -0.20061 0.99608 0.29501 -1.3917 1.7321 -0.58484 0.085709 0.52153 0.23262 1.1886 0.82654 -0.36049 0.98035 -1.1436 -0.51612 -1.0013 -1.3334 0.58153 -0.6732 -0.12896 0.50385 -0.60812 0.20033 0.16506 1.2595
-1.2753 0.54709 1.0144 -0.67989 0.78904 0.18202 0.17068 0.11745 -0.017186 0.34821 0.3329 0.13836 -0.48468 1.0838 -1.0157 0.089189 -0.21267 -1.8526 2.0667 -0.773 0.090186 1.2417 -0.4118 1.2114 0.8227 0.37341 0.69602 -0.90433 -0.47875 -1.1225 -0.99695 0.035725 -0.050718 -0.23672 0.21827 -0.24134 -0.90415 -0.55812 1.8108
-0.65125 0.39899 1.2731 -0.36458 0.086509 -0.21257 -1.3243 -0.015713 0.80957 0.33814 1.8052 -0.22469 -0.36016 1.0636 -1.3276 0.13964 -1.2287 -2.2915 1.5258 -0.71428 -0.015058 1.464 -0.62797 0.15056 -0.52731 1.2829 0.022252 -0.34787 0.18115 -0.73114 -0.83212 -0.72807 0.69662 -0.25305 0.037548 0.5207 -0.97434 -1.0603 1.8576
-0.0069504 -0.30098 0.58099 -0.51592 0.15718 1.0889 -1.0974 0.6441 0.51371 -0.21615 0.26974 0.52288 -0.2201 1.1942 -1.0623 0.68033 -1.0444 -2.299 1.2999 -0.23578 -0.39933 0.87921 0.36656 -0.3111 -0.60652 1.8289 -0.74025 0.53915 0.75908 0.22569 -0.37758 -0.89772 1.4529 -0.10725 -0.76278 1.009 -0.89608 -0.8923 1.0022
0.23766 -1.0128 0.1938 -1.4719 -1.1668 0.55363 -0.97848 0.14534 2.2152 -0.49283 1.7315 0.40222 0.74899 0.69251 -0.76397 1.0269 -0.62862 -2.6823 0.77815 0.4837 -0.21089 0.78302 0.89938 -0.12141 -0.69154 1.9645 -1.3502 0.99986 0.5039 1.2507 0.086918 -0.92949 1.4833 -0.071487 -1.1825 0.59177 -0.24238 -0.55131 -0.12443
-0.22545 -0.64823 1.2065 -1.6307 -1.5566 0.64506 -0.85218 -0.7404 1.5422 -0.0017879 0.59533 -1.1211 0.98825 -0.17638 -0.37601 1.006 -0.10693 -2.3411 0.78829 1.4235 -0.052991 0.048699 0.87717 -0.55633 -0.97647 1.6799 -1.5132 0.94232 -0.21452 1.6577 0.70844 -0.86186 0.91729 0.17518 -1.2089 -0.43927 -0.18961 -0.5449 -1.1098
-0.037773 -0.19009 2.2782 -1.2734 -1.6679 1.0942 -0.14515 -0.20314 1.5061 1.8446 0.8995 -0.70068 1.0992 -0.89754 0.03413 0.88067 0.57805 -2.1063 0.070465 1.3103 -0.35568 -0.50045 0.31772 -0.23074 -1.5103 1.1539 -0.96368 0.42591 -1.0583 1.4578 1.2803 -0.92351 0.044384 0.0090477 -0.80277 -1.4139 -0.1583 -0.38577 -1.4627
-0.39204 -0.22422 1.9445 -0.81931 -2.2707 0.94931 0.2282 0.27026 0.99621 1.1379 0.58354 -0.45145 1.1325 -0.9781 0.1457 0.37192 1.3702 -1.2882 0.068113 1.1136 0.013576 -0.91212 -0.24619 -0.64735 -1.3517 0.41193 -0.19141 -0.18107 -1.4381 0.746 1.2939 -1.1296 -0.83558 -0.33594 -0.051685 -1.8727 -0.047003 -0.30134 -1.2761
-0.61079 -0.55969 1.4407 -0.42463 -2.3196 1.2104 0.24241 0.2551 0.8547 0.47621 0.76377 -1.2602 1.1808 -0.79218 -0.29583 -0.54725 1.2859 -0.86592 -0.56185 0.71804 -0.24578 -0.35066 -1.432 -0.39975 -1.3256 0.19649 0.46696 -0.39446 -1.0244 -0.14478 1.2818 -0.84286 -0.95545 -0.4902 0.53399 -1.1654 -0.12501 -0.0063101 -0.80539
-0.96164 -0.69419 1.0518 -0.47175 -2.6089 0.67631 0.23967 -0.51053 0.4692 -0.56832 0.45682 -1.7642 1.2023 -0.59437 -0.51407 -0.85086 0.89397 -0.59367 -0.97813 0.10211 -0.81999 -0.12586 -2.0776 -0.55736 -1.7138 0.063136 0.78823 -0.067329 -0.053383 -0.70798 1.0115 -0.45833 -0.68097 -0.36591 0.79834 0.14103 0.17472 0.42577 -0.33731
-0.79802 -0.62282 1.2175 -0.11659 -2.5605 0.61616 0.29817 -0.11229 1.0666 -0.14054 0.5786 -1.8221 1.2076 -0.15869 -0.30183 -0.33855 0.5462 -0.10809 -0.95683 -0.032633 -0.96862 0.18767 -1.1523 -0.5283 -1.357 0.0060725 0.72858 0.38031 0.64433 -0.70894 0.78992 0.36432 -0.29064 0.18805 0.44144 1.3714 0.17419 0.97695 -0.20945
-0.9194 -0.70274 1.2145 -0.25558 -2.4078 -0.037257 0.22337 -1.0493 1.2221 -1.0204 0.053365 -2.7207 1.1931 0.26829 0.039057 0.17434 0.44282 0.18505 -0.57118 0.16956 -0.39876 0.43297 -0.10508 -0.19382 -0.45987 -0.046085 0.55005 0.4671 0.63256 -0.67164 0.60337 0.92889 0.10928 0.54429 -0.020484 1.6319 0.24309 1.4531 -0.15118
-0.66669 -0.71336 1.3014 -0.18156 -2.5693 0.055687 0.032846 -0.94261 1.0135 -0.74448 0.2031 -2.5997 1.1472 0.2222 0.079068 0.095295 0.21253 0.19228 -0.075368 0.11764 -0.08939 0.26456 0.37412 -0.19339 0.076588 -0.092061 0.41525 0.18103 0.11546 -0.74204 0.49341 1.1241 0.18389 0.72014 -0.40469 1.2187 -0.0034504 1.4664 -0.18696
-0.64585 -0.62859 1.3583 -0.096845 -2.3778 0.10375 0.30822 -0.81248 1.0897 -0.23547 0.038023 -2.0904 1.1684 0.30946 0.094499 0.066289 -0.17014 0.36313 0.31884 0.2315 -0.15899 -0.20106 0.48333 -0.18914 0.59457 -0.13523 0.51445 -0.13983 -0.53349 -0.97497 0.5847 0.83366 -0.034055 0.44587 -0.43213 0.76833 -0.6355 1.127 -0.31921
-0.39148 -0.51485 1.4977 0.1212 -2.1541 0.66892 0.60791 -0.1039 1.4737 0.26318 0.77954 -1.7528 1.1545 0.64963 -0.016931 -0.075666 -0.50669 0.7091 0.6981 0.28481 0.37424 -0.30676 1.0343 -0.52291 1.169 -0.25558 0.94543 -0.14663 -0.91513 -0.90577 0.65044 0.28795 -0.38551 0.41354 -0.12156 0.20198 -0.92176 0.89439 -0.48573
-0.93124 -0.66582 0.96546 -0.31552 -2.5603 0.43971 0.22805 -0.76779 0.86929 -0.30985 -0.059769 -1.8647 1.1068 1.0788 -0.14585 -0.69243 -0.98179 0.99953 0.60306 0.014102 0.26737 -0.14814 1.1262 -1.3748 1.337 -0.48782 1.1023 -0.01557 -1.1308 -0.48177 0.39193 -0.23768 -0.90074 0.49897 0.13291 -0.50005 -0.87094 0.52642 -0.53472
-0.33586 -0.56282 1.4148 -0.48527 -1.9627 0.69908 0.54494 -0.90171 0.70407 0.062861 0.082584 -1.4329 1.0578 1.7101 -0.045228 -1.1604 -1.0396 1.067 0.33074 -0.52326 0.52881 -0.0024604 0.45802 -1.5593 1.5618 -0.71282 0.8386 0.25138 -0.89595 0.11258 -0.064954 -0.45876 -1.0577 0.41295 0.17723 -1.0754 -0.15134 0.10716 -0.3942
0.099192 -0.8256 1.1136 -0.88192 -1.4993 0.75805 0.45254 -0.26858 0.8142 0.60783 -0.87675 -1.127 0.8851 1.9606 0.087006 -1.4123 -0.78828 0.90513 0.075236 -1.1076 0.77102 -0.080672 -0.25619 -1.5208 1.4848 -0.78415 0.11922 0.38965 -0.33012 0.63937 -0.58212 -0.43811 -0.89434 0.2979 0.050716 -1.5376 0.85363 -0.30743 -0.086823
0.71646 -0.81577 0.23674 -1.1962 -1.4484 0.76249 -0.017851 -0.44591 1.1311 1.0902 -1.6919 -0.54927 0.62648 1.871 0.29888 -1.3165 -0.40398 0.64313 0.12444 -1.2002 0.95258 0.021412 -0.4766 -0.75882 1.3046 -0.7541 -0.75582 0.43561 0.27695 0.74409 -0.80864 -0.45995 -0.38449 -0.22881 -0.14187 -1.7902 1.7779 -0.89802 0.22079
1.2804 -0.45677 0.060025 -0.87207 -1.3111 0.56349 -0.35576 0.4039 1.3491 -0.13156 -1.1461 0.13198 0.50989 1.2445 0.34944 -1.2028 -0.13928 0.1541 -0.093031 -1.3782 0.64871 -0.053263 -1.552 0.068045 0.80787 -0.60888 -1.3212 0.35811 0.84188 0.53557 -0.61468 -0.59131 0.27425 -0.76043 -0.18339 -1.5619 2.0745 -1.2493 0.39999
1.2319 -0.4316 -0.044337 -0.66945 -1.5564 0.70108 -0.94265 0.63794 0.84415 -0.70015 -0.9324 -0.2693 0.50323 0.5918 0.56905 -0.76739 -0.012787 -0.028403 -0.4249 -1.1356 0.098537 -0.29768 -2.5552 1.4684 0.0070159 -0.43679 -1.4627 0.2127 0.99895 0.172 -0.16149 -0.73917 0.72225 -1.0808 -0.21399 -0.5343 1.2792 -1.1473 0.43743
0.92098 -0.38487 -0.07826 -0.91643 -1.7596 0.73388 -0.81575 0.046397 0.66525 -0.50826 -0.80554 -0.32877 0.45437 0.010751 0.56564 -0.17824 -0.012848 0.1241 -0.73366 -0.61729 -0.38816 -0.28635 -2.4121 1.8229 -0.49448 -0.28474 -1.1947 0.23859 1.1979 -0.076821 0.37554 -0.74549 1.1914 -1.0532 0.13373 1.1453 -0.048535 -0.5212 0.32805
1.1342 -0.40907 0.13811 -0.8911 -1.4917 0.5472 -0.94774 -0.060721 0.79478 -1.7529 -0.085887 -0.36891 0.45996 -0.38005 0.55725 -0.039159 -0.15933 0.36872 -0.91321 -0.19413 -0.77501 -0.28897 -1.1441 1.1181 -0.45901 -0.1966 -0.72898 0.042962 0.8454 0.032611 0.63287 -0.51164 1.0209 -0.67251 0.27762 2.4311 -1.556 0.11108 0.28725
0.98286 -0.17912 -0.16362 -1.1006 -1.3852 0.016725 -0.95522 -0.17538 0.59957 -2.5831 0.85619 -1.0838 0.35058 -0.60996 0.76583 0.5787 -0.212 0.64657 -1.2186 0.44224 -1.1036 0.21658 0.073329 0.1544 -0.064079 -0.18911 -0.20274 0.090759 0.4289 0.33454 0.39336 -0.059222 0.37529 -0.018411 0.0082972 2.7415 -2.0487 0.15295 0.014029
0.96826 -0.072477 -0.014078 -1.0001 -1.2126 -0.2448 -0.80321 -0.64113 1.0065 -1.8432 0.31303 -0.74741 0.31463 -0.52139 0.54683 0.36904 0.1404 0.87119 -1.1182 0.29707 -0.94887 0.015182 1.1575 -1.0142 0.0095825 -0.011765 0.30187 -0.19897 0.32408 0.73058 0.18014 0.54646 -0.43332 0.77859 -0.6654 2.5011 -1.3415 0.13225 -0.31452
0.76938 0.15715 -0.02292 -0.87887 -1.0206 -0.33601 -0.77716 -0.31449 0.61598 -0.99901 -0.30985 -0.26506 0.37196 -0.3062 0.73 0.38733 0.44161 0.59644 -0.72727 -0.14539 -0.35938 -0.41715 2.0262 -1.483 -0.42342 -0.35318 0.47796 -0.3449 0.12696 1.0794 -0.11587 0.98359 -1.1863 1.3077 -1.2526 1.4433 0.36207 -0.013741 -0.69782
0.31798 0.36435 0.9794 -1.0397 -1.0017 -0.67931 -0.1707 -1.2787 1.3233 -0.16985 -1.0919 -0.3248 0.31976 0.073791 0.2417 0.63866 0.84058 0.72808 -0.13089 -0.74211 0.43597 -1.3092 2.9779 -0.92066 -0.017291 -0.63034 0.39208 -0.54612 0.081218 0.89332 -0.3766 0.92283 -1.0746 1.1476 -1.0752 -0.13013 1.9669 0.11662 -0.82707
0.62166 -0.10803 -0.049769 -0.65087 -0.66651 -0.49498 -0.82576 -1.1136 0.36075 0.30257 -1.7662 -0.6158 0.52392 0.044801 0.33681 0.67333 1.4008 0.51199 0.12702 -1.332 0.87662 -1.6422 2.1024 0.89808 -0.094 -1.0253 0.18007 -0.58408 -0.10837 0.70851 -0.47852 0.52595 -0.55157 0.84693 -0.4342 -1.813 2.4958 0.74353 -0.51425
1.0554 0.60771 0.3999 -0.40571 -0.99021 -0.37762 -1.5263 0.024793 -0.09338 -0.060702 -0.82163 -1.7146 -0.19403 0.086398 -0.18028 0.37364 1.2843 0.23127 0.18117 -1.188 0.77611 -1.5356 0.84689 2.0222 0.074224 -1.0335 -0.058848 -0.56981 -0.13764 0.04802 -0.64346 -0.081335 0.48815 0.24342 0.46323 -2.6898 1.5651 1.2259 0.11458
1.1057 -0.14812 0.68611 -0.096723 -0.36563 -0.10316 -1.8831 0.60246 -1.5772 1.9183 0.26402 -0.36316 -0.31977 0.053457 -0.047264 0.32824 1.5062 -0.023367 0.10662 -0.99228 1.1944 -1.1749 -0.61589 2.4051 1.0717 -0.99549 -0.10201 -0.66281 -0.27164 -0.41548 -0.30182 -0.71953 1.2171 -0.50307 0.90104 -2.3259 -0.45948 1.511 0.83731
0.57898 0.60449 0.88495 0.73201 -0.75289 -0.26497 -2.1719 0.21472 -0.82073 0.50557 1.6232 -0.4207 -0.61326 -0.034905 -0.53026 0.56723 0.86963 -0.17359 -0.25781 0.023141 0.75812 -0.60434 -1.1603 1.6925 1.9498 -0.45608 0.0092151 -0.37363 -0.50042 -0.66042 0.035019 -1.0715 1.5441 -0.94594 1.2516 -1.5771 -2.0293 1.1042 1.2117
0.5879 -0.2967 0.4392 0.014578 -0.88758 -0.40286 -1.3721 -0.19633 -0.82486 -0.23003 1.2217 -0.13449 -0.29759 -0.083878 -0.61032 0.092799 0.84448 0.1688 -0.97502 0.40328 -0.17062 -0.28654 -1.6487 0.094162 2.1147 0.062487 0.22331 -0.39653 -1.0157 -1.1107 0.38447 -0.92081 1.6648 -1.0704 1.3109 -0.48412 -2.836 0.031359 1.4052
0.59526 0.40576 1.0553 0.78825 -0.98866 -0.58197 -1.4973 0.63053 -0.32976 -1.2425 0.88099 1.1658 -0.5077 0.18468 -0.52919 -0.40172 0.40472 0.20453 -1.2527 1.0856 -0.5096 0.54846 -1.8629 -1.1526 1.848 0.42901 0.1734 0.0034988 -1.4879 -0.80319 0.97181 -0.28171 0.87528 -0.21808 1.2631 0.11549 -2.086 -1.2435 1.1872
1.0417 -0.81418 0.58509 0.043445 -0.8169 -0.76488 -0.97353 0.39602 -1.1051 -0.54776 0.14213 1.4721 0.03222 0.39473 -0.71716 -1.0023 -0.29311 0.49491 -1.091 1.6806 -0.39636 0.89652 -1.2597 -2.2301 1.1735 0.87139 -0.15659 -0.1017 -1.8488 -0.86248 1.3533 0.71465 0.10596 0.53751 1.2341 0.78166 -0.7738 -2.3548 0.86631
0.94722 0.094269 0.55442 0.96511 -0.32305 -1.7191 -1.5864 -0.32334 -1.2129 -1.1888 -0.30886 0.96329 -0.36758 0.078617 -0.46606 -1.5452 -0.03247 1.443 -0.70879 1.0662 0.40165 1.3556 -1.126 -1.5971 -0.19553 1.0909 -0.4583 0.079994 -1.9149 -0.43524 1.4455 1.7129 -0.655 0.74626 0.79614 1.4454 0.51956 -3.0846 0.31366
1.0356 -0.52401 0.12047 0.44512 -0.32426 -1.4364 -0.32614 -0.31138 0.058447 -0.63995 -0.38347 2.0496 0.060974 -0.32762 -0.80998 -2.6411 -0.51597 2.0257 0.093153 0.61114 0.46042 1.8027 -0.42855 -1.3255 -1.8044 1.1557 -0.22382 0.11705 -1.427 -0.38959 0.69017 2.435 -0.79886 0.21653 0.077316 1.8868 1.7951 -2.838 -0.20228
0.8591 -0.34191 -0.54328 -0.13873 -0.48058 -1.3087 0.38191 -0.22255 0.96666 -1.7969 -1.3483 0.64713 0.42915 -0.34484 -0.34195 -3.0061 -0.2836 2.0835 1.348 0.35107 0.57855 1.7052 0.66496 -0.47729 -3.1306 0.80308 0.28994 0.22778 -0.3186 -0.47152 -0.37191 2.4061 -0.43578 -0.61975 -1.0935 2.0004 2.2644 -1.4549 -0.69121
0.55422 -0.6783 -1.1155 0.43393 1.1713 -1.0697 -0.79801 1.4899 1.0614 -2.1136 -0.29625 -0.39612 0.73066 0.17733 -0.57538 -2.8227 -0.88404 1.4401 2.4134 0.4914 -0.059147 0.88215 1.6892 1.0691 -3.3107 0.68391 0.67669 0.44329 1.1312 -0.22416 -1.2618 1.5713 0.008544 -1.2897 -1.9487 1.1174 2.5065 0.64539 -0.93987
0.37563 -0.89587 -2.1735 -0.022207 1.3402 -0.34519 -1.1006 0.87559 1.667 -0.85096 -1.1194 -1.2723 0.52225 0.40837 -0.19124 -2.0222 -0.71436 1.0622 2.6102 0.27947 -0.63508 -0.38436 1.8914 2.0695 -2.5006 0.19216 0.85718 0.40327 2.1403 -0.24195 -2.0257 0.45121 0.49617 -1.572 -2.0891 -0.22455 1.6762 2.4059 -0.81727
0.97894 -0.67916 -2.5632 0.19742 1.2806 0.78559 -0.46917 0.25789 0.58379 1.1034 -0.29892 -2.7926 0.4399 0.63934 -0.12678 -1.1068 -0.71533 0.23813 2.392 0.65721 -1.609 -1.0773 1.2321 2.7836 -0.78382 -0.081963 0.51868 0.5164 2.525 0.17132 -1.763 -0.79659 0.62233 -0.82403 -1.4823 -1.4962 0.50094 2.9296 -0.4704
1.4598 -0.58314 -2.165 -0.4763 0.55669 1.1205 -0.056746 -1.1767 0.25215 0.81714 1.6814 -2.1168 0.39141 1.123 0.12426 -0.032412 -0.81515 -1.0084 2.2099 1.2188 -1.9039 -1.5229 0.42824 2.2699 0.62457 -0.15571 -0.13425 0.11902 1.871 0.20935 -1.0287 -1.7777 0.23232 0.30758 -0.27162 -1.8614 -0.70287 2.2454 0.058684
1.2134 -0.68827 -1.941 -0.51922 0.83 1.347 0.39028 -0.60915 -0.17233 0.44265 1.7102 -0.55806 0.47682 0.85252 0.14971 0.70243 -0.52702 -0.73797 1.1491 1.2157 -1.1419 -1.5329 -0.64019 2.0567 1.2407 0.085969 -0.6975 -0.16689 0.82451 0.45005 0.36617 -2.302 -0.55511 1.532 0.78953 -0.71153 -1.7533 0.34217 0.30614
1.1841 -0.65747 -1.9897 -0.62185 0.41957 1.1924 0.49999 -1.575 -0.20036 -1.5102 1.9131 -0.61207 0.51829 0.048976 -0.12229 0.42316 -0.43253 -0.32241 -0.053654 0.44205 -0.25545 -0.69966 -0.97896 0.94303 1.1699 0.20554 -0.95755 -0.40633 -0.10279 0.67112 1.3172 -2.2386 -1.0893 2.0929 1.7047 0.94554 -1.9253 -1.3774 0.26793
1.9132 -0.63383 -1.5246 -0.37353 0.12206 1.9678 0.18391 -0.65655 -0.92839 -0.55374 1.5233 -0.2761 0.48498 -0.18522 -0.28243 0.14292 -0.091616 0.56908 -0.73459 -0.0311 0.70147 0.10764 0.47636 -0.29235 -0.35528 0.24129 -0.78227 -0.40938 -0.48577 0.74665 1.0419 -1.503 -1.2533 2.0909 2.123 1.7782 -2.0407 -2.047 0.051138
1.3453 -0.65853 -1.6939 -0.53064 0.82774 1.048 0.60793 -0.81491 -0.68393 -0.25914 1.6756 -0.85433 0.58194 -0.23162 -0.34571 0.065709 0.18541 0.74822 -0.989 -0.26459 1.464 1.0987 1.7931 -0.66323 -1.4735 0.20773 -0.54574 -0.12829 -0.17387 0.87703 0.31552 -0.96551 -0.81433 1.6586 1.997 0.89825 -1.333 -1.4113 -0.039072
0.91008 -0.85753 -2.2834 -0.58572 0.74698 0.51437 0.0019863 -0.49684 -0.13216 0.17031 1.6395 -1.2795 0.62429 -0.53563 -0.4298 0.014291 0.52004 0.63433 -1.1589 -0.85406 2.284 1.8532 1.5966 -1.4949 -1.7345 0.16982 -0.2999 0.19582 0.25372 0.70741 -0.97313 -0.72361 -0.20973 0.95681 1.2163 -0.64361 -0.47019 0.40349 -0.11166
1.2847 -0.94728 -1.8021 -0.6315 1.4781 0.29879 0.10395 0.020583 0.65267 1.5804 1.2231 -2.305 0.64046 -0.83865 -0.2619 0.17867 0.85549 0.22642 -1.6195 -0.72302 2.3486 2.4587 0.28753 -1.295 -1.1076 0.17801 0.074735 0.59488 0.57299 0.35064 -1.7826 -0.59646 0.56037 -0.011885 -0.023449 -1.6418 0.19287 1.8695 -0.16505
1.0756 -1.0033 -1.7175 -0.12227 1.2378 0.51204 0.20485 1.4369 1.5407 1.8372 0.80936 -2.19 0.66642 -0.4606 0.013434 0.54269 0.85781 -0.94125 -1.7484 -0.21253 2.2093 1.8847 -0.091526 -0.96819 0.29127 0.073629 0.45611 0.85801 0.41472 -0.1707 -2.1867 -0.60472 1.043 -1.2188 -1.3421 -1.5075 0.6885 2.5065 -0.25372
0.82318 -1.0378 -1.821 0.15464 0.57748 0.17006 -0.98689 1.6747 1.9918 -0.42356 -0.43618 -2.495 0.63757 -0.11055 0.44896 0.829 0.65022 -1.713 -1.7874 0.48905 1.4567 1.0402 -0.72097 -0.49846 1.41 -0.014397 0.73897 0.89973 0.33459 -0.82412 -1.4829 -0.43285 0.66725 -1.999 -2.3556 -0.5375 0.62694 2.345 -0.36977
0.73386 -0.7755 -1.3315 0.51756 0.51582 -0.57649 -0.21003 2.1017 2.4076 -0.38786 0.62928 -1.2066 0.70607 0.0096486 0.67844 0.43344 0.30544 -2.3828 -2.1834 0.54507 0.19979 -0.1392 -0.9833 -0.40375 2.2357 -0.14987 0.72825 0.92025 0.48721 -1.0714 0.10132 -0.10354 -0.12736 -2.2774 -2.6073 0.5119 0.48753 1.7567 -0.4914
0.80893 -0.66734 -1.3765 -0.02168 -0.41133 -1.5606 0.70267 1.6648 1.5329 0.6163 0.97356 -0.23358 0.64164 0.39238 0.94021 0.83424 -0.37741 -1.7547 -2.1915 0.1787 -0.78343 -1.2745 -0.37066 -0.21961 2.8113 -0.31678 0.54201 0.83912 0.73378 -0.85481 1.5524 0.48484 -1.1343 -2.1172 -2.298 1.2098 0.084014 0.79572 -0.59354
1.1488 -0.37863 -1.2398 -0.065396 -0.82353 -1.337 0.67679 1.3327 1.4045 0.10054 0.87148 -0.036026 0.58949 0.733 1.3373 1.4141 -0.58851 -0.73005 -1.7247 -0.30914 -1.3808 -2.2105 0.77129 -0.048518 3.2509 -0.58154 0.14835 0.63869 0.96363 -0.18912 2.5441 1.0631 -1.5756 -1.5218 -1.4664 1.029 0.015412 -0.35037 -0.49187
1.2596 -0.36333 -1.5177 -0.079002 -1.0842 -2.1088 0.26925 0.54163 0.5944 0.39995 -0.094267 0.18921 0.46329 0.60621 1.5511 1.6538 -0.46786 0.30011 -1.1031 -1.2774 -2.1332 -2.5532 0.86436 -0.48105 2.5524 -0.77273 -0.30704 0.13267 0.45062 0.46509 2.2782 1.066 -0.92405 -0.86112 -0.36541 0.29002 0.49477 -1.4011 -0.14967
1.3381 -0.025151 -0.48493 -0.44571 -0.35299 -1.948 -0.5879 0.78558 -0.10852 0.38883 0.060793 1.5216 0.34018 0.20625 1.4638 1.7501 -0.00017247 1.2399 -0.74084 -1.7714 -2.2794 -2.4522 0.49262 -0.22491 1.6176 -0.72904 -0.51089 -0.53502 -0.51805 0.57416 1.2482 0.76731 0.28782 -0.023277 0.77767 -0.39301 1.1074 -2.357 0.40265
1.5607 0.58241 0.16039 -0.23018 0.064523 -2.0659 -1.1861 -0.0194 -1.0874 0.73373 0.19911 2.3584 0.05647 0.062811 1.1074 1.4748 0.17088 1.4251 -0.69129 -0.87832 -2.1277 -1.8859 0.35373 0.94319 0.68221 -0.48798 -0.36679 -1.1742 -1.5897 0.31601 -0.29181 0.42592 1.5977 0.56891 1.7292 -0.38701 1.084 -2.6311 0.87518
1.2372 0.85155 0.31824 -0.049831 0.56381 -2.1711 -0.98231 -1.1547 -1.1994 1.2314 0.45599 1.8944 0.0036448 0.010475 0.65431 0.57899 0.13352 0.99176 -0.49274 0.040135 -1.4518 -0.97152 0.21746 1.6259 -0.75934 -0.061486 -0.16078 -1.4979 -2.0854 -0.26128 -1.5426 0.56468 1.8954 1.0439 2.3644 -0.021956 0.040026 -2.1914 1.051
1.0141 0.62987 0.12293 0.010598 0.48025 -2.4558 -1.1068 -1.3654 -1.7963 0.78318 0.70234 1.1441 0.058704 -0.0064542 -0.035726 -0.60262 0.035828 -0.10315 -0.42289 0.89162 -1.3957 0.19762 0.20505 0.92986 -1.7779 0.33222 0.024233 -1.2785 -1.7141 -0.63562 -1.9376 0.87381 0.97479 1.3309 2.3177 0.25714 -1.3085 -1.0999 0.79408
1.4584 0.50566 0.0056207 0.037074 0.35773 -2.3727 0.038178 -1.2991 -0.96047 0.31171 2.0812 0.62908 0.22938 -0.064151 -0.50663 -0.94025 -0.4151 -0.80692 0.18675 0.99261 -0.51585 1.2779 0.51521 -0.11741 -1.7513 0.58847 0.15572 -0.65741 -0.49843 -0.64668 -1.5827 1.2396 -0.36948 1.2883 1.6375 0.53981 -1.698 0.37763 0.20966
1.3819 0.35063 -0.8218 -0.25291 0.059879 -2.6544 -0.10009 -0.71822 -0.8191 0.9032 1.6212 -0.40832 0.4439 0.1593 -0.48119 -0.83018 -0.72006 -1.2076 0.60446 0.51902 0.12475 1.6671 0.7228 -0.97202 -1.1375 0.49253 0.013471 0.18736 0.93174 -0.4775 -0.58261 1.3522 -1.8258 1.2305 0.38277 0.33264 -0.95093 1.3101 -0.40488
1.3742 0.17845 -0.82134 -0.40373 -0.47882 -2.3126 0.055866 -1.6783 0.10618 1.0253 0.41702 0.054454 0.5137 0.24561 -0.23591 -0.19674 -0.67397 -1.3401 1.3079 -0.49226 0.42088 1.6 1.0535 -1.0441 -0.30416 0.20373 -0.063732 0.75773 1.8354 -0.045647 0.10319 1.2303 -2.3298 0.68073 -0.74422 -0.50027 0.55469 1.4275 -0.81655
1.236 0.27329 -0.46209 -0.64646 -0.55392 -1.5546 -0.31211 -0.97457 0.67618 1.9094 -0.31785 0.42475 0.48533 -0.12334 0.1523 0.695 -0.71158 -0.89483 1.5398 -1.893 0.64965 0.81291 0.60796 -0.62795 0.22465 -0.13964 -0.078618 0.74666 1.9756 0.39018 0.37745 0.91098 -1.8421 0.16506 -1.4695 -1.2631 1.6283 0.92831 -0.83908
1.3994 0.3898 -0.51705 -0.74314 -0.63667 -1.6361 -0.52486 -1.0017 0.65228 1.7463 -0.24534 0.17517 0.37564 -0.036811 0.46979 1.5833 -0.50846 -0.76951 2.0161 -2.3004 0.6033 0.20899 -0.45547 0.91348 0.53928 -0.436 0.079526 0.21359 1.2194 0.82986 0.15983 0.059743 -0.43029 -0.44073 -1.5944 -1.6066 1.7214 0.20557 -0.54584
1.5359 0.33309 -0.02059 -0.53501 -1.0574 -0.80194 -1.6076 -0.55512 0.33112 1.6725 0.82012 0.52629 0.25877 0.15723 0.44031 1.8169 -0.09698 -0.79838 1.9548 -2.1354 0.35321 -0.59582 -1.1079 1.5512 0.36823 -0.56517 0.33755 -0.35414 -0.052681 1.2694 -0.21928 -0.699 1.0523 -0.78338 -1.2828 -0.9184 0.99123 -0.061335 -0.22067
1.1325 0.69402 0.58722 -0.92503 -0.45534 -0.87483 -2.3973 -0.21904 -0.019917 0.82685 1.5841 0.4321 0.1873 0.27335 -0.011915 1.4263 0.52654 -1.0911 1.2251 -1.2071 -0.35874 -0.90588 -1.375 1.5676 0.039486 -0.47932 0.36516 -0.63871 -1.4236 1.3227 0.071346 -1.6836 1.9403 -0.84107 -0.7641 0.011247 -0.46511 0.0095605 0.027852
1.3803 0.76315 0.89232 -0.84735 -1.1748 0.012518 -2.4483 -0.51614 -0.12064 0.20423 2.2773 0.43225 0.074188 0.39754 -0.20414 0.68155 1.0804 -1.129 0.65188 -0.41667 -0.50279 -1.2116 -0.81386 1.1827 0.33162 -0.47959 0.32469 -0.57346 -2.1122 1.1563 0.44207 -1.9943 2.0751 -0.47527 -0.10031 0.7322 -1.3433 0.4923 0.11273
1.6453 0.47751 1.1242 -0.38776 -1.5637 0.14712 -1.9948 -1.4671 -0.49157 0.22177 1.1588 0.73126 -0.0089669 0.57334 -0.28912 -0.39382 1.3095 -0.46855 -0.44303 0.57563 -0.72097 -1.0192 -0.58645 0.11685 0.56297 -0.4321 0.081057 -0.27912 -2.048 0.66125 1.0462 -1.7653 1.2989 0.20675 0.42179 0.91816 -1.6056 0.75114 0.1495
1.6065 0.044914 0.65986 0.1426 -1.8575 -0.66306 -1.37 -1.4284 -0.47736 0.62117 1.3746 0.16337 0.07445 0.65786 -0.39129 -1.05 1.6148 -0.29717 -0.89833 0.96857 -0.46464 -0.73686 -0.01449 -0.58483 1.1218 -0.40264 -0.20181 -0.095198 -1.4196 -0.040384 1.0926 -1.0892 0.38415 0.81991 0.87361 0.54156 -1.2599 0.39123 0.25488
1.8823 0.30721 0.043524 0.52545 -1.7622 -0.82223 -1.6193 -1.0639 -1.4219 1.0044 1.8757 1.0081 -0.16527 0.31423 -0.38808 -1.37 1.4596 0.40847 -1.2621 0.59898 0.027701 -0.28825 0.092577 -0.97163 1.2012 -0.27124 -0.31097 -0.0098378 -0.50077 -0.56132 0.46402 0.024068 -0.16308 1.0549 1.0426 0.16989 -0.84552 0.0055345 0.34212
1.9706 0.3419 -0.30393 0.47176 -0.80835 -1.4748 -1.384 -1.2167 -0.94293 0.23658 1.1559 1.4078 -0.16317 0.14129 -0.31169 -1.3681 0.92584 0.43275 -0.94612 0.30624 0.7911 0.18893 -0.054857 -0.95581 0.81635 -0.14034 -0.25564 -0.19041 0.28676 -0.97419 -0.28167 0.71345 0.055471 0.98017 1.0471 -0.4912 -0.46261 -0.64924 0.4973
1.8185 0.37289 -0.14768 0.73375 -1.1774 -1.3006 -1.3765 -0.86491 -0.83927 0.53755 0.92659 2.0372 -0.2144 0.23094 -0.34081 -1.1285 0.62427 0.019053 -0.36064 0.5861 0.80334 0.6246 -0.2264 -1.4931 0.71264 -0.00026045 0.027241 -0.45285 0.78705 -0.96921 -1.0719 1.1337 0.56051 1.0201 0.52483 -0.37175 0.24458 -0.99291 0.53638
1.6979 0.080528 -0.40158 0.8639 -1.0667 -1.1932 -1.7093 -0.90947 -0.37877 0.3344 0.56958 1.6611 -0.12159 0.20775 -0.73383 -0.6554 0.24968 -0.61129 -0.01117 1.0758 1.1458 0.92247 -0.86458 -1.2996 -0.0067848 0.27979 0.12591 -0.57248 0.74001 -0.75767 -0.97831 0.82636 0.94412 0.67375 -0.11404 0.0088502 0.89894 -1.2663 0.50186
1.856 -0.094216 -0.56408 0.68854 -1.5271 -1.1725 -1.2646 -0.16144 -0.29831 0.47903 0.10789 1.097 -0.074493 0.3461 -0.94213 -0.31592 0.023972 -1.021 0.38834 1.2889 1.9309 0.40775 -0.26831 -0.26089 -0.47902 0.40082 -0.031638 -0.40441 0.49837 -0.66946 -0.33253 0.29 0.84343 0.54615 -0.67244 0.42567 1.2122 -1.1238 0.39514
2.1228 -0.17497 -0.93505 0.99752 -1.9077 -1.2276 -0.37617 -0.38825 0.041499 0.49784 -0.22386 1.5094 0.00080138 0.34304 -0.97956 -0.44805 -0.16187 -0.82792 0.22682 1.7693 1.5945 0.071951 -0.022764 0.36817 -1.2516 0.48453 -0.23712 0.064056 0.17909 -0.57068 0.50981 0.15072 0.44088 0.10492 -0.77456 0.67663 0.82134 -0.53032 0.18627
2.1355 -0.42207 -0.58639 0.62324 -2.0172 -1.0604 -0.26725 0.62893 -0.11691 -0.89864 0.48076 1.2347 0.10599 0.11249 -0.90072 -0.33815 -0.39692 -0.47432 0.07239 1.8596 1.6834 -0.30146 0.21465 0.284 -1.0305 0.54747 -0.57721 0.33232 0.22988 -0.71193 1.2249 0.25277 0.076274 -0.46847 -0.32852 0.37862 -0.072214 -0.11104 0.12343
2.2281 -0.61963 -0.41809 0.53577 -1.8038 -0.88423 -0.09786 1.7792 -0.60773 0.61272 1.1956 0.98396 0.19397 -0.13074 -0.6408 -0.32156 -0.58667 0.051555 0.44035 1.6344 1.4654 -0.28014 0.26817 0.20188 -0.85507 0.51341 -0.89923 0.4051 0.14481 -0.74274 1.2957 0.74092 -0.21877 -0.77935 0.13668 0.25741 -0.94695 0.21874 0.050536
1.977 -0.69009 -0.94918 0.68115 -2.0137 -1.116 0.60835 0.52248 -0.56313 0.78743 1.114 -0.18692 0.25407 -0.54178 -0.54165 0.034431 -1.0681 0.78102 0.7645 1.4972 1.0105 -0.074068 0.35213 -0.31726 -0.9242 0.59009 -1.0243 0.38034 0.066355 -0.65453 1.1974 1.2264 -0.20187 -1.0826 0.62349 -0.23811 -1.2105 0.17475 0.0075098
1.7819 -0.88165 -0.94123 0.31478 -1.6369 -1.215 0.51412 1.5463 -0.66132 0.55309 -0.012673 0.52611 0.42983 -1.0885 -0.46549 -0.37296 -1.1869 0.91528 1.2696 1.5224 0.30582 0.2384 0.42699 -1.3439 -0.86177 0.54717 -0.89881 0.22797 0.045231 -0.43129 1.0274 1.3289 -0.40673 -0.82296 0.63659 -0.67702 -0.97985 0.34346 -0.012348
1.9083 -0.60827 -1.0335 0.081538 -1.6303 -0.32291 0.98288 1.7503 -0.30746 0.45239 0.15435 0.4283 0.37311 -1.4135 -0.33686 -0.19144 -1.2965 1.2852 1.9476 1.5201 0.013572 0.70098 -0.35772 -1.5202 -0.67623 0.54385 -0.54405 0.029375 -0.051974 0.12401 0.74077 1.0286 -0.69783 -0.62364 0.3132 -1.0318 -0.12895 0.21911 -0.071824
1.4726 -0.87279 -0.42264 -0.46018 -0.84088 -0.14483 1.456 1.131 0.034266 0.36127 -0.23757 0.25658 0.64387 -1.4527 -0.35075 -0.12542 -1.265 1.6806 2.3288 0.8324 0.24887 0.62046 -0.76579 -1.2798 -0.27514 0.51717 -0.03997 -0.19489 0.35005 0.54871 0.47907 0.088944 -1.2527 -0.34902 -0.41312 -0.95508 0.61122 0.11594 0.029194
0.75043 -1.063 -1.2413 -0.61521 -1.167 0.61993 1.4899 1.3277 -0.063062 0.27828 -0.91957 -0.29758 0.60078 -1.4192 -0.54424 -0.18005 -0.80872 1.7562 2.1577 0.49031 -0.26552 0.37097 -1.1645 -0.61031 -0.77375 0.48803 0.41504 -0.17699 0.38895 0.84609 -0.14491 -0.97143 -1.5651 -0.43017 -1.0681 -0.39666 0.86617 0.075189 0.062179
0.66594 -0.94203 -0.75879 -0.63735 -0.35337 1.3461 1.9141 1.4292 0.45881 0.30609 -0.40001 -0.27544 0.72083 -1.1529 -0.68833 0.24995 -0.43585 1.5598 1.3435 -0.38456 -0.29361 -0.42504 -1.1261 -0.47481 -0.58507 0.62398 0.62249 0.02374 0.44855 0.76228 -0.54343 -1.6559 -1.2412 -0.66935 -1.0906 0.1599 0.72216 0.21061 0.055339
0.55501 -1.0895 -1.2465 -0.69188 -0.038011 1.3412 1.1003 1.295 0.055107 -0.53587 -0.81803 0.0075697 0.7729 -0.73494 -0.46417 0.31908 -0.17367 1.0865 0.65128 -0.89578 -0.62129 -0.92537 -0.99417 -0.052723 -0.37858 0.59353 0.46142 0.22271 0.25521 0.29684 -0.80245 -1.7287 -0.71273 -0.65341 -0.74046 0.66829 0.28972 0.52035 -0.068989
0.46006 -1.4514 -1.0295 -0.54532 0.25978 1.3279 1.2212 1.1994 -0.17234 -1.1326 -0.52715 -0.64359 0.88198 -0.55799 -0.34559 0.42985 -0.19797 1.0287 0.022751 -0.87427 -0.97189 -0.92585 -0.5315 0.002981 -0.046733 0.55627 0.23679 0.46154 0.13712 -0.0012094 -0.58831 -1.0427 0.32867 -0.5 0.15103 1.0108 0.26348 0.5355 -0.24546
0.62367 -1.3674 -0.20321 -0.61283 0.029917 1.0348 0.52905 1.1043 -1.1691 -0.56442 -0.63385 -0.30514 1.1084 -0.79683 -0.33211 0.1889 -0.39209 0.56212 -0.37637 -0.64546 -1.2922 -0.86707 -0.10459 -0.2137 0.031047 0.40948 -0.067292 0.50326 -0.10856 -0.15661 -0.3138 -0.34958 0.90156 -0.12249 0.75867 0.91689 -0.091949 0.54845 -0.37782
0.33572 -1.2802 -0.47726 -0.80639 0.08227 0.83062 0.60663 0.041605 -1.1296 -0.61128 -0.49368 -0.41445 1.1568 -0.64433 0.035212 0.56267 -0.33472 0.75337 -0.064069 0.11787 -1.0081 -0.14511 0.48556 0.18502 0.31576 0.31369 -0.14132 0.53568 -0.321 0.054587 0.012502 0.35716 1.1781 0.50598 1.1465 0.4227 -0.25172 0.42593 -0.45765
-0.031248 -1.3274 -1.0322 -0.88571 0.34238 1.1004 0.8723 0.24856 -0.70874 -0.16666 -0.91574 -0.20349 1.0466 -0.81276 0.20593 0.060729 -0.39683 0.65665 0.059732 0.3405 -0.87569 0.21854 0.36194 -0.32552 0.5729 0.095049 0.05242 0.45219 -0.069285 0.30533 0.27823 0.60164 0.95785 0.93605 1.0457 -0.3127 -0.43058 0.21997 -0.36636
-0.30058 -1.4006 -0.77055 -1.1205 0.44188 0.93787 1.0302 -0.24285 -0.69025 -0.30525 -0.77415 -0.15081 1.0715 -0.81675 0.30103 -0.078114 -0.1019 1.0097 0.48136 0.8983 -0.15841 0.84765 0.091128 -0.46501 0.55877 -0.03744 0.10351 0.19696 0.078674 0.35446 0.036789 0.28602 0.3725 0.76299 0.48779 -0.99721 -0.67418 -0.15032 -0.19454
0.14969 -1.0847 -0.1615 -0.81562 1.0674 1.4467 1.3369 0.39631 -0.068692 -0.20239 -0.1946 0.30257 1.146 -0.59596 0.30866 0.38761 0.04256 0.94733 0.48131 0.80522 0.19037 0.74947 -0.5526 -0.79558 0.3551 -0.015908 0.27727 0.069079 0.22819 0.29068 -0.18337 0.044959 -0.025649 0.60853 0.15477 -0.94194 -0.60129 -0.32468 -0.049277
-0.43867 -1.2633 -0.87279 -1.0132 0.60663 1.1234 1.1921 -0.094961 -0.531 -0.71158 -1.377 0.060088 1.0312 -0.5375 0.32356 0.54227 0.086253 0.68061 0.26977 0.59764 0.009914 0.57752 -1.0996 -1.0085 0.095577 0.050492 0.23173 -0.078453 -0.14453 -0.045447 -0.56826 -0.32171 -0.41904 0.26369 -0.13282 -0.42721 -0.54571 -0.25509 -0.042507
-0.35421 -0.96467 -0.39039 -0.68559 1.2272 1.6426 1.7046 0.82515 0.18791 -0.27611 -1.2133 0.37688 1.1031 -0.3951 0.31695 0.1611 0.033415 0.49183 0.26279 0.43517 0.27308 0.67021 -0.97231 -1.3262 0.11066 -0.028941 0.21323 -0.16907 -0.5328 -0.39242 -0.62922 -0.43174 -0.55943 0.31317 -0.00085614 0.31956 -0.0076066 0.042543 -0.11122
-0.44863 -1.0601 -0.20168 -0.9079 1.1147 1.3257 1.54 0.035927 -0.037027 -1.5121 -1.6797 -0.13174 1.1095 -0.44954 0.16832 -0.22118 -0.1861 0.20539 0.007393 0.26906 0.32301 0.62401 -0.57797 -1.3531 0.13273 -0.099825 0.16853 -0.29916 -0.7338 -0.76833 -0.78902 -0.59318 -0.79531 0.30731 0.019005 0.6829 0.52205 0.16107 -0.19933
-0.7075 -1.0619 -0.39013 -0.92602 1.0418 1.2873 1.5538 -0.039726 0.11785 -1.5674 -1.9812 -0.045335 1.1136 -0.2087 0.10365 -0.18169 -0.54291 0.041578 -0.17493 -0.11548 0.65849 0.72904 -0.16806 -0.62444 0.41091 -0.12254 0.2354 -0.19322 -0.40378 -0.84203 -0.84656 -0.66381 -0.92068 0.3587 0.12802 0.92215 1.2756 0.18592 -0.1795
-0.41838 -0.962 -0.57617 -1.0305 1.1539 1.474 1.6019 0.60983 0.58169 -1.0975 -2.1228 0.37234 1.024 -0.28747 -0.073606 -0.59698 -1.0329 -0.52937 -0.59841 -0.66691 0.42982 0.59097 -0.11472 -0.22637 0.26779 -0.22925 0.52582 0.14065 0.073959 -0.5528 -0.85308 -0.73327 -1.036 0.45271 0.35383 0.91529 2.0267 0.25669 -0.1656
-0.53437 -0.97934 -0.77494 -1.0598 1.1174 1.3365 1.6276 0.92758 0.66749 -0.6759 -2.1355 0.50871 0.99635 -0.0012575 0.11422 -0.37118 -1.0849 -0.68093 -0.65244 -0.87847 0.93812 0.9494 0.67144 0.85702 0.41747 -0.2582 0.7333 0.54073 0.42277 0.051658 -0.93504 -0.99757 -1.1568 0.25272 0.13519 0.7442 2.2822 0.080291 -0.16632
-0.69356 -1.1202 -0.83682 -1.6885 0.72738 0.93175 0.9988 1.0787 0.63942 -0.90472 -1.8594 0.66114 0.94533 0.49331 0.407 0.0081789 -0.92928 -0.98539 -1.1009 -1.3534 1.0952 1.2318 0.86366 2.2611 0.65184 -0.30313 1.1493 0.93644 0.8386 0.85696 -0.845 -1.0313 -1.3017 -0.14052 -0.40409 0.74994 2.1899 -0.38557 -0.23282
-0.75202 -1.0815 -0.92405 -1.951 0.50183 0.72637 0.75889 0.74973 0.93229 -1.1904 -1.4954 0.22042 0.90357 0.85592 0.78755 0.27445 -0.50637 -1.4321 -1.7612 -2.0091 0.82597 0.68575 0.8549 3.0339 0.37224 -0.35791 1.2039 1.2134 0.95073 1.5742 -0.63971 -0.8325 -1.1447 -1.1139 -1.3482 0.59804 1.1239 -0.78926 -0.49376
-0.32746 -0.81068 -0.44178 -1.9275 0.388 0.61379 0.58323 1.3871 1.6043 -0.42932 -0.39021 0.46555 0.88366 1.5579 1.1868 0.58293 0.23507 -1.6911 -1.9442 -2.618 0.17628 -0.087428 1.3174 3.3896 -0.53082 -0.56096 0.77812 1.3316 1.076 1.7819 0.071456 -0.1127 -0.62391 -1.7157 -2.1967 0.507 -0.45696 -0.54823 -0.88631
0.17363 -0.45718 -0.43688 -1.6785 -0.014614 -0.066647 -0.076263 1.8725 2.2014 -0.049174 1.1439 1.3509 0.77764 1.8478 1.7922 1.0448 1.1984 -1.4906 -1.762 -2.4598 -0.91648 -1.1048 1.6584 2.7145 -0.65694 -0.93953 -0.18426 1.1733 1.2243 1.5793 0.76824 0.83436 0.30991 -2.0018 -2.2506 -0.070598 -1.9455 0.17289 -1.2212
0.49424 -0.10759 -0.46556 -1.4395 -0.54768 -0.88797 -0.98046 1.67 0.83418 0.10047 1.2315 0.65197 0.64649 1.5406 2.1735 1.5505 1.4626 -0.82028 -1.2958 -2.3374 -1.587 -2.2976 1.4899 1.4574 0.0049131 -1.4675 -1.4491 0.65086 1.2269 0.95592 0.84815 1.6097 1.2576 -1.5388 -1.4308 -0.97798 -2.9189 0.89628 -1.2012
1.1059 0.10842 -0.1674 -0.90921 -0.89201 -0.94207 -1.7993 0.5569 -0.068261 0.99535 1.662 -0.98004 0.38441 0.51331 2.2939 1.9835 1.7547 -0.45952 -0.52314 -1.558 -2.435 -2.7426 0.61762 -0.15095 0.45146 -1.91 -2.1046 -0.064175 0.80757 0.3999 0.77368 1.8863 1.859 -0.45847 -0.024668 -1.4076 -2.0853 0.95484 -0.85938
1.0443 0.832 0.50723 -0.43796 -0.70528 -0.86023 -1.4957 -0.83586 -0.96126 0.88181 0.89036 0.01676 -0.059163 -0.61593 2.0474 2.3111 1.6947 -0.65276 0.43764 -0.65001 -2.2536 -2.1489 -0.16541 -1.4129 0.77539 -2.0481 -2.43 -1.132 0.076033 -0.12994 1.1204 1.3022 1.9499 0.85351 1.6047 -1.3689 -0.79666 0.54653 0.11132
0.73306 1.2501 1.0953 -0.62656 0.045661 -0.50569 -1.7673 -0.71839 -1.8707 0.66247 0.37343 1.3021 -0.57043 -1.2053 1.751 2.1117 1.8059 -0.15644 0.88579 0.2751 -1.5475 -1.2243 -0.39409 -0.30059 0.94072 -2.0601 -1.9148 -2.067 -0.79146 -0.7992 1.6521 -0.0077969 1.0688 1.6126 2.4523 -1.1785 0.50924 -0.44661 1.405
0.020601 1.5538 1.726 0.1269 -0.43329 -0.12015 -1.109 -1.2601 -1.3768 0.12394 -0.066232 1.6518 -0.88996 -2.3722 0.52514 1.6248 1.1941 1.0792 0.43014 0.49995 -0.29331 0.18342 -0.8054 -0.1586 0.889 -1.2086 -0.68437 -2.4021 -1.8073 -1.5424 1.9253 -1.2198 0.35142 1.2951 2.3108 -0.25294 0.96696 -1.5219 2.4606
-0.46715 1.4597 1.7786 0.16649 -1.5819 0.11027 -1.2507 -0.56913 -0.65165 -0.2699 -0.37453 1.545 -0.99771 -2.3665 -0.4546 0.91286 0.5414 1.6961 -0.52004 -0.07811 -0.11458 1.0404 -1.4749 0.32747 -0.55427 -0.020662 0.71281 -2.1767 -2.9076 -2.3418 1.3986 -2.0285 -0.41412 0.5332 1.5587 0.57185 0.16245 -1.6969 2.8792
-0.23282 1.6622 1.5729 0.83499 -0.47112 -0.13828 -0.94989 -0.74184 -1.4379 0.41207 2.3071 0.39172 -1.2913 -1.3711 -0.92914 -0.3208 -0.49222 1.9413 -1.1094 0.19806 -0.32335 1.3827 -0.14823 0.35877 -1.6755 0.97556 2.3346 -1.0085 -3.3923 -1.8821 0.3589 -1.9375 -0.3153 -0.47843 0.7489 1.1611 -0.62756 -0.81141 2.243
-1.8109 0.35355 1.7686 0.077868 1.4069 -0.80889 -1.3788 -0.16616 0.28369 -0.0078501 0.64825 0.54865 -0.49114 -0.29124 -1.2179 -2.1155 -1.6282 1.9712 -2.0952 -0.37874 -0.45471 1.3234 0.43768 -0.19629 -1.3416 1.5788 2.98 -0.089997 -3.3417 -0.83189 -0.8464 -1.0625 0.45247 -0.52482 0.55297 1.1254 -1.2023 0.73742 1.1863
-1.3336 0.62939 1.7149 -0.19551 1.4134 -1.6635 -1.9601 -1.6036 0.036013 -1.7662 0.56414 -0.22817 -0.0085819 1.1973 -0.80302 -2.9284 -1.1599 1.6023 -2.3641 0.036033 -1.1287 1.5565 0.6014 -1.2254 -0.42941 1.6775 2.9929 0.44491 -2.5439 0.64271 -2.0218 0.23431 0.66426 -0.13833 0.13458 0.089203 -0.54093 1.2196 -0.07128
-0.32455 0.68015 0.51291 -1.2582 1.2694 -1.3177 -0.77975 -1.2989 0.076544 1.5543 0.32259 -0.63127 0.1599 2.2271 -0.66584 -3.7601 -0.64801 0.3258 -1.8506 0.86923 -0.81291 2.073 0.44043 -1.4398 0.35074 1.5782 1.9345 0.0099581 -0.79521 1.6647 -2.1462 1.9916 0.88586 0.91868 -0.22064 -0.39415 0.12886 0.70502 -0.75072
-0.21755 0.38154 -1.2693 -1.4609 0.54219 -2.7069 -1.8153 -1.4436 0.71094 0.55334 -0.34351 0.49084 0.31618 3.2729 -0.44388 -4.0479 0.18412 -0.92164 -0.78306 0.84882 -0.44936 1.2838 0.025546 -0.16268 0.015012 0.85968 -0.062136 -0.95623 1.0757 1.679 -1.0021 3.12 0.48699 2.0414 -1.0079 -1.3851 0.20468 0.074498 -0.82085
1.134 0.8597 -1.1485 0.087971 0.63436 -2.5731 -0.80683 -2.1283 1.5858 0.3701 -0.9391 0.9668 0.26945 2.4905 -1.3757 -2.9763 0.73036 -0.67973 0.82417 0.91694 1.0772 1.0195 -0.085873 -0.43661 -0.10352 0.75535 -1.8356 -1.3959 2.7147 1.2066 0.81169 3.6043 0.43972 2.2314 -1.8859 -1.7999 -0.25456 -0.19496 -0.55458
1.3489 0.2911 -2.2102 0.098938 0.90221 -2.1901 0.28549 -1.2135 2.2589 0.31209 0.80133 0.60405 0.49794 0.95474 -2.0691 -1.3933 1.2077 0.28098 2.1026 0.94508 2.1098 0.055596 -1.9696 -1.2736 -0.061048 0.74137 -2.9514 -1.3276 3.039 0.020695 1.7622 2.7404 0.33572 1.7632 -2.3199 -1.4696 -0.56406 0.11763 -0.18573
1.6701 -0.22714 -2.2965 -0.24965 0.30097 -1.5577 -1.2411 -1.0955 1.2718 -0.92342 0.58401 -0.51217 0.44499 -0.21578 -2.2218 -0.22788 1.0352 1.2118 3.4094 1.6628 2.4824 -1.1109 -2.2429 -1.4143 -0.033694 0.7272 -2.3712 -0.15826 2.3638 -0.61353 1.3213 1.1176 -0.026744 0.36131 -2.7061 -0.69241 -0.15403 0.31204 -0.35525
1.1947 -1.0348 -1.4242 -0.10626 0.71235 -0.096596 -0.59633 0.51652 1.088 -0.18698 -0.86319 -0.56721 0.89222 -1.1725 -2.2734 0.017618 0.063579 1.3553 3.024 1.1171 2.4588 -2.3241 -1.9026 -0.86656 0.21157 0.56956 -1.2716 0.89248 1.2385 -0.87028 0.50751 -0.64833 -0.028491 -0.82303 -1.9806 0.73745 0.95071 0.22578 -0.5466
0.23564 -1.468 -1.5056 0.075218 1.755 0.64663 0.36281 1.5999 0.076145 -1.5332 -2.3746 0.43425 0.84751 -1.1021 -1.5378 0.54998 0.17746 1.2007 2.4514 0.77317 1.6266 -3.2424 -1.5397 -0.95486 0.39836 0.25857 -0.31627 1.5015 0.45833 -0.70547 -0.50753 -2.1085 -0.32624 -1.7466 -0.81403 1.1716 1.7994 -0.15701 -0.65023
0.055441 -1.3338 -1.7207 0.43556 2.0075 1.0102 0.88623 0.84412 -0.431 -2.5835 -1.6475 1.1608 0.90795 -1.0938 -0.88878 0.43598 0.043283 1.2185 1.3922 1.3288 0.82259 -2.8676 -0.82283 0.54759 0.18065 0.078628 0.4674 1.6464 0.50166 -0.34733 -1.2724 -2.1886 -0.18967 -2.0623 0.62765 1.452 1.8959 -0.94229 -0.42518
0.41522 -1.4384 -1.7284 -0.13996 1.8181 0.37728 0.39846 0.9006 -1.5534 -1.3711 -0.046824 0.71904 0.73044 -0.86626 -0.35629 0.38527 -0.24731 0.35903 0.32598 0.92167 -0.31651 -2.476 -0.39823 1.7469 -0.3613 -0.094632 0.66769 1.0463 0.78792 -0.58122 -1.7628 -1.5635 -0.32376 -1.5468 1.8445 1.4069 0.97987 -1.2382 -0.11282
0.6298 -1.3711 -1.5313 0.15097 1.5884 0.86617 0.17898 0.85868 -2.7959 -1.7221 -0.41876 0.037868 0.69729 -0.35888 -0.06001 0.99984 -0.36343 -0.54135 0.038798 0.67087 -0.83685 -1.4373 0.4837 1.8575 -1.3945 0.048575 0.46176 0.58007 1.0242 -0.54079 -1.7222 -0.25357 -0.3792 -0.73218 2.5723 1.029 -0.87775 -0.75271 0.10537
0.065912 -1.5006 -1.3952 -0.28046 1.857 0.56425 0.7767 0.69515 -2.1777 -1.6169 0.59763 -0.63643 0.73483 -0.14374 -0.16845 1.6801 -0.6852 -1.1322 0.24034 0.47159 -0.74936 -0.23401 0.67199 0.50357 -1.4189 0.08918 0.29174 0.29343 0.49855 -0.63455 -1.1125 0.37818 -0.2157 0.15594 3.0335 0.87857 -1.7416 0.15469 0.078428
-0.40451 -1.6011 -0.89578 -0.2182 1.4113 0.6254 1.1291 0.45436 -2.3018 -1.2113 0.21669 -0.24164 0.89457 -0.53461 0.0083993 1.6234 -0.73004 -1.1747 0.97828 0.81637 -0.48901 1.2025 0.7356 -0.6952 -0.87981 0.16077 0.49694 0.48821 -0.61459 -0.60961 -0.82022 0.074021 -0.7863 0.59199 2.5132 0.42012 -1.4471 1.1124 -0.28688
0.029791 -1.3758 -0.40618 -0.090977 1.1599 0.90646 1.3593 0.15038 -1.7584 -1.3523 -0.1414 -1.1083 0.93007 -0.19261 0.11324 0.96776 -1.2273 -1.35 0.57191 0.42676 -0.18953 2.3251 1.2622 -0.69109 -0.30964 -0.02095 0.63275 0.98767 -0.68942 -0.50939 -0.91049 -0.43155 -1.5413 0.54472 1.6459 -0.11091 -0.052032 1.2306 -0.64246
0.40646 -1.5863 0.15874 -0.69079 0.47118 1.1917 0.83115 -0.11092 -0.97938 -1.3668 -0.79793 -0.50841 0.84604 0.65528 0.63406 0.25865 -1.2102 -1.9245 0.024211 -0.82922 0.082089 2.3552 1.0392 -0.62874 0.3635 -0.36674 0.55503 1.7702 0.27453 -0.069914 -0.84526 -0.86038 -2.1383 0.36126 0.35718 -0.79365 1.0632 1.1107 -1.1321
-0.36169 -1.3292 -0.31305 -0.93784 0.68527 1.9224 1.3331 0.69771 -0.11823 -0.16637 -0.9334 -0.60946 0.81215 0.51838 1.2028 1.1312 -1.3801 -2.4142 -0.069698 -1.684 0.066609 2.5127 0.28686 0.37404 0.51922 -0.70161 -0.45206 2.4848 1.1283 1.3007 0.12095 -0.83706 -1.6568 0.33256 -1.0778 -1.1754 1.5409 0.95349 -1.6177
0.30792 -1.3082 -0.90104 -1.4268 0.26011 0.86501 0.72352 0.65763 0.76034 -0.028519 -0.43739 -0.54539 0.63115 0.21397 2.4783 2.0352 -0.78702 -2.1804 -0.28384 -2.258 0.10662 1.8334 -0.40365 1.064 1.0148 -1.3579 -1.3155 2.3087 1.4645 2.5725 1.2821 -0.64986 -0.56729 0.040752 -2.1451 -0.83698 1.5048 0.84799 -1.9182
0.87538 -0.66143 -0.98327 -1.3358 -0.66555 0.10336 -0.53745 0.57269 0.67358 -0.64891 0.044153 0.15732 0.39239 -0.85038 3.4207 2.1005 0.92765 -0.99581 -0.81372 -2.0601 0.46281 0.41737 -0.42249 1.7773 1.3448 -2.1822 -1.4643 1.3212 0.50644 3.3471 2.2929 -0.40063 0.70474 -0.1172 -2.7042 0.27985 0.59448 0.49577 -1.6991
-0.022124 -0.17227 1.8368 -1.5863 -1.6235 1.1262 -0.80356 0.078896 1.2989 -1.5158 0.71352 0.011062 0.25732 -1.2386 3.4554 2.3967 2.3223 -0.28752 -0.79601 -1.7413 -0.05233 -0.91777 -0.3215 1.9071 1.7101 -2.7769 -1.1591 -0.43823 -0.85537 2.7987 2.5329 0.03813 1.8109 -0.21672 -2.0863 1.0876 -0.39635 -0.29563 -0.86427
0.28129 1.5821 2.3041 -0.75782 -0.89831 1.0003 -1.2616 0.31369 0.69702 -1.8962 0.63803 0.4133 -0.60429 -1.6264 2.9656 1.8589 3.1646 0.83094 -0.5433 -0.58951 -0.11551 -1.5596 0.81009 1.2407 1.1941 -2.7825 -0.0083112 -2.3925 -2.4625 1.3433 1.6687 0.32824 2.1922 -0.21601 -0.95976 1.4804 -1.6182 -0.89366 0.49156
-1.4051 1.7878 1.2233 0.87216 0.36401 0.14198 -0.88453 1.3511 -0.7234 -0.56051 1.3023 1.4398 -1.4071 -1.6682 1.9656 0.62781 3.1936 1.5359 -0.33446 0.49271 -0.070747 -1.3803 1.1931 0.49876 0.45709 -2.4767 0.97055 -3.8707 -3.1657 -0.43867 0.065582 0.28474 1.8946 -0.14129 0.20426 1.1595 -2.1286 -1.3415 2.0637
-1.197 1.6103 1.4248 1.4281 0.16692 0.56213 -0.69653 0.2286 -1.2309 -0.031737 1.4983 1.5634 -1.7245 -0.64044 0.10252 -1.4187 2.9363 1.1445 -0.42151 1.0441 0.0069518 -1.282 1.8351 -0.96851 0.08714 -1.5238 1.9022 -3.7439 -2.0692 -1.7501 -1.3212 0.37107 0.74506 -0.38066 1.0134 0.23156 -1.6157 -1.3112 2.813
-0.70664 1.4592 0.98952 1.489 0.51208 -0.16901 -0.27685 0.23415 -0.86724 0.92406 0.86108 0.5405 -1.6391 0.19049 -1.6895 -1.6263 1.6304 -0.31914 -0.31465 1.0891 -0.42476 -0.64017 1.5259 -1.5314 -0.55735 -0.014939 1.7383 -1.9738 -0.59111 -2.1512 -1.2142 0.46287 -0.39486 -0.10305 1.1374 -0.57566 -0.8401 -0.64871 2.4104
-1.1062 1.5104 0.97212 1.5145 0.28331 0.45913 -0.13427 0.36485 -0.39832 -0.42983 0.64775 0.3748 -1.7404 1.2002 -1.5676 -0.71395 0.74814 -0.64814 0.14927 0.54284 -0.74264 0.11813 1.1094 -1.1889 -1.0562 0.60901 0.41949 0.43044 1.0343 -1.9004 0.081678 0.83998 -0.77668 0.24177 0.87633 -1.1428 0.3612 0.18996 1.0343
-0.45383 0.14924 0.25297 1.8682 -0.43159 0.76911 0.24271 0.45124 -0.85531 0.79424 -1.0751 0.51443 -1.2273 0.84477 -0.55048 -0.7799 0.35804 0.2209 0.25301 -0.024312 0.071604 0.21757 0.37399 -1.1749 -0.34295 0.41786 -0.60849 2.134 1.1959 -1.038 1.2711 0.53588 -0.6623 0.53309 0.3185 -0.74281 0.96379 0.73916 -0.45942
-0.046318 -0.11431 0.18202 1.4195 -0.9898 0.00095211 -0.11366 -0.024752 -0.9477 0.48226 -0.54213 0.2527 -0.74044 -0.13032 0.2697 0.010986 0.1003 1.029 0.86737 0.096849 0.23641 0.060623 0.071539 -0.35818 0.36272 -0.040122 -1.3785 2.3729 0.96725 -0.6048 1.4239 0.15249 -0.1207 0.84145 -0.20279 -1.0549 0.87169 0.88318 -1.2075
-0.14463 0.7552 1.0035 2.0645 0.27944 0.4819 -0.40746 -0.12793 -0.62595 1.4358 0.94043 0.10238 -1.2718 -0.33061 1.0251 0.15328 0.055053 1.1683 0.33465 0.028751 0.16328 0.03532 0.5217 0.13221 0.26489 -0.44421 -1.1992 1.3826 0.81444 -0.35823 0.50063 0.018062 0.30435 0.5682 -0.33627 -0.98002 0.62355 0.61195 -1.0665
-0.43791 1.6971 0.26745 1.7005 1.1271 0.75935 -0.66548 0.77284 -0.68952 0.1121 -0.49761 1.1721 -1.6652 -0.9143 1.6839 0.55236 -0.20941 1.4832 0.40528 0.27734 0.92409 -0.19509 -1.1246 0.039282 0.47287 -0.94282 -0.42043 -0.25031 -0.19455 -0.97183 -0.78735 -0.41989 0.39461 -0.20283 0.18551 -0.92756 -0.1181 0.42295 0.076443
-1.4824 1.5754 1.2073 1.469 1.5354 1.389 0.47728 0.6821 -0.59167 0.51831 0.23734 0.9022 -1.7344 -1.1125 1.098 0.40891 -0.14639 0.91319 0.5314 0.46614 0.87764 -0.32804 -1.0353 -0.023252 0.86756 -0.88189 0.75153 -2.2502 -0.85695 -1.6345 -1.9936 -0.74304 0.16529 -0.98455 0.80368 -0.1158 -0.32587 0.27442 1.6799
-0.86921 1.6573 0.55918 1.7766 0.33778 0.42884 -0.054079 0.31491 -0.56049 0.96914 0.017716 0.36053 -1.7695 -0.55552 -0.18749 -0.46265 -1.5775 -0.27554 0.0035542 0.63291 -0.5587 0.62089 -1.0503 -0.51823 0.93157 0.30524 1.7175 -3.2207 -1.3078 -2.0418 -2.544 -1.4069 -0.094809 -1.8222 1.347 1.1818 -0.36417 -0.24569 3.1252
-1.0647 1.4941 0.89658 1.4515 0.89823 0.95336 0.43758 1.9584 -1.5555 -1.5057 -1.139 1.1628 -1.8218 0.9809 -1.8603 -0.8702 -2.2482 -1.5867 -0.82964 0.1635 -1.1431 1.2523 0.24122 -0.27172 0.59501 1.6926 1.7219 -2.5813 -0.89237 -2.0643 -1.7736 -1.3488 0.23813 -1.5659 1.4792 1.42 -0.50253 -0.84046 3.4159
-1.243 1.2293 0.86338 1.5369 0.47702 0.81176 0.010865 0.64085 -1.1077 0.059444 0.62301 1.6309 -1.6809 1.4315 -2.3081 -1.1457 -2.8887 -1.9061 -1.5115 0.23962 -1.8382 1.7352 0.64256 -0.60118 0.080549 2.9052 0.8116 -1.139 -0.069813 -0.91535 -0.57289 -0.59871 0.69592 -0.80486 0.93145 1.372 -0.41799 -1.3855 2.4345
-0.72176 0.77508 -0.13615 -0.6122 0.41993 0.58985 0.36649 -1.6459 1.4216 0.016785 -0.38161 1.6586 -0.76624 1.2951 -2.2258 -0.84392 -3.262 -1.5041 -1.2005 1.1158 -1.7274 2.1018 1.0099 -1.0427 -0.47978 3.431 -0.33987 0.3991 0.43608 0.21533 0.70374 0.41313 1.0392 0.1949 -0.037007 -0.045903 -0.99107 -1.6443 0.80922
0.90597 -0.73339 -0.51063 -0.80736 -1.021 -0.44358 -0.30214 -0.21921 1.0516 1.2667 -0.83027 1.4875 0.23857 0.8965 -1.9365 -0.59842 -2.7461 -1.3574 -0.90834 1.4926 -1.9442 2.0788 1.3591 -1.0127 -1.4442 3.4365 -1.014 1.1652 0.83061 1.7685 1.4346 1.4572 0.89295 1.3919 -1.1284 -0.89092 -0.5676 -1.1971 -1.0317
-0.26163 -0.44404 0.2014 -1.2261 -0.8146 -0.83032 1.1235 -1.6885 1.3534 1.1517 -0.64854 0.14978 1.0004 0.59082 -1.3627 -0.36133 -1.9326 -0.57085 -0.35067 1.5349 -0.70895 1.0105 -0.21767 -2.1731 -2.0972 2.7573 -1.3597 1.5937 0.60989 2.5921 1.9383 1.9343 0.4109 1.5767 -1.6655 -1.6253 -0.096738 -0.32519 -2.32
0.15788 -0.11216 -0.044806 -1.4214 -0.71889 -0.28634 1.7309 -0.65743 1.6365 0.88699 -1.9017 0.072715 0.93533 -0.20096 -0.7536 0.10141 -0.33345 0.25179 0.78181 1.7458 0.49865 0.010288 -0.56912 -1.2363 -1.6297 1.5481 -0.94246 1.1908 -0.081898 2.4103 1.8706 1.7365 -0.28792 1.519 -1.6659 -1.52 0.17049 0.74688 -2.7599
-0.57395 -0.43887 0.30161 -1.2256 -0.329 0.39907 1.8993 -1.3177 1.4408 0.37148 -1.3839 -0.32897 1.0796 -0.82131 -0.10279 -0.10032 0.25391 1.2355 1.5581 1.7753 0.27784 -0.21751 -1.3506 -1.1229 -1.0819 0.56472 -0.38263 0.46074 -0.4953 1.6589 1.2255 0.87347 -0.77113 0.63566 -0.96892 -0.31075 0.7922 1.3662 -2.1753
-0.051537 -0.44604 -0.24911 -1.2677 -0.15672 0.20153 1.2533 -0.93505 1.0286 -0.47354 -2.6764 -0.97552 1.0564 -0.24124 -0.5369 -0.87317 0.55117 1.16 1.3738 0.81091 0.67017 -0.66167 -1.184 -1.1575 -0.40393 -0.00037769 0.23836 -0.050654 -0.60096 0.48271 0.36917 -0.32744 -1.1018 0.0064961 -0.32323 0.18357 0.47362 1.1248 -1.1769
-0.33061 -0.68071 -0.1846 -0.90141 0.11773 1.2475 2.4175 -0.20227 1.4498 0.29392 -1.3675 0.037561 1.0208 -0.13079 -0.68289 -0.75796 0.64508 1.2178 0.98818 0.5091 0.49409 -0.60267 -0.55144 -0.50099 0.13338 -0.041272 0.25457 -0.14806 0.10222 -0.15545 -0.38625 -1.0099 -1.0607 -0.3176 0.037528 0.46942 0.69948 0.64094 -0.33472
-0.42008 -0.64229 -0.38541 -0.63437 0.36152 1.0021 2.3976 -0.50162 0.70771 -0.45195 -2.329 -0.36216 1.0457 -0.065533 -0.54485 -0.64274 0.34557 0.94003 0.4729 0.24808 0.38366 -0.44433 -0.6009 -0.51799 0.10119 -0.081493 -0.11557 0.41559 0.85515 -0.53463 -0.58117 -1.0585 -0.95129 -0.69933 0.28247 0.077284 0.61233 0.027563 0.14964
-0.37954 -0.91138 -0.98703 -0.89354 0.37301 0.66636 2.0594 -0.70584 0.46505 -0.33271 -2.6743 -0.53442 0.94696 -0.39656 -0.34572 -0.03035 0.067304 0.64572 0.14809 0.0050815 -0.25318 -0.24596 -0.69087 0.070243 -0.0082726 0.056308 -0.16164 0.63167 1.0602 -0.58373 -0.77259 -0.65364 -0.98199 -0.5718 0.34673 -0.23291 0.45964 -0.20649 0.2592
-0.076817 -0.8764 -0.51251 -0.72282 0.80028 1.1639 2.2168 -0.12957 1.0252 0.24237 -2.1567 0.28014 0.96562 -0.32437 0.005957 0.29536 -0.14099 0.39047 -0.15668 -0.77774 -0.41658 -0.26593 -0.9635 -0.11681 -0.29006 0.19761 -0.11092 0.54611 1.0153 -0.25233 -0.65175 -0.15551 -0.69368 -0.29864 0.27891 -0.18356 0.32225 -0.11113 0.25364
-0.65401 -0.9897 -0.42222 -0.98901 0.61205 0.85346 1.8497 -0.84372 0.76697 -1.1051 -2.3281 -0.76802 1.0418 -0.30808 0.12054 0.67215 -0.18224 0.087498 0.10373 -0.87785 -0.30354 0.011808 -0.85248 0.2978 -0.11759 0.24594 0.040406 0.22149 0.30569 -0.018493 -0.48939 0.0031483 -0.27906 0.10242 0.058283 -0.00061311 -0.12008 -0.062308 0.034567
-0.64552 -0.74481 -0.12386 -1.0685 0.50637 0.68656 1.6993 -1.1559 0.83021 -1.1648 -1.957 -0.67473 1.156 -0.31666 0.15538 0.82496 0.0042277 0.03465 0.22031 -0.65433 -0.2264 -0.0062866 -0.9017 0.073417 -0.091252 0.24132 0.25053 -0.20006 -0.3894 0.079882 -0.11962 -0.0025541 0.24861 0.55176 -0.10787 0.80666 -0.090947 0.40631 -0.27368
-0.65708 -0.58302 -0.042302 -0.83642 0.62482 1.0844 1.4585 -0.59548 0.67373 -0.92443 -1.9664 -0.28932 1.2178 -0.30941 -0.039008 0.25407 -0.044903 -0.064435 -0.02074 -0.60096 -0.15759 -0.25372 -0.72995 -0.26688 -0.25263 0.092172 0.54256 -0.40232 -1.031 0.040934 0.33403 -0.18416 0.27182 0.9867 -0.25393 1.5797 0.20214 0.73328 -0.52571
-0.5851 -0.71089 0.031664 -0.8863 0.43423 1.0733 1.2842 -0.8657 0.67912 -1.312 -2.2785 -0.4587 1.1774 0.18094 -0.2496 -0.19004 -0.069819 0.25345 -0.085361 -0.44297 0.62645 -0.34612 0.61487 -0.014097 0.61285 -0.1742 0.73552 -0.41173 -1.4195 -0.25109 0.53744 -0.51345 -0.013782 1.0694 -0.19147 1.9078 1.0062 0.84373 -0.67478
-0.59435 -0.90504 -0.027683 -0.83539 0.66109 1.0652 1.5538 -0.76478 0.73074 -1.1811 -2.5708 -0.39761 1.1157 0.52265 -0.3562 -0.66271 -0.076427 0.59335 -0.071401 -0.46557 1.2817 -0.32574 1.6069 0.78954 1.0498 -0.40904 0.59283 -0.17775 -1.3213 -0.14929 0.20259 -0.58398 -0.13042 0.63227 0.092236 1.9007 1.6104 0.90467 -0.5985
-0.67867 -1.0158 -0.39602 -0.97265 0.6631 0.84467 1.3971 -0.5981 0.5341 -1.1305 -2.4216 -0.57344 1.0507 0.72669 -0.38124 -1.2542 -0.44387 0.69237 -0.69343 -0.75481 1.236 -0.3518 1.8171 1.715 1.008 -0.61572 0.32921 0.096393 -0.90685 -0.024085 -0.29681 -0.70165 -0.25963 -0.08126 0.10446 1.3177 1.5127 0.2746 -0.34981
-0.33276 -1.1243 -0.60577 -1.1839 0.93427 0.58079 1.1671 0.20531 0.16706 0.24006 -1.848 0.48102 0.88186 0.59619 -0.27057 -1.5757 -0.13605 0.091392 -0.78667 -0.70275 0.81945 -0.060356 2.5416 2.3322 1.4277 -0.66939 0.14902 0.20422 -0.054493 0.23209 -0.8268 -0.45639 -0.10232 -0.7968 0.064618 0.60849 0.63984 -0.40624 -0.055667
0.090232 -0.88256 -0.80814 -0.95038 1.2692 0.95174 0.9603 0.99265 0.48493 1.3132 -0.42116 1.0468 0.80038 0.8037 -0.12368 -1.3538 -0.089808 -0.032043 -1.0161 -0.83124 0.67001 -0.26363 2.8302 2.469 0.98372 -0.61778 -0.19623 0.12757 0.73517 0.50878 -1.2874 0.2152 0.16698 -1.3359 -0.030234 -0.32313 -0.68851 -1.3234 0.18047
0.084966 -1.0375 -1.5464 -1.4684 1.1993 -0.018656 0.35278 0.51558 0.1997 0.59729 -0.038113 0.5234 0.61055 0.78897 -0.13292 -0.70814 0.16401 -0.54851 -0.74325 -0.63087 -0.096397 -0.23498 2.3355 1.7978 0.19745 -0.49853 -0.33557 -0.016301 1.2424 0.44523 -1.3699 0.4398 0.28161 -1.6092 -0.36613 -1.4068 -1.967 -1.9318 0.26001
-0.24422 -1.1246 -1.6481 -0.7193 0.022993 0.23486 0.87982 -0.47063 0.92898 1.9176 0.0010456 1.3767 0.57938 0.25549 -0.22834 -0.37037 0.32826 -1.3326 -0.30192 -0.47496 -1.0774 -0.3209 1.2537 0.52295 -1.16 -0.40372 -0.34939 0.55507 1.7502 0.93719 -1.0482 0.91311 0.41082 -0.84682 -0.42724 -1.6027 -1.9865 -1.3487 -0.13689
0.39161 -1.0743 -1.3136 -1.0754 0.92878 -0.29584 0.57294 0.5048 -0.13183 2.4888 0.11775 0.34646 0.5807 0.22119 -0.24113 0.15772 0.46116 -1.754 -0.31372 -0.34404 -1.6409 -0.7654 0.45146 -0.89176 -1.5564 -0.34833 -0.29033 0.6548 1.442 0.80939 -0.44986 0.72724 0.27877 0.52168 -0.51751 -1.2709 -1.0028 -0.59843 -0.36897
0.33885 -1.1967 -0.92764 -0.83998 0.089713 0.22645 0.60723 -0.49779 0.062847 1.9763 -0.30083 -0.18443 0.56705 0.41127 0.87902 1.3471 1.4652 -1.3376 0.4776 -0.18865 -0.32187 -0.85533 0.4938 -0.4249 -0.97545 -0.91683 -0.20934 0.74922 0.81132 0.67427 -0.13073 0.33002 0.44147 1.4011 -0.32509 -0.43009 0.034256 0.19623 -0.6237
-0.1496 -1.2898 -1.2852 -0.81658 -0.58107 0.56566 0.41542 -1.0919 -0.1613 1.7588 -0.94336 -1.0767 0.43368 0.15102 0.43157 1.0156 1.066 -1.3619 0.23047 -0.24265 0.57989 -1.0067 0.11442 0.13934 -1.1613 -0.84721 -0.61283 1.2185 0.34146 0.6669 0.83921 0.02197 0.52419 1.6508 -0.092589 -0.25022 0.919 0.70366 -1.045
0.44306 -1.0988 -0.96278 -0.5382 -0.71006 -0.048789 0.34689 -1.431 -0.72905 1.467 -1.4936 -0.63502 0.39307 -0.11004 0.71401 0.65462 1.2498 -1.7619 0.052274 0.31946 0.67722 -0.85119 0.53743 0.095873 -0.9616 -1.178 -1.0434 1.4378 0.25745 0.42731 1.6934 -0.39338 0.26851 0.90188 0.10217 -0.57502 0.72737 1.0746 -1.1799
0.53215 0.47531 0.36655 0.90316 -0.20949 0.79454 0.39615 1.0161 -0.63548 2.1755 0.4639 0.28839 -0.61133 -0.71305 1.918 1.1172 1.7794 -0.0042994 -0.046462 0.40653 1.2389 -0.94961 -0.08803 0.83088 -0.10587 -1.9336 -1.2597 1.7868 0.68157 0.45987 2.2984 0.25525 0.070692 0.08709 0.33036 -0.85466 0.41943 1.4022 -1.2326
-0.10518 -1.4778 -0.96798 -0.26497 -1.3957 0.034686 0.61645 0.76403 -0.77002 2.5535 0.44183 -0.87483 0.143 -1.1992 2.5853 1.7592 1.882 1.0807 -0.10018 -0.001649 1.1856 -0.67332 -0.58565 0.80202 0.73026 -2.3112 -0.92595 1.0284 0.4801 -0.22129 2.0925 0.45967 -0.45464 -0.80332 0.66977 -1.2205 -0.27483 1.2535 -0.46374
0.26891 -0.2921 -0.69206 0.16643 -1.3628 -0.15272 1.1835 0.43439 -1.3593 3.0889 -0.65893 -1.6698 -0.58108 -1.7727 2.5388 1.685 1.5828 1.4184 0.79422 0.048021 0.48478 -0.42496 -1.0755 0.69953 0.91143 -2.3046 -0.10109 0.058625 0.25992 -0.46238 0.8622 0.48225 -0.75258 -1.0709 1.0493 -0.86294 -0.8416 0.94532 0.40644
-1.0089 1.454 0.64823 1.5467 0.81823 0.57883 0.78265 0.43265 -1.2921 0.56988 0.51362 0.064063 -1.6166 -1.3915 2.1569 1.232 0.93862 1.3525 0.49883 -0.38422 -0.62025 0.24151 -1.467 -0.41184 1.1374 -1.7534 0.52538 -1.0731 -0.21255 -0.60352 0.012025 0.67272 -0.77278 -0.51947 0.81358 -0.53688 -0.68643 0.37993 1.2511
-1.2 1.5655 1.1074 1.3533 0.69967 0.26076 -0.14323 0.42483 -1.076 0.87545 -0.31543 0.63666 -1.7551 -0.80443 2.2367 1.8481 1.4018 1.4393 0.56284 -0.85966 -0.083752 0.71332 -1.4157 -0.34925 1.6535 -1.5438 1.1176 -1.9878 -0.81436 -0.84209 -0.77341 0.095181 -0.48943 0.26631 0.43963 0.21768 -0.42259 -0.22264 1.79
-1.2153 1.4211 0.98616 1.344 0.46375 1.6471 0.74068 0.13388 -1.2211 0.81438 0.38999 0.7265 -1.7664 -0.63764 0.91664 1.2996 0.86584 1.0976 1.2778 -1.0442 0.37993 0.40252 -1.5184 -0.12836 1.1394 -0.6352 0.99434 -1.9346 -1.2324 -0.77327 -1.0462 -0.070826 0.38066 0.91169 -0.16055 0.77143 0.33194 -0.83991 1.543
-0.68236 1.5112 0.63813 1.0841 0.26362 0.53392 0.016008 0.12669 0.14502 1.0901 -0.43823 0.83256 -1.6162 0.061932 -0.21606 0.19643 0.077373 0.13926 0.59519 -0.57199 0.51287 0.38552 -0.61245 -0.332 0.43006 0.077847 0.61285 -1.3835 -1.4622 -0.65238 -0.77441 -0.73467 0.71865 0.28705 -0.85961 0.81345 0.49611 -1.1819 0.98789
-0.81439 1.0516 1.3048 1.6576 0.19337 0.29636 -0.24285 0.90813 -0.13643 0.92702 -0.3618 0.69916 -1.4669 0.14418 0.098755 -0.1449 0.18454 0.097911 0.36503 0.1998 0.93867 0.086238 -0.30092 0.30546 -0.022567 -0.028392 0.41556 -0.18373 -1.0517 -0.13507 -0.31648 -1.2346 0.80613 -0.1616 -1.2285 0.7528 0.5242 -0.81761 0.12091
-1.1523 1.5151 1.3213 1.703 1.1444 2.398 -0.19159 1.0519 -1.592 -0.30851 -0.29281 0.22622 -1.6934 0.022541 0.29814 -0.04359 0.54669 0.53072 -0.3304 -0.10205 0.20776 -0.85724 -0.37093 0.51131 -0.25252 -0.22334 0.183 0.54699 -0.46611 -0.071939 -0.028515 -0.99753 0.46924 -0.62357 -0.72789 0.59812 0.52491 -0.15893 -0.23221
-1.0635 1.244 0.728 1.3382 0.84686 0.74216 0.04294 0.8771 -0.40402 0.089763 0.085735 1.2439 -1.6379 0.21157 0.35199 -0.45978 0.37895 0.32946 -0.53678 0.26913 0.17945 -1.4486 -0.10943 0.58761 -0.24437 -0.28504 0.25772 0.28956 -0.13143 -0.45425 -0.35309 -1.0868 -0.074207 -1.0711 0.015334 0.73826 0.48048 0.46183 0.04596
-0.8891 1.8401 0.77208 1.4691 0.31187 0.93705 0.7719 1.6559 -0.82488 1.2311 0.44326 0.44169 -1.8571 0.39994 0.59218 -0.47783 -0.15692 -0.023166 -0.79136 0.29202 -0.4119 -0.31018 0.50576 0.66606 0.19387 -0.17439 0.059014 0.002709 0.19565 -0.52605 -0.37797 -0.073235 -0.10826 -0.46564 0.73426 0.12691 0.22397 0.49769 0.27912
-0.95279 1.6277 0.99002 2.1512 1.1474 0.58387 -0.056806 -0.40987 -2.44 0.26242 0.66685 0.27109 -1.8878 0.47428 0.44889 -0.16066 -0.29808 -0.26436 -1.4076 -0.14654 -0.97754 -0.15183 0.76074 1.2721 0.70576 0.02357 -0.41748 -0.48626 0.65879 -0.32224 -0.20035 0.51912 -0.31971 -0.049422 1.1865 -0.97201 -0.065875 0.35279 0.43356
-0.30391 1.5986 0.19023 1.4943 0.47958 -0.21444 0.084571 1.2086 -1.8908 0.81867 -0.20392 0.52881 -1.714 0.018832 0.25912 0.15919 -0.080184 0.14299 -0.017084 -0.10919 -0.1929 -0.020575 -0.55389 0.66379 0.29897 0.081842 -0.89452 -0.93072 0.71881 -0.12736 -0.19285 1.1772 -0.014011 0.65757 1.1795 -1.542 -0.41785 -0.26087 0.4141
-0.71184 1.8481 1.0985 1.2413 0.48154 0.55645 0.16397 0.36735 0.045861 1.177 0.70668 1.2235 -1.6344 -0.40822 -0.30342 0.40272 -0.25306 -0.11398 0.05331 -0.153 -0.052065 0.80348 -1.5706 0.46281 0.42651 0.30006 -1.0757 -1.0853 0.57595 0.13774 -0.1359 1.4214 0.23122 0.4243 1.1489 -1.3653 -0.85888 -0.87984 0.23613
-0.74608 1.9343 0.96051 1.2256 0.84672 0.18373 -0.32679 -0.53915 -1.8677 0.6855 2.0356 1.6861 -1.7064 -0.90822 -0.6093 0.52887 -0.4176 -0.44503 0.67679 0.26203 0.45927 1.595 -1.4831 0.19105 -0.22684 0.36862 -0.61959 -1.0501 -0.071145 0.099239 -0.32793 0.27051 0.20143 0.039148 0.56023 -0.15327 -1.1222 -0.85871 0.095118
-1.2041 1.5329 0.82846 1.6548 0.95391 1.2114 0.48982 1.6864 -0.56643 -0.96326 0.32782 0.71903 -1.6971 -1.1684 -0.95729 0.68729 0.116 -0.21305 0.89715 0.10753 -0.45009 1.3614 -1.5685 -0.31559 -0.88656 0.26905 -0.053966 -0.49814 -0.45998 0.055096 -0.15159 -0.25099 0.049676 -0.026317 -0.17413 0.79477 -1.4391 -0.63824 -0.16253
-1.2898 1.2791 1.3193 1.4355 0.10154 0.47953 0.24857 0.74837 -0.21393 -1.1022 0.84001 0.64697 -1.5287 -0.8093 -1.1946 -0.10811 -0.089572 -0.40076 0.076843 0.14278 0.066494 0.83461 -0.87472 -1.335 -0.85552 0.25454 0.65892 0.17773 -0.43005 -0.016474 0.015819 -0.90639 -0.31995 -0.47824 -1.1245 1.5141 -0.80661 0.2851 -0.30027
-1.7261 0.92375 1.2484 1.308 0.4342 1.1981 0.2254 0.46271 0.33567 -0.75913 0.47397 -0.12007 -1.4279 -0.55244 -0.85289 -0.099514 -0.32245 -0.40745 -0.098703 -0.003785 0.069888 0.83713 -0.25944 -1.8406 -0.60897 0.091002 0.89567 0.89897 -0.27935 -0.036092 0.093757 -0.68862 -0.27878 -0.20485 -1.3822 1.7282 0.20863 0.92591 -0.37196
-1.4985 0.83128 1.1741 1.5771 0.36575 0.97905 0.055593 -0.23146 0.51659 -0.48525 -0.28102 -0.093197 -1.5 0.092396 -0.35448 0.1551 -0.23429 -0.31353 -0.49359 -0.30551 -0.8058 -0.40558 0.94597 -0.75855 0.21618 -0.034723 0.7259 1.2461 0.16583 0.39431 0.41124 0.14809 -0.27242 -0.24411 -1.3792 0.89766 1.0923 1.109 -0.39148
-1.457 0.78908 0.60201 0.957 0.24664 0.1696 0.26857 0.73212 0.094976 0.12027 -0.45569 0.8904 -1.4729 0.15542 0.15594 0.058152 0.11666 -0.080086 -0.081804 -0.21212 -0.45604 -0.80092 1.0418 -0.14194 0.49998 -0.19646 0.38168 0.98586 0.05885 0.64371 0.43653 0.65161 -0.16466 -0.066532 -1.1445 -0.097978 1.3861 0.68748 -0.26925
-1.4771 1.1515 0.96108 1.0671 0.48944 0.51236 -0.12475 0.59292 -0.60699 -0.75118 -0.73201 0.53667 -1.7257 0.27719 0.42443 0.11205 0.40423 0.19176 0.35705 -0.28458 -0.19348 -1.1227 0.30005 0.16984 0.89535 -0.24395 -0.068596 0.5088 -0.059155 0.72414 0.15301 0.79937 0.28872 0.49036 -0.14434 -0.84677 0.75532 -0.16977 -0.12804
-1.0045 1.0655 1.5377 1.5965 0.18473 0.57191 0.13572 -0.010948 -1.1393 0.4704 0.17404 0.90431 -1.6025 0.11799 0.43871 0.029592 0.52655 0.14228 0.69911 -0.33798 -0.39352 -1.1074 -0.1434 0.67843 0.47503 -0.2458 -0.15502 0.020557 -0.29915 0.34028 -0.28679 0.17272 0.67309 0.56222 0.47988 -0.75549 0.11608 -0.58185 0.067166
-1.5028 1.3311 1.2797 1.6117 0.070164 0.88569 -0.040971 -0.17073 -0.68119 0.32388 0.90486 0.79787 -1.6351 -0.012447 0.37405 0.065821 0.87573 -0.13995 0.6133 0.30799 0.15252 -0.53884 -0.19679 0.4638 -0.14111 -0.21947 -0.22085 -0.27787 -0.63644 -0.22803 -0.24594 -0.38003 0.78569 0.71645 0.63103 -0.02707 -0.44818 -0.67037 0.09674
-1.3847 1.199 1.0444 1.7779 0.9806 1.8051 -0.21439 0.27365 -1.0202 -0.77771 -0.19192 1.1542 -1.665 0.0065459 0.22092 -0.4517 0.49573 -0.43242 0.12444 0.78337 0.50851 -0.12074 -0.25881 -0.025244 -0.21362 -0.097424 -0.013158 -0.35087 -0.5561 -0.62051 0.13625 -0.76061 0.70788 0.83182 0.51114 0.78798 -0.79459 -0.49275 0.12558
-1.3287 1.2225 0.80429 1.7703 0.2566 1.1024 -0.30124 -0.49708 -1.2457 -0.51589 0.34355 0.63531 -1.7753 -0.090356 0.065701 -0.78376 -0.0021549 0.035509 -0.047085 0.66365 0.81067 -0.33916 0.29557 -0.42292 -0.17733 -0.15827 0.15877 -0.22422 -0.063634 -0.90134 0.3296 -0.85776 0.046681 0.30869 0.2277 1.1975 -0.62389 -0.11473 0.12914
-1.4491 1.3139 0.96684 1.9659 -0.12672 0.53796 1.0912 1.7106 -0.74079 -0.00087787 -0.13153 0.44058 -1.7521 0.14252 0.0011533 -0.53832 -0.1722 0.30871 -0.36846 0.84306 0.97015 -0.17206 1.2119 -0.56461 -0.55229 -0.069149 0.31893 -0.017175 0.3481 -0.64397 0.63312 -0.25227 -0.52845 -0.17623 0.18845 1.1165 -0.22012 0.075694 0.11711
-1.2253 1.3836 0.67368 1.6354 -0.15034 0.69341 0.82524 0.66516 -0.94404 -0.66446 -0.39455 0.44718 -1.7264 0.24358 0.10754 -0.0024449 -0.44023 0.096647 -0.71831 0.36196 0.53715 -0.049512 1.5053 -0.58737 -0.22641 -0.020515 0.44896 0.13019 0.2718 -0.31093 0.52104 0.31297 -0.94047 -0.8206 0.29819 0.46453 0.27313 0.18134 0.12245
-1.3249 1.095 0.54934 1.5067 0.75068 1.0226 0.39362 0.71283 -1.8195 1.4987 0.17596 0.99925 -1.7525 0.47888 0.17563 -0.21726 -0.46571 0.69831 0.0056972 -0.091052 0.26211 0.11896 1.4084 -0.39925 -0.045345 0.027029 0.32332 0.17419 -0.084948 0.0042663 0.30091 0.65427 -0.92378 -0.79975 0.29772 -0.2375 0.5586 0.23048 0.033314
-1.3246 1.3419 0.67245 1.526 0.89652 0.82446 0.79296 1.2516 -0.62657 1.3615 -0.22034 -0.1992 -1.6973 0.63672 0.20466 -0.4557 -0.4284 0.79737 0.3605 -0.68909 -0.54543 0.12113 1.1386 0.094396 -0.066057 -0.0042678 0.19868 0.14703 -0.37268 0.28575 -0.083228 0.61802 -0.3689 -0.47198 0.30752 -0.84799 0.57079 -0.030434 -0.013714
-0.99867 1.3649 1.2457 1.3093 0.42047 0.43538 -0.01947 0.61318 -1.169 0.57764 -1.0898 1.0447 -1.747 0.59388 0.25359 -0.4614 -0.1762 0.51312 0.32019 -0.41903 -0.15575 0.34746 0.90357 0.3058 -0.16492 -0.02161 0.037728 0.11896 -0.20933 0.31871 -0.56875 0.12289 0.080033 -0.16429 0.25155 -0.95088 0.36574 -0.13115 -0.031967
-0.75204 1.4884 0.21016 1.4151 0.7756 1.1289 0.27281 0.62117 -0.7739 1.3312 0.12715 0.34813 -1.7462 0.58866 0.32337 -0.54491 -0.069636 0.042703 0.28522 -0.19164 -0.24611 0.46084 0.019877 0.2975 -0.2449 -0.017793 -0.031575 0.087497 -0.074469 0.22912 -0.54516 -0.057429 0.32013 0.13324 0.19435 -0.76116 0.08585 -0.09762 -0.0076382
