39 275
-1.1894 0.98467 0.45502 1.3364 0.4534 0.47183 0.33745 -0.068141 -1.3349 0.2552 -0.77472 0.62322 -1.5035 0.73387 0.047774 0.10477 -0.22292 -0.73563 0.10845 -0.39603 0.4926 -0.057148 0.68039 1.062 0.37558 -0.032818 -0.091225 0.0068875 -0.19181 0.43625 0.58232 -0.00092703 -0.046493 -0.11166 0.83582 0.18079 -0.41642 -0.48027 -0.019391
-0.81271 0.90362 0.49104 1.2139 0.28669 0.83977 0.2718 1.0559 -1.4252 -1.1536 -0.32301 1.6557 -1.4946 0.70556 0.11532 0.09991 0.051738 -0.40393 0.14743 -0.59547 0.76966 0.59632 0.9124 0.6134 -0.24051 -0.058168 -0.29009 0.015179 -0.25673 0.58711 1.0683 0.08968 0.014529 -0.56192 1.048 0.27484 -0.62302 -0.58323 0.0013831
-0.50323 1.1366 0.47237 0.99143 -0.43366 1.0077 0.21705 0.42598 -1.5175 0.99101 -0.54294 0.68595 -1.463 0.53802 0.026727 -0.21017 0.41634 0.21923 0.096255 -0.3842 0.14417 1.3685 0.8987 0.38966 -0.29644 -0.063101 -0.51693 -0.065571 -0.37006 0.52643 1.4187 0.14024 0.20278 -0.87988 0.89559 0.066814 -0.98491 -0.68924 0.061906
-0.4379 1.0056 0.59878 1.2022 -0.25521 0.20025 -0.35337 0.34607 -1.2421 1.564 1.2541 1.0068 -1.5831 0.25921 0.085911 -0.16652 0.49513 0.82602 0.28281 -0.36959 -0.45779 1.4253 1.0962 0.054007 -0.47814 -0.025411 -0.66733 -0.29663 -0.57469 0.14313 1.3535 0.15735 0.55933 -0.57876 0.227 -0.83872 -0.91914 -0.55914 0.11764
-0.63444 1.1217 0.51333 1.6729 0.49328 0.7514 -0.35465 1.2063 -0.066314 0.9171 -0.83507 -0.16258 -1.5573 -0.02914 -0.054886 -0.38521 0.48804 1.3507 0.29884 -0.10567 -0.66422 1.4055 0.69168 -0.78635 -0.9112 0.04569 -0.41585 -0.21329 -0.457 -0.41072 0.53702 0.11597 0.55223 0.1212 -0.70401 -1.2793 -0.65074 -0.25452 0.16247
-0.69449 0.9214 0.067913 1.9609 1.0578 0.68536 0.23799 -0.31363 0.59788 0.6612 -0.37179 0.73813 -1.54 -0.27125 -0.37608 -0.78685 0.28517 1.6084 0.33461 0.37115 0.01503 1.0593 -0.71691 -0.78414 -1.0738 0.076821 -0.069813 -0.12818 -0.43192 -0.8458 -0.43007 -0.20172 0.47315 0.50573 -1.4624 -1.1082 0.19 0.30506 0.10974
-0.72534 1.1331 0.47761 1.6102 1.2283 1.1764 -0.18942 -0.34476 -0.21235 1.2062 -0.47811 0.51538 -1.4786 0.0013615 -0.12486 -0.67237 -0.16795 0.86312 0.28533 0.33732 0.17091 0.089525 -0.82093 -0.59543 -0.51895 0.15118 0.17384 0.13105 0.18052 -0.9506 -1.3202 -0.40364 0.03696 0.63355 -1.5574 -0.27835 0.76686 0.46098 -0.010468
-0.58744 0.86755 0.085614 1.5336 1.3314 1.1101 0.13475 0.41529 0.0061961 0.35549 -1.4644 -0.042273 -1.4126 0.072985 -0.10888 -0.75228 -0.61913 0.27727 -0.059867 0.34498 0.16897 -0.96177 -0.42665 0.37555 -0.055042 0.097827 0.38247 0.17684 0.64536 -0.61698 -1.5981 -0.55831 -0.21789 0.13321 -0.8381 0.4679 0.81058 0.66162 -0.021325
-0.80768 0.65243 -0.3642 1.3799 1.3414 0.86714 0.58149 0.98612 -0.090135 0.32 -0.48498 -1.0793 -1.4632 0.072021 0.047162 -0.081073 -0.68343 -0.45838 -0.21207 -0.01603 0.56279 -0.82729 -0.050071 0.30035 -0.48383 0.0073596 0.25059 -0.59596 1.0781 -0.42151 -0.9063 -0.29567 -0.38934 -0.54189 0.11689 0.85729 0.51707 0.72797 0.56047
-0.31275 1.1597 0.16166 1.2425 0.75636 0.5022 -0.26593 0.67501 -0.78983 0.48192 0.15526 0.79102 -1.4203 0.34708 -0.14423 0.036438 -0.50332 -0.7308 -0.39962 0.12219 0.10664 -0.22416 -0.1859 0.52923 0.25399 0.1025 0.38963 -1.5574 0.83291 -0.59001 0.044609 0.073577 -0.20292 -1.3164 0.70928 0.44016 -0.20766 0.94821 1.6301
-0.6901 0.9715 -0.4065 1.0489 1.2167 0.88759 0.41679 0.52453 -1.0802 0.5147 -0.32611 0.20952 -1.4663 0.27751 -1.1768 0.7946 -0.93379 -0.32538 -0.061127 -0.31476 -0.88184 -0.027641 0.76466 0.45319 0.80699 1.0891 0.42884 -2.2896 -0.30172 -0.92678 0.85741 0.25262 0.29087 -1.7688 0.5527 -0.2416 -0.60207 0.79161 2.4884
-0.63986 1.026 0.51627 1.1267 0.42604 0.72271 -0.063809 0.2898 -0.18308 0.9931 -0.31663 -0.34991 -1.5258 0.63694 -2.2928 0.25059 -1.4935 0.31529 0.004313 0.098214 -1.7661 0.12661 0.026185 -0.14526 1.2285 2.3109 0.32622 -2.0214 -1.1298 -1.0243 0.80727 0.12036 0.34079 -1.4008 0.063334 -0.98532 -0.77456 0.22467 2.5486
-0.075812 0.71388 0.26787 1.0385 0.52702 0.73875 0.24371 0.17944 -0.15475 0.36585 -0.10776 0.80806 -1.2182 0.6653 -2.989 -0.69409 -1.7707 0.65916 0.043688 0.57283 -2.0773 0.15868 -0.67822 -0.66115 0.63899 3.1124 0.16559 -0.80289 -2.0388 -0.44365 0.35869 -0.088018 0.56072 -0.59312 -0.34631 -1.6593 -0.52587 -0.21572 1.483
-0.43497 -0.96253 0.76398 0.0047297 1.4047 1.0309 -0.3375 -0.76172 -0.15203 1.6477 -0.53356 0.74476 0.34519 0.70428 -2.8669 -1.1459 -1.836 0.32275 -0.22926 0.35364 -2.1244 -0.17748 -1.4945 -0.58596 0.79351 3.4021 -0.20804 0.72122 -1.508 0.35814 -0.17559 -0.052965 0.37025 0.22836 -0.42659 -0.92443 -0.068523 -0.77774 -0.14331
0.23296 -1.4383 -0.60112 -0.68099 1.7711 0.5886 0.88469 -1.6896 -0.50926 -0.34664 -0.36027 1.2919 1.2709 0.50208 -2.3309 -1.9933 -1.5088 0.36898 -0.091767 0.66615 -1.8907 -0.59086 -1.8717 -0.46014 0.58317 3.0479 -0.37444 1.9508 -0.59425 1.1085 -0.58969 0.02715 0.25617 0.91798 -0.19834 -0.13757 0.25755 -0.95997 -1.7786
0.2174 -1.259 -0.84049 -0.66184 1.343 0.69267 0.6626 -1.9173 -0.80105 -0.46729 -1.1206 1.0208 1.5079 0.29556 -1.3266 -1.6754 -0.98308 0.14877 -0.013116 0.78486 -1.3786 -0.38146 -1.2837 -0.38877 -0.32943 2.0901 -0.64352 2.0931 0.47673 1.4624 -0.50269 0.31347 0.13834 1.3454 0.35731 1.0074 0.26417 -1.3294 -2.6436
-0.082097 -1.2836 -0.94981 -0.74472 0.83689 0.56945 0.42869 -1.9016 -0.85378 -1.1626 -0.91523 0.7714 1.5581 0.14327 -0.25633 -1.4372 -0.25712 -0.34804 -0.0072149 0.86573 -0.56838 -0.14571 -1.0948 -0.19643 -0.75648 0.74256 -0.5336 1.4549 1.2902 1.3437 -0.22567 0.40832 -0.026035 1.3711 0.7392 1.4374 0.18857 -1.0562 -2.4591
0.07344 -1.195 -1.1651 -0.38166 0.97363 0.80297 0.81581 -1.9546 -0.6449 -0.90284 -0.52137 0.78293 1.5011 -0.3333 -0.14589 -0.59436 0.090635 -0.24852 0.2943 0.53017 -0.035518 0.35345 0.12737 -0.14018 -1.2459 0.062307 -0.32078 0.42909 1.1905 0.94305 0.29942 0.49325 0.040958 1.097 0.51843 1.1654 -0.22546 -0.3784 -1.6162
0.25338 -1.2523 -0.87364 -0.57404 1.4429 0.89067 1.2011 -1.8682 -0.42977 -0.14133 -0.71618 0.26237 1.5284 -0.20006 -0.30876 -0.3085 0.30139 0.16136 0.48886 0.74592 0.24001 0.59237 0.30492 -0.17056 -1.1116 -0.11787 -0.064265 -0.29781 0.8219 0.37992 0.40679 0.30702 -0.023744 0.76472 0.091248 0.57693 -0.50012 -0.0051543 -0.68867
-0.10552 -1.4917 -1.1272 -0.63184 1.1241 0.79677 1.1369 -1.798 -0.49618 -0.45723 -0.86774 -0.069708 1.464 -0.16132 -0.52962 -0.18557 0.39136 0.48014 0.62406 0.9292 0.46266 0.33932 0.34716 -0.88466 -0.9245 -0.23015 0.21256 -0.23701 0.30396 0.0026009 0.087385 -0.23681 -0.084392 0.5705 -0.39379 -0.35539 -0.44654 0.38595 -0.23382
-0.20723 -1.5035 -1.3328 -0.54978 1.2807 0.94865 1.3747 -1.7999 -0.078076 -0.43661 -0.84595 -0.40739 1.4247 -0.10358 -0.59879 -0.21979 0.27161 0.076621 0.38228 0.62315 0.75301 0.059464 -0.067196 -0.90209 -0.9297 -0.28898 0.40196 0.096155 0.10613 -0.2892 -0.37237 -0.71832 -0.33066 0.53272 -0.77051 -0.36363 -0.16382 0.45784 -0.077875
0.051328 -1.4799 -1.0599 -0.088195 1.3379 1.3221 1.4211 -1.4632 -0.10622 -0.49831 -1.3674 -0.22617 1.4129 -0.037673 -0.42605 -0.10551 0.1316 -0.02079 -0.064171 0.42898 0.88389 -0.19448 -0.4394 -0.73625 -0.55289 -0.25867 0.68448 0.46229 0.041024 -0.46348 -0.89393 -1.0223 -0.34236 0.57876 -0.60256 -0.061992 0.7022 0.52083 0.0299
-0.15479 -1.8242 -1.1418 -0.15232 1.592 1.323 1.8309 -1.1981 -0.58307 -0.65044 -2.1594 -0.26144 1.2615 0.42731 -0.18755 -0.15474 -0.047677 -0.27169 -0.43421 0.34818 1.1285 -0.74149 -0.071333 -0.59419 -0.36701 -0.24573 0.87221 0.92718 -0.025069 -0.41881 -1.2769 -1.036 -0.19222 0.43169 -0.20418 0.35529 1.1406 0.40793 -0.15388
0.15392 -1.7408 -1.3358 -0.28205 0.98366 1.0316 1.5513 -0.83352 -0.49463 -0.66993 -1.2816 -0.75533 1.2046 0.77754 0.095113 -0.13601 -0.22957 -1.0149 -0.77493 0.39579 1.4676 -0.51037 0.19128 0.48787 -0.14722 -0.21115 0.9492 1.7632 0.10193 0.063642 -1.3898 -1.1201 -0.85383 0.14339 0.17331 0.89411 1.1868 0.35285 -0.7679
0.039585 -1.6304 -0.95118 -0.65153 1.4292 0.51273 1.6336 -0.75039 -0.60074 -0.77031 -1.5348 -0.48674 1.3165 1.0354 0.80567 -0.23585 -0.25108 -1.8192 -1.094 0.26469 1.3551 -0.20117 0.30558 0.96197 -0.30382 -0.58372 0.52771 2.2612 0.34021 0.62731 -0.95337 -1.0566 -1.6585 -0.36777 0.68869 0.93217 0.92909 0.52979 -1.3087
0.49073 -1.5955 -1.5175 -0.56174 0.66506 0.43402 1.6198 -0.21909 -1.4687 -0.30577 -1.664 -0.61215 1.1886 1.3452 2.2434 0.12163 0.36501 -1.8534 -1.7153 -1.208 1.0789 -0.095227 1.1527 1.0618 0.13206 -1.4018 -0.012829 1.6898 0.41372 0.91552 -0.4212 -0.91279 -1.876 -1.0014 0.92137 0.70953 0.33532 0.3374 -1.1858
0.84642 -1.3212 -1.2906 -0.4857 -0.10024 0.4588 2.1024 0.44043 -0.1444 -0.14391 0.24316 -0.39051 1.1987 1.0619 2.7985 0.31184 0.76229 -1.6339 -1.8323 -2.1142 0.59269 0.49616 1.3057 1.1368 0.57024 -1.8795 -0.58777 -0.0039172 0.23902 0.46316 -0.018263 -0.75657 -1.1296 -1.4643 0.86983 0.1751 -0.25017 -0.1727 -0.11708
1.1368 -0.57468 -1.2515 -0.23278 -0.83271 0.18192 1.7488 0.21621 -0.42584 -0.35461 -0.72275 -0.82843 0.46018 0.6972 2.133 0.31166 0.8698 -1.8833 -2.0185 -2.1077 -0.16869 1.0719 1.0976 1.1322 0.10083 -1.5839 -0.9317 -2.0789 -0.26296 -0.43171 0.080992 0.063416 0.44786 -1.4233 0.65946 -0.52733 -0.84944 -0.70557 1.3104
1.3315 0.84888 -0.89182 0.50416 -0.1569 -1.1055 -0.87772 0.086621 -0.91752 1.1764 -0.79114 0.019332 -0.6142 0.24407 0.85418 0.090917 0.31969 -1.8185 -2.2775 -1.5076 -0.97887 1.0386 0.65592 0.39028 -0.64191 -0.70126 -0.82916 -3.2349 -0.52851 -1.1052 0.28074 0.86893 1.8777 -0.78924 0.46597 -0.75068 -0.90044 -0.90668 2.3729
0.98914 0.69393 -0.98132 0.35927 -0.51418 -1.0251 -1.0547 -0.20267 0.43486 0.59105 0.40359 0.15297 -0.50089 0.011748 -0.51655 -0.20736 -0.13929 -1.5878 -1.371 -0.62508 -1.0098 1.0178 0.3762 -0.39953 -0.70075 0.22085 -0.53392 -3.1413 -0.65961 -1.4007 0.5709 1.7575 2.643 0.28278 0.2687 -0.90856 -0.55433 -0.57745 2.4846
0.81558 -0.50036 -0.95915 0.13616 -1.2919 -1.5415 0.18571 -0.94998 0.62446 0.33054 -0.083507 -0.93412 0.32166 -0.15082 -1.6843 -0.3237 -0.62436 -1.2309 -0.60335 0.84828 -0.57318 1.5036 0.1121 -0.042362 -0.8774 1.2314 -0.11446 -1.7069 -0.39019 -1.0352 0.9742 1.754 2.0773 1.1015 -0.26263 -0.44525 -0.25722 0.066775 1.4946
1.033 -1.2002 -1.6823 -0.51768 -2.0504 -1.8361 0.81079 -1.2048 -0.099353 0.34496 -0.93198 -1.9192 0.89091 -0.12251 -2.2373 -0.60101 -1.0607 -1.078 0.27573 1.9262 0.21986 1.408 -0.50493 0.15325 -0.95938 1.6524 0.12197 0.47801 0.097919 -0.2693 1.4826 0.81384 0.785 1.2459 -0.87126 0.39566 -0.015547 0.69682 -0.074372
1.1512 -1.2481 -1.289 -0.41458 -1.8774 -0.45543 1.1211 -0.3856 1.2504 0.41139 -0.66163 -0.80994 0.98765 0.058822 -1.3496 -0.37 -0.98972 -0.21215 0.024172 1.3138 0.66087 0.30293 0.16147 -0.43785 -0.37862 1.1071 0.071992 2.3185 0.8445 0.74186 1.4733 -0.10241 -0.77686 0.70476 -1.7684 0.92184 -0.22957 1.0714 -1.6231
1.0199 -1.1783 -1.2383 -0.51795 -1.4659 -1.0301 1.4958 -0.31305 1.4211 0.46493 -0.40438 -1.4159 1.0599 0.085634 0.1747 -0.0045106 -0.40111 0.72499 -0.23004 0.69273 0.92107 -0.19298 1.1215 -0.23004 0.4669 0.14685 -0.38093 2.8654 1.4788 1.5752 1.4439 -0.41283 -1.7652 -0.2399 -2.3282 0.76851 0.034055 0.73657 -2.4431
1.0265 -1.1578 -1.5181 -0.77069 -1.3303 -0.96045 0.97236 0.50271 1.1361 0.26433 0.3203 -0.97736 0.98119 -0.16731 1.2727 0.83864 0.35134 0.67207 -0.52347 -0.062068 0.52488 -1.3798 1.1357 -0.34257 0.58922 -0.77789 -1.1178 2.0494 1.8811 1.6517 1.0989 0.57322 -1.5821 -0.88738 -1.6301 -0.31322 0.53895 0.3674 -2.2068
0.99936 -0.98099 -1.3124 -0.94047 -1.0489 -1.6217 0.82712 0.012482 0.25999 0.91849 -0.93227 -0.78178 0.92012 -0.74766 1.5965 1.3436 1.0165 1.2289 -0.17492 -0.86044 -0.18256 -2.603 0.53389 0.1848 0.054668 -1.5577 -1.5676 0.83663 1.8257 1.181 0.69782 1.1967 -1.0571 -1.3287 -0.52196 -1.3807 0.50527 0.39391 -1.3923
1.0732 -0.38147 -1.1285 -0.21673 -0.73501 -1.9056 1.614 -0.016088 0.087764 2.1824 -0.85461 -0.67747 0.56477 -1.6063 1.6193 2.1949 1.1817 1.6328 1.0239 -1.0235 -0.5731 -1.8871 -0.21206 0.52759 0.57366 -1.7924 -1.6464 -0.14061 0.97654 0.4988 0.65819 1.6875 -0.2374 -0.86527 0.97525 -1.9491 0.48537 0.58095 -0.5119
0.84029 0.18092 -0.47958 0.20912 -1.6441 -1.5799 0.5816 -0.3718 -1.6855 1.2259 -1.3133 -1.0059 -0.11552 -2.0967 1.5039 2.4614 1.2493 1.5836 1.1312 -0.90587 -1.2122 -1.0213 -1.0363 0.4348 1.2748 -1.7167 -1.1382 -0.64828 -0.14837 -0.29985 0.096106 1.6027 0.51957 -0.11478 2.0352 -1.6189 0.26282 0.089365 0.32211
-0.017545 0.1216 0.12936 0.93446 0.40285 -0.066041 -0.20721 -0.50998 -1.5643 0.31028 0.78388 -1.0798 -0.77014 -2.5382 1.0669 1.9668 1.1198 1.7588 1.8304 -0.50342 -0.70115 -0.12728 -2.0633 0.58923 1.1602 -1.5764 -0.27604 -0.82488 -1.2761 -0.79383 -0.35064 0.69802 1.1798 0.91823 2.2046 -0.18626 0.17189 -0.45704 0.8006
-1.0151 0.152 0.73643 0.30362 0.70098 0.18492 0.31322 -0.6878 0.09028 -0.069324 0.59851 -0.092254 -0.51259 -2.4005 0.7091 1.2148 0.55004 1.3677 2.2781 -0.09294 -0.33479 0.77309 -1.8552 0.7287 -0.058621 -1.1296 0.55166 -0.5753 -1.4854 -0.88222 -1.0066 -0.17327 1.1608 1.2949 1.3775 1.1858 -0.071798 -0.45853 0.97991
-0.91414 0.308 0.45318 0.48986 0.1546 -0.76343 0.10702 -1.4209 -0.21937 -0.45281 -0.26095 1.3331 -0.57339 -2.0014 0.53605 0.64053 0.17902 1.0983 1.6994 0.89849 0.8705 1.8253 -0.21254 0.7584 0.30765 -0.73862 1.3773 -0.19536 -1.2439 -0.49722 -1.3047 -0.96645 0.47977 0.90592 0.0067859 1.6892 -0.27325 -0.19748 0.7592
-1.4815 0.26954 0.2311 0.77738 0.93848 0.27821 0.91297 -0.39952 -0.32884 -0.88447 -0.64785 -0.028618 -0.90128 -1.403 0.73678 0.58783 0.21436 0.031761 0.89776 0.68427 0.64941 0.88551 0.41039 0.20011 0.76533 -0.48421 1.6652 0.0064099 -0.69327 -0.25172 -0.86783 -1.0994 -0.10443 0.44622 -1.1091 1.1947 -0.015423 0.24692 0.39373
-1.2619 0.63421 0.14767 0.65903 0.24848 1.1285 1.1029 -0.35843 0.36396 0.25585 0.66737 -2.2649 -0.91871 -0.56951 0.70271 0.15783 0.44863 -0.018682 0.81256 0.057082 0.66407 -0.1617 0.19664 0.26706 0.34406 -0.62189 1.5833 -0.035693 -0.58573 -0.27668 -0.5298 -0.97311 -0.80173 -0.28381 -1.3524 0.33955 0.075434 0.44744 0.22541
-1.654 0.66431 0.65996 0.61575 0.49259 0.61094 1.3103 1.3636 0.93707 1.1318 0.86104 0.39157 -1.1541 -0.12397 0.63764 0.27839 0.0011565 0.30637 0.77738 0.12571 0.69185 -0.54085 0.33033 0.94639 0.42399 -0.53045 1.097 -0.40014 -0.82703 -0.34276 0.0113 -0.8112 -0.67631 -0.39819 -0.61082 -0.050669 -0.23329 0.60005 0.18158
-1.902 0.85182 1.1852 1.12 0.60629 0.62169 0.16873 -0.77558 -0.46571 0.079336 0.78028 1.3755 -1.0556 0.20211 0.52189 -0.19796 -0.17166 -0.019995 0.039792 -0.39832 0.28964 -0.27697 0.48369 0.55409 1.3875 -0.34338 0.45685 -0.71274 -0.67823 -0.51963 0.048696 -0.45819 -0.35397 -0.83836 -0.063372 -0.078692 -0.88157 0.17062 0.43827
-1.2584 0.78468 0.35361 0.8455 0.54888 0.60252 0.25499 -0.21796 -0.43907 -0.7047 0.026184 0.44353 -1.1726 0.1676 0.10914 -0.64148 -0.047143 0.07399 -0.14805 -0.41698 0.044624 -0.32427 0.13188 -0.44331 1.4636 -0.32566 0.018163 -0.98239 -0.3415 -0.50694 0.081805 -0.096245 -0.21944 -0.63626 0.36097 0.0037858 -1.3046 -0.45234 0.63336
-1.0248 0.91637 0.45742 0.32392 0.91024 0.5791 1.11 0.14475 -0.91182 0.13696 1.3374 0.6749 -1.2549 0.073967 -0.31234 -0.53415 -0.40497 0.20975 0.47022 -0.36535 -0.69851 -0.39464 0.10406 -0.94227 0.16972 0.0087436 -0.36625 -0.9582 0.56857 -0.77784 0.32521 -0.17329 -0.21814 -0.4379 0.39967 0.27914 -0.49631 -0.71382 0.91635
-1.3728 0.88333 -0.167 0.61943 0.47647 0.73431 0.46247 0.47319 0.47441 0.75518 0.42564 0.86403 -1.2563 -0.070473 -0.70868 -0.12771 -0.73798 0.36631 0.40013 -0.31945 -0.089697 0.27913 0.49557 -1.1259 0.10971 0.35731 -0.28688 -0.4604 0.90185 -0.89615 0.32599 -0.90611 -0.46289 -0.1023 0.38835 0.12691 0.12565 -0.53556 1.0366
-1.4039 0.65856 -0.027616 0.86063 0.33359 0.81572 0.51943 0.081454 0.21895 0.75365 -0.13063 0.68141 -1.3389 -0.39031 -0.78919 0.53234 -1.1509 0.46865 -0.53321 -0.87321 -0.51586 0.26325 0.83555 -0.17424 0.60875 0.85879 0.1261 0.074144 0.70611 -0.7853 -0.020867 -1.5794 -0.35209 0.096939 -0.097906 -0.37301 0.87975 0.14472 0.77562
-1.7748 0.28826 0.83633 0.10303 1.131 1.2849 0.27585 -0.8863 -0.56908 0.40762 -0.64016 1.0564 -0.9152 -0.167 -0.47867 0.38427 -1.2036 0.58082 -1.2471 -1.0715 -0.23759 0.16508 -0.008811 -0.54973 0.15141 0.99691 0.66979 0.42557 -0.093198 -0.73969 -0.74802 -1.5944 -0.11309 -0.34153 -0.31234 -1.0764 1.5254 0.09794 0.61467
-1.5124 0.17241 0.83836 0.023946 1.139 0.81134 -0.28779 -0.44531 -0.13129 0.10348 -0.65637 1.1825 -0.57573 0.30846 -0.29386 0.43302 -1.5097 0.08328 -1.503 -0.67942 -0.4107 -0.53435 -0.43232 0.68071 0.44158 0.99398 1.1295 0.56688 -0.84168 -0.34799 -1.4037 -0.91028 0.47755 -0.42922 -0.13955 -1.6581 1.4679 -0.33064 0.3869
-1.4432 0.25591 0.58373 -1.0019 1.1003 -0.6609 -0.50048 -0.42606 -0.019225 1.0641 1.3866 1.2945 -0.25043 0.75765 -0.19192 -0.22624 -1.8172 -0.83442 -1.9385 -0.63547 -0.81916 0.033573 -1.0852 1.7562 0.39073 1.3218 0.9325 0.46821 -0.77923 -0.016004 -1.4649 -0.11986 0.57156 -0.61831 0.14384 -1.8298 0.83734 -0.59715 0.31841
-1.1926 0.76271 0.2613 -0.63888 1.3601 -0.67536 -0.12591 0.46479 -0.073196 0.14077 -0.2593 0.52516 -0.4529 1.1631 0.085567 -0.59475 -1.4248 -1.4562 -1.7957 -0.14647 -1.0801 0.04534 -2.0204 1.858 -0.18625 1.3423 0.38887 0.2786 -0.35927 0.44357 -0.97559 0.64641 0.24706 -0.1831 0.43579 -1.8684 -0.95907 -1.0578 0.19339
-1.0384 0.38178 0.39185 -0.93379 -0.0044174 -0.26101 -0.20959 -0.76382 -0.5434 0.11661 1.35 1.7954 -0.34664 1.0622 0.1726 -0.42705 -1.2522 -1.3976 -1.3048 -0.20796 -1.1421 0.18313 -2.957 0.68085 -0.75276 1.3526 -0.21367 -0.034827 0.5165 0.50557 -0.25696 1.027 -0.28623 0.44967 0.12638 -0.82906 -1.8663 -1.0081 -0.064185
-0.62507 0.11713 0.12427 -1.7495 -0.52561 -1.0652 -0.48386 -2.0117 0.30786 -1.1594 2.2368 1.2089 0.52868 0.82152 0.024446 -0.071272 -1.003 -1.4586 -0.66256 -0.40262 -0.6043 0.3082 -3.3169 -0.85366 -1.1428 1.2964 -0.55563 -0.1379 1.2358 0.48819 0.47284 0.98736 -0.74775 1.4476 0.072795 0.79031 -1.7088 -0.57902 -0.36191
-0.41138 0.43791 0.47833 -1.4924 -0.10944 -0.75237 0.016901 -1.9999 -0.5378 -2.343 1.4886 0.47532 0.70337 0.4952 -0.22352 0.40987 -1.1315 -1.2986 -0.67164 -1.0677 -0.12664 0.17359 -2.1502 -0.92515 -1.1858 1.2258 -0.4568 -0.18001 1.6949 0.73583 0.53047 1.1589 -0.86473 2.08 -0.40587 2.1735 -0.55858 0.084648 -0.90786
-0.47717 0.5581 0.31168 -1.6964 -0.03357 -1.2856 -0.92935 -0.97447 0.51688 -2.9165 -0.041915 -0.071679 0.80178 0.38988 0.036395 1.1187 -0.61863 -0.59191 -0.34929 -1.1863 1.3698 0.2097 -0.85367 -1.0351 -1.1509 0.78189 -0.15433 -0.27261 1.6381 0.89749 0.21203 1.328 -0.91858 1.6815 -0.74139 2.7406 0.78724 0.56188 -1.2367
-0.64042 0.43208 0.42054 -2.0409 -0.65847 -1.2438 -0.84653 -0.29972 0.26929 -2.5007 -0.5893 -0.24949 0.80686 0.40146 -0.15621 1.8976 -0.14928 -0.80827 0.60633 -1.5163 2.1133 -0.60723 0.18594 -0.43295 -0.57836 0.060431 0.24551 -0.21381 1.1739 1.1731 -0.21048 1.7386 -0.45347 0.60049 -1.1208 2.1487 1.2801 0.7263 -1.3278
-0.59273 0.25008 0.8117 -2.1001 -0.78823 -1.1163 -1.6922 -0.40632 -0.27458 -1.6887 -0.14539 -0.15599 0.80901 0.54332 -0.4983 2.007 0.080763 -1.2829 1.0667 -1.9846 1.7085 -0.84137 1.0394 0.61094 -0.30432 -0.22785 0.56912 -0.010103 0.14863 1.078 -0.32359 1.5744 -0.040845 -0.91751 -1.0633 0.93924 0.98871 0.64772 -1.1632
-0.25447 0.37238 1.6644 -1.696 -0.73007 -0.66338 -1.4934 0.60761 0.059372 -1.1235 1.4558 0.54826 0.788 0.82242 -0.33969 1.9915 0.5706 -1.3307 1.718 -1.5584 0.94081 -1.6328 1.2276 1.0302 -0.13206 -0.53077 0.59979 0.80464 -1.4623 1.314 0.44108 0.65618 0.82982 -1.627 -0.59976 -0.033566 -0.49267 0.34406 -1.0911
0.05833 0.037401 2.0646 -1.7403 -1.3533 -0.093335 -2.2615 0.67106 -1.0039 -2.0109 1.4129 -0.022021 0.58119 1.1734 0.11036 1.3385 0.90875 -0.92199 1.9008 -1.2421 0.10908 -1.4895 0.49763 0.38045 -0.056981 -0.90484 -0.0040628 1.3041 -2.9028 1.6591 1.4097 -0.17472 1.7806 -1.7557 -0.10154 -0.6113 -2.0706 -0.19121 -1.2732
0.10212 0.040008 1.9596 -1.3894 -1.5963 0.16004 -2.8569 0.33893 -1.1075 -1.3797 1.2012 -0.46531 0.4707 1.1363 0.98447 -0.26525 1.7324 -0.13493 1.3639 -0.24873 -0.37534 -1.5275 0.35654 -1.3795 -0.0033726 -1.4611 -0.9384 1.2661 -3.5889 1.5596 2.0499 -0.87579 2.4367 -1.2329 0.98765 -0.064778 -2.2332 -0.18828 -1.1975
0.30113 0.37528 1.9088 -1.1041 -1.7011 0.48878 -2.5224 0.32468 -1.5847 -1.1655 0.51048 -0.25652 0.19321 0.33527 1.1813 -1.8331 2.3927 0.80358 0.94225 0.87287 -1.1831 -1.0983 0.20325 -2.6641 -0.76006 -1.9315 -1.6079 0.68382 -2.7736 1.1864 1.8958 -1.0764 2.6169 -0.16094 1.4783 0.61273 -0.88156 0.26863 -0.8032
0.75278 0.6532 1.637 -0.99934 -1.4692 0.78564 -2.3275 -0.40558 -1.4396 -1.7888 -0.073084 0.027143 -0.23081 -0.51316 1.3983 -2.5683 2.5493 1.7006 0.65036 2.1894 -0.90087 0.24096 1.2111 -2.2797 -0.16594 -2.0579 -1.7441 -0.29583 -1.1051 0.29556 1.2222 -0.72146 1.7326 0.62177 1.7198 1.1669 1.2336 1.0432 -0.10465
0.69765 1.5209 0.48572 0.64177 -0.39899 0.14948 -1.5468 -0.36724 -2.1301 -0.8253 -1.7407 0.25262 -0.89613 -0.97728 1.1315 -2.257 2.5752 1.7632 0.35425 2.6992 0.061814 0.71973 1.2804 -1.0736 0.56934 -1.9784 -1.1517 -0.84322 0.75815 -0.6454 0.10512 -0.50393 0.31128 1.0996 1.2403 1.2109 2.6582 1.2744 0.65408
-0.26457 1.0597 0.040495 1.2955 0.14693 0.64719 -0.39562 -0.94424 -1.255 -1.3732 -1.6943 -1.3865 -1.3185 -1.431 0.47859 -1.9376 2.1743 1.7153 0.38518 2.2559 0.28228 1.161 2.1516 0.50296 1.4543 -1.6252 -0.25259 -1.3076 1.9424 -1.4745 -1.058 -0.28665 -1.1714 0.65457 0.62271 0.47803 2.6469 0.4849 1.2316
-0.68956 1.1982 -0.085397 0.90352 0.30268 0.86043 0.16228 -0.12703 -0.17666 0.23037 -0.7572 0.067994 -1.4061 -1.3494 0.12761 -0.83602 1.4848 1.0151 0.18854 1.4567 0.47614 1.0384 2.156 1.708 1.0231 -1.0489 0.64093 -1.0928 2.0233 -1.8845 -1.3507 -0.36337 -1.6328 0.13936 0.14429 -0.14947 1.387 -0.22922 1.4954
-0.5753 1.1582 0.39161 1.5735 -0.10028 0.60085 0.12117 1.0097 -0.58723 0.044573 0.32901 0.96128 -1.5066 -0.83131 -0.44714 0.065403 0.56409 0.095369 0.23292 0.50618 0.23865 1.3892 1.7103 2.0684 0.59263 -0.44439 1.1276 -0.54847 1.5375 -1.6345 -1.028 -0.59474 -1.3481 -0.12353 -0.5202 -1.2765 -0.72828 -1.3915 1.2832
-0.82654 0.91999 -0.01375 1.3758 0.43231 1.072 -0.20136 -0.033796 -0.38643 1.4433 1.0466 2.1909 -1.583 -0.15222 -0.36734 0.22459 0.14042 0.040901 -0.20623 0.36031 0.38367 0.9145 1.1657 1.1536 0.5314 -0.043407 0.8852 -0.85547 0.46978 -1.7303 -0.47572 -0.79803 -1.0603 -0.30393 -0.63343 -1.8403 -2.0531 -1.5851 1.4116
-0.45946 1.2419 0.58743 1.3529 0.014624 0.53578 -0.4757 -0.19637 -0.65636 0.41784 1.1171 0.065891 -1.5127 -0.017287 -0.2583 0.18161 0.039203 0.27984 -0.46507 0.15144 0.094485 0.14471 0.026351 -0.79199 -1.1356 0.037634 0.48922 -1.1016 0.16239 -1.6164 -0.19909 -1.2206 -0.85043 -0.22216 -0.88973 -2.2132 -2.2915 -1.4964 1.7087
-0.54688 0.80779 0.2046 1.58 -0.13788 0.58134 -0.35664 -0.32578 0.42223 0.90357 0.2815 -0.2032 -1.4673 -0.18616 -1.5024 -0.07643 -1.2259 0.044057 -0.87127 -0.45151 -0.052273 0.34598 -0.76555 -1.3037 -1.3428 1.0934 0.046302 -1.1974 0.16695 -1.5915 0.0094068 -0.89636 -0.59515 -0.18506 -0.61946 -1.6888 -1.1933 -0.64382 1.7312
-0.62326 0.73341 0.13171 1.2235 0.51544 0.5074 0.87249 0.47388 0.28523 0.32458 -0.11854 0.18573 -1.3435 0.03396 -1.857 0.50622 -1.5287 -0.26223 -1.5941 -0.75996 0.02223 -0.17621 -1.8437 -1.6612 -1.5197 1.8743 -0.03242 -0.58789 0.26108 -1.3249 0.30167 -0.16412 -0.11373 -0.20485 -0.45865 -0.72149 0.44198 0.82417 1.2197
-0.7383 1.1319 0.29946 1.1763 0.64727 0.28157 0.017651 0.588 -0.6765 0.28484 -1.856 -0.98394 -1.4814 -0.1371 -1.7175 0.36042 -1.8084 0.34993 -1.2252 -0.35301 0.060791 -0.21051 -1.3556 -0.99119 -0.58968 1.9636 0.028275 0.55223 0.11835 -0.48323 0.45445 0.60472 0.4238 -0.27429 -0.018563 0.53929 1.4391 1.3841 -0.034391
-0.86423 -1.16 0.22609 -0.6165 -0.29146 -0.38488 -1.3784 0.31603 0.052864 -0.62665 -0.07634 0.24076 0.26275 -0.14461 -1.2059 0.42282 -1.9409 0.71723 -0.57074 -0.11819 -0.36126 -0.52683 -1.1737 0.014581 0.16418 1.6606 -0.078177 1.2574 -0.31568 -0.065511 0.054642 1.3064 0.76319 -0.21722 0.75054 1.7639 1.6525 1.5123 -1.1673
-0.39018 -0.4918 0.97427 -0.13507 -0.085575 -1.0132 -1.2468 -0.5752 -0.79413 -1.2198 -0.96632 -0.82967 0.47872 -0.089011 -0.83607 0.18003 -1.8345 0.43337 -0.29971 0.066427 -0.40082 0.49017 -0.039333 0.98116 0.63183 1.1319 0.12273 2.0477 -0.28241 0.80697 -0.60778 1.4887 0.53723 0.057524 0.60758 1.9921 0.59702 0.25932 -2.1028
-0.68195 0.054137 0.59956 -0.39559 0.94628 -0.25105 0.16132 0.2104 -0.13886 -0.4685 -0.14554 -0.76869 0.049178 -0.17631 -0.039899 0.066512 -1.6075 -0.18047 0.27299 0.53792 -0.17132 1.0478 1.0423 0.93765 0.94723 0.30081 0.43557 1.262 -0.78533 1.4119 -1.1844 1.5971 0.19207 0.67061 0.79076 1.7136 -0.22213 -0.18297 -1.8984
-0.83536 -0.07756 0.3195 -0.66777 1.2114 0.5272 0.30294 -0.48392 -0.26982 -0.33244 0.084888 0.71243 -0.17711 0.05882 1.3763 0.065754 -0.5569 -0.3296 1.0066 0.38127 0.099606 0.2781 1.5433 -0.15408 -0.45513 -0.9321 1.0401 -0.2466 -1.0969 1.4368 -1.4228 1.0525 -0.34239 0.73059 0.53429 0.50023 -0.67719 -0.17194 -0.60507
-0.73302 -0.16195 0.27582 -1.177 0.58214 -0.2136 0.30312 0.41695 1.1318 0.61723 0.77072 0.69272 -0.18203 0.53194 -0.045838 -0.85571 -0.11462 -1.1193 1.6224 0.10658 0.76779 1.2375 1.4771 0.10646 0.33303 -0.53627 1.2641 -1.7622 -1.0334 0.90944 -1.2412 0.041091 -0.5325 0.63859 0.57637 -0.62239 -0.48308 -0.53561 1.0238
-0.94473 0.28556 0.59363 -1.3848 -0.67306 0.15282 -0.54073 0.17806 0.61694 1.1913 -0.70455 0.15678 -0.44025 1.4096 -1.2755 -1.2292 -0.0727 -1.7658 0.90435 -0.38887 0.63076 1.5182 0.72525 -0.064711 0.58676 0.51441 0.80064 -2.3899 -0.47782 0.13072 -0.73769 -0.50179 0.051863 0.27163 0.59139 -1.2148 -0.28358 -0.51356 2.139
-0.33105 0.58153 0.69568 -0.58096 -0.36606 0.61987 -1.1312 0.016528 -0.68881 0.40728 -0.83696 -1.8586 -0.64853 1.4095 -1.8776 -1.0473 -0.25404 -1.7878 0.40603 -0.12258 0.87733 1.6385 0.15709 -0.14802 -0.66646 1.3034 -0.0030753 -1.2274 0.57726 -0.24466 0.16752 -0.7124 0.82238 -0.13008 0.041962 -1.1323 -0.4116 -1.1819 1.8725
0.39145 -1.0167 -0.47665 0.034273 -0.66374 1.4133 0.11067 1.0446 1.8502 0.56327 0.037248 0.76342 0.11346 1.0361 -1.9983 -0.64655 -0.23939 -1.3693 0.73223 0.60177 0.61359 1.3197 -0.29215 -0.6357 -1.0032 1.7649 -1.1111 -0.039849 0.98974 -0.48486 0.39342 -0.36962 1.1318 -0.47762 -0.50705 -0.55252 -0.52014 -1.1003 0.92947
0.88994 -1.5567 -0.87386 -1.1736 -0.79148 0.49444 -0.011011 0.74082 2.1987 0.42105 0.33358 1.2557 0.90553 0.66938 -1.8878 -0.14492 -0.43313 -0.98077 0.45179 1.2355 0.52905 1.432 -0.34236 -0.49421 -1.2809 2.0033 -1.5338 1.115 1.2153 -0.34267 0.45896 -0.24688 0.6375 -0.94287 -1.4077 -0.11186 -0.56303 -0.93355 -0.20147
0.16083 -1.6511 -0.14448 -1.6089 -1.2215 0.36888 0.05041 0.95858 1.9963 0.32249 -0.13859 -1.2583 1.169 -0.28988 -1.3416 0.029458 -0.80073 -1.4056 0.23377 1.166 -0.14845 0.57069 -0.17754 -1.0129 -1.3488 1.7303 -1.2889 1.5817 0.93335 0.2246 0.49121 -0.13804 0.063127 -0.95656 -1.9396 0.057504 -0.31207 -0.66696 -1.1121
-0.010576 -1.2857 0.31416 -1.2673 -1.4644 0.9942 0.74288 1.0342 1.9901 0.6354 -1.3129 -1.4942 1.279 -0.76778 -0.20373 0.71156 -0.54486 -0.88204 0.22561 0.85522 -0.64016 -0.91777 -0.15927 -1.1736 -2.3968 0.96894 -0.44363 1.3399 0.14703 0.84013 0.78795 0.029988 -0.21885 -0.77702 -1.874 -0.014657 0.21604 0.42825 -1.4602
0.13951 -1.2117 0.52431 -1.1956 -1.5741 1.0661 0.70756 0.72516 1.7509 0.46565 -1.3406 -2.0809 1.3861 -0.63897 -0.00014432 0.53824 0.22675 -0.4701 0.60903 0.92002 -0.72813 -1.5466 -0.29936 -0.96656 -1.8055 0.38628 0.49897 0.51567 -0.54774 1.0252 1.1936 -0.35089 -0.25029 -0.30856 -0.98577 -0.25851 1.088 1.3368 -1.1865
-0.33015 -1.472 -0.31499 -1.2647 -2.1575 1.1144 0.55786 -0.13124 0.66432 0.066715 -1.4967 -1.8554 1.3708 -0.0086048 -0.15251 -0.13536 0.5287 0.06079 0.32637 0.93094 -0.74268 -1.4136 -0.34343 -0.043981 -0.18247 0.18947 0.83427 -0.23044 -0.98793 0.7374 0.9696 -0.75346 -0.21726 0.20505 0.085101 -0.25402 1.3554 2.0502 -0.61919
-0.096346 -1.5206 0.019324 -1.0773 -1.268 1.1828 1.2277 0.38136 1.146 0.45301 -0.81457 -1.8731 1.4096 0.1966 -0.44098 -0.47512 0.45833 0.39891 -0.43105 0.63865 -0.70711 -1.2315 -0.64187 0.78454 0.26429 0.09815 0.74672 -0.13679 -0.4501 0.32722 0.67538 -0.98307 -0.38257 0.60619 0.66392 -0.053507 1.0513 1.5478 -0.212
0.086303 -1.5619 0.054174 -1.0546 -1.3828 1.0042 1.111 0.0020927 0.1202 -0.046861 -1.1821 -1.9716 1.388 0.29185 -0.39667 -0.46503 0.63715 0.53606 -0.58397 0.57152 -0.21719 -0.89002 -0.53531 0.89233 0.74137 0.053059 0.3561 0.14813 0.051665 0.17379 0.10166 -0.64403 -0.58812 0.69162 0.61235 0.01738 0.21091 0.67356 -0.067951
0.20265 -1.5843 -0.0011985 -0.72545 -1.2272 0.91649 1.4987 0.21787 0.62751 0.12561 -0.44514 -1.3981 1.4225 0.52857 -0.1233 -0.057448 0.76042 0.58883 -0.67333 0.34959 0.25752 -0.41484 -0.34416 0.848 0.88259 0.084958 0.10696 0.28285 0.13631 0.0088059 -0.30446 -0.15174 -0.64927 0.62131 0.57057 0.1425 -0.40293 0.22223 -0.043161
0.19745 -1.682 -0.17438 -0.72363 -1.1637 0.38604 1.3122 -0.13879 0.47372 -0.33479 -0.27739 -1.3721 1.4255 0.43099 -0.045035 -0.24385 0.7 0.17816 -0.68771 -0.079686 0.19695 -0.53608 -0.4893 0.38657 0.87804 0.070777 -0.10968 0.16313 -0.11129 -0.37846 -0.58451 -0.099565 -0.6888 0.23734 0.30244 -0.045214 -0.68176 -0.23493 -0.09648
0.24469 -1.6553 -0.26305 -0.39682 -1.2007 0.62571 1.2609 0.37361 0.2984 -0.18561 -0.30748 -1.0326 1.444 0.27836 -0.10862 -0.34015 0.46371 0.022694 -0.63981 -0.31141 0.36494 -0.20979 -0.40821 0.17004 0.6465 0.0060309 -0.17253 0.038078 -0.43687 -0.52878 -0.42188 -0.035472 -0.30718 0.16287 0.10182 -0.019877 -0.6521 -0.37775 -0.18264
0.37865 -1.5163 -0.13027 -0.3109 -1.126 0.51926 1.1704 0.53266 0.32527 -0.068915 -0.26249 -0.79361 1.489 0.17329 -0.11076 -0.50291 0.15207 -0.26528 -0.76867 -0.45154 0.22819 -0.35358 -0.62721 -0.24005 0.37899 -0.081144 0.10144 0.01924 -0.52644 -0.45018 0.21789 -0.090373 0.093967 0.52491 0.19469 0.20288 -0.43165 -0.27332 -0.23559
0.49621 -1.5782 -0.13403 -0.28301 -1.0753 0.40508 1.1086 0.457 0.08621 -0.36739 -0.59176 -0.96776 1.4643 0.29918 -0.021705 -0.66575 0.1408 0.033479 -0.68693 -0.066067 0.58969 -0.2859 -0.34776 -0.2458 0.36083 -0.15885 0.25852 0.034927 -0.69749 -0.21197 0.93916 -0.069317 0.087796 0.84078 0.43413 0.34363 -0.40371 -0.030818 -0.23102
0.36304 -1.7723 -0.38224 -0.54956 -1.418 0.18737 0.79506 0.46207 0.16115 -0.58839 -0.67308 -1.1194 1.3565 0.56185 -0.053586 -0.97254 0.10391 0.60475 -0.81576 -0.013471 1.1679 -0.083978 -0.14042 -0.3351 0.46225 -0.25632 0.31819 0.059558 -1.0129 -0.078487 1.383 -0.011916 -0.40878 0.99417 0.79893 0.73206 -0.24113 0.046415 -0.2151
0.35634 -1.7043 -0.66379 -0.5512 -1.5655 -0.21848 0.99001 0.33807 0.24486 -0.85105 -0.55211 -0.81148 1.3288 0.51175 -0.074137 -1.2903 0.1425 1.3827 -0.73047 -0.35372 1.6201 0.56926 0.012881 -0.65151 0.5401 -0.30816 0.42125 0.3276 -1.1242 -0.035695 1.4418 0.33248 -1.0649 0.65634 0.93272 1.0539 0.37378 -0.11397 -0.18206
0.69769 -1.5783 -0.82939 -0.23497 -0.72414 -0.13711 1.4864 1.2359 0.039979 -0.38235 -0.45532 -0.67194 1.2795 0.60346 0.022744 -1.9168 0.036956 1.6939 -0.75913 -1.1095 1.7496 0.89419 0.64451 -0.55408 0.38187 -0.38129 0.51207 0.64227 -1.0085 -0.060524 0.69883 0.86961 -1.4436 -0.1501 0.57288 1.1061 1.5505 -0.56355 -0.21283
1.1104 -1.6365 -1.0938 -0.12399 -0.12569 -0.15298 1.0636 2.5177 0.32211 -0.077653 -0.86202 -0.21635 1.1937 1.0027 0.52867 -2.1108 0.13407 2.2339 -0.11563 -1.6127 1.6491 1.1797 1.3644 0.67877 0.16691 -0.41514 0.49626 0.81443 -0.6598 -0.26718 -0.8328 0.99727 -1.0365 -1.4323 -0.26008 0.48396 2.5599 -0.47327 -0.31698
0.80123 -1.639 -1.2987 -0.21227 0.66057 -0.27401 0.2617 2.4486 1.4229 -0.29564 -1.5051 -0.33267 1.1705 1.2063 0.7985 -2.2808 0.024944 1.5201 0.43065 -2.2248 0.86536 0.81431 1.3943 2.3638 -0.50081 -0.57378 0.38382 0.88956 0.089832 -0.35872 -2.1577 0.74182 0.13192 -2.5064 -1.0977 -0.73902 2.5205 0.20505 -0.43321
1.0577 -1.6339 -2.2912 -0.54713 0.29847 -0.63326 -0.7836 2.2328 1.0944 0.43976 -1.0745 -0.90801 0.98258 1.0715 1.0006 -2.2286 -0.29233 -0.083974 0.45527 -1.8349 -0.83062 0.073932 0.58697 3.4401 0.015647 -0.75946 0.14427 0.69799 0.81557 -0.29421 -3.1099 0.033412 1.4419 -2.7696 -1.6422 -1.6465 0.90005 1.144 -0.46049
1.6686 -0.94624 -2.3478 -0.26681 1.1386 0.32201 -0.84622 2.4049 1.5894 1.1785 1.5351 -0.83168 0.91451 1.2252 1.3843 -1.6921 -0.34912 -1.2046 0.28223 -0.73474 -2.0853 -0.83673 -0.49744 3.5305 0.87306 -0.95375 -0.16335 0.42567 1.5976 -0.064246 -2.6713 -0.62556 2.2184 -1.9716 -1.6279 -1.9564 -1.6361 1.8669 -0.26381
1.8926 -0.84877 -2.7183 -0.30928 -0.038027 0.4129 -1.2981 1.5752 0.66727 0.6503 3.3247 -1.5239 0.65973 1.2126 1.4893 -0.99419 -0.16652 -2.2608 0.026878 0.48729 -2.485 -1.4152 -1.0604 2.0505 1.8076 -1.016 -0.41492 -0.069759 1.8213 0.17981 -1.245 -0.97354 1.8692 -0.5342 -1.006 -1.4071 -3.3707 1.564 0.073604
1.8157 -0.73831 -2.783 -0.634 -1.065 0.10781 -0.24707 0.146 -0.038139 -0.2105 3.1872 0.38858 0.41767 0.7942 1.3188 -0.14533 -0.12758 -2.4197 -0.45755 0.98913 -2.2958 -1.8316 -1.7809 -0.47992 2.403 -0.90289 -0.65082 -0.57038 1.4884 0.33265 0.65123 -0.95548 1.1284 0.68492 -0.026927 0.064352 -3.2558 0.61632 0.5038
2.355 -0.29826 -2.5311 -0.57391 -1.1057 -0.24105 0.10236 -0.16435 -0.20553 -1.1592 2.1846 1.3102 0.16484 0.48677 0.90846 0.13457 -0.070331 -1.8091 -0.89544 0.99009 -1.7937 -1.5209 -1.6565 -1.8506 2.4336 -0.67017 -0.73179 -0.98386 0.95926 0.39781 2.3636 -0.4362 -0.29028 1.3513 0.97129 1.701 -1.4765 -1.239 0.90593
2.0644 -0.2329 -2.5001 -0.36676 -1.9089 -0.39989 0.4491 -0.49782 0.0119 -0.81305 0.23075 1.5236 0.13547 0.35786 0.651 0.30888 0.20007 -0.17951 -0.94512 1.2411 -1.0226 -0.83246 -0.10114 -1.5661 1.8131 -0.28253 -0.79676 -1.3731 0.55318 0.34715 2.9566 0.29871 -1.4418 1.5961 1.8076 2.9217 0.36369 -2.7688 1.1734
2.0804 -0.1958 -2.4656 -0.61088 -1.8547 -0.72543 -0.13022 -0.14196 -1.2299 -1.0732 -0.80617 1.5547 0.11629 0.052892 0.057122 0.43619 0.37971 1.1062 -0.49533 -0.20697 -0.35939 0.12037 1.5165 -0.59937 -0.42262 0.19978 -1.0079 -1.5835 0.6281 0.21605 2.4402 0.69194 -1.8829 1.9502 2.1736 2.2882 1.1962 -3.4165 1.1969
2.3601 -0.099115 -2.3978 -0.26147 -0.75482 -0.31473 0.1288 -0.04371 -0.19767 -0.67429 1.3461 1.7788 0.22176 -0.48524 -0.72046 0.66465 0.26979 1.7303 -0.11799 -1.2496 0.24646 1.1287 2.5242 -0.31235 -1.8094 0.64167 -1.1749 -1.5199 0.74289 0.20049 0.6785 0.59587 -1.1035 2.1938 1.9423 0.5003 0.86256 -2.7503 0.92121
2.2939 -0.26367 -2.5187 -0.12321 -0.29891 -0.79655 1.0177 -0.45237 -0.52033 0.7448 2.2324 1.2211 0.32618 -0.97298 -1.2485 1.046 0.2903 1.8678 -0.070809 -1.4711 1.5506 2.0433 1.6381 0.11893 -2.7147 0.88708 -1.1062 -0.96569 0.75789 -0.015018 -1.2368 0.054446 0.58924 1.8991 0.63106 -1.2673 -0.072798 -1.4642 0.45342
1.8939 -0.69602 -2.1532 -0.19621 0.14045 -0.40839 -1.1645 -0.53083 0.54345 1.4251 1.5455 -0.52423 0.63311 -1.315 -1.4247 1.2902 0.61333 0.74218 -0.089857 -0.29747 2.496 2.2682 0.8202 -0.051398 -2.6436 0.92572 -0.56029 -0.05356 0.71006 -0.29676 -2.2928 -0.085831 1.7867 1.0405 -0.73103 -1.9393 -0.50378 -0.51182 -0.035085
1.5865 -1.0818 -1.7246 -0.29176 0.31788 -0.40336 -1.7086 0.54906 1.5555 1.6484 -0.3257 -0.97886 0.87724 -1.5928 -1.3242 1.4354 0.20351 -0.71682 -0.40373 0.48178 2.3908 0.87553 -0.23336 -0.88211 -2.9893 0.81649 0.11504 0.77239 0.42372 -0.78604 -2.3823 0.10333 2.1598 -0.45172 -1.5519 -1.1908 -0.65686 0.73886 -0.44132
0.87968 -1.3899 -1.4748 -0.0027441 -0.087319 -0.69173 -1.0157 2.6018 2.1196 -0.14021 0.15028 -1.6642 1.0286 -1.2406 -0.77841 1.6999 -0.17886 -1.2902 -0.095077 1.2983 1.957 0.19425 -0.5043 -0.89766 -2.7164 0.6074 0.79555 1.259 0.12831 -1.2189 -1.3507 0.4772 1.1272 -1.7536 -1.307 -0.19237 -0.18656 1.8853 -0.68721
1.0317 -1.2867 -1.3729 0.50299 -1.0658 -0.74715 0.94614 3.1955 1.2022 -0.12961 0.78385 -0.91364 0.99891 -0.84415 -0.18452 1.5798 -0.65244 -1.5979 0.12431 1.9906 0.91938 -0.15153 -0.1463 -0.87537 -1.1756 0.28787 1.2364 1.3965 -0.081242 -1.166 -0.0042972 0.63791 -0.51403 -2.3665 -0.39068 0.84266 0.0039249 2.7721 -0.73273
0.77939 -1.2517 -1.194 -0.3146 -1.4876 -0.94959 1.0936 1.6884 -0.034126 -0.012036 0.93093 -2.6325 1.0572 -0.28256 0.26635 1.4499 -1.0466 -1.3496 0.50282 1.173 -0.31378 0.061109 0.35436 -0.45345 0.28692 0.014736 1.2019 1.0283 -0.12254 -0.81494 0.90648 0.42533 -2.319 -2.1256 0.22695 1.0108 -0.057424 2.6991 -0.62324
1.0815 -1.0311 -0.67874 -0.62805 -1.1568 -0.47237 1.2309 1.4596 0.43459 1.3276 0.39288 -3.0431 1.0579 0.13882 0.66101 1.4327 -1.359 -0.67502 0.43953 -0.46473 -1.2645 0.13422 1.0136 -1.0903 1.1523 -0.13965 0.99762 0.69531 -0.10196 0.0053734 1.4082 0.092666 -3.0315 -1.2688 0.44155 0.61099 0.34303 2.0077 -0.44565
0.8213 -1.0466 -0.5302 -1.1129 -1.3961 -0.040143 0.16404 1.2045 1.7577 1.3226 -1.0253 -1.2754 1.0069 0.41561 0.64538 1.5749 -1.2144 -0.018362 0.51186 -2.0399 -1.2524 0.53275 0.93289 -0.90916 1.6143 -0.24567 0.5412 0.5901 -0.27707 0.68606 1.3363 -0.53689 -2.3698 -0.50932 -0.27593 -0.18019 1.0209 1.0717 -0.32513
1.1544 -0.95634 -0.36978 -1.1902 -1.2961 -0.024505 -0.23769 1.4401 2.234 0.88481 -0.336 0.057332 0.90455 0.58202 0.87469 1.3541 -0.53765 0.4179 0.29336 -2.3728 -1.172 0.54199 0.771 0.10097 2.2473 -0.34763 0.25042 0.72573 -0.50207 1.2593 0.90227 -0.79648 -0.84257 -0.29707 -1.2022 -0.69157 1.7258 0.084956 -0.31883
1.0711 -0.61734 -0.17498 -1.2342 -1.2052 -0.68359 -0.84732 1.2657 1.1644 0.71456 -0.74463 -0.38205 0.8744 0.43891 1.2193 1.0255 -0.24834 0.64944 -0.36896 -2.5389 -1.3778 -0.71113 0.078051 1.1679 1.9199 -0.44263 -0.026915 1.046 -0.50236 1.2845 0.57285 -0.50774 0.50493 -0.24696 -1.6664 -0.77391 1.1696 -0.63266 -0.44455
1.5873 -0.69794 0.25114 -1.0403 -1.2066 -0.15298 -1.3587 0.8422 0.94368 1.353 0.23973 -0.10693 0.75513 0.54006 1.6774 0.85774 0.35895 0.71643 -0.5261 -1.8718 -1.7884 -1.7457 0.0065525 1.6149 1.1705 -0.59185 -0.48184 1.0368 0.059922 1.1359 0.21867 0.42996 1.4499 -0.23219 -0.84989 -0.72265 -0.136 -0.98208 -0.62858
1.4262 -0.21913 0.13771 -1.0197 -0.69188 -0.41316 -1.5986 -0.38887 0.98335 1.6792 1.2072 -0.23334 0.71052 0.34383 2.1224 0.9729 0.58188 0.93517 0.028511 -1.2917 -1.429 -1.7944 -0.28629 0.87275 0.86225 -0.88739 -1.3368 0.46249 0.61956 1.1887 -0.16649 1.5867 2.5391 0.14031 1.0076 -0.35005 -1.0553 -0.63152 -0.6567
1.3494 0.27177 0.23866 -1.1949 -0.39207 -0.81582 -2.3089 -0.19065 -0.0077456 1.0954 1.2742 0.29188 0.5487 -0.29265 2.2851 1.4949 1.0347 0.70849 0.8674 -0.13568 -1.6012 -0.68285 -0.54431 -0.040648 0.77416 -1.2011 -1.834 -0.46757 0.99897 1.2188 -0.30275 2.1179 2.9217 0.87102 2.3548 -0.38149 -1.4537 -0.43847 -0.38125
1.5664 0.66399 0.27406 -0.4486 -0.77918 -0.51525 -1.956 -0.9533 -0.17958 0.88354 0.77324 0.93819 0.28474 -1.6258 1.7462 1.7816 1.4926 0.35898 1.762 1.6001 -1.1694 0.86843 -0.38853 -0.28489 0.83002 -1.2615 -1.8759 -1.371 0.44624 1.052 -0.23061 1.5777 2.8096 1.0948 2.479 -0.036849 -0.57061 -0.074527 0.060778
1.5516 1.2292 0.82452 -0.49381 -0.047253 0.1513 -1.7703 0.24159 -0.14395 0.31293 0.2343 0.82391 -0.1574 -1.8628 1.0263 2.179 2.0346 0.45259 2.3787 2.4432 -0.13178 1.846 -0.74807 -0.94981 0.29169 -1.0613 -1.1901 -1.6786 -0.38166 0.40949 0.25733 0.59934 1.7687 1.3045 1.3349 0.14329 0.2166 -0.39957 0.51274
0.57606 1.4228 1.6818 0.26517 -0.57333 0.69637 -0.72484 -1.5389 0.94593 0.62763 -0.63316 0.20371 -0.44046 -2.335 0.29057 1.4082 1.9242 0.64752 2.0847 2.9589 0.077272 2.1236 -0.29137 0.096734 0.9497 -0.86434 -0.13053 -1.3301 -1.1332 -0.13051 0.38076 -0.492 0.27432 0.9235 -0.26829 0.10471 0.5435 -0.71963 0.68931
-0.73171 0.65881 1.7476 0.81876 -0.68592 1.9138 1.0878 -0.99801 2.8368 1.5715 1.2513 1.1371 -0.41154 -2.1517 -0.00046406 1.0385 1.5492 1.0707 1.7797 2.6739 0.44253 1.4837 -0.3346 0.24314 -0.10139 -0.54044 0.83886 -0.53718 -1.6589 -0.74302 0.59383 -1.2876 -1.0551 0.45875 -1.6284 -0.014633 0.24487 -0.60653 0.54445
-0.09172 0.9065 1.9889 1.4091 0.32712 1.5813 0.62509 0.11751 2.5222 0.0063705 -0.30029 0.043423 -0.23145 -1.763 -0.12814 0.41941 1.5309 0.78969 1.1964 2.0291 0.43648 0.49716 -0.41522 0.30136 -0.44093 -0.36328 1.6306 0.17236 -1.6627 -1.1923 0.49759 -1.7172 -1.9248 0.10727 -2.1235 -0.41407 -0.42472 -0.48669 0.20277
-0.85057 0.77789 0.94015 0.92248 0.34368 0.89783 0.95005 -0.26793 1.5722 0.70567 1.9095 2.7452 -0.50656 -0.66299 0.2716 -0.16098 0.96681 1.524 0.54425 0.83282 0.63749 -0.73245 -0.74807 -0.51628 -0.25017 -0.39874 1.3922 0.25172 -1.7072 -1.3935 0.04542 -1.655 -1.839 -0.3254 -1.6384 -0.14756 -0.49784 0.38988 -0.15367
-0.35339 1.1562 1.684 1.286 0.72088 1.8523 1.1416 -0.15534 1.2248 0.19 0.11886 -0.50963 -0.47745 -0.15005 0.46435 -0.83311 0.17339 1.3815 -0.33936 0.090389 0.21465 -1.1933 -0.95644 -0.43812 0.030953 -0.60146 0.84386 -0.0092318 -1.3867 -1.3613 -0.17021 -1.2726 -1.4522 -0.38226 -0.71117 -0.022708 -0.61905 0.36353 -0.22147
-0.84894 1.1854 1.7387 1.8155 0.27603 1.8492 1.0998 0.073257 1.1597 0.098122 0.21211 -0.16169 -0.72072 -0.46355 0.15558 -1.2526 -0.16218 0.8809 -0.38355 0.02329 -0.090674 -1.0835 -0.39543 -0.46007 0.45462 -0.69198 -0.0073586 -0.53417 -1.3263 -1.0671 -0.70546 -0.88899 -0.7917 -0.69684 0.053535 0.46865 0.08251 0.61951 -0.066139
-0.38245 1.4363 1.5519 1.563 1.5721 1.6272 0.76545 -0.7316 1.0645 0.10793 -1.1395 0.72473 -0.83318 -0.3678 -0.086352 -1.4021 -0.23903 0.80977 -0.59156 -0.42394 0.040931 -0.80421 -0.66984 -1.0623 -0.055021 -0.60226 -0.25232 -0.56694 -0.53011 -0.66607 -0.8513 -0.51963 -0.42701 -0.22449 0.41242 0.67502 0.36423 -0.19088 0.24722
-0.75958 0.92119 0.51165 0.78837 1.1552 0.98347 1.1265 -0.02628 1.5771 -0.13856 1.4852 1.7062 -0.96956 -0.61122 -0.41174 -2.1403 -0.65227 0.49682 -0.90003 -0.46634 -0.67435 -0.80761 0.026583 -0.020057 1.0524 -0.52056 -0.01582 -0.30671 0.55299 -0.23648 -0.85816 0.10862 -0.17728 0.30026 0.72543 0.66294 0.7021 -0.95326 0.41603
-0.91556 0.98264 0.41871 1.1199 1.2041 0.9385 0.68044 0.010014 0.42653 -0.16023 -0.53658 1.2583 -0.99094 -0.57994 -0.26951 -1.287 -0.71277 -0.015075 -0.99532 -0.5025 0.067353 -0.46272 0.16895 0.13627 -0.65867 -0.27806 0.11903 0.078458 1.3842 0.1649 -0.48305 0.84251 0.30404 0.42105 0.97468 0.75636 0.50193 -1.2256 0.4494
-1.1099 0.8656 0.06506 0.93907 1.2957 0.76748 0.39963 -0.1999 0.38726 -0.27093 -0.31125 0.81978 -1.1132 -0.43001 -0.30314 -0.34965 -0.31301 -0.30825 0.020242 -0.28303 0.52302 0.26767 0.49707 0.46692 -1.1868 -0.15876 0.26866 0.20533 1.8109 0.39755 -0.21375 1.0465 0.58967 0.54157 1.4439 0.51552 0.44214 -1.0614 0.39418
-1.0344 0.89199 -0.074269 0.77345 1.1391 1.23 0.70273 -1.6165 0.36747 0.58711 0.27428 0.83256 -1.0542 -0.28507 0.00057382 0.089027 -0.1017 0.31964 0.45401 0.087229 0.31454 0.70037 0.59623 -0.21308 -1.4332 -0.031254 0.1298 -0.044803 1.2752 0.30401 -0.24427 0.77322 0.58191 0.034708 1.0178 -0.12602 0.36473 0.68838 0.31335
-1.2752 1.1622 1.0193 0.92881 0.52507 0.44465 0.37747 0.92311 1.1373 0.16058 0.212 -1.3152 -0.99813 -0.31251 -0.17776 0.29025 -0.24819 -0.054262 0.24331 0.40446 0.31919 1.6324 0.82594 1.1178 -0.72374 0.014312 -0.12361 -0.28033 0.71459 -0.010439 -0.30791 -0.16225 0.2075 -0.1512 0.29328 -1.0125 -0.22049 1.2844 0.24225
-0.71291 0.84829 0.85306 1.0037 1.4666 1.9417 0.69089 0.3615 1.9787 0.63356 0.49354 0.40753 -1.0599 -0.44573 -0.41228 0.59248 -0.19746 -0.58349 0.27574 0.30414 0.25671 0.98719 -0.28327 0.60633 0.50963 0.15663 -0.2042 -0.33456 0.057189 -0.093048 -0.90575 -0.68953 -0.25129 -0.71325 -0.65474 -1.1165 -0.47647 1.6609 0.11783
-1.2984 0.93277 0.047352 0.70127 1.8774 1.2409 1.3027 0.09969 1.7734 0.35488 0.21652 0.00021774 -1.0088 -0.61874 -0.59967 0.63633 -0.26163 -0.41836 -0.16993 0.02111 0.26171 0.7441 -1.1483 -0.41497 0.45524 0.14797 0.098887 -0.11025 -0.24135 -0.15322 -0.93623 -0.77756 -0.50428 -0.78129 -1.5015 -0.5463 -0.89878 0.97174 0.18818
-1.4042 0.69239 0.57123 0.74725 0.64032 0.83213 0.89406 -0.10442 2.3415 1.0191 1.4923 0.43416 -1.0269 -0.54795 -0.38879 0.025808 -0.23445 -1.1898 -0.55541 -0.21254 -1.0888 -0.21455 -0.7126 -0.47338 1.3577 0.091622 0.87764 -0.16277 -0.37585 -0.80063 -0.90031 -0.85716 -0.61215 -0.83743 -1.3505 0.81469 -0.20047 0.51189 0.64763
-1.5972 0.44572 0.86884 0.67715 0.10967 1.2711 0.57428 -0.32349 0.92347 -1.1629 0.22943 1.6947 -0.85057 -0.12478 -0.38708 0.17121 -0.47331 -1.5002 -0.71354 -0.32717 -0.57834 -0.89326 -0.099302 -0.28382 0.82911 0.3558 1.4189 -0.29061 -0.61507 -1.543 -0.54102 -0.93994 -0.52328 -0.82361 -1.0727 1.4099 0.37284 0.23204 1.3034
-1.6353 0.49701 1.0969 0.546 0.936 0.7655 0.54704 -0.0093777 1.9591 -0.87595 -0.91187 -0.24802 -0.90118 0.86377 -0.81044 0.1919 -1.4557 -1.7238 -0.96629 -0.72424 -1.0076 -1.0056 0.81182 0.11193 1.3631 1.1407 1.4308 -0.4633 -0.6227 -1.9796 0.25999 -1.0957 -0.39725 -0.46897 -0.28646 1.1271 0.56324 -0.34405 1.684
-1.482 0.96629 0.63003 0.81445 -0.74652 0.25443 0.29102 -0.97762 1.0546 0.30094 0.17746 1.365 -0.99152 1.2188 -0.91024 -0.49027 -2.2999 -1.1536 -1.6254 -0.75044 -1.4351 -1.092 0.91598 0.10542 0.92306 1.8233 0.75704 -0.3755 -0.72996 -1.7466 0.5396 -1.0976 -0.30686 -0.63883 0.010765 -0.16427 0.47078 -0.2481 1.4838
-0.69008 0.30133 0.55791 0.10076 0.3157 1.378 0.82607 -0.14123 0.82638 1.1187 0.76137 1.4359 -0.49239 1.3453 -0.95866 -0.7001 -2.7257 -0.85156 -2.037 -0.77997 -1.5962 -0.7055 1.0328 0.55747 0.60807 2.2032 -0.27393 0.10213 -0.11974 -0.82993 0.84189 -0.72881 0.025272 0.19389 0.35898 -1.8696 0.042217 -0.82398 0.65624
-0.24971 -0.23663 0.43588 -1.729 -0.84527 -0.47411 -0.008505 -1.7718 0.75246 1.3851 1.0124 2.2615 0.65692 0.97104 -0.98679 -0.62346 -2.8395 -0.89634 -2.1191 -0.90025 -1.5649 -1.0132 -0.57511 0.51861 0.69937 2.3303 -0.9415 0.75083 0.66261 0.51225 0.61848 -0.15776 0.0306 1.1015 0.70322 -2.655 -0.19164 -0.84538 -0.43007
-0.4297 -0.20126 0.30064 -1.9665 -0.66236 -1.0627 -0.31386 -2.1303 0.66992 0.44211 0.68986 1.4008 0.98453 0.4445 -0.58843 0.064767 -2.6007 -0.24116 -2.0053 -0.59582 -0.53187 -0.28801 -2.2657 0.0022103 -0.20504 1.9898 -1.092 1.2355 0.90915 1.8123 0.80851 0.76102 0.068877 2.0135 0.86221 -2.2742 -0.44348 -0.91555 -1.4416
-0.40117 -0.17785 0.40593 -2.0989 -0.36665 -0.84851 -0.31457 -2.0271 0.5064 -0.38981 0.13249 1.5487 1.1508 -0.091098 0.25305 0.27582 -1.4543 -0.26977 -1.9126 -0.7785 0.28725 0.17477 -2.8501 -0.026633 -0.39396 1.1907 -0.54879 1.243 0.80014 2.3555 0.63067 1.2976 -0.022649 2.0678 0.85962 -0.2354 -0.30265 -0.87066 -1.9046
-0.69081 -0.10706 0.39032 -2.3441 -0.65073 -1.4118 -0.473 -1.9617 0.37391 -1.2952 0.30758 1.0828 1.2057 -0.15835 0.63998 0.42177 -0.2603 0.38332 -0.77936 -0.7014 1.5851 0.50797 -2.473 -0.12512 -0.71175 0.31856 0.22313 0.82242 0.49174 2.1673 0.37145 1.3802 -0.37195 1.3385 0.296 1.8055 -0.11149 -0.42041 -1.7119
-0.60583 0.31207 0.85816 -2.4867 -0.68214 -1.286 0.065601 -0.76801 0.90984 -1.8822 0.82865 1.4025 1.1518 0.2282 0.63111 0.58252 0.088452 0.0034931 -0.41781 -0.88837 1.5943 0.39088 -0.98103 -0.067884 -0.82234 -0.073448 0.67551 0.13564 0.315 1.3505 0.57871 1.021 -0.49843 0.49013 -0.11025 2.4739 -0.21053 -0.40253 -1.0431
-0.48301 0.32268 0.67434 -2.0811 -0.2714 -1.3258 -0.72997 -0.19081 1.2326 -1.6415 1.0046 1.287 1.1652 0.64799 0.69948 0.76679 0.40044 0.34441 -0.29183 -1.2701 1.5508 0.22946 0.42833 -0.21325 -0.84901 -0.29083 0.46404 -0.33452 -0.090181 0.5851 0.54711 0.044112 -0.66526 -0.41851 -0.48511 1.8935 -0.2733 -0.53287 -0.38957
-0.38168 0.27879 0.68614 -2.0015 -0.24004 -1.5127 -1.263 -0.012134 1.3328 -1.5144 0.3521 0.89892 1.0928 0.69369 0.46718 0.65545 0.57417 0.86356 -0.33356 -1.4726 1.317 0.091524 0.68294 -0.43319 -1.1471 -0.28344 -0.073514 -0.50867 -0.40167 0.16081 0.60168 -0.38834 -0.36564 -0.63318 -0.66731 0.61394 -0.21778 -0.61564 -0.089392
-0.067399 0.36511 0.91411 -1.9153 -0.83087 -1.3698 -1.3759 -0.57184 0.68462 -0.58523 0.21574 0.049204 0.91708 0.41128 0.12171 0.24229 0.53105 1.0075 -0.73418 -1.7165 0.89048 -0.34735 0.50206 -0.52905 -1.6366 -0.24706 -0.37655 -0.61634 -0.44689 -0.20413 0.086673 -0.23828 0.1873 -0.91214 -0.82642 -0.29435 0.12431 -0.37025 0.022219
0.29187 0.64021 1.2897 -1.7327 0.2932 -1.2997 -1.8149 0.19275 0.68195 -0.14485 -0.05533 0.63351 0.86826 0.16883 0.0070904 0.16734 0.32303 0.82926 -0.87761 -1.382 0.65506 -0.70605 0.19465 -0.3763 -1.6843 -0.25698 -0.29087 -0.5873 -0.14109 -0.33788 -0.37139 0.24987 0.72578 -0.93983 -0.9021 -0.52223 0.29191 0.38557 0.0080777
-0.16403 0.41587 1.0287 -1.7485 0.55453 -1.9605 -1.9551 0.41955 0.95173 -1.4708 0.27911 -0.38273 0.99554 0.18019 -0.17668 0.25583 0.1943 0.54558 -0.43418 -0.94261 0.045709 -1.0892 0.043397 0.033 -1.3364 -0.27646 -0.061493 -0.37248 0.39419 -0.27307 -1.0252 1.0926 1.1802 -1.1355 -1.0467 -0.46097 0.17444 1.081 -0.096015
-0.27624 0.34115 0.7975 -1.7288 0.53063 -2.214 -2.3736 0.73239 0.66496 -1.4686 0.36128 -0.80265 0.9206 0.23521 -0.43769 0.41832 0.17935 0.41285 -0.030715 -0.42564 -0.15291 -1.413 -0.17883 -0.076468 -0.51396 -0.26512 0.27291 0.049824 0.90763 0.10443 -1.4803 1.9327 1.055 -1.2561 -1.1134 0.010223 -0.069349 1.5439 -0.34437
-0.18103 0.29533 0.82452 -1.656 0.35714 -2.1948 -2.5658 0.45072 0.21042 -0.98917 0.21895 -0.94048 0.81763 0.22229 -0.32428 0.80481 0.15185 -0.70166 0.7924 0.13468 -0.99548 -2.1711 -0.2781 -0.29567 -0.022381 -0.41587 0.49379 0.64483 1.0431 0.65182 -1.4455 2.1654 1.0098 -0.58467 -0.4335 0.44291 -0.54352 1.2813 -0.6647
0.2435 0.16667 1.3073 -1.7649 -0.043597 -1.4081 -2.1721 -0.71834 -0.50287 -0.70957 0.33264 -0.74635 0.67179 0.60167 0.1707 1.4617 0.54657 -1.3244 1.9516 0.16197 -1.3593 -2.4817 0.34387 -0.35675 0.80078 -0.78126 0.27173 1.1366 0.39836 1.1596 -1.0585 1.7094 0.97187 0.47947 0.71489 0.74519 -0.81979 0.37079 -0.94572
0.42741 0.051528 1.6153 -1.5431 0.27603 -1.257 -1.7865 -0.24742 -1.0941 -0.70601 -0.13666 0.078295 0.65705 0.85357 0.67721 1.5354 1.1604 -1.2974 2.4305 0.75715 -0.52194 -1.4522 0.64782 -0.99877 0.61352 -1.1555 -0.32038 1.1284 -0.82906 1.5075 0.034427 0.66566 0.86237 1.4497 1.7172 0.95307 -0.70173 -0.10317 -1.0251
0.15849 0.45045 1.9622 -1.5298 -0.62104 -0.62098 -1.7236 -0.96707 -1.922 -1.437 -0.35371 0.25096 0.46648 0.37133 1.1025 0.74816 1.7036 -1.2695 2.196 1.1819 0.6013 -0.27254 0.83687 -1.4953 -0.07883 -1.5089 -0.92662 0.68614 -2.2042 1.447 0.81642 -0.42518 0.77482 1.3404 1.8326 0.68931 -0.16063 -0.38276 -0.82356
0.44519 0.71312 2.2227 -0.81916 -1.1197 0.12868 -2.3226 -1.0867 -1.8774 -0.90925 0.15787 0.22737 0.011043 -0.29036 1.2361 -0.24908 2.2039 -0.64381 1.8617 1.3277 0.98615 0.31661 1.3756 -1.241 0.2053 -1.8002 -1.2846 -0.12251 -2.8448 1.0014 1.4337 -1.2349 0.46705 0.86911 1.5133 0.45106 0.62955 0.12416 -0.39853
0.8798 1.0547 1.9934 -0.065204 -0.71027 0.2843 -1.1666 0.77252 -0.36553 -0.012909 -1.466 -0.65022 -0.45968 -0.55951 1.1235 -1.4161 2.5507 -0.088045 1.4896 1.4072 0.62661 0.46691 1.3454 -0.57814 0.22342 -1.8654 -1.163 -0.8393 -2.5621 0.11503 1.6949 -1.3963 0.29789 0.027729 0.7444 -0.32953 1.0626 0.84291 0.22498
0.085298 1.2393 1.3119 0.33173 -1.0985 0.11042 -0.68731 1.0891 -0.11704 0.24732 -1.8444 -1.2278 -0.80884 -1.0668 0.44711 -2.2515 2.4915 0.84152 0.59876 1.5686 1.2479 1.3447 1.2759 -0.088224 0.71324 -1.6631 -0.80645 -1.1645 -1.4702 -0.94732 1.365 -1.1675 -0.0012999 -0.48265 0.033839 -0.93738 1.3261 0.7454 0.81026
-0.23694 1.1403 1.1276 0.83731 -0.2794 0.68357 -0.42804 -0.0074622 -0.97221 0.85812 -0.77581 0.84095 -1.1409 -1.4046 -0.0095343 -2.6346 1.7805 1.2112 0.3557 1.6522 0.54367 0.77497 0.18631 0.23539 1.3817 -1.2061 -0.40535 -1.0409 -0.059962 -1.6766 1.0063 -0.73918 -0.31472 -0.73125 -0.11131 -0.78532 1.3543 0.42571 1.134
-0.13076 1.2059 0.3264 1.5136 -0.089587 0.52711 -0.37356 -0.20538 -1.3076 -0.0022206 -0.38026 0.62379 -1.2092 -1.3819 -0.28774 -2.1505 0.97102 1.3065 0.36353 1.2064 0.064041 0.24085 0.022224 1.2301 1.1421 -0.76609 0.010978 -0.40399 1.2135 -1.9881 0.29753 -0.31768 -0.72943 -1.0702 -0.013315 -0.77652 1.0984 -0.79577 1.2124
-0.91986 0.81761 0.09373 1.517 0.17589 0.054598 -0.12383 1.4512 0.6915 0.15258 -0.36411 0.96002 -1.3551 -1.1847 -0.37742 -1.5577 0.43086 1.6015 0.30294 0.97183 -0.25005 0.7941 0.34763 1.7018 0.87391 -0.40118 0.2023 -0.032179 1.8031 -1.9028 -0.1145 -0.11448 -0.77324 -0.85802 0.66777 -0.42232 0.71445 -1.4368 1.1037
-0.71211 0.88727 -0.18706 1.2445 0.27966 0.78791 0.19065 0.12071 -0.55237 -0.56493 -0.50809 1.3946 -1.3323 -1.2004 -0.093906 -0.69625 -0.25282 1.2289 0.069711 0.47513 -0.51236 1.3149 -0.4115 1.5634 -0.6554 -0.019848 0.37379 0.11791 1.5613 -1.4867 -0.45408 -0.072348 -0.42919 -0.86926 0.50333 -0.5826 0.26759 -1.2493 0.9707
-0.75 0.96371 0.069828 1.0293 0.7259 0.70112 0.56597 1.1268 -0.083036 0.81701 0.20116 -0.077692 -1.3539 -1.1702 -0.16387 -0.25652 -0.87925 1.0538 0.30817 0.49788 -0.89426 1.6395 -0.48536 1.6218 -0.64756 0.28205 0.39906 0.045621 1.0491 -0.92246 -0.844 -0.17591 0.087117 -0.38114 0.22617 -0.30696 -0.047565 -0.86149 0.72346
-1.421 0.88877 -0.17633 1.1668 1.1728 0.56359 0.41102 -0.25766 0.71012 1.1466 1.2565 0.93153 -1.3109 -0.75129 -0.18247 -0.11069 -0.92537 0.74241 0.24133 0.60135 -1.3628 0.87646 -0.77479 1.8551 -0.64336 0.5281 0.60626 0.12857 0.42111 -0.24729 -1.0464 -0.59422 0.25026 -0.02579 -0.3 -0.3054 -0.45973 0.074632 0.34988
-1.5031 1.1751 0.41813 0.76756 1.0555 0.58359 -0.22765 -0.91157 0.67146 -0.91721 1.3565 -0.3886 -1.1007 -0.72538 -0.25087 -0.038839 -0.80779 0.2699 -0.086445 1.0841 -0.58218 1.4931 -0.12536 1.4583 -0.8885 0.54144 0.93299 0.45442 0.45419 0.42774 -1.1298 -0.98845 -0.019665 0.80319 -0.62805 -0.1821 -1.6027 -0.26001 -0.12036
-1.5221 0.72893 -0.27635 0.35069 1.0551 0.81025 0.62119 -0.37406 1.6754 -0.79075 1.4219 0.3232 -0.89222 -0.36112 0.1808 -0.070901 -0.69498 -0.33639 -0.7797 0.67889 -0.70387 0.76954 -1.243 0.65468 -0.38496 0.43363 0.98729 0.58926 0.5063 0.81343 -0.7792 -0.76191 -0.27228 1.3182 -0.78682 0.55597 -2.2879 0.08838 -0.57756
-1.4081 0.58526 -0.12366 0.4215 0.98891 0.52186 1.0601 -0.41912 0.79393 -0.61134 2.0033 0.43261 -0.81469 0.29214 0.47072 0.51452 -0.2326 -0.52179 -0.92839 0.42409 0.42487 0.38957 -0.65273 -1.2443 -1.3083 0.11513 1.0614 0.57316 0.62273 1.3144 -0.096339 -0.16629 -0.95659 1.0311 -1.4622 0.94817 -2.0631 0.51315 -0.83664
-1.4733 0.81766 -0.076108 0.37306 0.68977 0.68924 1.9654 -0.0074037 1.6341 0.8001 1.4214 -0.59694 -0.89012 0.49635 0.51505 0.49297 0.2164 -0.3141 -0.68232 0.39855 0.82858 -0.20659 0.5839 -1.744 -0.25551 -0.2481 0.81988 0.14092 0.45801 1.3782 0.30891 0.62783 -1.241 0.65746 -1.448 1.3543 -1.1937 1.0202 -0.8447
-1.3394 1.5125 0.083404 0.34578 0.46967 -0.7225 0.46233 -0.66392 0.88192 -1.4545 1.3338 -0.14143 -0.97457 0.73732 0.61141 0.75933 1.0328 0.096904 -0.42162 -0.65695 0.76329 -1.0635 0.85143 -1.806 0.089764 -0.54635 0.48824 -0.3604 0.14541 1.034 0.30452 1.0228 -1.1832 0.090879 -1.2668 0.54281 0.24061 1.8811 -0.57838
-0.9893 1.3957 0.77146 1.0166 0.73406 -0.1484 0.35403 0.42738 1.4328 -0.28127 -1.3529 -1.6519 -1.1899 0.86746 0.36383 0.60419 1.0791 -0.041731 0.09122 -1.2223 0.47948 -1.519 0.7187 -1.6447 0.99161 -0.67795 0.18787 -0.78737 -0.1741 0.39852 -0.0048906 1.0407 -0.4368 0.20235 -0.59041 0.048517 1.1562 1.1842 -0.20501
-0.96477 1.2528 0.40914 0.8029 0.88431 0.44905 0.94955 0.47795 0.44099 0.16675 -0.26941 0.57917 -1.2699 0.95311 -0.10037 0.72009 1.1472 -0.062256 0.51078 -1.0933 0.80096 -1.591 0.34819 -0.76729 1.8969 -0.6607 -0.33622 -0.85941 -0.52101 -0.43782 -0.28075 0.61691 0.40618 0.067888 0.13155 -0.32187 1.6642 0.52394 0.21709
-0.63843 1.0743 0.25017 1.9324 1.3291 0.41003 -0.084038 0.5845 -0.12739 0.71241 0.029469 0.75348 -1.4243 0.68731 -0.54234 0.2256 0.87054 -0.22355 0.70931 -0.24027 1.2377 -1.1677 0.90163 0.24665 1.2504 -0.54862 -0.95971 -0.77782 -0.27702 -1.0648 -0.27846 -0.29478 0.51574 -0.50272 1.0781 -0.64965 1.5007 -0.69705 0.81786
-0.51997 1.0938 0.47821 1.3705 0.38132 0.49532 -0.18548 -0.10432 -0.91595 0.31072 -0.02001 1.3403 -1.5227 0.17069 -0.47813 0.066452 0.40096 -0.32254 0.37424 -0.34388 0.539 -0.95696 0.075097 0.85858 1.0253 -0.25301 -1.317 -0.67619 -0.19574 -1.8175 -0.57397 -0.67153 0.62615 -1.4847 1.8378 -0.82979 0.53729 -1.7887 1.4569
-0.41623 1.0658 0.93893 1.6586 0.46833 0.61011 0.35249 1.3499 0.17501 -0.022503 0.26402 1.5407 -1.5794 -0.53483 -0.84344 0.46744 -0.36914 -0.41762 -0.35526 -0.57707 -0.39388 0.42216 -0.4942 0.79847 0.005905 0.49487 -1.1009 -0.48855 -0.21679 -1.8265 -0.36851 -0.42803 0.42346 -2.0377 1.8817 -0.90693 -0.56825 -2.0057 1.643
-0.61712 0.95109 0.3001 1.4616 0.42743 0.025947 0.36098 1.639 -0.14414 0.083806 0.75364 0.06188 -1.5701 -0.88081 -1.1635 0.27504 -1.3569 -1.0297 -0.14098 0.31264 -1.3824 1.458 -0.6686 0.12607 -1.1255 1.2778 -0.56795 -0.41583 -0.48411 -1.3077 -0.13949 0.067168 0.46093 -1.7677 1.1336 -0.44439 -1.444 -1.6542 1.222
-0.95179 0.86648 0.72355 1.4836 0.75126 0.7447 -0.087521 0.6165 -0.16641 0.17478 -0.21654 0.54872 -1.3675 -0.83783 -1.0764 -0.23894 -1.39 -0.54617 0.21544 0.26964 -1.9243 1.5605 -0.59763 -0.61258 -1.7607 1.4617 0.14174 0.025501 -0.52425 -0.633 0.12535 0.43479 0.46424 -0.63858 -0.064753 -0.19662 -1.4669 -0.068263 0.32126
-1.6218 0.1303 0.8726 0.38079 0.50003 -0.22837 -0.38617 -0.91627 1.1252 -0.34754 1.4041 1.1441 -0.43108 -0.75702 -1.1078 -0.39924 -1.3302 -0.50167 0.21715 0.14476 -2.27 0.84785 -0.80648 -1.5583 -1.462 1.3256 0.80227 0.43638 -0.4047 0.19211 0.21446 -0.080196 0.18757 0.81492 -0.68441 0.25784 -0.74283 1.317 -0.60173
-1.2326 -0.029643 0.4857 0.028083 -0.75617 0.61533 0.82406 -1.5515 1.6471 -0.20109 -0.43806 -1.131 -0.011096 -0.38197 -0.82512 -0.083162 -1.4565 -0.42453 0.24703 0.42538 -1.2304 0.59969 -0.85617 -1.5314 0.033135 1.0056 1.4234 0.59941 -0.51863 0.89564 -0.16567 -0.31713 0.14429 1.8764 -0.88548 1.0313 -0.050761 2.083 -1.1566
-1.0724 0.42213 0.2334 0.1307 0.17622 0.97386 0.29062 -1.4077 0.90948 -0.57538 -1.0352 -0.90383 -0.41905 0.31033 -0.50533 -0.48546 -0.96967 -0.66502 -0.29031 0.6081 -0.056924 0.51733 -0.048793 -1.0181 0.65763 0.47545 1.7744 0.27597 -0.76006 0.92928 -0.28944 -0.97433 -0.60488 1.8569 -0.82097 1.6691 1.108 2.4926 -0.81327
-1.3085 -0.0078964 0.46242 0.46085 0.22521 0.42156 0.38662 -0.73059 0.64907 -1.0117 -1.7694 -0.30001 -0.50489 1.1801 -0.30115 -1.0739 0.0013542 -0.75737 -0.085282 0.32601 0.798 -0.115 1.0823 -0.98721 1.4193 -0.084455 1.6613 -0.20732 -0.52295 0.43904 -0.77274 -1.4763 -1.0524 0.52943 -0.85188 1.7358 1.3987 1.4991 0.2158
-1.1918 0.15704 0.56837 -0.59022 0.11889 0.29367 0.67292 0.10655 0.66052 -0.6996 -0.64003 1.3691 -0.40717 1.6535 -0.87399 -1.1962 -0.42928 -0.86204 -1.3387 -0.99376 0.50511 -0.50091 1.5762 0.57514 2.9189 0.48157 1.0392 -0.30886 0.12643 -0.46965 -0.93727 -1.4015 -0.98745 -1.0011 -0.93243 0.94676 1.0978 -0.14125 1.1267
-0.62408 0.065418 0.20255 0.12146 -0.54379 -0.034776 0.57216 -0.40479 1.585 0.5952 -0.54846 1.4767 -0.3915 1.9318 -1.0127 -0.61332 -0.94525 -1.7662 -1.8425 -0.84376 -0.41898 -0.66181 1.8186 0.70719 1.9534 1.3584 0.20774 -0.048947 0.80959 -0.75499 -0.58587 -1.0897 -0.28576 -1.6873 -0.76397 -0.13233 0.41182 -2.0168 1.3515
0.13221 -0.29909 -0.6781 0.59237 -1.0191 0.29786 0.30878 -0.40917 1.0729 1.2722 -0.726 1.5839 -0.32006 1.7856 -0.70373 -0.48715 -1.2876 -1.9117 -1.8925 -0.74906 -1.4653 -1.148 1.4704 0.51813 0.10094 1.6543 -0.51196 0.54604 1.0832 -0.27019 0.22718 -0.16605 0.70385 -1.0454 -0.6492 -1.0183 -0.54401 -3.084 0.56406
0.68917 -0.92995 -0.63398 -0.97509 -1.2976 -1.1296 -1.2411 -1.1806 0.26486 1.0986 0.23597 2.6667 0.72301 1.4491 -0.47379 -0.027736 -0.85457 -1.3195 -1.7354 -0.3557 -1.6277 -1.3785 0.8346 -0.061229 -1.2809 1.6107 -1.0394 0.76912 0.85442 0.4498 1.1384 0.20772 0.85857 0.20631 -0.3395 -1.2429 -0.56516 -2.4513 -0.46931
0.5972 -0.38623 0.45352 -1.1236 -1.7338 -1.2311 -0.19335 -1.7816 -0.26028 0.89764 -0.77243 1.0912 1.0839 0.91767 -0.1627 0.38115 -0.92066 -0.6358 -1.6783 0.15288 -0.99743 -1.4901 -0.028747 -0.21362 -1.7464 1.3017 -1.0731 0.61929 0.22599 1.3215 1.3119 0.49523 0.94562 1.303 0.10035 -0.67346 -0.29063 -1.3946 -1.267
0.24668 -0.40244 0.083672 -1.3049 -1.8682 -1.5229 0.067888 -2.3136 -0.57402 0.61758 -0.77805 -0.31184 0.99061 0.42692 0.098067 0.43014 -0.32869 -0.23256 -1.5717 0.40081 -0.21687 -1.1918 0.015921 -0.14572 -2.117 0.72883 -0.6521 0.17588 -0.90709 1.5349 0.93237 0.34491 0.43265 1.4987 0.33034 0.14964 0.17603 -0.27967 -1.5359
0.66606 -0.22833 0.23595 -0.70742 -1.2198 -1.2531 0.46434 -1.6137 -0.20139 1.0391 -0.55254 0.057188 0.98928 0.29651 0.12257 -0.31666 0.75815 0.044393 -1.0857 0.73975 0.49326 -1.0243 0.48202 -0.063739 -2.323 -0.06319 -0.07181 -0.20647 -1.3467 1.4647 0.40825 0.3697 -0.20449 1.1433 0.25863 0.67395 0.31414 0.65267 -1.2413
0.82549 -0.3939 -0.057767 -0.67143 -1.3866 -1.8173 0.3395 -1.3163 -0.25829 0.86528 -0.73477 -0.14746 0.8993 0.52709 -0.30029 -1.2234 0.98397 0.12264 -1.4101 0.20711 0.68855 -0.91425 0.85037 0.25057 -1.5641 -0.32122 0.252 -0.36873 -1.0849 0.67056 0.068496 0.30158 -0.54247 0.38407 -0.046745 0.40114 0.19991 1.2054 -0.64751
0.81268 -0.53465 -0.32684 -0.36064 -1.5353 -1.9956 -0.1598 -0.78501 -0.96403 1.4216 -0.41484 -0.59921 0.85845 0.69297 -0.33385 -1.0909 0.9795 -0.021657 -1.0934 -0.14951 0.88949 -1.0814 0.88825 0.27413 -0.69571 -0.28808 0.24313 -0.12526 -0.29243 -0.14179 0.089769 0.37681 -0.49611 -0.22875 -0.0017141 -0.044756 0.29267 1.5205 -0.040082
0.91737 -0.62081 -0.54108 -0.18157 -1.4708 -2.4227 0.12985 -1.0577 -1.3966 1.6117 -0.10328 -1.0926 0.80184 0.64447 -0.33538 -1.0324 0.74274 -0.04987 -1.0231 -0.21978 0.38219 -1.2532 0.59389 0.12379 -0.47789 -0.26669 0.086935 0.24872 0.44068 -0.50243 0.4026 0.77192 -0.18786 -0.40565 0.40053 -0.60033 0.54561 1.4003 0.20018
1.0718 -0.59157 -0.79782 -0.033237 -1.6259 -2.8575 0.38948 -1.3547 -1.2594 1.7668 -0.67884 -1.4259 0.7063 0.63743 -0.084414 -0.90215 0.65494 0.32051 -0.60078 -0.020667 0.19866 -0.85072 0.48726 0.63903 0.22821 -0.1685 -0.048529 0.20876 0.68851 -0.78581 0.58767 0.90628 -0.42585 -0.11447 0.91963 -1.129 1.073 1.1401 0.29866
1.2081 -0.59054 -0.71964 0.028488 -1.5746 -2.166 -0.1111 -0.59906 -1.6307 1.6165 -0.26435 -0.46201 0.72183 0.66968 0.021895 -0.54999 0.29826 0.73262 -0.27607 -0.22378 0.2268 -0.18584 -0.1986 1.2554 0.82359 -0.051677 -0.22461 -0.021733 0.92404 -0.87962 0.29069 1.0333 -0.82648 0.69498 1.2065 -1.3469 1.3463 0.85154 0.3854
1.5018 -0.58657 -0.7304 0.20004 -1.1228 -2.5236 0.142 -1.0216 -1.6789 1.5852 -0.4614 -0.4594 0.7053 0.5482 -0.13732 -0.13911 -0.13668 0.71792 0.1521 -0.98291 0.75157 0.31225 -1.037 2.038 0.9732 0.10072 -0.44485 -0.35485 0.84458 -0.89326 -0.39772 0.74248 -0.89957 1.0095 1.0766 -1.3056 0.8704 -0.098532 0.33362
1.4339 -0.48237 -1.0954 0.19628 -0.98504 -2.5953 0.1781 -0.82654 -1.3762 1.7098 0.77449 0.012811 0.74446 0.23588 -0.34759 0.18312 -0.36224 0.321 0.44512 -1.3635 1.5345 0.69138 -1.4073 2.346 0.88173 0.24209 -0.55787 -0.4523 0.49221 -0.64083 -0.98054 0.61289 -0.50835 0.91447 0.5137 -0.68642 0.11309 -0.92876 0.1989
1.5465 -0.57415 -0.80963 -0.076234 -0.6055 -2.4627 -0.55715 -0.50454 -1.1585 1.0417 1.6773 0.041082 0.81497 -0.00042659 -0.53641 0.19203 -0.5392 -0.20509 0.36661 -1.2197 1.6125 0.96556 -1.5878 1.9846 -0.0035256 0.24022 -0.35755 -0.25591 0.15328 -0.15639 -0.98269 0.37221 0.37597 0.23142 -0.010537 0.39934 -0.76516 -1.4643 0.0099183
1.5334 -0.8648 -0.61205 -0.44522 -0.9541 -2.2574 -1.3049 0.12768 -0.85669 0.062995 2.4121 -0.21895 0.9027 -0.11683 -0.59025 0.14061 -0.588 -0.63873 0.71443 -1.1034 1.671 0.56746 -1.3472 1.5325 -0.58143 0.20574 -0.043122 0.16857 -0.14322 0.37633 -0.59856 0.25927 1.2327 -0.74162 -0.23555 1.6387 -1.2698 -1.3618 -0.1523
1.2981 -0.9404 -0.55648 -0.30278 -1.5692 -2.014 -1.314 1.3518 -0.48602 0.26443 1.9186 0.065303 0.97391 0.02896 -0.47509 0.15683 -0.2729 -0.63912 0.68764 -0.36839 1.1704 0.35985 -0.28956 0.79271 -1.2792 0.12563 0.11567 0.63018 -0.24037 0.66623 0.015138 0.15827 1.4972 -1.6076 -0.24575 2.34 -1.4331 -0.89655 -0.22704
1.3529 -1.0521 -0.69646 -0.44593 -1.6394 -1.9541 -1.0902 1.0319 -0.57885 -0.023357 1.9206 -0.75185 0.91153 0.098876 -0.075248 -0.033298 0.17749 -0.57295 0.75416 0.64359 0.26591 0.51017 1.234 0.19685 -1.2556 0.031072 0.21716 0.99704 -0.055872 0.5577 0.45311 -0.095441 1.0708 -2.276 -0.0042891 2.0199 -1.3192 -0.56272 -0.37547
1.4759 -0.99441 -0.85882 -0.41518 -1.5376 -1.822 -0.97115 0.77803 -1.2237 0.39694 2.0397 -1.1745 0.90297 0.058931 0.33788 -0.12171 0.25266 -0.18915 0.63685 0.8608 -0.93379 0.48885 1.8338 -0.44648 -1.4942 -0.067489 0.02418 1.3911 0.73479 0.1135 0.52057 0.17098 0.036141 -1.8603 0.042951 0.70417 -0.98856 0.016575 -0.61041
1.635 -0.86811 -0.78784 -0.080269 -1.3082 -1.8922 -0.35505 0.59565 -0.63657 1.6169 2.4517 -1.6642 0.90668 0.22044 0.79372 0.19572 0.136 0.012801 0.57921 0.39577 -1.8836 0.50164 1.6544 -0.70001 -1.6219 -0.34441 -0.52769 1.6482 1.8016 0.045095 0.77314 0.51677 -0.80263 -0.90741 -0.19249 -1.0447 -0.59424 0.85073 -1.0072
1.6364 -0.6525 -0.63459 0.095868 -1.4278 -1.4214 -0.013599 0.0045686 0.035066 2.365 2.0843 -1.1982 0.89665 -0.031419 1.5884 1.3147 -0.034148 0.072012 1.0878 -0.16955 -1.5172 0.4614 0.89573 -0.89477 -1.0643 -0.73169 -1.4751 1.4336 2.2474 0.45765 1.2217 1.3313 -0.55012 0.52197 -0.40753 -2.2778 -0.36922 1.7934 -1.3327
1.3605 -0.5659 -0.7071 -0.30796 -1.4807 -1.5316 -0.69041 -0.78388 -0.13377 1.6825 1.2152 -2.1839 0.84647 -0.86175 2.2591 2.3511 0.42051 0.77779 1.4557 -0.41909 -1.2688 0.12972 -0.44733 -0.86077 0.25991 -1.3548 -2.341 0.67821 1.6119 0.78102 1.4835 1.3759 0.17447 1.5389 -0.60417 -2.439 -0.46723 2.1455 -1.2526
1.6705 -0.10834 -0.31827 -0.26829 -1.6516 -1.3895 -1.1054 -1.1815 -0.12526 1.69 0.91952 -2.3484 0.43228 -2.1331 2.1795 2.6681 0.92403 1.7574 2.5726 0.18794 -0.16384 -0.16825 -1.7659 -1.1605 1.215 -1.832 -2.4109 -0.54479 0.18166 0.84364 1.151 0.49786 0.91119 1.4023 -0.36144 -1.5854 -0.33953 1.8942 -0.69257
1.3024 0.77831 0.92628 -0.50385 -1.334 -0.42465 -1.2279 -0.41415 -0.48349 0.84013 1.2063 -2.015 -0.0098553 -3.0407 1.7162 2.2962 1.0302 1.9939 2.2902 0.56454 0.58286 -0.43708 -1.9922 -1.5738 1.6057 -1.9281 -1.7315 -1.555 -1.4097 0.2519 0.41837 -0.49983 1.1592 1.0427 0.1552 -0.68965 -0.15929 0.895 0.21517
0.21263 1.305 1.4815 0.84172 0.060951 -0.22319 -0.86454 -0.83046 -0.95144 0.28237 1.4581 -0.027701 -0.6614 -3.3813 0.88212 1.6655 1.1427 1.6594 1.564 1.1379 0.42265 -0.0020471 -1.5785 -1.2683 2.1183 -1.6294 -0.26153 -2.2135 -2.436 -0.35494 -0.50612 -1.8228 0.83675 0.49812 0.57585 0.24453 0.17041 -0.14905 1.0999
-1.1076 0.8318 1.3282 1.3255 1.0098 1.5006 0.76907 0.73297 -0.14727 -0.12868 0.42772 0.01097 -0.92275 -3.4383 0.11628 0.44553 0.76873 1.6377 1.081 1.3939 0.57313 0.37823 -1.9716 -1.1465 1.6289 -1.1013 1.156 -2.243 -2.4327 -0.91461 -1.4191 -2.2876 0.15433 0.35489 0.78863 0.56037 0.47563 -1.007 1.6486
-1.5407 0.66776 0.91349 0.68219 0.14781 0.23016 0.065742 0.18909 -0.51206 0.188 -0.90337 -0.11231 -0.87866 -2.4548 -0.99427 -0.57424 0.46204 0.99926 -0.052071 1.4258 0.86989 0.63378 -1.3127 -0.99958 0.89781 -0.39053 2.1179 -1.5675 -1.6789 -1.2717 -1.3308 -2.1656 -0.69211 0.14989 0.29509 0.73689 0.99811 -1.3919 1.6528
-1.6034 0.30828 0.88209 0.71379 -0.28752 -0.47394 0.14511 -1.1124 0.065003 -0.044583 0.013719 0.036673 -0.77925 -1.4399 -1.3724 -0.74589 -0.19084 -0.33775 -0.9569 0.72838 1.0971 0.89887 -1.0212 -0.67247 0.16315 0.23766 2.4683 -0.58596 -0.23737 -1.082 -0.61584 -1.0477 -1.0797 0.012282 -0.27882 1.133 1.2462 -1.332 1.1765
-1.816 0.62054 0.58683 0.50715 0.75485 0.41825 0.46426 0.23596 0.18877 -1.5024 0.087358 -0.31711 -0.8753 -0.56278 -1.1875 -0.6075 -0.55697 0.15233 -1.2554 0.11053 0.48208 0.36125 -0.59187 0.66217 0.014496 0.49351 2.0923 0.70329 0.66853 -0.70362 0.15366 0.40717 -1.1952 -0.2653 -0.68353 1.0578 0.65526 -0.81582 0.29085
-1.4573 -0.13702 0.80463 0.85742 0.56149 -0.26934 0.95343 1.4213 0.031346 -0.53379 0.15962 0.022827 -0.58176 0.072432 -0.83876 0.066621 -0.57276 0.91752 -0.16983 -0.072416 0.80891 -0.059889 -0.067018 0.72748 -0.6441 0.44148 1.7087 1.2292 0.86366 -0.49042 0.043926 1.1065 -1.2494 -0.82785 -0.77332 1.2173 0.11969 0.24316 -0.19343
-1.9537 -0.1751 0.81119 0.86981 -0.44557 -0.77932 0.34076 1.1159 0.58058 -0.85447 -0.088689 0.36132 -0.47274 0.56012 0.0019688 0.1782 -0.54319 0.68223 0.2867 -0.52509 0.49197 -0.30604 0.32264 -0.27474 -0.36195 -0.0093667 1.2859 1.3959 0.72093 -0.5241 -0.79591 0.99762 -1.3552 -1.3568 -0.46134 0.44466 -0.74232 0.76173 -0.26839
-1.8285 -0.30842 0.50476 0.094308 1.4462 -0.095152 0.53877 0.36616 -0.072843 -0.40839 1.3103 -0.28005 -0.40069 1.0703 0.24015 0.35473 -1.0249 -0.49947 0.2467 -1.412 -0.57269 -0.37412 0.95751 0.060673 0.84455 0.15104 0.96694 1.049 0.31533 -0.4433 -1.2132 0.03976 -1.1154 -1.7823 0.072522 -0.38566 -0.47185 1.053 0.14922
-1.1743 0.042924 1.1995 -0.11478 1.1632 0.093572 -0.29978 0.70992 -0.61538 0.094704 -0.094325 -1.4741 -0.49648 1.2391 0.77951 0.49703 -1.2164 -0.6231 0.31763 -1.8863 -1.5666 -0.43703 -0.23482 -0.60696 0.81938 0.17358 0.38866 0.65349 0.12954 -0.11637 -0.93322 -0.76725 -0.63238 -1.4071 0.53946 -1.0686 -0.14868 0.51304 0.51144
-0.87872 0.77356 0.85278 0.35153 0.4714 0.20755 -0.25901 0.040268 0.070737 -0.51527 -0.78881 0.14776 -1.1012 1.4522 0.65614 0.45992 -0.9818 -0.70237 -0.10573 -1.586 -1.7657 0.16462 -0.60249 -0.12306 0.90754 0.59294 -0.17221 0.34119 -0.32335 0.25489 -0.13351 -1.0484 0.20663 -0.61338 0.67413 -1.1194 0.055201 -0.57713 0.46641
-0.53501 0.33904 0.97333 -0.80063 -0.63025 0.26182 -1.3435 0.11488 -0.14235 0.035977 0.90257 1.9544 -0.25341 1.0341 0.96762 0.35956 -0.74458 -0.95974 -0.89121 -1.6805 -1.7531 0.55831 -1.0962 -0.49951 0.64932 0.62678 -0.41999 -0.23651 -0.4498 0.25046 0.22589 -0.84131 0.68455 0.25324 0.53983 -0.078948 0.39363 -1.4595 0.40107
-0.49598 0.40735 1.3453 -0.46227 -0.13318 -0.48659 -1.4382 -1.1214 -0.36597 -1.5371 -1.0559 0.5089 -0.18791 0.81511 0.75904 -0.1196 -0.79811 -0.56325 -1.0024 -1.104 -1.7086 0.54306 -0.91368 0.13195 -0.24772 0.7052 -0.37364 -0.20345 -0.48512 0.28264 0.50891 -0.11763 0.90744 0.86696 -0.23733 0.57492 0.063026 -1.7311 -0.15258
-0.45634 0.30249 1.0345 -0.41943 -0.087484 -0.74446 -1.1717 -1.4416 1.0102 -1.2408 0.94247 0.56618 0.33443 0.74823 0.3038 0.02679 -0.85318 -0.24555 -0.71972 -0.77465 -1.0638 0.50826 -0.27155 0.1236 -1.5772 0.78741 0.015802 -0.40291 -0.52348 0.20336 0.40435 0.76345 1.0323 1.4239 -0.91372 1.3775 0.38687 -0.80653 -0.41343
-0.57189 1.1847 1.006 -0.85639 0.70209 -0.86247 -1.8547 -1.5328 0.18131 -1.2933 -0.31528 -0.42291 -0.17065 0.87024 0.62314 -0.1943 -0.41676 -0.077497 -0.3915 -0.24706 -0.33219 -0.29814 0.11862 -0.29268 -1.5066 0.24383 0.22833 -0.38412 -0.25782 0.38846 -0.26701 0.97542 0.63904 1.242 -1.3392 1.1534 0.1015 0.44097 -0.65196
0.072368 0.99656 0.9026 -0.96629 -0.2011 -0.61145 -1.5055 -1.3471 0.088009 -0.72294 -0.089017 -1.1551 -0.0891 0.99163 0.31253 -0.48951 -0.56173 -0.41826 0.16857 -0.071069 0.46823 -0.9208 1.1483 0.55623 -0.36571 0.14638 0.066281 -0.35551 0.0098718 0.89953 -0.66472 0.627 0.61381 0.52528 -1.0063 0.87521 0.29667 1.4834 -0.7475
0.10144 0.57458 1.0616 -1.0441 -0.52181 -0.33947 -1.5642 -1.0831 0.82526 -0.60712 -0.058273 -0.7523 0.14903 1.066 0.065372 -0.29208 -0.24997 -0.96128 0.29526 -0.19284 0.065415 -1.5304 0.68277 0.14092 0.042522 -0.089806 -0.60063 -0.28131 0.11036 1.5253 -0.033964 0.23358 0.94573 0.17572 -0.073517 0.70831 0.092852 1.4735 -0.93256
0.46497 0.99769 0.91826 -1.0145 -0.44413 -0.55536 -1.6426 -0.601 -1.1781 -0.51644 0.00264 0.23196 0.09089 0.72749 -0.055244 0.10432 0.64181 -1.0396 0.059731 0.41148 -0.17854 -0.96856 1.1887 0.55485 0.66705 -0.32328 -1.4572 0.014724 0.091785 2.0141 1.1621 0.37919 1.3191 0.19312 0.91758 0.12538 -0.4452 0.56063 -1.227
0.45351 0.6595 0.66648 -1.0705 -0.24276 -0.47252 -1.3626 -0.76592 -0.93676 -0.01156 0.73149 0.072483 0.12751 -0.13648 0.30232 -0.29016 1.6429 0.18923 0.086832 1.379 0.36511 -0.42009 1.5023 -0.08543 0.97583 -1.1126 -2.1545 -0.22075 0.015374 1.2993 1.8584 0.74019 0.94674 0.63118 1.8271 -0.40785 -0.6935 -0.49611 -0.77953
0.6483 0.77518 0.81853 -0.71851 -1.1589 -0.4849 -1.8397 -2.0037 -0.87674 -0.82979 0.56767 -0.14815 -0.072193 -1.1077 0.22085 -0.32129 1.9992 1.2228 0.95538 1.7461 0.72762 0.44709 0.96047 -0.28952 0.30731 -1.4328 -1.7063 -0.26799 -0.078178 -0.12286 1.5426 0.63612 -0.13084 0.79055 1.3164 -1.1311 -1.022 -1.0024 -0.013382
0.25008 1.2369 1.3604 0.27309 -0.68293 -0.78026 -0.87326 -1.5286 -0.50031 0.89488 0.22723 0.0053991 -0.7254 -1.9882 -0.46866 -0.041191 1.3417 1.4398 1.1714 1.0091 0.91151 1.5835 -0.062327 -0.93368 -0.78991 -0.86688 -0.33093 -0.43835 -0.76165 -1.4167 0.38303 -0.43717 -0.86259 0.31187 0.3959 -0.99449 -0.47194 -0.2393 1.0346
-0.28509 1.1253 0.30251 1.3003 0.5382 -0.17099 0.86482 0.26099 0.074283 1.304 -0.60077 0.4819 -1.3643 -1.5014 -0.15055 -0.14259 0.60137 1.2705 0.65651 0.34231 1.1712 0.7852 -0.35472 -1.2294 -0.49346 -0.47893 1.4082 -0.36242 -1.5465 -1.8134 -1.0196 -2.0463 -1.1416 -0.80188 -0.97527 -0.88057 0.24839 0.67384 1.6745
-1.2372 0.66485 0.75926 0.90488 1.3184 1.211 0.1023 0.22114 0.81099 -0.24997 -0.059803 -0.2687 -1.0613 -0.58668 -0.29864 -1.6746 -0.088575 0.90945 -0.53144 0.38484 0.79383 0.24491 0.11127 -0.63238 0.88688 0.15454 2.9266 -0.11439 -1.5837 -1.1851 -2.2278 -2.7921 -0.93083 -1.7523 -1.9604 -0.54879 0.99047 1.2157 1.6503
-1.553 0.15918 0.97346 -0.35004 0.70826 0.30327 -1.497 0.00698 0.61634 -1.1795 -1.0372 -1.4001 -0.17434 0.71534 -0.51449 -2.1461 -0.40262 -0.41868 -1.8196 -0.18746 -0.82562 -0.91182 -0.94399 0.1033 0.83915 0.88571 3.3265 -0.30321 -1.1743 -0.20758 -2.3066 -2.529 -0.26629 -1.7302 -1.4537 0.12185 1.0814 0.86664 1.2798
-0.18264 1.0437 0.55419 -0.31997 0.28398 -0.48544 -1.2292 -0.10917 -0.71565 -0.074642 -0.69551 -0.035705 -0.51159 2.1957 -0.49171 -1.7447 -0.18578 -1.9055 -2.542 -0.55648 -1.633 -1.6525 -0.91265 0.55089 1.0176 1.2389 2.6865 -0.52224 -0.3018 0.55131 -1.4043 -0.7996 0.53966 -0.53292 -0.26862 0.47652 0.7716 0.055205 0.61724
0.36981 0.77563 -1.4102 0.084636 -0.10442 -1.7615 -0.042779 -1.098 -0.35876 0.8703 0.019268 2.3374 -0.33767 3.1287 -0.59803 -2.1105 0.31228 -1.6609 -2.8222 0.29197 -1.1134 -1.2929 0.37203 0.52695 1.2041 1.1388 0.768 -1.3078 0.068062 0.29522 0.52778 1.6262 1.2193 1.4322 1.2664 0.62665 -0.28195 -0.74059 0.34298
0.76384 0.55337 -0.69022 0.7354 -0.66581 -2.3516 -0.19923 -2.2346 -1.4995 -0.69514 0.29848 0.42248 -0.057891 3.0611 -1.1941 -2.1985 0.5297 -1.1031 -1.4417 1.2123 -0.12797 -0.11763 0.38717 0.83261 0.81483 1.0645 -1.2649 -1.7502 0.46992 -0.49203 2.0729 3.6345 1.0909 2.5576 1.7582 -0.22043 -1.5367 -1.5616 0.27598
1.6471 0.23963 -0.58607 0.93598 -1.4363 -1.5808 -0.53351 -1.1952 -1.3631 -0.84242 0.043262 0.87735 0.16564 1.6392 -2.5109 -1.7908 -0.22784 0.19773 0.52825 1.3346 1.3484 0.97193 -0.35557 -0.64288 -0.56967 1.5444 -2.6452 -1.5277 0.76015 -1.1043 2.3941 4.1592 0.37736 2.4444 1.3189 -1.017 -2.1412 -1.1369 0.24322
1.8632 -0.14734 -0.99268 0.33724 -0.040764 -1.8789 -0.29712 -0.61119 -0.17965 0.4638 0.072125 0.5494 0.5325 0.59051 -2.6773 -1.0866 -0.7457 1.1028 2.2486 1.0756 2.3489 0.89286 -1.028 -2.1875 -1.2777 1.4939 -2.8704 -0.50352 0.92005 -0.80521 2.0008 2.8574 -0.26229 1.3885 0.21904 -1.0514 -1.9184 -0.084258 -0.066105
2.0876 -0.72908 -1.6105 -0.0053337 -0.68187 -1.3577 0.47624 0.15522 0.41179 -0.20652 0.2838 0.37778 0.80542 -0.50262 -2.5989 -1.3505 -0.93966 1.7809 2.7306 1.1076 2.6308 0.96263 -1.0146 -2.5957 -0.066846 1.3264 -2.0356 0.74288 1.0949 0.28654 0.85968 0.99361 -0.60232 0.036116 -0.81858 -0.85847 -0.22847 1.0276 -0.63765
1.2336 -1.6546 -1.931 -0.54191 0.8703 0.037544 1.1337 1.4765 0.36395 -0.42256 -2.128 0.036028 1.201 -1.1452 -2.0538 -0.82843 -0.4864 1.9066 2.5423 0.81263 2.0684 0.35188 -1.4473 -2.3411 0.38982 1.0513 -1.0393 1.5009 1.3077 1.0613 0.16937 -0.85549 -0.83793 -1.2168 -1.1748 -0.62261 1.3161 1.2246 -0.86145
0.99202 -1.6266 -1.8887 -0.17729 0.74146 0.55967 0.88908 1.0958 -0.32021 -1.5071 -3.0958 0.09951 1.1943 -1.2481 -1.4885 -0.029719 0.16 1.4407 2.1555 0.28294 1.5789 -0.45869 -1.9188 -1.0555 0.68721 0.67441 0.10096 1.8765 1.4349 1.2441 -0.56705 -2.1143 -0.9011 -1.9677 -1.2643 -0.20114 2.5216 0.39183 -0.91923
0.56881 -1.7737 -1.5581 -0.035865 0.98265 0.4222 0.59672 1.2677 -0.36163 -1.9142 -2.4057 0.96345 1.3289 -0.97542 -0.53737 0.5082 0.56276 1.6132 1.0252 -0.15948 0.41989 -0.84115 -1.8706 -0.10126 0.83714 0.34919 0.84863 1.5666 0.8764 0.80334 -0.74583 -2.4351 -0.43182 -1.9672 -0.80659 0.59479 2.9549 -0.26082 -0.72506
0.90265 -1.5919 -1.3703 0.32182 1.0488 0.75308 0.36292 1.7525 -0.22524 -1.6205 -2.1612 1.4932 1.326 -0.44715 0.012256 0.45471 0.71056 0.87622 -0.25809 -0.17821 -0.52536 -1.0725 -1.2431 1.7519 0.50542 0.10875 1.1022 1.0017 0.1785 0.29984 -0.8077 -1.87 0.12894 -1.717 -0.45605 1.0352 2.3046 -0.96246 -0.44413
0.72113 -1.857 -1.3146 0.29419 1.5285 0.4096 0.52552 1.8525 -0.38857 -1.8076 -0.42412 0.91302 1.3134 -0.042123 0.0088576 0.44468 0.65023 0.7996 -0.56799 0.19602 -0.85882 -1.0173 -0.61148 2.6612 -0.05243 0.094688 0.7884 0.23245 -0.19004 -0.068463 -0.99175 -0.8068 0.30347 -1.2766 -0.44409 0.76206 1.0858 -1.4533 -0.2234
0.78532 -1.4322 -1.4125 0.40218 1.8637 0.15736 0.7383 0.64728 -0.77125 -2.8631 -1.3308 1.0561 1.2961 0.25119 0.037207 0.32 0.65676 0.34127 -0.36107 0.36298 -1.2529 -1.315 -0.48162 2.5607 -0.83002 0.03853 0.35009 -0.12876 -0.16545 -0.19862 -0.94471 0.34933 0.00014746 -0.7319 -0.38697 0.4697 -0.67175 -1.1217 -0.11821
0.5766 -1.7172 -1.6294 0.38204 1.6331 -0.12917 0.90163 0.5055 -1.4498 -1.9548 -0.14794 0.45417 1.333 0.069196 -0.13215 0.26121 0.49274 0.026647 -0.34766 0.17162 -1.7928 -1.6393 -0.73842 1.8517 -1.4566 -0.0045636 -0.0018355 -0.24735 0.016061 -0.2264 -0.88856 0.88288 -0.33891 -0.11773 -0.11693 0.58906 -1.3992 -0.40571 -0.14297
0.99475 -1.6837 -1.1421 0.81963 1.5842 0.13934 0.95454 0.17875 -1.424 -2.2416 0.89444 0.46593 1.3719 0.091809 -0.14806 0.27428 0.46712 -0.50245 0.26129 -0.162 -1.5283 -1.5616 -0.2595 0.70698 -1.0788 -0.052134 -0.14907 -0.19223 0.19405 -0.35071 -0.45849 0.93293 -0.36537 0.53141 0.29192 0.8683 -1.7307 0.37921 -0.16486
1.0406 -1.6806 -1.1102 0.91807 1.272 0.38993 0.80549 0.1232 -1.8251 -2.375 1.0214 0.068515 1.3653 -0.009463 -0.34223 0.5068 0.37478 -0.43756 0.69824 -0.20559 -0.94334 -1.1304 0.43956 0.56262 -0.75626 -0.11247 -0.19462 -0.092769 0.16678 -0.61182 0.04721 0.72829 0.0081716 0.95541 0.47811 1.1503 -1.6814 0.50754 -0.19654
0.78457 -1.8139 -1.1911 0.76112 1.3991 0.17485 0.44915 -0.74448 -2.3258 -2.8714 0.16521 -0.78036 1.2653 -0.024949 -0.20253 0.54183 0.13033 -0.27288 0.7823 -0.16466 -0.58109 -0.9524 0.65766 -0.53817 -0.40997 -0.19713 -0.31216 0.058257 -0.068192 -0.86769 0.47225 0.37205 0.48105 1.0728 0.56027 1.1618 -1.2694 0.012739 -0.19384
0.77147 -1.8279 -1.2097 0.82049 1.0441 0.70314 0.42651 -0.32831 -2.3451 -2.1552 -0.24059 0.016814 1.2403 -0.27095 -0.27111 0.42528 -0.37618 0.0213 0.69461 0.19278 -0.30856 -0.93823 1.1031 -1.1623 -0.75947 -0.27539 -0.28276 0.44273 -0.54912 -0.99365 0.37449 0.17115 0.75067 1.2075 0.87075 1.0193 -0.65103 -0.30902 -0.14723
0.75175 -1.834 -0.89626 0.8931 1.5263 0.84065 0.8123 -0.46482 -2.115 -1.657 0.23433 0.18347 1.2065 -0.39027 -0.078668 0.20975 -0.63754 0.18081 0.93301 0.59045 0.35052 -0.48055 1.732 -1.1748 -1.0533 -0.30942 -0.18324 0.72933 -0.91445 -0.90772 0.05545 -0.0055897 0.86065 1.088 1.5365 0.77538 0.14079 -0.37502 -0.10092
0.82734 -1.8669 -0.92709 0.65131 1.2674 0.69735 0.79362 -0.11013 -2.6951 -1.1322 -0.39368 -0.20117 1.152 -0.38604 0.39108 -0.25757 -0.93942 0.063536 0.93588 0.89978 1.0607 0.45895 1.9368 -0.52386 -1.0659 -0.31604 0.23229 0.93102 -0.96143 -0.59463 -0.77223 -0.24609 0.46384 0.7339 2.1869 0.070125 0.29564 0.20286 -0.10969
0.71395 -1.9598 -0.70696 0.24878 1.6209 0.95605 1.2288 -0.36686 -2.7648 -1.3254 -0.63371 -1.2619 1.0658 -0.34518 0.77617 -0.67393 -1.1375 -0.16899 0.66067 1.1815 0.96145 1.5641 1.7807 -0.54702 -1.0225 -0.35801 0.54464 0.75715 -0.47053 -0.41278 -1.596 -0.68083 -0.40556 0.3851 2.3764 -0.86128 0.27614 1.0286 -0.17327
0.42515 -1.6743 -1.2 0.10027 1.4274 1.5357 1.3479 0.61089 -2.3357 -0.37734 -0.87017 -1.7339 1.0011 0.08634 0.97339 -0.77069 -1.1338 -1.243 0.40253 0.81499 0.89382 2.6121 1.1887 -0.8304 -0.36377 -0.44716 0.74503 0.44227 0.64493 -0.097016 -2.0275 -0.96705 -1.5093 0.17214 1.6894 -1.204 0.33471 1.7991 -0.23411
0.3916 -1.2384 -1.6452 -0.35001 1.2679 1.2511 1.5007 0.93914 -1.1251 -0.40063 -0.20144 -1.3538 0.93357 0.32288 0.98992 -0.32926 -1.2332 -2.1619 -0.00089641 -0.16259 1.2332 3.4111 0.32753 -0.41792 0.68827 -0.54773 0.79145 0.36384 1.8154 0.16322 -1.8319 -1.3154 -2.3464 -0.075705 0.29954 -0.92988 0.74099 1.5952 -0.34577
0.58108 -1.0466 -1.638 -0.36037 0.87911 1.3337 2.1521 0.6239 0.11247 0.21931 -0.91676 -0.57958 0.86199 0.59464 1.0786 0.68829 -1.0379 -2.7514 -0.44241 -1.3986 1.2915 3.0695 0.18988 0.14204 1.7406 -0.6282 0.067824 0.77996 2.6007 0.6851 -0.43908 -1.0939 -2.4005 -0.4552 -1.5244 -0.23753 1.0205 0.51503 -0.71578
1.2183 -1.0681 -1.2755 -0.4189 -0.41232 1.0458 1.4506 0.59329 0.83472 -0.55073 -1.2958 -0.2986 0.67947 0.80001 1.3772 1.7229 -0.88134 -2.8566 -1.2448 -2.3317 0.62577 1.9683 0.36244 0.57725 1.1718 -0.86384 -0.89575 1.281 2.2326 1.4039 1.2243 -0.63904 -1.5664 -1.0697 -2.9533 0.48718 0.74329 -0.60447 -1.1104
1.0503 -1.0913 -0.89573 -1.1305 -1.2474 0.72001 0.052612 1.9596 1.0818 -1.2022 -0.78467 0.19046 0.51797 -0.072248 2.1805 2.6769 -0.10243 -1.7052 -0.90995 -2.827 0.28974 0.15905 0.65736 0.88808 0.44127 -1.5128 -1.9036 1.4308 0.93233 1.8899 2.6413 0.035926 0.057786 -1.2993 -3.1234 0.8734 0.18696 -1.3665 -1.2874
1.1111 -0.68629 0.023002 -0.90631 -1.2039 0.80361 -0.69368 1.6889 0.60162 -0.3471 0.030086 0.70616 0.39582 -1.0205 2.7392 2.5185 0.75044 -0.35104 -0.89347 -2.5313 -0.42211 -1.2908 1.0493 0.82455 0.10492 -1.9982 -2.0523 0.88217 -0.78182 1.9743 3.101 0.70836 1.7059 -1.1542 -2.1172 0.92779 -0.40252 -1.0303 -0.96421
1.24 0.16174 0.072168 -0.96461 -1.5829 -0.14325 -1.1626 1.0711 0.24904 0.77387 0.22316 -0.94165 -0.0089984 -2.0095 2.9668 1.9018 1.4386 1.0076 -0.54529 -1.1812 -0.80724 -1.8133 1.5851 0.42879 -0.51089 -2.2539 -1.3016 -0.41874 -2.1055 1.3084 2.1014 0.62321 2.5882 -0.48385 -0.5157 0.14067 -0.71345 -0.51133 -0.19808
-0.096148 1.2832 0.86643 0.045882 -0.016154 0.72594 -1.2409 0.95702 -0.75795 0.44683 0.55664 -0.54145 -0.9941 -2.0169 2.5682 0.78082 1.7867 1.6675 -0.15971 0.21061 -1.1536 -1.4574 1.7475 -0.059581 -0.45215 -2.1383 -0.22876 -2.3063 -2.1256 -0.20569 1.0267 0.63141 2.3293 0.4132 0.85798 -0.42678 -0.54548 0.13606 1.1224
-0.35901 1.3027 0.45486 0.77275 0.098652 0.27331 -0.72176 -0.17505 -1.1155 0.9408 -0.66426 0.16748 -1.2869 -1.9909 1.5145 -0.054848 1.6655 1.277 -0.16073 0.90589 -0.31053 -0.82652 0.56123 -0.20986 -0.32351 -1.7887 0.90431 -3.7354 -1.6654 -2.2023 -0.16371 -0.30787 0.96734 0.82361 1.7576 -0.5608 0.44686 0.23538 2.6938
-0.93347 1.3724 0.4471 0.83875 0.23586 0.42306 -0.21756 0.57786 -0.87694 0.84021 -0.57911 -0.93777 -1.5353 -1.4906 -0.67503 -0.1383 0.3026 1.4748 0.044917 1.0188 0.18589 0.014412 0.66365 -0.032284 0.2863 -0.33784 1.4395 -3.2692 -0.43157 -3.1455 -0.603 -0.846 -0.66008 0.79774 1.577 -0.76801 1.1819 -0.16268 3.2159
-0.56024 1.2212 -0.10907 0.65145 0.42181 0.56949 0.01138 0.68686 -0.38371 1.3499 -0.16024 -0.031735 -1.4505 -0.66754 -2.1177 -0.48426 -1.6093 0.8148 -1.1856 0.32459 0.21311 1.1274 0.95767 1.3885 -0.40278 1.4033 1.7465 -1.7092 0.4176 -2.6553 -0.47228 -0.70232 -1.4819 0.17583 0.92852 -0.6642 1.0142 -0.096045 2.6031
-0.87064 0.98324 0.20784 1.0395 -0.17339 0.16223 -0.00054883 1.4592 -0.56019 0.23635 0.26367 -0.44979 -1.5417 -0.097671 -1.4849 0.26678 -1.9983 0.77929 -1.1413 -0.7957 0.22212 0.8652 -0.040154 1.7068 -0.74582 1.7085 1.2829 0.481 0.77775 -0.6362 -0.5055 -0.01817 -1.4761 -0.073597 -0.22272 -1.1416 -0.011001 -0.12273 0.69719
-0.75708 -0.65438 0.49634 -0.96402 1.2393 0.22989 -0.19055 0.9064 -0.040265 2.0751 0.23166 -0.35209 -0.16519 0.45323 -1.1489 0.47078 -1.758 0.75248 -0.8064 -1.1032 0.045468 0.69396 -0.46582 1.1229 -0.0050533 1.5917 0.74421 1.8804 0.68743 1.7636 -0.57462 1.3691 -0.41151 0.017461 -0.80779 -1.047 -1.5945 0.79551 -1.3478
-0.98361 -0.59809 0.18878 -1.979 0.93664 -1.2355 -1.0158 0.45836 0.76893 1.7594 2.7144 -1.2037 0.68826 0.24436 -0.29548 0.73024 -0.70254 0.5709 -0.16803 -1.1721 0.13713 -0.22617 -0.97149 0.082116 -0.1645 0.74 0.12521 2.1217 -0.089438 3.1545 -1.1703 2.1175 0.84904 0.13321 -0.93871 -0.76394 -2.0877 0.89262 -2.5141
-0.38893 0.92261 0.83936 -0.68678 0.8686 -0.50682 -1.7164 0.36694 -0.51094 0.018535 0.7296 -1.1064 -0.24323 0.47464 0.66398 0.47513 0.8167 -0.14672 0.76896 -0.29437 0.30801 -0.0055545 -0.73171 -1.2477 0.92456 -0.4078 -0.4506 1.533 -0.51585 3.3132 -1.3733 2.0809 1.6632 0.20085 -0.96916 -0.25271 -1.9403 0.42467 -2.6424
-0.16942 0.30879 0.54594 -0.66953 1.0269 0.19894 -0.93778 1.2796 0.23293 0.3268 0.47568 0.0095194 -0.3303 0.076238 1.4184 0.12287 2.1955 -0.96259 1.8418 0.47666 0.37839 -0.73691 -1.4884 -1.6247 0.60514 -1.5646 -0.65936 0.2204 -1.0056 1.9435 -0.71634 0.97113 1.8018 -0.22283 -0.37421 0.61134 -0.86792 -0.0033959 -1.4356
-0.67744 0.69968 0.67113 0.35554 0.86066 0.51052 -1.2039 1.3388 -1.1583 0.1011 -0.2404 -0.43791 -0.94835 -0.32796 0.74679 -0.098868 2.5487 -1.0559 1.8945 1.3534 0.3498 -1.0661 -0.75199 -2.2212 0.47293 -1.7463 -0.73413 -0.50305 -0.92058 0.25175 0.46582 -0.3979 0.98559 -0.80047 -0.18075 0.95008 0.50214 -0.70725 -0.054203
-0.31684 0.84406 0.70365 1.3511 -0.19283 0.87188 0.059829 1.6178 0.40966 0.62089 -1.3073 1.112 -1.3765 -0.60021 0.059181 -0.69632 1.8165 -0.30808 1.0034 1.5581 -0.31951 -0.46941 0.24592 -1.3057 0.052385 -1.0349 -0.18326 -0.73898 -0.66723 -1.099 1.1651 -1.4483 0.39336 -0.75591 0.76737 1.1418 1.2952 -0.58385 1.0241
-0.92831 0.71267 0.40406 0.79232 0.21007 1.7556 -0.12206 0.68173 -1.0261 -0.070003 -0.20647 -0.87271 -1.2458 -0.56933 0.44078 -0.68299 1.4635 0.42656 0.49022 1.1107 -0.95227 -0.50898 0.29522 -0.31406 -0.24135 -0.77463 0.45439 -0.078852 -0.26649 -1.5611 1.2782 -1.684 -0.45383 -0.13821 1.208 0.56321 1.645 -0.32515 1.1585
-1.1091 0.55972 0.2836 1.3759 -0.17899 0.39475 0.30279 0.94638 -1.057 0.2721 -0.79229 -0.75538 -1.3004 -0.18089 0.24502 -0.71811 0.85769 0.51828 -0.020089 1.3769 -0.48927 0.59401 0.27073 0.23258 -0.22871 -0.32409 1.7551 0.38042 0.095639 -1.2344 0.53654 -1.283 -0.64615 0.54884 1.3071 0.3296 0.89615 0.608 0.96091
-0.69223 0.86418 0.050557 1.3869 1.3424 0.73657 0.22026 0.17656 -0.5923 0.59912 -1.1931 -0.35279 -1.2757 0.24716 0.51267 -0.53348 0.34801 0.96669 -0.57658 0.55353 0.17084 0.93152 0.34528 0.57844 -0.050687 -0.14757 2.4264 0.3485 0.24234 -1.0901 -0.16254 -0.61164 -0.57859 0.72974 0.8354 0.30759 0.33023 0.9449 0.90917
-0.8545 1.0081 0.067253 1.5271 1.5436 1.0899 0.25929 0.28326 -0.6332 0.69376 0.31451 0.064332 -1.4668 2.1479 0.7066 -0.59528 0.25948 0.45603 -0.73359 0.56721 0.25083 1.5465 0.85692 0.19466 1.1932 0.27079 1.8346 0.46187 0.92638 -0.5773 -0.45841 0.1319 -0.75708 0.35638 -0.26982 0.19983 0.05551 0.59221 0.63106
-0.67311 0.94569 0.12733 1.748 0.34157 0.68613 1.31 1.3995 0.65724 0.36468 -0.44207 -0.39744 -1.4302 2.6466 0.83605 -0.31693 -0.10243 0.17073 -0.23071 0.37916 0.17708 0.76625 0.59353 0.42566 0.96993 0.45941 0.43761 0.17837 1.2241 0.015578 -0.4204 0.69334 -0.5789 0.18423 -0.78662 -0.25071 0.035734 0.052681 0.29185
-0.093914 1.3667 0.15554 1.375 1.0094 0.35151 0.23015 1.7853 1.0973 0.87033 -0.22491 0.40676 -1.4456 1.9207 0.91292 0.77469 0.10535 0.070168 0.050245 -0.024062 0.24854 0.12104 0.51952 0.43464 0.46498 0.43234 -1.5466 -0.12656 1.2207 0.44791 0.25085 0.93661 -0.73679 0.26691 -1.079 -0.76817 0.49713 -0.48692 -0.2416
2.2117 1.2804 -0.43499 1.2108 0.6497 0.5223 0.70108 0.31217 0.32271 1.2814 -0.36596 0.834 -0.62323 1.115 0.73011 0.89337 0.47361 0.38535 0.2722 -0.28784 0.56319 0.0098608 -0.026612 0.54128 0.41869 0.25643 -2.5132 -0.47348 0.71335 0.85537 0.36241 0.75029 -0.38971 0.51254 -0.47738 -0.9748 0.5812 -0.40554 -0.6072
1.4021 1.4995 0.10296 1.3746 0.81955 0.39295 0.75295 0.79374 -0.62873 0.91963 -0.19813 0.34244 -0.94273 0.050202 0.53271 0.90565 0.76822 0.84301 0.68783 -0.5474 0.61695 -0.31998 -0.42279 1.2191 0.47521 -0.047454 -2.6264 -0.63094 -0.049749 0.67961 0.20772 0.42928 -0.078937 0.77016 0.23123 -0.9958 0.55492 -0.22633 -0.81143
0.26494 1.8829 1.4018 1.9045 1.8909 1.3613 0.046801 0.7911 -0.18054 1.1607 0.10837 0.0064422 -1.1411 -1.0441 0.17643 0.85316 1.0681 0.48941 0.79235 -0.12337 1.051 -0.00211 -0.94404 1.2978 0.13693 -0.34032 -2.1086 -0.50731 -0.16098 0.36374 -0.095627 0.12246 0.086596 0.73374 0.51187 -0.66056 0.34139 -0.21601 -0.71092
0.026687 1.509 0.6035 2.3799 1.3385 1.1235 0.35106 2.2898 0.57784 0.10518 1.153 0.67557 -1.3777 -1.8321 0.057338 0.72115 1.0059 0.4309 0.56174 -0.25812 1.5861 0.61734 -1.0731 1.2638 0.14293 -0.65519 -1.2245 -0.29814 -0.15284 0.10688 -0.24424 -0.14091 0.11073 0.60044 0.59374 -0.33663 0.010299 -0.1607 -0.44534
