39 235
-0.6792 1.4302 0.44213 1.3824 0.4997 1.5008 -0.014034 0.20456 -0.37533 0.81406 -0.49756 0.31389 -1.5815 0.083742 -0.11559 0.49869 -0.074831 -0.58748 -0.46186 0.28179 0.53968 0.34109 0.8483 0.87059 0.049003 -0.08596 0.060911 -0.056528 -0.17926 0.0017829 0.2801 0.037856 -0.12028 0.19554 -0.65957 -0.2201 -0.39973 0.12507 0.015778
-0.51139 1.5482 1.5626 1.7051 -0.90129 0.70481 0.18517 1.0101 0.84111 1.3532 0.33415 -0.0041792 -1.6719 0.14128 -0.2708 0.49793 -0.033206 -0.31825 -0.34589 0.19605 0.51561 -0.030243 1.0699 0.7348 0.32196 -0.074668 0.10454 -0.024778 -0.4155 -0.035533 0.45066 0.29107 -0.17086 0.31487 -0.94299 -0.74774 -0.79957 0.20727 0.077184
-0.76825 1.3331 0.58253 0.77791 0.081718 1.3371 1.1102 1.2998 -0.37208 1.3444 -0.16237 0.23968 -1.6929 0.16973 -0.12977 0.16919 -0.079679 -0.13291 -0.45469 0.095506 0.91323 -0.69548 0.2701 0.048539 0.14855 -0.064953 0.099961 -0.033359 -0.56703 -0.022082 0.64422 0.58555 -0.32073 0.15463 -0.99775 -1.1672 -1.1211 0.34322 0.12723
-0.523 1.2373 0.99667 1.5529 -0.018536 1.0046 -0.28854 0.19931 -0.17417 1.8637 0.68455 0.55351 -1.6251 0.23961 -0.14563 -0.10176 -0.12496 0.13452 0.040581 0.053374 0.95433 -0.89335 -0.46595 -0.4595 0.40455 0.035782 0.075 0.13214 -0.40048 0.27377 0.47261 0.51037 -0.26459 -0.10559 -0.16402 -1.2521 -0.81367 0.070311 0.10533
-0.49913 1.0967 1.0458 1.4225 0.29945 1.2264 0.1693 0.79186 -0.5399 1.9258 0.025718 0.76609 -1.6439 0.22461 -0.23008 -0.24589 -0.056809 0.54406 0.36365 -0.24221 0.59958 -1.0826 -0.89011 -0.95791 0.69305 0.077109 -0.16438 0.13568 -0.11721 0.2551 0.41261 0.54747 0.010499 -0.4389 0.66253 -0.39106 -0.32377 -0.29677 0.034177
-0.49055 1.5125 0.59678 1.2725 0.052343 0.72619 0.20168 1.7686 -1.0999 0.42787 -0.85277 0.094135 -1.6674 0.25575 0.012294 -0.03205 0.47073 0.33888 0.13278 -0.12786 0.42854 -0.13136 -1.0392 -0.53311 0.17296 0.034942 -0.27653 0.13672 0.16206 0.20669 0.1483 0.16965 0.03173 -0.79758 0.9376 0.17507 0.29605 -0.84532 -0.042189
-0.35438 1.2609 0.76292 1.238 0.079713 1.5664 0.3869 1.6297 -0.53815 0.41579 -0.63028 0.81232 -1.54 -0.15794 0.030307 -0.081225 0.10357 0.63385 0.45165 0.19589 0.26214 0.17599 -0.27874 -0.64291 -0.36845 -0.0062415 -0.28897 0.009103 0.34435 0.063111 0.1207 0.039497 0.13572 -0.93951 0.67915 1.0016 0.74749 -0.69179 -0.058442
-0.39622 1.0824 1.1212 1.4003 0.24526 1.2752 0.028907 1.3716 -0.57754 0.8536 -0.65611 1.0384 -1.628 -0.10492 -0.035004 0.11497 0.18705 0.40054 0.29119 -0.11712 -0.51204 0.2447 -0.38828 -0.025797 -0.82729 0.004432 -0.16589 -0.14184 0.13809 -0.29281 0.096996 -0.40885 0.18433 -0.66415 -0.22018 1.0656 0.54595 -0.19454 -0.04072
-0.44406 1.3907 0.56326 1.8279 0.70682 1.254 0.57279 1.0267 -0.3069 0.65112 -0.052018 0.21362 -1.6662 -0.15484 -0.18525 0.31556 0.2136 0.76587 0.35245 -0.0090528 -0.85055 0.01296 0.94728 0.34065 -0.25321 -0.0086088 0.24784 -0.45467 -0.17479 -0.24681 -0.47597 -0.92169 0.81001 -0.22707 -0.68919 0.34072 0.24765 0.50671 0.19515
-0.86576 1.2258 1.0155 1.4459 1.0075 1.5937 -0.12517 0.65456 -0.17854 2.0927 -0.54129 -0.078195 -1.6346 -0.068302 -0.11855 0.02444 -0.10923 0.47547 -0.53024 0.30195 -0.38195 -0.44963 0.64845 0.098309 -0.3069 -0.034374 0.54724 -1.2471 -0.8475 -0.5427 -0.81631 -1.0108 1.1729 0.58466 -0.47098 -0.21223 0.046779 1.2464 0.62602
-0.39995 1.1695 1.0941 1.471 0.31395 1.2509 0.092833 0.78127 -0.78804 0.058227 -0.40643 -0.45043 -1.6167 0.29889 -0.70496 -0.35762 -0.18878 -0.41067 -0.74316 1.4567 -0.29102 -0.75452 -0.057105 -0.21678 0.39341 0.34826 1.0158 -1.9341 -1.7219 -0.71884 -1.1019 -0.87242 1.109 1.0204 0.058237 -0.93528 0.19187 1.596 1.1033
-0.57278 1.1833 1.0698 1.5119 1.2878 1.4405 0.42631 0.99202 -1.0214 2.0172 -0.3711 0.83527 -1.6294 0.72057 -1.9161 -1.1097 -0.59554 -0.73679 -0.92172 1.2833 0.35202 -0.2408 -0.33655 0.31349 1.3949 0.90201 1.1889 -2.1585 -1.9593 -0.70386 -0.79561 -0.30235 0.37991 0.70769 0.49304 -0.2976 0.47382 1.3934 1.3952
-0.36747 1.0436 0.70173 1.0938 0.53699 0.46229 0.86244 1.2512 -0.83202 1.055 -0.4965 0.59723 -1.6151 1.4065 -2.6099 -2.2899 -0.85043 -0.95662 -0.97154 1.5168 0.80239 0.029895 -0.56732 0.60249 2.1615 1.4199 1.1146 -1.4349 -1.7076 -0.72892 -0.1325 -0.13103 -0.85105 0.056946 0.63582 0.24252 -0.15261 0.2588 1.1817
-0.011691 0.061011 0.33493 1.5313 -0.61875 0.47189 2.4724 0.56453 -1.2206 0.53609 -0.81355 1.1971 -1.0673 1.6673 -2.8757 -2.6193 -1.0581 -0.93346 -0.94323 0.95653 0.46252 0.093378 0.2693 0.65831 1.6573 1.8285 0.42021 0.068508 -0.56544 -0.49519 0.61589 0.10044 -1.2955 -0.57929 0.42778 0.4477 -0.66309 -1.1387 0.63267
0.25467 -1.2124 -1.019 0.80601 0.13171 0.55785 1.0687 1.576 0.011247 0.77198 0.77674 1.5791 -0.49897 1.9716 -2.6892 -2.749 -1.2832 -0.59427 -0.9613 0.055959 -0.26338 0.28086 0.16854 -0.75309 0.77369 1.9165 -0.39079 1.4159 0.64945 -0.11823 1.2093 -0.14852 -1.7188 -0.93328 0.45349 0.0041366 -0.9587 -2.0644 -0.11622
1.0027 -1.468 -1.8373 0.31942 -0.29304 0.58111 1.4792 1.7472 -0.571 1.1038 -0.01257 2.4258 -0.13324 1.2455 -1.753 -1.9216 -1.2757 0.38014 -0.75274 -0.36227 -0.31132 0.44677 0.26584 -0.4593 -0.27796 1.7411 -1.0033 2.1229 1.4928 0.51044 1.1632 -0.60865 -1.1393 -0.84242 0.046636 -0.94388 -1.1514 -2.0494 -0.78309
1.2955 -1.4397 -1.5537 0.41352 -0.50476 0.045989 1.1724 1.0201 -1.1863 1.2852 0.20693 1.2104 0.14833 0.86134 -0.72886 -1.4416 -0.94601 0.93742 -1.3261 -0.97323 -0.71861 0.71437 -0.55023 -0.91857 -1.1444 1.2632 -1.2598 1.9547 1.81 1.0242 0.71156 -0.69777 -0.74415 -0.15498 -0.020109 -1.3232 -0.1694 -1.336 -1.0996
1.4717 -1.4485 -2.1191 0.0035721 0.59528 -0.097225 0.65409 0.25811 -0.49645 2.0138 -2.5299 1.4367 0.16902 0.2856 -0.19659 -0.52184 -0.27677 0.75423 -1.8213 -0.61953 -1.0351 -0.023744 -1.3969 -1.749 -1.6262 0.8081 -0.53971 1.3865 1.413 1.1995 -0.29405 -0.26875 -0.46073 0.36299 0.12091 -1.3356 0.27988 0.035483 -1.1512
0.50381 -1.0057 -1.2604 -0.10876 0.75622 -0.38726 1.3322 1.0583 -0.12519 0.41611 -0.023257 0.041857 0.32963 0.020103 -0.097553 -0.11322 0.11051 0.71879 -1.6427 -1.1843 -0.24465 0.49082 -1.8423 -0.50784 -1.3255 0.49175 0.081304 1.0253 1.3745 1.1549 -1.0772 0.71305 -0.5841 0.71408 -0.23953 -0.52248 1.0549 1.1259 -1.1016
1.1938 -1.3928 -2.235 0.50592 0.68333 -1.1142 0.67876 0.069285 0.095807 -0.50557 -1.1805 0.43621 0.44487 0.62288 0.3232 0.018211 0.41116 -0.13354 -1.0632 -1.1078 0.14987 0.79721 -1.9571 -0.10789 -0.13588 0.14675 0.65334 0.98752 1.2572 0.85209 -0.97862 1.3874 -1.0822 0.44471 -0.56853 0.70404 0.90784 1.379 -1.0717
0.90096 -1.7698 -1.8531 0.35631 0.68116 -1.5102 0.34208 0.75899 -0.80519 -0.38992 -1.6958 0.29163 0.44015 0.84677 0.78149 0.82148 0.8432 -0.89508 -0.46449 -1.8055 0.092922 -0.13211 -1.3885 0.46745 0.40778 -0.30091 0.36387 1.3 1.6122 0.30098 -0.62164 1.7883 -0.80061 -0.10022 -1.2183 1.3782 0.41743 0.49491 -1.0309
1.3987 -1.4529 -1.7905 0.40885 0.4315 -1.0603 -0.27791 1.5252 -0.15635 -0.27884 -0.14768 0.92263 0.42283 1.1292 1.0691 1.3279 0.93412 -0.50712 0.0044514 -2.2954 -0.34144 -0.76411 -0.10161 -0.34312 0.3258 -0.63895 -0.28722 1.2556 1.65 -0.20434 -0.090678 1.8272 -0.37417 -0.5796 -1.0104 1.3888 0.10073 -0.53211 -0.81094
2.318 -0.61987 -1.5061 0.76461 -0.65851 -0.90171 -0.030442 0.54672 0.20634 -0.46689 -1.0125 1.2132 0.19334 0.46578 1.7725 2.203 0.41437 -0.40904 0.93634 -2.0625 -0.23209 -0.99657 0.20363 0.45937 -0.55856 -0.88852 -0.88985 0.73769 1.0052 -0.68686 0.1781 1.1374 0.56568 -0.73518 -0.49522 0.47706 -0.11836 -0.83886 -0.42861
1.696 -0.30819 -0.44198 1.0312 -0.30284 -0.64765 -1.6262 0.27996 -0.83786 0.017811 -1.303 1.2391 -0.24923 0.25695 1.9943 2.3682 0.26307 -0.57019 1.417 -1.6723 -0.88447 -0.64944 0.24313 0.071577 -0.77021 -0.95438 -1.1463 -0.022969 0.020667 -0.85173 0.12602 0.37241 1.1921 -0.26135 -0.23473 -0.42889 0.4098 -0.48902 0.021833
1.6981 -0.22292 0.094113 1.1511 0.7691 -0.92381 -1.4648 0.35028 -1.1305 -0.061996 -0.80806 -0.2063 -0.22141 -0.43536 1.594 2.154 -0.069749 -0.48973 0.80878 -1.0931 -1.1452 -1.104 -0.52737 -0.030875 -0.7935 -0.88069 -0.58529 -0.79596 -1.1837 -0.71439 -0.026411 -0.4119 1.6378 0.04812 -0.004136 -0.67932 0.45809 0.30374 0.43016
1.3916 0.335 0.41774 0.55087 -0.010791 0.029187 -1.6732 0.32103 -1.1502 -0.41951 -0.49094 -0.37302 -0.41401 -0.63299 1.1243 1.3909 -0.37501 -0.2029 0.71587 -0.61178 -0.44192 -1.1374 -0.65299 0.73537 -0.58548 -0.6058 -0.12433 -1.1198 -1.6974 -0.56271 -0.18731 -0.57713 1.6192 0.32429 0.010886 -0.44451 0.75546 0.48298 0.60016
1.5714 0.44121 0.86911 0.63447 -0.72657 0.31675 -1.4988 -0.016729 -0.79051 0.044707 -1.3805 0.2028 -0.50057 -0.22032 0.84309 0.5109 -0.56561 -0.65063 0.56898 0.38988 -0.38823 -0.74799 -0.80435 1.0636 -0.046913 -0.3236 0.47446 -1.1278 -1.5737 -0.10611 -0.098106 -0.4018 1.3301 0.36537 0.13809 0.17023 0.63495 0.37779 0.62829
1.2327 0.44839 0.64267 0.54017 -0.6742 -0.6583 -1.4088 -0.23969 -1.2625 -1.4079 -0.21442 0.66491 -0.57016 -0.092953 0.44807 0.062387 -0.50952 -0.88737 0.53129 0.53488 -0.64259 -0.79475 -0.56891 1.0935 -0.17031 -0.20139 0.39155 -1.3503 -1.1426 0.24998 -0.12562 -0.35854 1.1654 -0.090472 -0.02286 0.49623 -0.1357 -0.37635 0.69473
1.5545 0.64169 0.30293 0.58252 -0.34945 -0.037195 -1.3559 0.19111 -1.5561 -0.71555 -0.12317 0.37434 -0.53886 0.20666 -0.0033784 -0.081067 -0.18463 -0.3568 0.20072 0.75411 -0.34192 -1.0046 -0.19648 1.1027 -0.24456 -0.0029851 0.14131 -1.4251 -0.56127 0.19947 -0.027401 -0.23273 0.61789 -0.40805 0.26181 0.83901 -0.96198 -0.90747 0.85282
1.4598 0.5647 0.38967 0.37869 -0.73566 -0.0057353 -1.0358 -0.15197 -1.7797 -0.65747 0.20031 0.41338 -0.54092 -0.094278 -0.77111 -0.41807 -0.093806 -0.6172 0.27498 1.3257 -0.67856 -1.0396 0.11785 0.38793 -1.2834 0.42806 -0.10394 -1.048 -0.29314 -0.26594 0.078299 -0.32092 0.20172 -0.45832 1.2747 0.60671 -1.3338 -0.61229 0.93653
1.4986 0.34146 0.45826 0.3521 -0.78199 0.15275 -0.90502 -0.59967 -1.799 -0.65965 0.42121 -1.1078 -0.46988 0.050105 -0.99458 -0.28268 -0.39452 -0.84574 0.29118 1.1138 -1.2222 -0.1232 0.66503 -0.67044 -1.381 0.82767 -0.35946 -0.26446 -0.38421 -0.79429 0.26722 -0.5379 -0.43132 -0.34403 1.8737 0.22303 -1.1012 -0.37336 0.77432
1.7346 0.34394 0.6483 0.46435 -0.7213 0.25519 -0.7358 0.041219 -2.0094 -0.52846 0.29643 0.12763 -0.44989 -0.21775 -0.85461 -0.37655 -0.88019 -0.47977 -0.073448 0.71413 -1.1555 1.163 0.31298 -0.89837 -0.88475 0.99322 -0.42781 0.67616 -0.37911 -0.98988 1.0396 -1.0676 -1.0257 0.15813 1.7061 -0.065999 -0.2044 0.35835 0.3738
1.0934 -0.7737 0.017835 0.60167 -1.8788 0.11366 0.46863 -1.203 -1.9756 -0.31357 -1.1429 -1.3165 0.12961 -0.42731 -0.4113 -0.80937 -1.2372 0.13646 -0.56236 0.26255 -0.82671 1.4137 0.19257 -0.63738 -1.2344 1.0455 -0.49882 1.2032 -0.44188 -0.69255 1.5601 -1.4335 -1.0296 0.3432 0.85986 -0.33548 0.87019 0.27491 -0.068606
1.5418 -0.3166 0.21917 -0.21896 -1.4786 -0.34717 -0.56986 -1.6441 -1.0953 -0.47123 -0.83139 -0.6641 0.37237 -0.68304 0.10652 -0.85288 -1.4773 1.0843 -1.1577 -0.1319 -0.59 1.3979 0.21844 -0.10273 -0.64015 0.96146 -0.1788 1.4176 -0.01603 -0.11138 1.4462 -1.1622 -0.88269 0.40893 0.0046327 -0.094406 1.2809 0.33927 -0.47441
1.2545 0.067773 -0.15004 -0.7207 -0.5209 0.039101 -0.74442 -0.75888 0.067874 -0.35147 -0.61472 -0.47466 0.35481 -0.68162 0.6013 -0.85832 -1.3549 1.6639 -1.6634 -0.35345 -0.84655 1.3812 -0.0035132 0.74517 -0.95863 0.7251 -0.035006 0.9744 0.55109 0.52836 0.59252 -0.612 -0.3233 0.35073 -0.33673 -0.014001 0.65828 0.41308 -0.66834
0.93586 0.22283 -0.63321 -0.95882 -0.36476 -0.78259 -0.69411 -1.0211 -0.87679 -0.49867 0.065334 -2.0262 0.42711 -0.43799 1.0846 -0.38118 -1.0132 1.8076 -1.5471 -0.59982 -0.35502 1.2002 0.21423 1.0982 -0.34544 0.33714 0.15168 0.34787 0.98851 0.95207 -0.55729 -0.17436 -0.0026385 0.32327 -0.315 -0.081551 -0.32425 0.36276 -0.58851
0.77417 0.31843 -0.28915 -0.98422 0.85798 -1.2666 -0.78954 -1.1381 -0.81022 -0.23622 0.22032 -1.1386 0.51828 -0.62 0.78227 -0.029316 -0.48643 1.0236 -1.434 -0.10352 -0.27067 0.89452 0.17099 0.12448 -0.55255 0.20787 0.1399 -0.20993 1.017 0.80656 -1.2791 0.25612 -0.068296 0.48431 -0.11637 -0.25283 -1.3803 0.75922 -0.38653
0.94869 0.49299 -0.53142 -0.73053 0.65929 -1.735 -0.54642 -1.7834 -0.46283 -0.54627 0.5316 -1.31 0.51541 -0.42411 0.62029 0.55454 -0.15076 0.22569 -1.5768 -0.2711 -0.25963 1.0639 -0.037923 -0.52164 -0.11763 0.20762 -0.023942 -0.5065 0.63947 0.35031 -1.1002 0.49453 -0.36974 0.57802 -0.081986 -0.55445 -1.421 0.66689 -0.13025
0.87911 0.51973 -0.15802 -0.83451 0.1218 -1.37 -0.70068 -1.6472 -0.019262 0.12099 -0.2118 -1.3075 0.55725 -0.42152 0.47763 0.54831 -0.29243 -0.24791 -1.2034 -0.65198 0.047825 1.2438 -0.4153 -1.4222 0.46959 0.12473 -0.19818 -0.42644 0.33889 -0.14845 0.031905 0.61734 -1.0031 1.0127 -0.44015 -0.73498 -0.45847 0.78551 -0.0033499
0.69608 0.67094 0.16548 -1.1074 -0.048655 -1.7286 -0.85428 -1.305 0.38472 -0.4265 -0.99972 -1.3722 0.56383 -0.58607 0.37065 0.50877 -0.45425 0.11841 -0.80216 -1.0105 0.6162 0.88444 -0.67984 -1.1924 0.49547 0.15426 -0.27592 -0.47319 0.011837 -0.29287 1.1172 0.89161 -1.0732 1.1792 -1.2672 -0.89597 0.48052 1.0399 0.048601
0.63408 0.79266 0.40613 -0.93729 -0.0018745 -2.1938 -1.1983 -0.88672 0.81426 -0.557 -0.74081 -1.0773 0.60609 -0.92377 0.17863 0.61845 -0.59457 1.1424 -0.74719 -1.5757 1.2957 0.17274 -1.0839 -0.55512 0.73718 0.22831 0.040634 -0.67695 0.083035 -0.019051 1.0376 1.3854 -0.62704 0.6335 -1.9512 -0.57574 1.2372 0.86298 0.079124
0.37273 0.6843 -0.20904 -1.393 -0.089388 -2.3857 -1.5889 -1.2656 -0.081994 -1.0534 -1.4862 -1.187 0.56574 -0.70761 -0.039134 0.54171 -0.52474 1.8869 -0.25328 -1.7791 1.4556 -0.76016 -1.6261 0.028723 1.8689 0.23892 0.84561 -0.70344 -0.085029 0.4309 -0.23981 2.1225 0.1291 -0.35021 -2.0182 0.20615 0.96515 0.16613 -0.16356
0.20812 0.74653 0.3495 -1.3369 1.652 -2.0477 -1.894 -0.60169 0.20067 -0.88476 -0.52135 -0.39034 0.73239 -0.28509 -0.4771 0.68527 -0.27947 1.0563 0.93343 -1.4226 0.87013 -1.5737 -1.1752 0.56198 1.5387 0.21798 1.5328 -0.15219 -0.27662 1.359 -1.7192 2.4672 1.1688 -0.69764 -1.2462 1.0544 0.37882 -0.66612 -0.84752
-0.1251 0.64235 0.51411 -1.3892 2.1079 -2.4537 -2.5678 -0.099954 -0.13441 -1.6187 -0.14407 -0.63063 0.78891 0.72219 -0.5067 0.31911 0.19207 -0.34702 2.0522 -0.86061 0.093315 -2.0077 -0.18392 0.26459 0.41529 -0.12231 1.3473 0.49567 -0.43339 2.0271 -2.6572 2.1546 2.0185 -0.49042 -0.2307 1.8565 -0.32109 -1.3899 -1.6341
0.32191 0.47176 0.73535 -1.4728 2.1887 -1.4266 -2.7828 0.14421 -0.75247 -1.9186 -0.78284 1.4075 0.77418 1.3138 0.15598 0.22045 1.5551 -1.3725 2.395 0.090803 0.54272 -1.5237 0.47139 0.094359 0.070478 -1.0489 0.60094 0.99679 -0.53513 2.2179 -1.979 1.2583 2.5134 0.08964 0.57705 1.91 -0.89543 -1.0853 -2.0302
0.57068 0.037287 1.0965 -1.2562 0.028609 -0.55079 -2.2363 -0.77539 -1.2353 -1.4492 -0.32654 -0.3844 0.75056 1.0877 0.50296 -0.024057 2.2927 -2.5109 2.7666 1.1423 0.60176 -1.2046 1.5539 -0.46001 -0.28115 -1.9381 -0.64636 1.0158 -0.35098 1.7271 -0.55558 -0.041215 2.2409 0.48531 1.1638 1.0707 -0.74701 -0.15299 -1.7015
1.746 0.40135 0.072806 -0.6132 -1.0064 0.076911 -2.145 -1.2953 -1.527 -0.25393 -0.90305 -1.4524 0.25869 0.68803 0.73919 -0.12879 2.7553 -2.042 2.7662 2.1581 0.76451 -0.88279 2.0743 -1.0209 -0.36984 -2.3657 -1.4916 0.4966 -0.20467 0.50663 1.1385 -1.3923 1.3739 0.63778 1.3231 0.063368 -0.54594 1.0153 -0.69595
1.4435 1.3808 0.25135 0.9779 -0.57568 -0.11219 -1.3611 0.42108 -1.1594 -0.63709 -0.97281 -0.43729 -0.90462 -0.21376 0.9555 -0.15259 2.7759 -1.1874 1.7941 2.1901 0.9265 -0.13745 1.3262 -0.80702 0.29878 -2.3902 -2.0889 -0.43597 0.50449 -0.8259 2.2113 -1.9435 0.39301 0.23381 1.4657 -0.60931 0.15409 1.2492 0.69881
0.61593 1.1597 0.73086 1.064 -0.89297 0.89015 -0.70043 0.63924 -0.90552 0.77958 -0.79105 -0.090293 -1.2901 -0.91388 0.78995 -0.09199 2.2564 0.36725 0.45627 2.0674 1.631 0.43164 0.7281 -0.93333 1.85 -2.02 -1.591 -1.6906 0.52865 -2.4895 1.5598 -2.0089 -0.71908 -0.7498 1.0445 -0.50258 0.9592 0.14829 2.3544
0.60934 1.0381 0.57652 1.2984 -0.027328 0.85481 -0.066778 0.58106 -1.5523 0.1376 -1.8583 -0.3023 -1.3397 -2.1412 -0.26728 0.88758 1.0384 0.95095 0.53707 1.8962 0.60698 0.89402 0.92164 -0.21478 1.1603 -0.90969 -0.33253 -2.2333 0.16535 -3.5149 0.24973 -1.9435 -1.4748 -1.6273 0.40613 -0.20523 1.2918 -1.2546 3.4452
0.29949 1.2388 0.59317 1.4267 -0.36547 0.59672 -0.46755 0.30491 -0.96196 -0.86387 -1.325 1.4432 -1.4147 -1.4182 -1.5538 0.32567 -0.93422 0.17962 -0.10385 0.98201 -0.61476 0.5689 1.2011 0.68588 -0.51673 0.94214 0.73994 -1.7729 -0.29258 -3.5521 -1.0936 -1.7492 -1.8604 -2.2045 0.18748 0.062479 1.3484 -2.0467 3.5434
0.20165 0.98575 0.49184 1.4753 0.20727 -0.42079 0.21899 1.119 -0.71662 0.062177 -1.5177 1.0437 -1.4528 -0.60536 -1.711 -0.056306 -2.07 -0.56853 -1.3104 0.029151 -1.2538 0.56644 0.65433 1.0943 -1.1235 2.0525 1.5657 -0.48543 -0.8788 -2.4553 -1.2741 -1.675 -1.6924 -1.9372 0.00026118 -0.11521 0.44976 -1.0911 2.5481
-1.1024 0.15006 1.7509 0.87371 0.33946 1.3262 0.39698 -0.531 -0.24426 1.5448 -0.75503 -0.81863 -0.8946 -0.25791 -1.5341 -0.15874 -2.6989 -1.184 -1.6662 -0.40714 -1.9022 0.95869 1.0027 1.2436 -1.2451 2.5916 1.3757 0.92258 -0.63564 -0.56781 -0.57214 -0.90666 -1.2696 -1.5366 0.016976 -0.58252 -0.67015 0.72115 0.80378
0.22159 -0.70563 0.27817 -0.6729 -1.0902 -0.19737 -0.28827 -0.12253 -0.87845 1.1062 0.21915 -1.359 0.48415 0.29454 -1.1071 -0.48912 -2.5748 -1.0594 -1.5989 -0.51037 -2.6755 0.71195 0.77923 0.42478 -0.74443 2.6468 1.3289 1.9226 -0.53606 1.0822 0.29222 -0.10697 -0.64712 -0.66732 -0.49206 -0.87157 -1.6891 2.0042 -0.95522
0.27588 -0.37155 0.46525 -1.2624 -1.6425 -1.0652 -0.78961 -0.94099 -0.59785 0.55903 -0.25522 -0.70879 0.83907 0.78146 -0.26231 -0.62877 -1.7117 -0.78505 -1.539 -1.077 -3.0247 0.54026 -0.10903 -0.44496 0.75747 2.0267 0.94133 2.5021 0.018819 2.3613 1.1582 0.8466 0.12103 0.53204 -0.96736 -1.3058 -1.8382 2.1491 -2.4559
0.16704 -0.066535 0.45136 -1.184 -1.2899 -1.1724 -0.47797 -1.7033 -0.070811 0.70641 -0.75415 -0.36769 0.95492 1.4343 0.96777 -0.80865 -0.5639 -0.15326 -1.561 -0.82753 -2.0658 -0.13303 -0.65975 -1.696 1.9815 0.69189 0.0601 2.1055 0.80096 2.641 1.3021 1.6119 0.79758 1.6746 -0.88325 -1.211 -0.65578 0.68825 -3.0597
0.3887 0.13189 0.11212 -0.84953 -0.98526 -1.0433 -0.60259 -2.6377 -0.02845 0.49177 -1.1705 0.9693 0.93971 0.98432 1.7405 0.036122 0.64394 0.80589 -0.21188 -0.036874 -1.169 -0.41717 -1.0826 -1.6482 1.7968 -0.65454 -1.1906 0.85214 1.0204 1.9463 1.0019 1.8608 1.4716 2.7319 -0.22265 -0.77471 1.1351 -1.0736 -2.5952
0.61241 0.3054 0.31322 -0.36594 -0.53166 -1.3453 -1.1457 -2.5572 -0.17859 0.72902 -1.7497 0.91125 0.64167 0.30629 1.5208 0.65477 1.1092 0.89204 0.54337 0.41723 -0.26831 -0.45024 -1.3347 -0.40863 0.13185 -1.2745 -2.3622 -0.64342 0.6484 0.90347 0.57432 1.6806 1.4471 2.867 0.48251 -0.61564 2.7534 -2.429 -1.3977
1.1406 1.0171 0.27526 -0.50048 -0.58234 -0.78516 -0.7042 -2.174 -1.1066 0.64274 -2.3638 0.75441 0.15255 -0.95267 0.93334 0.52021 1.0381 0.80544 0.64792 0.9796 1.5373 0.29447 -1.433 1.2888 -0.55053 -1.4533 -2.4077 -1.4072 -0.54695 -0.15324 0.11666 0.9067 1.1933 2.3186 1.0392 -0.27439 3.0237 -2.3311 -0.09316
1.242 1.3282 0.55552 -0.24554 -0.31796 -0.74249 -0.19939 -1.1869 -1.1977 -0.90663 -1.1782 0.54482 -0.076538 -2.1541 0.26945 0.14453 0.91062 1.0573 0.93443 1.2985 2.3134 0.42665 -1.8035 2.6579 -1.8692 -1.3126 -1.6598 -1.3226 -1.3614 -0.5872 0.091717 0.2242 0.55104 0.7954 1.4878 0.27992 2.178 -1.3222 0.83443
-0.14508 1.0963 1.6725 0.06645 -0.50781 -0.48057 -0.13736 -1.9427 -0.2384 -0.82662 -0.33878 -1.0087 -0.3966 -2.43 -0.05029 -0.71618 0.47456 0.96737 1.1705 1.693 2.1699 1.1019 -1.4325 3.2162 -2.0254 -0.79615 -0.18674 -0.80168 -1.5697 -0.70842 -0.082682 -0.33649 -0.40682 -1.0567 1.1881 0.76687 0.34538 -0.62317 1.3466
-1.367 0.59721 0.39466 0.10406 0.051381 -0.60108 0.79142 0.21756 0.93753 -0.45984 0.98355 0.052226 -0.40701 -2.1576 -0.25818 -1.2353 0.32548 1.0025 0.67167 1.0578 0.98287 1.9432 -0.72586 3.2252 -1.8755 -0.16867 1.3324 -0.10703 -1.2042 -0.61599 -0.41902 -0.81246 -0.89067 -1.5654 0.58642 1.2948 -1.2888 0.505 1.2698
-1.6677 0.37753 -0.088364 0.35068 0.87347 0.027378 0.43062 -0.28637 -0.3061 -1.4942 1.4338 -1.3216 -0.42921 -1.3136 -0.17714 -1.6819 0.042564 0.65609 0.19267 0.34735 0.04644 1.7724 -0.31435 1.7014 -1.8524 0.28979 1.7824 0.2749 0.39272 -0.050673 -0.49343 -0.90477 -1.4388 -1.9705 -0.6336 1.0522 -1.9956 0.9153 0.5385
-0.93822 0.87323 -0.77747 -0.15606 0.45361 0.16347 1.0464 -0.27116 0.49229 -0.58479 1.1674 -1.2797 -0.22589 -0.14615 0.15418 -1.5911 0.0082648 0.32612 0.0079983 0.3348 0.19637 1.2014 0.43151 0.63278 -0.93713 0.32741 1.3874 0.43501 1.7803 0.37229 -0.53056 -0.59563 -1.034 -1.0378 -1.1701 0.60548 -1.846 1.5886 -0.37665
-0.70913 1.088 -0.66496 -0.037486 0.59737 -0.36789 0.32256 -1.5223 1.1515 -0.64613 1.6682 -1.3879 -0.026742 -0.0020265 0.22219 0.18578 0.55281 0.26166 -0.073738 -0.5833 -1.43 0.29917 0.26067 0.22516 -0.63098 -0.11867 0.24834 0.12299 2.5623 0.75375 -0.09567 0.10682 -0.35847 0.075837 -1.423 0.14177 -0.93853 1.9714 -1.0507
-0.84318 0.91387 -0.79654 0.003196 0.22085 -0.75291 0.07756 -1.2242 1.0929 -1.5293 0.69452 -2.1787 0.11282 -0.14123 0.29638 1.1118 0.76662 0.077426 -0.23294 -0.3753 -0.39694 0.50205 0.29662 -0.0053712 0.76415 -0.6126 -0.62014 -0.27311 2.1728 0.71403 0.26811 0.7355 0.1978 0.76722 -1.3475 0.0067887 -0.62853 1.6069 -1.1183
-1.0676 0.90991 -0.46227 0.29221 0.17151 -0.26385 1.0188 -0.21185 1.2595 0.42413 1.0037 -1.2327 -0.31652 -0.83998 -0.031057 1.6887 1.0601 0.57627 0.49836 0.038115 0.46396 -0.52905 0.064763 -0.01646 1.3358 -1.0474 -0.62474 -0.47978 0.69343 -0.040434 0.24218 0.67327 0.88865 1.5035 -0.60048 0.3625 -0.11688 1.4038 -0.38524
-1.7977 0.61124 1.0516 1.1289 1.1586 -0.26636 -0.41444 -2.1687 0.23039 -0.91596 1.8762 -0.87654 -0.79906 -0.92543 -0.18375 1.6616 1.0784 0.73268 1.0018 0.37604 0.76025 -0.89446 0.55054 -0.62342 1.3674 -1.1318 -0.041523 -0.61875 -0.59951 -0.70185 0.069388 -0.34923 0.30733 0.30957 -0.13557 -0.37814 0.18323 0.082425 0.93954
-1.2204 1.126 0.86177 0.81959 0.71101 -0.17513 0.43921 -0.19928 0.71795 -1.0565 1.1901 -0.23992 -1.0014 -0.81707 -0.35801 1.1891 0.33538 0.44315 0.48037 0.65504 0.98245 -0.11421 0.9206 0.24636 1.9371 -0.52201 0.83385 -0.48023 -1.8465 -1.4706 -0.61891 -1.6465 0.014388 -0.20517 0.50671 -0.43458 0.17641 -0.68753 2.0787
-1.76 0.8807 0.96934 0.87697 1.3033 0.74819 1.2013 0.014865 0.18218 -0.36616 1.0783 -0.023359 -1.0685 -0.23543 -0.59959 0.25735 -0.14703 0.2883 -0.83275 -0.13174 -0.065417 0.053222 -0.93894 0.21427 0.61167 0.73984 0.89973 -0.46997 -2.2618 -1.6484 -0.72981 -2.1031 -0.5147 -0.97822 0.36646 -0.61219 0.60006 -1.3559 2.4255
-1.6788 0.69838 1.0434 1.2178 1.2702 0.39262 0.49078 -0.95062 0.42449 0.11015 0.17535 -0.64162 -0.95193 0.41993 -0.64417 -1.0113 -1.0148 -0.5104 -1.4519 0.30888 0.43271 -0.042086 -0.11964 -0.098778 0.27603 1.5907 0.82117 -0.23565 -2.0401 -1.3627 -0.57131 -1.2529 -0.61879 -1.2584 -0.34198 -0.5723 -0.086697 -1.3467 1.849
-1.8884 0.31537 0.61733 0.10586 0.39202 -0.68604 1.1564 0.35391 1.492 0.2119 2.0016 0.70698 -0.2693 0.188 -0.84404 -1.4056 -1.2606 -0.33353 -1.6946 -0.40057 -0.96314 -0.23225 -0.24087 0.78752 -0.61613 1.9822 0.46931 0.043121 -0.98236 -0.90075 -0.087576 0.59639 0.19824 -0.65269 -0.798 0.12723 -0.37709 -0.38299 0.63509
-1.2659 0.17023 0.30989 0.58265 1.1151 -1.7184 -0.30638 -1.7702 0.63031 -2.4033 1.6859 -1.0333 0.58176 0.55168 -0.63586 -1.7383 -1.5973 -0.45429 -1.271 -0.3504 -1.1302 -0.59925 -0.65409 -0.26384 -0.24429 2.0358 0.18647 0.19726 0.22686 -0.10569 0.56077 1.7813 0.58766 -0.18675 -0.91066 0.41852 -0.78512 0.062815 -0.53134
-0.97721 0.2781 -0.43488 -0.32424 0.094813 -1.4303 0.69153 -0.43899 -0.1975 -0.3986 1.0666 -0.088502 0.60592 0.60081 -0.52402 -1.1889 -1.497 0.073171 0.11441 0.55063 -0.62777 -1.1495 -0.39135 -0.54495 0.061446 1.6089 0.064418 0.27797 1.2267 0.42124 0.50042 2.014 1.1347 0.88349 -0.25622 1.4054 -1.181 0.7286 -1.4316
-1.5427 0.18945 -0.71093 -0.49174 0.85047 -1.1314 0.26256 -1.4131 0.52592 -0.60666 2.2184 -1.2077 0.76918 0.57033 -0.45916 -0.70119 -1.078 0.46799 0.74437 0.89743 -0.14203 -1.2757 0.86308 -1.1429 0.045048 0.86323 0.060679 0.10893 1.8844 0.96466 0.15466 1.3897 0.33847 0.87895 0.65626 1.2004 -0.59844 0.55855 -1.7749
-1.1742 0.088407 -0.92342 -0.78827 0.70471 -0.32966 0.82352 -1.5115 -0.32956 -0.85033 -0.45909 0.16275 0.98217 0.30019 -0.44847 0.33665 -0.73408 0.25966 0.80364 1.039 0.28738 -0.36129 2.0327 -1.3261 0.71825 0.10633 0.7081 -0.10992 1.2527 0.98711 -0.86833 0.20899 -0.93367 0.93455 1.1949 0.20657 -0.048288 0.53494 -1.4398
-0.99554 -0.10176 0.087103 -0.5903 1.3065 0.1366 1.5859 -0.99462 -0.27939 -0.46549 0.61354 -0.11359 0.90927 0.8163 -0.48064 0.97161 -0.19483 -0.22318 0.80328 0.014345 0.14773 0.24735 0.7246 -1.1862 0.55613 -0.26556 1.0805 -0.18296 0.4103 0.6001 -1.4551 -0.59176 -1.832 0.56931 1.4963 -1.3634 0.50538 0.084806 -0.66621
-0.98972 -0.26972 -0.4283 -0.94277 1.0665 -0.96684 1.5864 -0.074687 -0.027339 0.68054 1.0565 0.086938 0.86642 1.8403 -0.69696 0.28354 -0.11343 -1.4167 0.44806 -0.7229 1.0746 0.33793 0.12906 -0.66511 0.8861 -0.30298 0.69317 -0.16689 -0.58406 -0.01418 -1.3283 -0.69601 -1.8407 0.04519 1.1882 -2.2131 0.059446 -0.58086 0.1692
-0.90435 -0.17811 0.7399 -0.31965 0.87277 -1.0195 0.66606 -1.6264 0.187 0.57981 -0.29142 -0.19732 0.54315 1.8807 -0.64431 0.081837 -0.27375 -1.7681 -0.10892 -1.5778 0.57732 1.1878 -1.114 -0.43657 0.11422 -0.07819 -0.50431 -0.019374 -0.62283 -0.50855 -0.45139 -0.039823 -0.60568 -0.1543 1.1767 -1.7473 -0.39104 -0.99283 0.65439
-0.016031 -0.22534 0.39202 -0.73496 -0.52132 0.13737 0.19083 -0.50816 0.37541 -0.34326 -0.016745 0.28199 0.33933 1.1017 -0.64837 -0.29426 -0.70796 -1.7743 0.047152 -1.5371 0.13184 1.405 -1.8061 -1.6134 -0.2787 0.30312 -1.7497 0.13009 -0.2048 -0.69051 0.6868 0.3839 0.72628 -0.16966 1.0819 -0.92253 -0.30989 -1.0535 0.81509
0.91388 -0.82864 -1.2104 -0.81405 -1.2342 -0.27339 -0.41651 0.11269 0.50385 -1.026 0.97054 0.36771 0.79976 0.21065 -0.53277 0.11327 -0.81864 -0.99952 0.93364 -0.69446 0.2773 1.9287 -2.0632 -1.5835 -0.92788 0.55619 -2.2889 0.20803 0.2259 -0.41931 1.3746 0.28426 1.5092 -0.03282 0.42437 0.46074 0.058325 -0.44844 0.56277
0.55877 -0.60084 -0.13662 -1.2022 -0.87443 -0.65328 -0.44208 -1.042 1.078 -2.1423 -1.1568 -0.018793 1.0963 -0.70066 -0.52332 -0.10912 -1.0962 -0.35316 0.59443 0.15282 0.85192 2.005 -1.376 -0.79033 -0.78424 0.78095 -1.9511 0.44388 0.77869 0.12057 1.5395 -0.071608 1.3984 -0.018963 -0.18425 1.4607 0.90032 0.12778 0.0026792
-0.68104 -0.83043 -0.0075736 -1.5516 -0.51283 -0.2662 0.31231 -0.69125 1.3153 -1.3213 -1.4 -0.7513 1.1897 -1.6336 -0.34327 0.40596 -0.83687 0.42111 0.11159 0.32486 0.11969 1.6944 -0.33067 -0.76297 -0.57818 0.65014 -0.93464 0.44805 0.45492 0.54349 1.0242 -0.46564 0.56885 0.01284 -0.87643 1.8122 1.4704 0.84617 -0.46549
-0.95299 -0.67027 0.5038 -1.47 -0.041843 0.46144 0.68095 -0.012591 2.3236 -1.1957 -0.83566 -1.1599 1.1362 -1.7405 0.026373 0.99469 -0.46478 0.76334 0.33273 0.49848 0.14091 1.1896 0.47885 -0.14611 -0.21193 0.26027 0.36836 0.45869 0.2132 0.81273 0.47496 -0.49569 -0.35116 -0.2955 -1.1841 1.0047 1.4197 0.90648 -0.6695
-0.98242 -0.82467 0.081162 -1.6027 -0.44747 -0.18782 0.3876 -0.11705 2.0861 -1.2397 -0.44938 -0.31472 1.2204 -1.074 -0.030944 0.40006 -0.12373 0.60233 0.25299 0.1625 0.62701 0.70826 0.91733 1.1856 0.50719 0.015611 1.1267 0.26787 -0.32316 0.58141 -0.10181 -0.79399 -0.7972 -0.27188 -1.349 -0.075497 1.0095 0.25663 -0.50623
-1.132 -0.82831 0.15533 -1.658 -0.41883 -0.11913 -0.09465 -0.48245 1.8401 -1.0902 -0.61892 0.045458 1.1598 -0.27292 0.1155 0.28711 0.05223 0.5568 -0.34008 -0.41692 -0.027423 0.29408 0.1695 1.2186 0.51852 -0.053508 1.0261 0.12119 -0.51935 0.3563 -0.24088 -1.0142 -0.81989 -0.39896 -1.1057 -0.76739 0.22793 -0.71849 -0.21667
-0.9316 -0.64477 0.57032 -1.3413 0.080537 -0.081378 0.28847 -0.19676 1.8059 -0.84755 0.033229 -0.21745 1.1929 -0.19786 0.078717 0.16469 -0.015145 0.30725 -0.93519 -0.68321 -0.37435 -0.37058 -0.33208 0.66465 -0.4364 -0.063943 0.48853 0.20206 -0.3384 0.24599 -0.14932 -0.85686 -0.3954 -0.24014 -0.69789 -0.78057 -0.41339 -1.0906 -0.03692
-1.1091 -0.73976 0.42039 -1.4955 0.14975 -0.15373 0.14232 -0.059839 2.1519 -0.7841 0.10085 0.15216 1.1125 -0.203 0.18563 0.15582 0.14783 0.40014 -0.83983 -0.58589 -0.19208 -0.32838 -0.5421 0.56057 -1.2415 -0.073012 0.15895 0.19772 -0.43526 0.32883 -0.019834 -0.35399 -0.033616 0.3129 -0.23768 -0.087355 -0.26234 -0.46599 0.028429
-1.0718 -0.65139 0.48718 -1.5112 0.37967 -0.54077 -0.10952 -0.68995 2.0512 -1.3853 0.16333 -0.7089 1.1223 -0.16984 0.28727 -0.15742 0.29283 0.36323 -0.98977 -0.48477 0.19495 -0.27446 -0.40089 0.59559 -0.8805 -0.038601 0.32617 0.30358 -0.47644 0.58622 0.16363 -0.052209 0.00064937 0.49556 0.0539 0.58483 0.018083 0.44702 0.04553
-1.2462 -0.68806 0.50427 -1.5996 -0.12308 -1.0231 -0.39712 -0.47077 1.6286 -1.7771 -0.19515 -1.7432 1.1071 0.016823 0.35704 -0.35345 0.51471 0.48476 -0.92989 -0.58697 0.2854 -0.18653 0.022291 0.65569 -0.24076 -0.017771 0.50863 0.30097 -0.45134 0.65988 0.30326 -0.15598 -0.20809 0.36577 -0.040789 1.1005 0.030504 0.92053 -0.022939
-1.2138 -0.59852 0.21817 -1.2971 0.11506 -0.99 -0.4198 -0.32214 1.6035 -1.5632 0.31456 -1.2529 1.1533 0.31838 0.52102 -0.45817 0.89048 0.60822 -0.98183 -0.6909 0.35159 -0.32827 0.65126 0.61657 -0.037646 -0.01375 0.61086 0.2176 -0.25317 0.55092 0.38121 -0.23773 -0.4786 -0.046529 -0.24494 1.0362 -0.10697 0.4911 -0.16654
-1.1938 -0.37811 0.083108 -1.0959 0.42915 -1.0542 -0.38821 0.093169 1.7003 -0.98451 0.44901 -0.26151 1.1212 0.53081 0.59228 -0.52504 1.0733 0.91571 -1.1161 -0.87238 0.43335 -0.36548 1.3076 0.576 0.21144 -0.12536 0.74481 0.12858 -0.18226 0.29747 0.011914 -0.20303 -0.51299 -0.15846 -0.50658 0.23711 -0.39367 -0.2497 -0.33182
-0.79339 -0.2811 0.2172 -0.71065 1.0238 -1.053 -0.39821 0.10121 1.9582 -0.58284 1.0225 -0.21027 1.1457 0.74818 0.54967 -0.5377 1.0378 0.9504 -1.3113 -1.2258 -0.0041712 -0.63112 1.1937 0.3687 -0.11669 -0.27166 0.81668 -0.17338 -0.15037 -0.044203 -0.88374 0.35435 -0.36034 -0.46573 -0.7721 -0.95794 -0.59971 -0.81263 -0.41498
-0.74452 -0.1758 -0.13448 -0.53186 0.84302 -1.618 -1.0136 -0.1301 1.6485 -0.36085 0.51031 -0.74972 1.068 1.2352 0.56952 -0.6491 0.99995 0.33664 -1.1194 -1.2661 0.11311 -0.97098 0.26802 -0.097426 -0.73708 -0.45988 0.84797 -0.49364 0.097864 -0.22414 -1.6338 1.3469 -0.10513 -0.3575 -0.97116 -1.7949 -0.24471 -1.1882 -0.38677
-0.60304 -0.057796 -0.094476 -0.41424 1.4005 -2.1835 -1.4032 -0.26162 1.3142 -0.2332 0.5764 -1.3352 0.9354 1.538 0.23949 -0.67281 0.85869 -0.97021 -0.36399 -1.1617 -0.45621 -1.4584 -0.88486 -0.36237 -1.2587 -0.56056 0.69653 -0.77004 0.57899 -0.2623 -1.6519 2.336 0.20495 0.24424 -0.84972 -1.4974 0.42183 -0.85011 -0.26392
-0.47539 -0.15088 -0.24767 -0.43784 0.92442 -2.4548 -1.9161 -0.4504 0.77674 -0.65693 0.33269 -1.7468 0.80376 1.7681 -0.096744 -0.27673 0.764 -1.5754 0.75457 -1.1059 -0.090964 -1.7573 -1.5109 0.38159 -1.6863 -0.64647 0.29667 -0.85664 1.0567 -0.30412 -0.88476 2.5657 0.24112 0.68369 -0.4943 -0.40864 0.92638 -0.29761 -0.10453
0.43277 0.17597 -0.71116 0.033548 0.38222 -1.7458 -1.5274 0.36467 0.78779 -1.3767 0.37205 -1.2524 0.64598 1.8219 -0.43703 0.34343 0.68683 -1.5832 1.8182 -0.94091 0.55729 -1.8161 -1.1341 0.98816 -1.4145 -0.63266 -0.21602 -0.48977 1.2773 -0.28811 0.38497 1.7418 0.1552 1.0563 0.080242 0.92645 0.74657 0.3052 0.0044326
0.62354 -0.27786 -0.56099 -0.017146 -1.257 -1.0061 -1.5933 -0.82656 0.28738 -1.9443 0.26631 -1.5604 0.58082 1.6625 -0.5611 0.79039 0.54017 -1.227 2.256 -0.94542 0.94926 -1.705 -0.48064 1.1604 -1.2937 -0.60406 -0.85416 -0.035073 1.0419 -0.42876 1.2609 0.12528 -0.062363 0.44849 0.57423 1.6002 -0.11619 0.63964 0.055027
1.0806 -0.47588 0.19154 0.22757 -0.62464 -0.26555 -2.1207 0.18231 0.043542 -1.879 2.0008 -2.8117 0.45806 1.1716 -0.36578 1.1477 0.45429 -0.33385 1.9172 -0.96786 1.1156 -1.322 0.60102 0.79851 -0.84794 -0.57462 -1.0787 0.71802 0.48223 -0.43166 1.6412 -1.1224 -0.085974 -0.30859 0.94769 1.5727 -0.83354 0.97434 -0.048937
0.99331 -0.64503 0.49313 0.18754 -0.48435 -0.10414 -2.4732 0.72543 -0.43989 -0.8783 1.4906 -2.4409 0.37532 0.44376 -0.18723 1.2414 0.10569 0.45977 0.92244 -1.2157 0.49994 -0.91719 1.0732 0.19005 -0.67377 -0.58135 -0.75802 1.3183 -0.40084 -0.39635 1.1575 -1.2687 0.24678 -1.2753 0.75949 1.2331 -1.274 1.8362 -0.26228
1.1465 -0.52209 0.71066 0.1197 0.036565 -0.17259 -2.6731 0.76729 -0.53422 -0.76645 1.4986 -2.7433 0.24744 0.34896 0.61736 1.0069 0.12418 1.0362 0.53005 -0.97221 0.12994 -0.4238 1.4812 -0.34014 0.26071 -0.72865 -0.10673 1.6262 -1.1514 -0.24956 0.20263 -0.61142 1.0066 -1.7983 0.14426 0.47857 -1.0642 2.2969 -0.45602
1.0021 -0.22663 0.7613 0.29277 0.17872 -0.34885 -2.7416 0.82393 -0.34892 -0.28858 0.7185 -2.0284 0.15221 0.60975 1.2219 0.12259 -0.0098264 0.52954 0.73986 -0.50182 -1.1535 -0.72015 1.7403 -1.0214 1.9123 -0.97854 0.011349 1.5635 -1.1673 -0.010274 -0.6203 0.13202 1.8097 -1.5372 -0.42639 -0.037132 -0.76412 2.3677 -0.51443
0.94784 -0.18865 0.72833 0.072701 0.19231 -0.56838 -2.9412 -0.010772 -0.14912 -0.85713 0.61908 -2.2112 0.0046425 0.8802 1.7342 -0.41405 0.066516 0.056896 0.94315 0.50459 -1.7046 -1.1382 1.3042 -0.9002 2.5681 -1.1607 -0.82501 0.69582 -0.81815 0.051614 -0.74411 -0.090781 2.4366 -0.97893 -0.21675 -0.74072 -0.14024 1.0384 -0.16975
1.3309 0.47671 1.0209 0.29512 0.20428 0.21035 -2.848 -0.496 -0.32025 -0.081348 0.81179 -1.6239 -0.29236 0.19734 1.9508 -0.19866 0.12835 -0.36235 0.94498 1.3425 -1.7048 -1.3458 1.0882 -1.1956 3.0275 -1.2504 -2.0683 -0.46148 -0.38785 0.22721 0.02837 -0.53462 2.6081 0.021091 0.69602 -1.333 0.89192 -0.63615 0.58416
2.0047 0.82607 0.10985 0.1671 0.0019874 0.97128 -2.7601 -0.88622 -1.3796 0.83473 0.81045 -0.015257 -0.69417 -1.0381 1.456 -0.33962 0.16255 -0.09102 0.26867 2.5475 -1.5941 -0.50436 0.21905 -0.59058 1.8203 -0.88507 -2.8621 -1.7021 -0.23816 0.011247 0.55925 -1.0894 1.8798 0.56874 1.574 -1.6966 1.0593 -1.9349 1.4537
1.8728 1.2941 0.019353 0.29232 -0.34835 0.6311 -1.4062 -0.89508 -1.8193 0.40205 0.21402 0.33268 -0.83927 -2.4213 0.57219 -0.62889 0.37203 0.66122 0.14551 3.2318 -1.1979 0.27809 -0.58033 0.68351 0.95444 -0.11231 -2.5218 -2.369 -0.43634 -0.48874 0.90925 -1.3284 0.90929 1.079 2.3694 -2.0297 1.1052 -2.7288 2.091
0.56745 1.5836 1.0507 0.34036 -0.3285 0.34844 -1.0248 -0.95802 -1.4341 0.23091 -0.49804 0.52452 -1.0031 -3.3311 -0.50049 -0.63735 -0.021981 0.72363 -0.55457 2.9846 -0.84622 1.0084 -1.5078 0.37631 -0.402 0.76949 -1.1927 -2.1737 -0.46391 -0.87513 0.9274 -0.70623 -0.36042 1.0226 1.7485 -1.3462 0.69579 -2.4902 2.0182
-0.75595 0.89682 0.24003 0.43052 0.5136 -0.64257 0.43657 -1.3697 0.16319 -0.74332 0.55048 -1.1555 -0.51171 -3.5208 -1.1427 -0.85339 -0.66409 1.1478 -0.95708 2.7757 0.059011 2.3452 -2.4118 0.63466 -1.5031 1.5175 0.62709 -1.1941 -0.42925 -1.1158 0.25368 -0.1542 -1.1399 0.86268 0.78494 -0.34928 0.32028 -1.0853 1.3807
-1.4589 0.28391 -0.27838 0.6284 1.517 0.44165 0.55448 -1.6289 0.047261 -1.2452 2.5544 -0.9504 0.060739 -2.7904 -1.4223 -1.0818 -0.91355 1.6215 -0.41042 2.1078 -0.19827 1.7473 -1.757 0.87601 -2.1014 1.7699 2.0949 0.28044 -0.08456 -0.83226 -0.4947 0.48802 -1.5189 0.65022 -0.36706 0.72863 -0.16989 0.67261 0.38102
-1.3697 0.067411 -0.024296 -0.085442 0.46188 -0.051235 0.11231 -1.4158 -0.17673 -1.0402 0.27438 -1.2515 0.41393 -1.4853 -1.0166 -1.1972 -1.2182 0.7457 -0.19581 1.5785 0.18084 1.3902 -1.2012 1.0765 -0.45273 1.7611 2.4617 1.2346 0.38057 -0.25845 -1.0301 0.29217 -1.4585 0.55564 -1.0863 1.4748 -0.65404 1.695 -0.59736
-1.3795 0.031376 -1.0768 -0.8948 1.3135 -0.37604 1.0801 -0.21214 1.0846 -2.0928 0.98427 -1.2441 0.71701 -0.31257 -0.075339 -0.62082 -1.2604 -0.12194 -0.086277 0.79908 0.36849 0.81115 -0.53792 -0.24525 0.43657 1.3024 1.787 1.3348 0.6152 0.29096 -0.75141 -0.073597 -0.9676 0.69576 -1.505 1.539 -0.33846 1.7896 -1.1197
-1.5544 0.062255 -0.58572 -0.3926 2.0595 0.13986 1.382 -1.7501 -0.35956 -1.1331 1.011 -2.3356 0.73949 -0.016353 0.31426 -0.38217 -0.95253 -0.15752 -0.61121 0.75615 0.86111 0.79228 0.16015 -0.23603 0.69732 0.72361 0.83945 0.71417 0.93328 0.75643 -0.37592 -0.28251 -0.77132 0.34795 -1.6053 1.1229 0.21864 1.1007 -1.1862
-1.5486 0.40277 -0.47305 -0.84845 0.31111 -0.28748 1.2264 -0.84772 0.98048 -1.3932 1.7949 0.56846 0.96301 -0.082342 0.21513 -0.35526 -0.49945 0.4845 -0.33162 0.74187 0.82878 -0.75853 0.88207 0.77274 0.98799 0.36281 0.27016 -0.081719 0.6347 0.59967 -0.29544 -0.2783 -0.38095 0.25639 -0.93336 0.44875 0.44461 0.74221 -0.87804
-1.1826 0.67248 -0.64073 -0.80605 0.52196 -0.40787 1.1102 -1.1026 1.0187 -1.5667 0.35978 -1.0083 1.0107 0.015283 0.072806 0.39014 -0.19706 -0.35334 -0.56578 0.18862 0.61864 -0.81741 0.51276 0.9939 1.5169 0.19072 0.14131 -0.51109 0.39247 0.30753 -0.14124 0.12127 -0.39902 -0.27958 -0.44514 0.07955 0.10469 -0.16143 -0.49147
-1.5515 0.30303 -0.79323 -0.65928 1.4715 -0.49234 1.302 -0.037094 0.66929 -0.80334 1.7934 -0.43764 0.82101 0.18978 -0.089753 0.163 -0.52435 -0.64996 -0.59431 0.37749 0.97358 -0.11871 0.25833 0.047249 1.5339 0.0585 0.0066613 -0.45014 0.34081 0.15199 -0.17548 0.31618 -0.51904 -0.39058 0.3792 -0.409 -0.3632 -0.58776 -0.21541
-1.5199 0.052841 -0.86621 -1.0171 1.9098 -0.42494 1.4888 -0.21948 -1.6403 -0.1106 1.4477 -0.41671 0.8757 0.11734 -0.40745 0.082313 -0.36273 0.10933 -0.26949 0.19997 0.19503 -0.3485 0.64974 0.31057 0.070346 0.030167 -0.082935 -0.22696 -0.077712 0.25729 0.1833 0.50514 -0.5524 -0.74058 0.35557 -0.54061 -1.0466 -1.0916 -0.070766
-1.3699 0.18764 0.023406 -0.89319 0.26592 -0.99083 1.3444 -0.36308 0.65996 -2.0019 2.6123 0.60181 0.99997 -0.12321 -0.31398 0.42707 -0.12485 -0.1195 0.069969 -0.22142 0.22375 -0.27085 -0.060503 0.30221 0.47918 0.072184 -0.11393 -0.074092 -0.1814 0.72945 0.21169 0.24834 -0.82069 -0.74534 0.47357 -0.40851 -1.0543 -0.6481 -0.086726
-1.2209 0.23976 -0.48537 -1.251 0.22874 -0.49703 1.9042 -0.57056 0.559 -0.70899 0.21143 0.26592 0.85958 0.0092063 -0.20019 0.11533 0.0883 -0.23376 -0.019187 -0.53048 -0.52695 -0.063454 -0.48524 -1.4006 -0.22553 0.06171 0.041506 0.049793 -0.25674 0.88308 0.28933 -0.071745 -0.733 -0.12976 0.04041 -0.026694 -1.1167 0.054773 -0.30592
-1.3715 -0.0079415 -0.65264 -1.1327 1.1427 -0.58272 1.0657 -0.73853 0.71369 -0.34578 2.2325 -0.50402 1.0552 0.021516 -0.31539 -0.18734 0.6022 -0.033661 -0.28784 -0.76597 -0.1955 0.63753 -0.047206 -1.3805 0.3254 -0.10688 0.34574 -0.080027 0.027238 0.49528 -0.15736 -0.41201 -0.676 0.13917 -0.15061 0.69701 0.25562 0.17016 -0.33123
-1.6155 0.24611 0.018247 -0.63017 1.0438 -0.22716 0.69456 -0.10955 -0.18692 -1.7519 1.0748 -0.31457 0.98309 0.12232 -0.31554 -0.08314 0.90789 0.67509 -0.21626 -0.87624 0.11218 -0.71471 0.59208 -1.2643 0.23848 -0.40683 0.62149 -0.015868 0.64144 -0.30305 -1.1032 -0.3322 -0.48658 0.082013 -0.14336 1.11 1.3029 0.45089 -0.10137
-1.4663 -0.12957 -0.89586 -0.65981 1.2532 -0.82593 0.89019 -0.96709 -0.40396 -1.1178 -0.49273 -0.55899 0.83624 0.48411 -0.38854 0.57693 0.38745 -0.90833 -0.54961 -1.2929 0.15238 -0.21479 0.90788 0.73918 0.57606 -0.26359 0.83038 0.13545 0.85491 -1.2771 -1.9592 0.027867 -0.09899 -0.57495 0.51865 1.1625 1.5272 0.2729 0.36753
-1.2814 -0.31169 -0.75958 -0.24903 0.90671 -1.179 0.70381 -0.3385 0.43594 -0.40768 0.60699 1.1442 0.75988 0.97342 -0.18542 0.91559 -0.34808 -2.1278 -0.46746 -1.1653 -0.56761 0.1067 1.4333 0.27407 0.55622 -0.034724 0.59239 0.24962 0.69274 -1.8477 -2.2406 0.82379 0.53584 -0.8795 1.6203 0.84747 1.1929 0.15593 0.7705
-1.0769 0.021679 0.15551 -0.02136 1.2276 -0.87914 0.49818 -0.23983 -0.091155 -0.83129 0.85645 0.46796 0.44137 1.1942 -0.14182 0.88904 -1.102 -2.7706 -0.11449 -0.81168 -1.0431 1.21 2.0415 1.0624 0.70703 0.33859 -0.02508 0.10382 -0.067756 -1.5584 -1.2939 1.4843 1.3812 -0.82851 1.4434 0.18564 -0.42209 -0.43371 0.78241
-0.6678 -0.29807 0.41188 -1.3867 -1.7359 -1.0123 -0.23372 -0.55049 0.5414 0.8585 2.7162 0.18724 0.89075 0.90667 -0.0037513 1.0377 -1.7274 -3.1264 0.99971 -0.14737 -1.0899 1.6181 1.8562 1.0746 0.47259 0.61653 -0.67667 -0.29956 -0.80672 -0.64536 -0.24677 1.4169 1.7174 -0.25752 1.1 -0.33476 -1.4205 -0.93642 0.59062
-0.40695 -0.038228 0.58257 -1.4729 -1.5711 -0.92235 -0.45047 -1.7441 0.32986 0.47146 1.2303 -0.16188 1.1883 0.46645 -0.29519 0.39144 -1.7716 -3.143 1.3004 0.71204 -1.2838 1.7437 1.1025 -0.59866 -0.29696 0.7557 -0.94085 -0.42539 -1.0511 0.55258 1.1736 0.97594 1.7563 0.47012 0.03572 -1.0143 -2.4754 -1.3652 0.083287
-0.40973 -0.084409 0.43761 -1.7387 -2.15 -0.45744 0.32117 -1.4586 1.3908 0.53214 1.2727 1.0366 1.2847 0.030048 -0.61881 -0.3217 -1.1856 -2.4648 1.2912 1.2008 -0.9966 1.9112 1.1885 -1.9583 -0.892 0.77186 -0.66347 -0.55481 -1.0214 1.3228 2.2493 0.22443 1.2521 1.3158 -0.54344 -1.0614 -1.9182 -1.3369 -0.36234
-0.66263 -0.28058 0.25385 -2.3724 -2.4984 0.49446 1.1704 -1.7432 1.6226 1.2482 1.0119 0.58754 1.2939 -0.18405 -0.56094 -0.36763 -0.34559 -0.6259 1.4382 1.7132 -0.17618 1.1426 0.19803 -2.7297 -1.4441 0.40366 -0.13188 -0.4121 -0.70271 1.4612 2.6331 -0.30386 0.15355 1.9551 -1.108 -0.88156 -0.27403 -0.78 -0.62251
-0.81402 -0.71934 -0.024707 -1.8359 -3.2292 0.054149 1.4467 -1.4169 2.0296 0.36275 -0.143 0.22786 1.3554 -0.049878 -0.82027 -0.46443 0.001242 0.36171 1.3208 1.6301 0.97007 0.91374 0.029838 -1.9823 -1.7289 0.169 0.49693 -0.067413 -0.58718 1.1697 2.2672 -1.0513 -0.90755 2.0182 -1.4953 -0.86566 1.1662 0.17897 -0.65225
-0.83639 -0.73035 -0.048567 -1.6068 -2.7677 0.25476 1.1617 -1.5141 1.7931 1.4456 -0.89281 -1.4592 1.4193 0.24948 -0.89823 -0.83163 0.33067 1.0007 0.75583 0.76852 1.6319 0.18084 -0.2096 -1.2091 -1.5066 -0.0138 0.83444 0.34861 -0.72642 0.59032 1.3069 -1.5534 -1.7555 1.4236 -1.2514 -0.55542 2.0766 1.2253 -0.46649
-0.56753 -0.63573 0.29099 -1.892 -1.9249 0.61679 1.6343 -1.05 1.3393 0.65887 -0.6 -1.3462 1.4048 0.76864 -0.56068 -1.1713 0.63667 1.5063 -0.19878 0.0058123 2.1252 -0.39434 -0.4649 -0.27508 -0.51374 -0.14147 0.686 0.79541 -0.67316 0.25316 0.31908 -1.7959 -1.884 0.46698 -0.73664 -0.70308 2.1116 2.072 -0.32484
-0.32734 -0.99282 -0.10652 -1.6097 -0.85458 0.81237 1.8337 -0.3024 1.9004 0.4068 -0.66026 -1.0838 1.3557 1.0127 -0.085216 -1.3523 0.4333 1.5588 -0.50743 -0.69115 2.0766 -0.53345 -0.7439 0.79843 0.45038 -0.24374 0.18236 0.95609 -0.21049 -0.0097718 -0.6892 -1.6844 -1.6049 -0.58609 0.055464 -0.36792 1.473 1.8161 -0.14981
-0.26955 -1.2482 -1.043 -1.6014 -1.5301 0.48667 1.3019 0.47465 1.7691 0.64197 0.24485 -0.10748 1.2028 0.88836 0.14774 -1.4441 0.42745 0.75412 -1.1751 -1.0913 1.6549 -0.095609 -1.2102 1.4701 1.5386 -0.27509 -0.3575 0.92394 0.6732 -0.29879 -1.3506 -1.0263 -1.2249 -1.4451 0.57209 -0.005576 0.51953 0.8718 0.031886
0.16866 -0.85076 -1.3369 -1.3332 -1.0312 -0.37202 1.049 0.52151 1.1054 0.58887 0.16728 -0.2671 1.1737 0.53851 0.39863 -1.0827 0.43003 -0.08046 -1.6896 -1.6242 0.6571 0.14763 -0.62257 1.0151 1.1862 -0.20507 -0.67149 0.73378 1.552 -0.50892 -1.1543 -0.32838 -0.7544 -1.7351 0.77047 0.22069 -0.51301 -0.057637 0.16248
0.21225 -0.59929 -1.369 -1.2978 -1.168 -0.43813 0.28675 0.55759 1.4506 -0.39034 0.41345 -0.15585 1.168 0.31385 0.79313 -0.065188 0.10237 -0.52761 -1.3953 -1.7747 -0.10185 0.34829 -0.53111 0.68356 0.89236 -0.10645 -0.74635 0.39034 2.1516 -0.81353 -0.38001 0.69478 -0.25806 -1.35 0.66172 0.51225 -0.7957 -0.52815 0.1891
0.054089 -0.55195 -1.3614 -1.2887 -1.593 -0.81475 0.19954 0.19838 1.8421 -0.098567 0.9852 0.30463 1.1656 0.0027393 0.86054 0.81844 -0.3259 -0.23958 -0.96982 -1.7371 -0.56494 0.6991 -0.60187 0.060608 0.63321 -0.049147 -0.60867 -0.11395 2.1271 -0.89321 0.29805 1.2872 0.25168 -0.55396 0.018049 0.57435 -0.39939 -0.57043 0.12177
-0.025427 -0.44956 -0.87697 -1.396 -1.7272 -1.0933 -0.093654 -0.20054 1.7606 0.232 0.20596 -0.075523 1.1909 -0.28534 0.59413 1.5706 -0.67564 0.029207 -0.32604 -1.5158 -0.47985 0.87959 -0.11128 0.21443 0.70572 -0.028353 -0.45888 -0.46448 1.5161 -0.59456 0.6259 1.3918 0.29029 0.16551 -1.1436 0.3425 0.061832 -0.46996 0.02082
0.10781 -0.22665 -0.30519 -1.5579 -1.6711 -0.55482 -0.40043 0.06083 2.2817 -0.031314 0.4181 0.34288 1.1832 -0.33804 0.30753 2.0195 -0.80833 0.2682 0.016246 -1.3033 -0.2992 -0.071898 0.41049 0.36038 0.083101 -0.035207 0.058489 -0.53868 0.78755 0.11116 0.23986 1.2227 0.31566 0.50974 -2.3739 -0.0051701 0.44148 -0.19343 -0.17206
-0.14022 -0.19607 -0.23926 -2.0095 -1.433 -0.96739 -0.97972 -0.017735 2.1057 -0.22203 0.28034 0.61999 1.104 -0.40312 0.27571 2.1283 -0.73542 0.53775 0.5342 -1.4707 0.066431 -1.3944 -0.29346 0.62628 0.17792 -0.078099 0.81846 0.11094 0.13339 1.2037 -0.1627 0.9084 0.31374 0.03714 -3.127 -0.38985 0.032502 -0.23747 -0.7235
-0.11416 -0.18381 0.70439 -2.0082 -0.76654 -0.72949 -0.8522 0.056281 2.0564 0.28171 0.87282 0.49746 1.1613 0.17171 0.098115 1.9912 -0.079228 0.010384 0.72811 -1.1924 0.15512 -2.5949 -0.51545 0.75548 0.47715 -0.32062 0.95315 0.92003 -0.43006 2.3356 -0.11555 1.0334 0.87104 -0.048299 -2.2087 -0.13875 -0.84139 -0.086377 -1.5735
-0.23041 -0.3949 1.0777 -2.0988 -1.2413 -0.53819 -1.2501 0.03131 1.0918 0.28947 1.1705 -0.36926 1.1389 1.035 0.89529 1.831 1.1826 -0.18755 0.89887 -1.0075 -0.66394 -3.6996 -0.48117 0.04706 -0.0019719 -1.1302 0.46169 1.3578 -1.0795 2.8318 0.2803 0.92357 1.7832 0.34222 -0.50014 0.47499 -1.5261 -0.31859 -2.2222
-0.44345 -0.12496 1.2511 -2.02 -1.0632 -0.18599 -1.7369 0.16238 -0.010801 -0.74704 1.4061 0.77066 1.0732 0.7778 1.5867 1.3762 2.5339 0.38472 1.6323 0.046952 -0.06272 -3.0412 0.21209 -1.1801 -0.026424 -2.2153 -0.50904 1.311 -1.5088 2.2641 1.1079 0.78173 2.3136 0.87279 1.352 0.63006 -1.4018 -0.15299 -2.1503
0.68049 -0.28931 1.6269 -1.1912 -2.1749 -0.18903 -1.4307 -0.0032967 -0.81017 -0.37327 0.71319 0.84229 0.70239 0.18126 1.8738 0.44708 3.1703 0.94019 1.6894 1.1579 0.83177 -2.0951 0.37182 -1.6936 -0.24803 -2.9525 -1.3023 0.31141 -1.8024 0.94717 1.3263 0.35253 2.2202 1.4662 2.6708 1.1213 -0.54032 -0.21138 -1.1853
1.5055 1.3959 1.9312 0.10748 -1.4817 0.34882 -1.7644 -1.2197 -1.421 -0.43677 0.059381 0.093789 -0.45805 -0.38546 1.8708 -0.096723 3.0968 1.7834 1.6932 1.9421 1.1304 -0.85413 0.42097 -1.3974 0.26351 -3.1076 -1.4905 -0.7183 -1.5789 -0.52813 0.67578 -0.47656 1.1261 1.2507 2.4741 0.84298 0.10179 -0.23497 0.2476
-0.14346 1.5257 1.5209 0.99034 0.18121 1.1348 -0.22551 0.72234 -0.14617 0.8969 -1.2646 0.43036 -1.4697 -0.89667 1.2948 -0.75336 2.653 1.911 1.4815 2.0914 1.6555 0.21825 1.8349 -1.0336 -0.60386 -2.7228 -1.0976 -1.635 -0.70978 -1.545 -0.46459 -0.94421 -0.11224 0.72624 1.6681 0.50818 0.79261 0.022617 1.6144
-0.49653 1.3497 1.1015 1.1162 0.44511 1.0181 0.71482 1.5907 -0.22625 0.48457 -0.27659 -0.27333 -1.6519 -1.5594 0.64549 -0.93251 1.8355 1.3239 0.90576 1.628 2.0083 0.44536 1.3019 -1.3325 -0.35402 -1.9049 -0.10347 -1.8219 0.15106 -1.7847 -1.4195 -1.462 -1.4051 -0.3742 0.62089 -0.034615 1.0165 -0.042753 2.2989
-0.59733 1.3324 1.054 0.83985 0.80118 1.2659 0.47579 0.92458 -0.43126 -0.15385 0.29632 0.94354 -1.649 -1.3506 -0.32202 -0.44249 0.97676 0.18692 0.43834 1.1005 1.8212 0.38992 1.0319 -0.077749 0.085751 -0.77825 0.63076 -1.2006 0.7741 -1.4732 -1.3899 -1.3791 -1.6897 -1.4236 -0.021043 -0.73631 0.57677 0.20442 2.0976
-0.5052 1.0999 0.44915 1.2234 0.41808 1.2841 0.21724 1.667 -0.26396 2.1873 -0.16329 -0.29364 -1.6301 -0.36066 -0.45114 0.026631 0.67068 -0.35367 -0.33152 -0.13875 0.26359 0.23454 0.7544 0.24962 -0.19092 -0.12718 1.0629 -0.40291 0.6996 -0.93109 -0.76683 -0.66369 -1.1996 -1.7365 -0.037922 -0.43154 0.24418 0.16844 1.3369
-0.58074 1.108 0.95495 1.5327 -0.80271 0.75999 0.16719 1.7181 -0.69848 0.64025 -2.1898 0.27084 -1.723 -0.28267 -0.21778 0.19391 0.54317 -0.18692 -0.30174 -0.12148 -0.36574 0.29661 0.52987 -0.63581 -0.28595 -0.0050733 1.2682 0.29121 0.13113 -0.90775 -0.11176 0.05465 -0.64465 -1.5588 -0.051276 -0.58122 -0.20905 0.54417 0.72241
-0.58385 1.1719 1.6818 1.5354 -0.41572 1.2763 0.2692 1.4579 -0.34749 1.0855 0.50726 0.35877 -1.6313 -0.046846 -0.094577 0.03885 0.3554 -0.11034 0.11948 0.038109 -0.42086 0.43337 0.63027 -0.57266 0.1572 0.0070024 0.88921 -0.35321 0.018154 -1.6156 0.42954 0.52746 -0.25443 -0.61026 0.48234 -0.76837 0.2908 0.99215 1.1136
-0.72388 0.90364 1.2529 1.7375 0.52851 0.49763 -0.099926 1.0286 0.44942 1.6427 -0.46344 -0.12488 -1.6773 0.93473 0.0064305 -0.20653 -0.51965 -0.17287 0.30723 -0.17499 -1.002 0.20687 -0.1509 -0.15063 1.0109 0.3964 0.64193 -1.3203 0.050234 -2.2715 0.32104 -0.036332 -0.54931 -0.27127 0.58174 -1.5235 0.3525 0.60109 1.831
-0.88114 1.2113 0.97547 1.4349 0.50212 0.95337 0.84045 0.90778 -0.25316 0.65452 -1.1921 -0.31175 -1.6418 0.74229 -1.1657 0.26073 -1.7517 0.54398 0.28161 -0.58622 -0.67678 1.1946 -0.55297 0.58707 1.1825 1.5866 0.045574 -1.5482 0.39146 -2.3006 -0.056013 -0.47498 -0.53634 -0.15619 0.35997 -1.5937 0.28649 -0.39658 1.9549
-0.37714 1.1452 0.71385 1.3035 0.063332 1.7603 0.21806 0.87517 -0.053693 1.7179 -0.67097 1.3711 -1.6449 0.55767 -1.9492 0.17596 -2.5613 0.16153 -0.44683 -0.82224 -0.81476 1.0172 -2.1519 -0.5043 0.41784 2.3532 -0.65675 -1.2412 0.54777 -1.3146 -0.38881 -0.54252 -0.090459 0.0013317 0.20293 -0.69875 0.19436 -1.2026 1.1722
1.1158 1.0606 0.46894 0.45983 -0.83774 1.2527 -0.35174 0.55067 -0.34713 1.3675 -0.87988 1.0534 -0.99957 0.22687 -1.7759 0.56936 -2.8352 -0.39798 -0.33125 -0.62748 -0.86011 0.71432 -1.7938 0.17503 -0.38464 2.3897 -0.9294 -0.41491 0.022875 0.081226 -0.52815 -0.30748 0.6609 -0.41344 -0.67618 0.60348 0.17342 -1.4651 -0.18022
-0.51208 -0.98486 2.4931 -0.84034 0.80236 0.83608 -0.66719 1.1147 1.5446 -0.55338 -0.055325 1.4825 0.56474 -0.076393 -1.8192 0.64895 -2.3789 -0.52494 -0.33169 -0.32902 -0.93926 0.83918 -1.0284 0.43012 -0.7039 2.0101 -0.77411 0.15029 -0.83087 1.5387 -0.30976 -0.16877 1.0034 -0.72759 -1.6101 2.2498 0.37867 -1.0515 -1.2219
-0.39983 -0.99933 1.4057 -1.1572 0.19475 0.10754 -0.55539 0.0046273 0.72452 -1.5938 -0.81589 -0.40391 0.69392 -0.73518 -1.9393 0.06682 -1.6811 -0.23002 -0.31208 0.36512 -1.4773 0.030302 0.19094 0.45001 -1.2958 1.4478 0.32918 0.65323 -2.0862 2.4831 -0.48455 -0.43739 0.69195 -0.93202 -2.8071 2.5206 -0.072291 -0.55995 -1.7609
-0.59389 -0.0848 1.5347 -1.0639 -0.36941 0.73643 -0.096672 -0.048027 0.5151 0.64815 -0.56708 -0.8157 0.12558 -0.45642 -1.6034 -1.1034 -0.30044 -0.57861 -0.75102 0.50516 -2.0005 -1.6422 1.7057 0.1253 -1.3139 0.72254 1.3126 0.79805 -2.2401 2.6076 -0.1991 -0.41793 0.21155 -0.095723 -2.8048 1.7897 0.029834 0.054473 -1.4266
-0.36182 -0.53118 1.4355 -0.84568 -0.68299 1.3837 0.47471 -0.040172 0.47527 0.5045 -0.4424 0.3283 0.059124 1.0488 -0.75403 -2.3983 0.69752 -1.3963 -0.88389 0.21011 -2.2349 -3.287 2.2721 0.13454 -1.2545 0.0050946 1.6856 0.39689 -1.4621 2.1025 0.64534 -0.44719 -0.35552 1.4996 -1.1448 -0.38053 0.14301 0.91934 -0.56076
-0.66017 -1.5564 0.55447 -0.85536 -0.14463 1.1079 0.17994 -1.0853 -0.18409 2.2731 0.08632 0.22607 0.27733 1.5594 -1.0327 -2.2457 1.2323 -0.36432 -0.7742 0.12554 -0.78455 -2.7398 1.7905 0.61236 -0.63392 0.2778 0.75369 -0.072139 -0.22856 1.0985 1.5139 -0.3921 -0.44108 2.7066 0.72859 -2.5502 -0.050494 0.84586 0.24769
0.39944 -1.5796 -0.40281 -0.17734 -1.1587 -0.7503 -0.28519 -1.6786 -1.9113 1.9353 -0.84154 -0.78097 0.64189 1.5039 -1.536 -2.0557 1.4256 1.0231 -1.0798 -0.10397 0.8979 -1.5514 -0.66423 0.47191 0.23614 0.7054 -0.54848 -0.2098 1.0104 0.30967 1.7818 -0.2436 -0.037449 3.201 1.7636 -3.356 -0.78496 0.83508 0.55605
0.83661 -1.4617 -0.69583 -0.25574 -1.3731 -0.35391 -0.53719 -1.5622 -2.0916 0.73991 0.018915 -0.93174 0.55703 0.76642 -1.331 -1.6954 1.3652 1.4057 -1.3365 -0.153 1.8429 -1.1339 -2.3099 -0.18989 -0.33866 0.79782 -1.2679 0.21247 1.5678 -0.39721 1.0621 0.11833 0.2958 2.3217 1.4332 -2.4749 -1.4579 0.79241 0.1911
1.1552 -1.582 -0.91339 0.38038 0.23836 0.10716 0.22989 0.10131 -1.4282 1.1747 0.11537 -1.1314 0.68778 0.38523 -0.96045 -0.81114 1.2123 1.4783 -1.0276 0.27155 2.8551 -0.77646 -2.8963 -1.1744 0.29627 0.70077 -1.4009 0.58516 1.6705 -0.91071 -0.021301 0.19594 0.3465 0.75464 0.67538 -0.44197 -1.7461 0.85921 -0.071732
0.56007 -2.1612 -0.52475 0.57641 1.6247 0.080322 0.09869 1.6735 -0.22363 -0.47168 0.0037868 0.9724 0.82212 -0.32825 -0.94929 0.021389 0.62232 1.6482 -0.59504 0.46875 2.8729 -0.43222 -2.4151 -1.707 0.94651 0.60826 -0.93926 0.78546 1.3805 -1.217 -0.80536 0.19615 0.10465 -0.6884 0.50305 1.0947 -0.8507 1.3766 -0.10166
-0.067191 -2.508 -1.0028 0.55947 0.69311 -0.67816 0.055187 0.93437 -1.5855 -1.6068 -1.0519 -0.68282 1.048 -0.65225 -0.7142 0.16446 0.1376 0.85471 -1.1102 0.20875 1.8685 -0.62569 -1.5567 -2.5257 1.3416 0.67636 -0.29839 1.0198 0.68922 -1.2249 -1.2183 0.12018 -0.14348 -1.7774 0.47072 1.9465 0.42938 0.80273 -0.094514
0.42904 -2.4258 -0.67749 0.63811 0.79906 -0.98445 0.26259 1.3757 -2.3357 -0.22912 -1.997 0.065797 1.1192 -0.52833 -0.096769 0.36094 -0.31927 0.015029 -0.95447 0.060177 0.92066 -0.25536 -0.61639 -1.3642 1.9524 0.63473 0.32351 1.176 0.22924 -0.76008 -1.0257 0.51182 -0.1571 -1.511 1.0316 1.9599 1.6001 0.62428 -0.16905
0.50282 -2.3298 -0.30978 0.33493 0.78429 -1.181 0.1439 1.3995 -2.4163 -0.87872 -2.3559 0.14283 1.1894 -0.092693 0.37399 0.28952 -0.55329 -0.27942 -0.63944 0.20431 0.22635 0.028548 0.40144 -0.47074 1.4251 0.52453 0.33031 0.76653 -0.0023328 -0.26458 -0.41594 1.0519 0.073852 -0.86131 1.3996 1.1636 2.2447 0.067448 -0.29451
0.16643 -2.1583 -0.68826 0.022973 0.37481 -1.1898 -0.13478 1.1259 -1.7816 -0.78875 -2.48 0.98758 1.2827 0.012981 0.53619 0.3817 -0.41515 0.047604 0.059963 0.17456 0.62459 1.1839 0.83169 0.63271 2.169 0.393 0.058934 0.043017 -0.33554 0.21206 -0.11016 0.78276 0.20094 -0.35678 0.89133 0.35374 1.6159 -0.62837 -0.35049
0.29798 -1.8282 -0.28684 0.24592 1.0727 -0.64492 0.46747 2.0104 -0.52895 0.046777 -0.38583 2.1757 1.4213 -0.28878 0.29414 0.15021 -0.28756 -0.041898 0.21325 0.27707 0.25331 1.2868 0.2308 1.2152 1.3507 0.29032 -0.14833 -0.49086 -0.42163 0.54388 -0.063167 0.48653 0.21398 0.045939 -0.1154 -0.15025 0.65365 -0.99156 -0.39639
0.24493 -2.051 -0.39151 -0.021769 0.91145 -1.067 0.34738 1.4527 -1.0411 -0.62211 -1.1621 1.3798 1.4175 -0.31935 0.022708 -0.18727 -0.050079 -0.33849 -0.018724 0.38147 0.15829 0.79626 0.23695 1.1937 0.67386 0.14868 -0.28427 -0.68574 -0.66125 0.48747 -0.22294 0.13916 0.17395 -0.045569 -0.99372 -0.40679 -0.48142 -1.63 -0.43741
0.15147 -1.9839 -0.41144 0.27298 0.62355 -0.72361 0.22418 1.8302 -1.0205 -0.10079 -1.0374 1.7551 1.445 -0.21517 -0.2086 -0.20249 0.2755 -0.22191 0.24623 0.48235 0.52025 0.018699 0.38178 0.60124 0.10883 -0.035417 -0.25334 -0.53129 -0.68143 0.26682 -0.053799 0.37094 0.090594 0.31515 -0.25976 -0.013416 -0.46685 -1.1504 -0.43721
0.13112 -2.1817 -0.37783 0.17486 0.63641 -0.97333 0.58057 1.4428 -1.2791 -0.35003 -0.97328 1.3435 1.401 -0.57456 -0.3872 -0.65999 0.21106 -0.33524 0.285 0.38028 0.3679 -0.029767 -0.11313 -0.12413 -0.58888 -0.19676 0.013504 -0.16738 -0.56289 -0.16971 0.30774 0.38254 -0.13 0.099818 0.76178 0.059465 -0.2975 -1.1177 -0.37863
0.015149 -2.2347 -0.81342 0.14558 0.031004 -1.3639 0.48284 1.5355 -1.1964 -0.6575 -0.8424 1.2816 1.357 -0.65227 -0.40983 -0.86866 0.084484 -0.15928 0.70648 0.43375 0.7505 1.2259 0.38341 0.84132 -0.40894 -0.28926 0.69116 0.37146 -0.48423 -0.30091 0.28949 0.059208 -0.47763 -0.52093 1.1498 0.42138 -0.10665 -0.89812 -0.35628
0.017101 -2.2276 -0.71016 0.54902 0.68297 -0.3247 0.70767 2.4033 -1.2026 0.31954 -1.0709 1.7902 1.2698 -0.077448 -0.15925 -0.89098 -0.2535 0.27773 0.41643 0.15887 0.21224 1.6309 0.37061 0.40133 -1.3907 -0.37595 1.757 1.2767 -0.027391 -0.20488 -0.045175 0.19118 -0.85445 -1.2162 0.45162 0.78237 -0.1513 -0.61328 -0.60142
-0.51605 -2.3285 -1.2157 0.31307 0.70089 -0.43888 0.8735 2.1503 -0.39121 -0.57133 -0.73145 0.96839 1.2112 0.86609 0.32227 -0.97884 -0.032049 0.080596 0.28284 -0.28892 -0.48081 1.3529 1.0535 0.072468 -1.3616 -0.55895 2.1013 2.2331 0.50658 -0.050394 -0.88934 0.18985 -1.047 -1.8543 -0.91018 0.32137 -0.17092 -0.26009 -1.0978
-0.42082 -2.5479 -1.4335 -0.0027367 0.50107 -0.21913 0.70831 2.3031 0.64335 0.20084 0.29328 0.99549 1.1206 2.051 1.4496 -0.65494 -0.094176 -0.55274 0.82892 -0.82874 -1.4931 0.76441 1.2426 -0.10081 -1.3972 -1.0966 1.0199 2.8242 1.5506 0.43432 -1.0643 0.63748 -0.82799 -1.7365 -1.6492 -0.019438 0.25053 0.56152 -1.513
0.56423 -2.0046 -1.3068 -0.12075 1.0867 -0.80832 0.31176 1.4389 0.25498 0.21228 -1.1336 -0.47799 1.0354 2.3321 2.6348 -0.052801 -0.075016 -1.6238 0.83002 -0.99447 -2.1563 -0.032177 0.64573 0.68952 -0.96293 -1.8172 -1.061 2.5006 2.2378 0.68231 -0.34396 1.0984 -0.13788 -1.1938 -1.5695 -0.79038 0.55881 0.82986 -1.4615
1.4473 -1.6678 -1.7152 0.49071 0.16565 -0.89539 0.12876 0.64422 -0.51423 1.0681 -1.0777 0.26571 0.70621 1.1531 3.5508 1.5037 0.57814 -1.1192 1.252 -1.0104 -2.4728 -0.75123 0.53913 0.58712 -0.45512 -2.3489 -3.0601 1.1001 2.157 0.69309 0.69423 1.2753 0.80999 0.19888 -0.91416 -1.0978 0.73495 0.84626 -0.83515
2.3332 -0.1498 -1.3784 0.16823 -0.94193 0.6162 -0.55675 0.17417 -0.53435 0.88655 -0.87908 0.19851 -0.089391 -0.73317 3.5811 2.0657 0.8973 -0.36454 1.9829 -0.45939 -2.4226 -0.81469 -0.28986 0.87907 -0.14503 -2.4464 -3.787 -0.43309 1.4033 0.23593 1.8506 1.1245 1.3056 1.3987 0.31764 -0.80116 0.56477 0.3212 0.07881
1.6236 0.7011 -0.57949 0.35579 -1.602 0.67584 -0.07991 0.27428 -0.75396 0.27087 0.82094 0.7657 -0.84119 -2.3187 2.8754 2.2608 0.70496 0.28111 2.4721 0.37403 -0.9917 -0.54311 -0.64652 1.3299 -0.084802 -2.2186 -2.8435 -1.7858 -0.097732 -0.18448 1.6776 -0.17428 1.3713 1.9513 1.2446 -0.33585 0.19485 -0.095918 0.94186
-0.42477 1.1915 1.2528 1.0637 0.37209 0.73544 -0.27663 -0.66115 -0.46504 0.17454 -0.027438 0.051049 -1.1338 -3.2358 2.2326 2.1549 0.30746 1.5809 2.177 0.68905 -0.11641 0.47066 -0.4798 1.4814 -0.50811 -1.7474 -0.63999 -2.2234 -1.1241 -0.24678 1.0139 -1.215 0.8195 1.8749 1.3814 0.27577 -0.80399 -0.44085 1.4002
-1.1121 0.88992 0.60959 0.93045 0.78212 1.8029 0.27379 -0.6662 -0.17426 -0.0075073 0.62203 0.20264 -1.1124 -3.0803 1.1569 1.2795 0.54702 1.4478 0.85073 0.91111 0.26544 0.94812 -0.08249 0.66176 -0.4927 -1.0793 1.7191 -1.9903 -1.9896 -0.21259 -0.068609 -1.8076 0.13184 1.2609 0.87944 0.63246 -1.1333 -0.23959 1.335
-0.90586 0.94574 0.7812 0.60873 0.84126 1.8175 0.84201 0.74838 -0.90557 0.014963 0.010849 -0.54928 -1.2083 -1.5889 0.61902 0.48554 0.53584 1.1906 0.67732 0.75975 0.68646 1.0376 0.028275 -0.53737 -0.87061 -0.60884 2.8412 -1.4497 -1.737 0.095768 -0.95885 -1.7851 -0.52786 0.47866 -0.24784 0.87274 -1.0993 0.13786 0.93009
-1.1989 1.498 0.75362 0.58946 1.58 1.856 0.40973 0.35334 0.37151 0.89521 1.2464 0.0092277 -1.4539 0.16947 0.26203 -0.57028 0.21311 0.32921 0.073859 0.57013 1.1102 0.83186 0.46751 -0.11216 -0.41859 -0.49276 2.4047 -0.72461 -0.827 0.066926 -1.1012 -1.06 -1.0342 -0.086967 -0.76853 0.41307 -0.49372 0.65076 0.53569
-1.0673 1.4463 0.45959 1.1923 -0.10796 0.98492 0.50607 0.13723 0.51424 0.40364 0.10791 -0.01136 -1.5072 0.61424 0.19047 -0.12047 0.66294 0.11359 -0.54331 -0.11418 0.39193 0.077235 1.1306 -0.51094 -0.2828 -0.44177 1.0716 -0.56852 -0.073102 0.098758 -0.86517 -0.62896 -0.85716 -0.80272 -1.2293 -0.035225 0.076584 0.93914 0.3985
-0.72413 1.417 0.89688 1.3912 1.0109 1.6927 0.8215 0.66749 0.21718 -0.10002 -0.48764 -0.73905 -1.5229 0.45157 0.12956 0.059037 0.61904 -0.34084 -0.38528 -0.55063 0.20627 0.0021428 0.26212 -0.44148 0.53213 -0.24219 -0.16333 -0.7218 0.33438 -0.33428 -0.66712 0.16066 -0.12697 -0.98131 -0.97036 -0.49858 0.55754 1.2185 0.71302
-0.32521 1.1266 0.071007 0.97099 1.2429 1.1899 0.57091 0.70345 0.253 0.99295 0.48306 -0.27816 -1.606 0.33328 -0.28775 0.036606 0.5269 -0.30313 -0.18896 -0.25519 -0.50701 -0.83621 0.061593 -0.24869 0.56671 -0.04936 -0.54108 -0.95878 -0.2203 -1.049 -1.0454 -0.0087602 0.53656 -0.82893 -0.24009 -0.88565 1.1861 1.4833 1.0797
-0.56655 1.1224 0.8295 1.6649 0.94742 1.2569 0.090566 -0.021114 -0.73985 1.7715 -0.07446 -0.2561 -1.5823 -0.0076184 -0.73568 -0.032242 -0.31996 -0.87306 0.17565 0.39926 -0.44481 -0.51538 -0.064923 0.90459 1.6447 0.53664 -0.81524 -0.86486 -0.23383 -0.98197 -0.90366 -0.54063 0.90144 -0.47331 0.41692 -1.1361 1.069 0.99384 1.0093
-0.77156 1.5204 1.0102 1.1273 0.07909 1.4171 -0.040143 1.1853 -0.051289 -0.25515 -0.060471 0.69114 -1.5056 -0.20202 -1.0216 -0.48035 -0.78095 -1.8295 -0.83979 0.38167 -0.98064 -0.10105 -0.60616 1.302 2.1943 1.025 -0.11633 -1.0072 -0.78329 -0.78725 -0.30992 -1.3392 0.66722 0.4516 1.0448 -0.95973 0.52866 0.21699 0.91345
-0.85456 1.0221 0.5146 1.5325 0.82394 1.3387 0.51729 -1.0608 -0.34698 0.85426 0.76283 0.41824 -1.5203 -0.8552 -0.98655 -0.11293 -0.51738 -1.4877 -1.0019 0.76832 -0.54008 0.42729 -1.8434 1.0198 1.7437 0.95574 0.94216 -1.3952 -1.2115 -0.27956 0.68312 -1.7677 0.047459 1.3321 0.52756 -0.12386 -0.55173 -1.1876 0.84256
-0.84039 0.25675 0.3705 0.46648 -1.4732 1.4338 1.6818 0.29905 0.12863 0.095755 1.2033 1.9193 -0.62286 0.53012 -1.8903 -1.366 -0.8072 -0.65231 -1.9327 0.76977 0.41694 0.66045 -1.1089 0.78008 0.94258 1.3113 1.6454 -1.4215 -1.3222 -0.083885 1.9194 -1.2175 -0.60892 2.1951 0.19155 0.56096 -1.542 -1.9406 0.79631
-0.63724 0.20013 -0.11703 0.33725 -1.0713 -0.055026 0.67379 -0.53843 0.01806 -0.27399 1.261 1.6093 -0.44211 1.44 -2.6971 -1.8214 -0.80744 -0.021605 -2.3564 0.2825 1.5029 0.1037 -0.073736 -0.047987 -0.19695 1.8418 1.7979 -0.76658 -1.304 0.09187 2.4082 -0.72532 -1.5925 1.6347 0.10796 1.0774 -2.1594 -2.0741 0.42975
-1.7628 0.39478 0.72443 1.1307 -0.093159 0.20634 1.0932 0.33756 0.4447 -1.1015 1.1398 1.2765 -1.0223 1.8199 -2.6074 -2.0621 -0.77724 1.4877 -2.283 -0.49724 2.3795 0.43162 -0.27683 -1.4857 -0.85392 1.9508 0.85815 0.67186 -0.44143 0.20334 2.0474 1.0625 -1.4248 0.33726 0.19113 0.74649 -1.9544 -1.5716 -0.35552
0.96396 -1.2289 -1.4443 0.57794 0.29071 -1.0166 0.77077 1.1361 -0.034527 0.71424 0.46902 0.68772 -0.016134 1.9635 -1.9419 -2.1672 -0.35098 2.5244 -2.0904 -1.5169 1.7335 0.75613 0.066564 -2.4831 -1.6515 1.3745 0.22408 2.0801 0.090648 -0.083728 0.9657 2.1123 -0.95061 -1.4358 -0.18873 0.67515 -0.78236 -0.96718 -1.1718
0.8748 -1.836 -1.3796 0.0587 -0.072752 -0.91925 0.52981 2.4851 -0.16412 0.13343 0.082397 0.35655 0.78203 1.9202 -1.106 -2.0061 -0.64937 2.3951 -0.21661 -0.9429 0.94807 0.70433 0.43449 -2.2019 -1.5887 0.93318 -0.48466 2.7433 0.83096 -0.061247 -1.116 2.6545 -0.082899 -2.793 -0.58521 0.28453 1.0023 0.036187 -1.7452
0.69119 -1.7578 -1.931 0.29651 2.6339 -0.95437 0.28321 1.3243 0.63011 0.024352 -1.0501 0.18719 0.74524 1.8192 0.1379 -1.682 -1.0124 1.5613 0.28743 -1.2407 -0.69965 -0.37358 1.0306 -1.3944 -1.8432 0.33514 -0.57059 2.9494 1.524 0.058848 -2.5818 2.2979 0.50033 -2.7547 -0.98238 -0.081912 2.3991 0.74928 -1.9834
0.87176 -1.1618 -1.9821 0.21391 1.4762 -1.4234 -0.8176 1.5457 1.2456 -0.36198 -1.6355 0.12395 0.34026 0.95495 1.0798 -0.77307 -0.54629 -0.38911 1.1491 -0.79618 -2.0507 -0.086576 -0.13983 0.064549 -0.70512 -0.53107 -0.5237 2.0522 1.4582 0.45629 -3.1275 1.1461 0.74541 -1.3313 -0.77162 -0.25813 2.571 1.3426 -1.6514
1.0976 -0.56631 -2.0942 -0.14817 2.2499 0.58604 0.27599 0.34318 0.49563 0.28883 -0.57646 -0.38973 -0.0048335 1.3434 2.0471 0.024922 -0.28178 -1.5365 1.2268 -0.68562 -2.337 -0.67488 0.18383 1.4519 -0.5716 -1.3044 -0.4784 0.33274 0.95201 0.60449 -2.4103 0.32905 1.2757 0.33573 -0.25297 -0.44185 1.7873 1.5069 -0.59806
1.371 -0.039151 -1.9428 -0.30064 1.4402 -0.20215 -0.53967 -0.12238 -0.99809 1.2636 -0.24014 -1.331 -0.30847 1.1457 1.4769 -0.17203 -0.1642 -2.661 1.3083 0.1319 -0.94138 -0.57699 0.30858 1.809 0.51926 -1.0872 -0.36379 -1.2458 0.099113 0.34933 -1.3164 -0.86464 0.98017 1.5011 0.078904 -0.22085 0.46781 1.0855 0.59197
2.1911 -0.91575 -2.514 -0.033543 -1.4274 0.050585 -0.063449 -0.60225 0.4401 -0.35213 0.66725 0.69926 0.049817 0.79884 0.51755 -0.22782 -0.080857 -2.3937 0.77996 0.61638 -0.61093 -0.58954 -0.13843 1.4992 0.62666 -0.41569 -0.81283 -2.1203 -0.39879 0.14985 -0.057298 -1.0102 0.89366 1.4928 0.82401 -0.68465 -0.38455 0.60087 1.3294
2.0888 0.85745 -0.92165 -0.058486 -0.65753 0.20378 -0.66688 -0.0083799 -0.42679 0.20989 1.2671 -0.55956 -0.77502 0.52319 -0.29418 -0.46364 0.007366 -2.742 -0.13366 0.33404 0.07251 0.030788 -0.44772 0.99775 0.90986 0.042056 -0.88265 -1.562 -0.26852 -0.035093 1.3553 -0.83899 0.35162 0.70608 0.55549 -0.41577 -0.5612 -0.6129 1.2337
1.5462 -0.37277 -2.8061 0.1492 -0.43961 0.4876 0.54651 0.92617 0.79457 0.45232 0.07811 1.2308 -0.39397 0.084921 -0.71111 -0.56368 -0.079735 -1.6192 0.18828 0.83647 0.12574 0.57593 -0.90555 0.99986 0.44909 0.41649 -0.54113 -0.9709 -0.32713 -0.025646 1.8494 -0.23253 0.041746 -0.0053079 0.6649 -0.050948 -0.41548 -1.2534 0.98607
1.7508 -0.68176 -2.2665 -0.2012 -1.1785 -0.10561 0.23486 -0.018332 -0.13468 -0.34194 0.3109 -0.064694 0.041938 -0.20165 -0.59158 -0.49846 -0.21651 -0.18908 0.14263 0.65479 0.078214 -0.10763 -0.19651 0.82498 -0.67584 0.61762 -0.15635 -0.16617 0.26347 0.21564 2.2989 0.4433 -0.50623 -0.39105 0.49629 0.21523 -0.81131 -1.8879 0.55153
1.9893 -0.85504 -2.6671 -0.24791 -2.2295 0.10215 0.19906 -0.10735 -0.12262 0.30304 1.1786 0.25969 -0.018956 0.11532 -0.9993 -0.81277 -0.0033183 0.23224 0.23619 0.52285 -0.65606 0.73655 -0.36726 0.6621 -1.1836 0.99166 -0.19169 0.25077 0.69074 0.70372 1.9814 0.21567 -0.86008 0.11164 0.94725 -0.067349 -1.6432 -0.82617 0.088105
1.7731 -0.84443 -2.4768 -0.24422 -1.3333 0.17818 0.60209 -0.2221 0.29209 -0.61479 1.6678 -0.38137 0.17859 0.20387 -0.43058 0.14682 0.37778 1.1837 0.61345 -0.44337 -0.35438 0.89178 -0.24704 -0.59949 -2.1837 0.70239 -0.60948 0.35089 1.2541 0.92148 1.172 -0.52445 -0.46943 0.56881 0.94617 -0.85505 -2.029 0.56775 -0.19246
1.902 -0.68563 -2.4786 -0.16505 -0.78764 0.42469 0.47131 0.023607 0.1042 -0.081051 1.6289 -0.34769 0.34745 -0.49009 -0.3545 0.38692 0.92794 1.8756 0.32762 -0.19509 0.53489 1.8616 -1.0188 -1.8248 -0.52013 0.52513 -1.028 0.42849 1.7342 0.6301 -0.16205 -1.4084 0.24959 0.71607 -0.54013 -0.46044 -1.6566 1.4202 -0.44484
2.0528 -0.67034 -2.648 0.17301 0.12452 0.54981 0.26984 -0.5597 1.1797 0.015588 1.065 -1.5895 0.38483 -1.0766 -0.30454 1.2129 1.0225 1.4614 -0.81697 0.14677 0.5947 1.1132 -1.7051 -2.2899 0.14018 0.51947 -1.1165 0.20771 1.6391 -0.055344 -1.667 -1.824 1.2984 0.083055 -1.7071 0.33169 -0.45765 1.6566 -0.33886
1.7392 -1.2157 -2.2904 0.5865 0.75501 1.0278 -0.43281 0.58116 1.398 -0.07889 -1.7038 -1.5813 0.45901 -1.2291 -0.31931 1.8501 0.84396 -0.25095 -1.5015 0.67434 0.27741 -0.37282 -0.62306 -2.0581 0.55782 0.31771 -0.71105 0.53959 1.481 -1.1337 -2.2977 -0.83849 1.5236 -0.74898 -2.6026 1.6164 0.80553 0.82579 -0.29981
0.96232 -1.1428 -1.6605 0.83809 0.37739 -0.28167 0.38321 0.6198 1.7778 -2.1302 -1.0394 0.60048 0.55435 -1.5819 -0.085171 2.4359 0.33084 -1.2748 -1.6485 1.4845 -0.090266 -1.174 0.27562 -1.4961 0.66771 0.22293 -0.2378 0.93201 0.53012 -1.9843 -1.3682 0.97196 1.143 -1.3324 -1.5544 2.4339 1.4051 0.11437 -0.29644
0.68479 -1.034 -0.83651 0.69004 -0.74301 -1.3087 0.92583 0.24091 0.39145 -1.7756 -0.26802 0.26851 0.58345 -1.611 0.47004 2.5049 -0.7951 -1.6095 -0.71729 1.9101 -0.66001 -1.854 1.4771 -0.54596 0.89533 0.15738 0.21055 0.98347 -0.70423 -2.228 0.29444 2.3675 -0.053037 -1.1676 0.15595 1.8507 1.155 -0.36829 -0.2044
0.77925 -1.0355 -0.20002 0.54292 -1.9877 -1.1503 1.5641 -0.25236 -0.71692 0.12144 -0.28527 -0.50022 0.50892 -1.3468 0.91042 1.8628 -1.7887 -0.75 0.48242 1.6076 -1.647 -1.0433 2.4911 -0.093833 0.18541 0.089402 0.72819 0.52988 -1.7196 -1.622 1.4202 2.5541 -1.6035 -0.28184 1.3833 0.37826 0.6442 -0.20544 -0.17436
0.3097 -0.66702 0.26668 0.18116 -1.6217 -0.69145 2.03 -0.24101 -0.29097 0.94922 -0.79354 -0.46597 0.60491 -0.94336 0.88109 0.83941 -2.1745 0.10613 1.5543 0.50649 -1.3232 -0.13393 2.2599 -0.33961 0.018861 0.032504 0.86253 -0.16146 -1.8099 -0.50947 1.4049 1.2821 -2.5613 0.95174 1.6667 -1.8785 0.31445 0.61082 -0.30449
0.22257 -0.24843 0.15906 -0.91906 -0.96374 0.65042 1.9342 -0.94914 -0.026507 1.3129 -0.81989 -0.3221 0.572 -0.51452 0.62681 0.10035 -1.945 0.86373 1.6619 -0.7524 -0.35687 0.56759 0.70501 -0.26691 0.66125 -0.014929 0.81242 -0.30436 -0.84704 0.66271 0.43457 -0.12977 -2.6229 1.705 0.69626 -2.9672 0.35141 1.3545 -0.64861
-0.019659 -0.32738 -0.14527 -1.3757 0.32869 1.0471 1.2784 -1.2683 1.0579 1.3057 -1.8368 -0.38588 0.59283 -0.36693 0.33946 0.051435 -1.6397 0.54764 0.92442 -1.5984 0.57676 0.47264 -1.6676 0.17096 1.8939 -0.31451 0.58873 0.024488 0.44067 1.6433 -0.27042 -0.7872 -1.8347 1.3174 -0.57682 -2.0834 0.51648 0.98135 -1.0363
-0.046033 -0.32159 -0.54392 -1.3161 -0.45106 0.34301 1.0021 -0.59834 0.89579 -0.41627 -0.44735 1.0059 0.58224 -0.071435 0.66289 0.69645 -0.82653 -0.055453 0.57063 -2.1409 0.79925 -0.030993 -1.9267 0.35995 2.0161 -0.85289 0.13215 0.50463 1.0179 2.014 -0.53226 -0.3232 -0.5512 0.58544 -1.1464 0.062415 0.49575 0.018549 -1.1868
0.43959 -0.52087 -0.23797 -1.1447 -0.56144 0.10744 0.086364 0.1471 -0.13523 -0.21522 -0.30513 0.45029 0.51244 -0.032564 0.9107 1.3538 0.2963 -0.0073788 0.72853 -2.1603 0.71568 -0.90199 -0.90297 0.40742 1.3411 -1.331 -0.32721 0.72891 0.84956 1.9835 0.011187 0.70353 0.74458 -0.030546 -0.5771 2.1347 -0.14232 -1.1872 -0.94516
0.13801 -0.51745 0.50574 -1.4678 -1.6889 0.069766 0.064772 0.43411 -0.29328 -1.5455 -0.39045 1.9308 0.02736 -0.42961 1.2152 1.3253 0.79773 0.015334 1.1964 -1.4878 0.71906 -0.87866 0.46354 0.6312 0.9543 -1.5479 -0.6325 0.32939 -0.3135 1.5164 0.56385 1.0853 1.876 -0.56082 0.58722 2.5614 -0.5935 -1.6978 -0.3166
0.09136 0.74334 1.4801 -1.049 -0.96163 1.0157 -0.48451 -0.16079 0.25393 -0.13194 -0.88431 1.4631 -0.46806 -0.82135 1.3234 1.3029 1.2028 0.53369 1.8357 -0.57416 0.52384 -0.1714 1.7394 -0.30665 -0.042011 -1.5927 -0.36072 -0.2996 -1.4078 0.96964 0.54318 0.55064 2.2365 -0.82661 0.97372 1.6881 -0.59573 -1.4885 0.45822
0.034319 0.71043 1.4424 -0.52302 0.29235 2.0564 -0.77381 -0.7122 -0.62175 1.0269 -0.67697 0.60255 -0.81839 -0.89912 1.029 0.14465 1.5173 0.86225 1.9059 0.48368 -0.26392 0.71521 2.273 -0.58547 -0.81065 -1.2669 0.32351 -1.0813 -1.8616 0.57505 -0.24046 -0.66301 1.8756 -0.45456 0.44395 -0.051071 -0.11339 -0.88189 0.99359
-0.71218 0.71238 0.61821 -0.44315 -0.0014092 1.7468 -0.23868 0.23592 0.45238 1.1949 -0.26575 1.2981 -0.8011 -0.49593 0.49368 -0.64961 1.7296 0.71377 1.3317 0.93025 -0.48628 0.13602 1.833 -0.29143 -0.86377 -0.68406 0.90736 -1.3886 -1.6891 0.18016 -0.95611 -1.668 0.81215 -0.16681 -0.60106 -1.3061 0.8375 0.32517 1.0898
-0.69141 0.78847 1.1889 0.14563 -0.33828 1.8952 0.37935 0.68869 0.34157 0.99931 -0.94702 0.79983 -0.99148 0.028698 -0.22541 -1.1283 1.6029 -0.58456 0.29322 1.177 0.27865 -0.18904 0.31327 0.34319 -0.47274 -0.29421 1.1498 -1.2155 -0.89319 -0.17344 -0.68124 -1.5105 -0.42653 0.40286 -1.3033 -1.5817 1.1853 0.94234 0.68201
-0.32493 0.43668 -0.086338 0.40525 0.07102 2.0817 0.7277 -0.6496 0.62716 1.8351 -1.2425 -0.24108 -0.87004 0.46136 -0.43384 -1.1727 1.5035 -0.76366 -0.26288 0.55342 -0.11441 -0.83199 -0.086278 0.97286 0.43718 -0.20557 0.75745 -0.55563 -0.27846 -0.54604 0.065266 -0.76772 -1.0681 0.70522 -0.86932 -0.74519 1.3885 0.98353 0.14492
-0.21486 0.52647 0.37978 0.56115 -0.63337 1.8037 0.67148 -0.61352 -0.60684 0.53661 -0.60146 1.4029 -0.82036 0.83635 -0.59383 -1.2392 1.3246 0.16053 0.072447 -0.11653 0.32847 -1.2279 -0.16617 1.2666 0.45816 -0.33389 -0.0099096 0.27547 0.73036 -0.72335 0.90127 -0.09967 -1.2419 0.69348 -0.4866 0.33427 1.0734 0.53096 -0.19175
0.18384 0.54409 0.21968 0.93176 -1.6262 1.5749 0.50778 0.57867 -0.11655 0.58562 0.064981 0.56512 -0.94875 0.55787 -0.27291 -1.1068 0.87884 0.47684 0.10467 -0.38364 0.87501 -0.95939 0.47485 2.1637 0.6749 -0.4155 -0.6953 0.67014 1.3464 -0.93714 1.101 0.089849 -0.51979 0.64353 0.21134 0.61189 0.39748 0.25594 -0.23567
0.098691 0.12536 -0.31398 1.2239 -0.16875 1.6926 -0.30054 -0.72449 -1.3336 1.4605 0.8658 1.6898 -1.13 -0.041342 0.17375 0.185 0.59973 0.6958 -0.064856 -0.63259 1.1465 -1.0238 0.75881 1.9937 0.4804 -0.51944 -1.095 0.90464 1.6538 -0.93336 0.86204 -0.33113 -0.19389 -0.24963 0.82003 0.11063 -0.7555 0.2727 -0.098398
0.07518 0.049426 -0.90547 1.1327 0.7956 2.1516 0.056626 1.3709 -0.27059 1.031 0.53011 1.2744 -1.2555 -0.44295 0.34129 0.59667 0.15788 1.291 -0.038553 -0.14754 0.73874 -0.52611 0.77501 1.4164 0.93163 -0.51852 -0.79088 0.89978 1.4831 -0.6539 0.14878 -0.46851 0.31574 -0.65621 1.2759 -0.68605 -2.0676 -0.46062 0.066219
-0.071432 0.68203 -0.19484 1.0834 0.048106 2.0451 0.40136 0.99314 -0.44389 2.1272 1.5384 0.93166 -1.3442 -0.77703 0.6616 0.95681 -0.016028 1.5712 -0.43325 -0.59819 -0.13686 0.10274 -0.071628 -0.0070738 0.8699 -0.45206 -0.21538 0.61526 0.54452 -0.30585 -0.32301 -0.73096 0.3053 -0.94164 1.4501 -0.76635 -2.187 -0.75216 0.17876
-0.45274 0.79418 1.0716 1.1161 0.3045 1.5798 -0.17412 0.13254 -1.1671 2.0455 1.0069 0.71592 -1.3097 -0.60172 1.0373 1.2406 -0.0012278 0.35107 -0.52763 0.16657 0.16585 0.87796 -0.58046 -1.2763 -0.49012 -0.3358 0.20417 0.15819 -0.29555 0.094235 -0.55073 -0.72798 0.019982 -0.43442 1.1026 -0.87226 -1.7119 -0.95255 0.22119
-0.51238 0.76856 0.988 0.79167 0.78194 1.582 0.60071 0.47348 -1.0846 0.78997 1.2733 3.266 -1.3979 -0.37987 0.89021 0.86686 0.13039 0.48166 -1.0938 -0.24132 -0.49173 1.0008 -0.20687 -1.3545 -0.37945 -0.30388 0.57331 -0.39548 -1.0877 0.2658 -0.48264 -0.18036 0.23022 0.30488 0.58573 -0.42638 -0.21731 -0.51312 0.23423
-0.60221 1.0313 0.62249 1.2095 1.2809 1.0207 -1.1817 -0.066611 0.21548 0.59446 -0.36152 1.2976 -1.5277 -0.25058 0.50476 0.097471 0.27039 0.6709 -0.97656 -0.29888 0.011198 1.101 -1.0288 -1.5932 -0.42713 -0.21273 0.44393 -0.70922 -0.9987 0.22606 -0.19781 0.13991 0.047024 0.62765 -0.27991 -0.0080738 1.122 -0.41322 0.18074
-0.36212 1.2746 0.76542 1.2814 0.017044 1.6107 0.77645 0.70826 0.087429 1.1664 -0.87508 -0.013343 -1.5069 0.15002 0.2527 -0.47554 0.34889 0.39017 -0.52358 0.045698 0.5218 1.0999 -0.75896 -0.35028 -0.23998 -0.1113 0.18395 -0.65763 -0.06656 0.019763 -0.55959 0.53955 0.55423 0.79279 -0.97923 0.41261 1.724 -0.29608 0.16036
-0.34827 1.1463 0.35553 1.2251 1.5255 0.60791 -0.3309 0.71062 0.65698 1.8078 0.022124 1.0049 -1.5959 -0.013485 0.14091 0.071906 0.31728 -0.023 -0.56988 0.09955 0.88932 0.31683 -0.31534 0.5711 -1.4325 -0.12179 -0.053807 -0.44574 0.77996 -0.0037183 -0.68025 0.28011 0.19793 -0.076466 -0.99896 0.95584 1.4653 -0.065819 0.073587
-0.62961 1.1638 0.58297 1.3627 0.93059 0.87687 -0.13768 0.54426 -0.13574 0.30916 -0.11863 1.0387 -1.4823 -0.14646 -0.054228 0.75742 0.15592 -0.35501 -0.35845 0.56254 0.63146 -0.42763 0.33118 1.1945 -0.50815 -0.074091 -0.18561 -0.21384 1.05 0.10424 -0.7614 0.15251 -0.0054869 -0.79964 -0.53596 0.92544 0.13277 -0.1814 0.010438
-0.18926 0.92912 0.52091 1.3911 0.96182 1.2046 0.11796 0.78665 -0.033888 0.60421 1.1545 1.8499 -1.422 -0.20876 -0.10344 0.91864 0.37274 -0.39486 -0.57218 -0.20513 -0.22896 0.0073198 0.49043 0.71467 -0.45018 -0.10528 0.025338 -0.030768 0.45036 0.21182 -0.50299 0.084056 -0.18556 -1.1071 0.46733 0.9696 -0.85001 0.027317 -0.021838
-0.71767 1.1115 1.2921 1.2457 0.63982 0.63695 0.22686 1.6003 -0.2769 0.52337 1.1204 -0.099286 -1.6859 -0.11287 0.012345 1.0363 0.52526 -1.0336 -0.25766 0.1786 -0.55828 0.2638 0.83698 -0.17845 -1.1263 -0.10208 0.11361 0.14866 -0.20526 0.24019 -0.20248 -0.03825 -0.37602 -0.92852 0.90011 0.60087 -1.3615 -0.31798 -0.024406
-0.67248 1.1031 1.7508 1.4809 0.28949 0.78834 0.12104 0.47679 -0.023681 2.0612 0.23301 0.13047 -1.594 0.015889 0.060178 0.76274 0.53424 -0.74782 -0.47468 -0.056884 -0.77319 0.85819 1.5257 -0.59095 -1.0887 -0.14582 0.10593 0.16254 -0.4075 0.079119 0.00073447 -0.0057783 -0.10216 -0.47374 0.59545 0.35072 -1.0435 -0.12776 0.0072106
-0.4811 1.124 1.453 1.8549 0.088228 0.49915 -0.04949 0.082123 0.62344 1.8542 -0.044099 0.11301 -1.6214 -0.042433 0.12533 0.45757 0.52889 -0.60819 -0.47456 -0.20791 -0.99476 0.84408 1.1136 -1.09 -0.86536 -0.096265 0.022801 0.081375 -0.39713 -0.0063904 0.2356 -0.1241 -0.24776 -0.25649 0.29965 0.029808 -0.52712 0.19139 0.01807
