39 200
-0.88526 1.301 1.4973 0.91669 -0.37714 0.078627 -0.25604 0.27182 -0.96804 -0.075078 0.046124 0.24067 -1.2291 0.36951 -0.36576 -0.76941 -0.068332 0.76364 0.71987 0.045671 0.038407 0.085485 0.42709 -0.19511 0.76689 0.086263 -0.057988 0.037171 -0.15154 0.093386 -0.34732 -0.027164 0.24673 0.13041 -0.010114 0.33221 -0.049806 -0.60549 0.011731
-0.45371 1.171 1.1966 0.8342 -0.61163 -0.37049 -0.22666 1.1572 0.3779 0.17019 -0.50279 0.50158 -1.1702 0.27153 -0.39404 -1.0434 0.024585 0.48563 0.6215 0.38709 0.27433 0.26713 1.0319 0.024481 0.16822 0.10715 0.032911 0.11723 -0.11968 0.088783 -0.62331 -0.068507 0.45848 0.077579 -0.046371 0.026749 0.047855 -0.77198 -0.013944
-0.7708 0.88168 0.93317 0.71453 0.94305 1.1343 -0.94816 -0.61386 -1.2765 -0.10883 -0.44812 1.5265 -1.1591 0.30572 -0.27387 -0.87076 0.054469 0.26047 0.71154 0.37594 0.1566 -0.027602 0.71542 -0.41098 -0.21625 0.094991 -0.03449 0.18043 0.22091 0.21381 -0.33186 -0.0044759 0.36277 -0.21735 -0.21543 -0.52123 0.27743 -0.70846 -0.088925
-0.40794 0.98956 0.58991 0.96361 0.16343 0.98906 0.30756 0.63281 -1.0098 0.65805 0.19792 0.78691 -1.1375 0.4567 -0.19073 -0.90148 0.03089 -0.1187 0.58425 0.81843 0.10921 0.044448 0.28884 0.00084394 -0.36995 0.056076 0.16827 0.20276 0.68486 0.32344 -0.043789 -0.23875 -0.0826 -0.034181 0.053129 -0.79328 0.2675 -0.21504 -0.14008
-0.7236 0.96624 0.42237 1.0105 -0.3195 0.39195 0.42346 0.86986 -0.21136 1.368 0.17682 -0.20697 -1.1184 0.2076 -0.13337 -0.42865 0.32373 0.45117 0.72612 0.57043 -0.34229 -0.25192 -0.24458 0.36099 -0.46047 -0.045429 0.12699 0.031254 0.53849 0.28723 0.26082 -0.39573 -0.65626 -0.27007 0.30475 -0.51839 0.17826 0.62273 -0.1354
-0.42764 1.1058 0.85339 0.92439 -0.2082 0.8648 -0.08586 0.35298 -1.0732 0.13048 -1.0558 0.05361 -1.1403 0.62618 -0.090293 -0.042957 0.49089 0.2889 0.13568 0.11133 0.42891 0.48839 -0.052159 0.16304 -0.18087 -0.069516 -0.075805 5.5166e-05 0.42653 0.15017 0.47553 -0.37936 -0.94431 -0.26296 0.1044 -0.20365 -0.19373 1.1927 -0.06164
-0.061184 0.97803 0.27935 0.82737 -0.42024 0.70192 0.91761 0.52248 -0.25049 -0.0063852 0.22758 0.43274 -1.1583 0.45025 -0.25692 -0.33399 0.35746 0.49802 0.14494 -0.63266 -0.57254 0.3822 -0.15185 -0.14489 0.95878 -0.080892 -0.26807 0.0617 0.085876 -0.078516 0.025644 -0.49069 -0.2863 0.40441 0.27606 0.52808 -0.069845 0.98976 0.060721
-0.5193 0.82676 0.76325 1.387 1.2191 1.4359 -0.13223 -0.21237 -0.87294 -0.18279 0.18739 0.61764 -1.2461 0.18966 -0.1176 -0.17819 0.28983 0.68178 0.11654 -0.53652 -0.33067 -0.057022 -0.19272 -0.13832 1.3743 -0.035606 -0.63523 0.29315 0.24011 -0.25394 -0.31636 -0.22512 0.22746 0.80748 -0.13646 0.53191 -0.14833 0.16696 0.10819
0.25024 0.8179 0.76541 1.4196 0.78809 1.0553 -0.57068 0.9219 -0.21133 0.80825 -0.12095 1.1035 -1.1926 -0.075368 0.0019265 -0.185 0.27097 0.27706 -0.24415 0.29554 0.82474 0.59296 0.79143 0.36577 0.79414 0.042645 -0.38402 0.4912 0.41391 -0.36204 -0.88972 -0.13715 0.90967 1.5897 -0.054234 0.14059 -0.074633 -0.97599 0.13321
-0.18126 0.7312 -0.2229 1.2144 -0.17107 0.69678 -0.31793 -0.38506 -0.18152 0.84806 -0.2808 1.5828 -1.1922 -0.29113 0.31599 0.32779 0.051675 -0.18765 -0.12119 0.10845 1.3282 0.098298 0.44925 -0.39418 0.224 0.056943 -0.25943 0.28412 0.26701 -0.33838 -0.91697 0.21747 0.71939 0.69062 0.035444 -0.67632 -0.0037887 -1.1079 0.068333
-0.6236 1.0547 0.63903 1.1715 0.45285 0.67098 -0.028795 0.54696 -0.95099 0.25426 -0.4737 1.2025 -1.1312 -0.02498 0.4163 0.16161 -0.20876 -0.67586 -0.012559 0.9137 1.7692 0.19063 -0.24896 -0.17237 -0.51839 0.10491 0.1438 -0.033262 0.30518 -0.17624 -0.35813 0.28462 0.15398 -0.40565 -0.15283 -1.1766 -0.33567 -0.46818 -0.0057672
-0.28275 1.0741 0.59145 1.2691 0.16778 0.71138 1.2404 2.0524 0.5513 1.0851 0.29983 0.76127 -1.096 -0.32078 0.19477 0.1407 -0.11121 -0.49889 0.42998 0.63063 0.55998 0.21651 -1.0126 0.11614 -0.29581 0.051632 0.42532 -0.35943 -0.17135 -0.05975 -0.075362 -0.13468 -0.32622 -1.1896 -0.28009 -0.60823 0.07773 0.17834 -0.052766
-0.44017 1.2531 0.9913 1.0968 0.077264 1.1331 0.064878 1.8153 -0.7223 0.16673 -0.47829 0.75585 -1.173 0.1998 0.014287 0.46737 0.015747 -0.22877 0.043129 0.34407 0.36686 0.21514 -0.77561 -0.56359 0.056865 0.033808 0.17963 -0.40862 -0.43337 -0.23729 -0.086727 -0.67242 -1.2996 -1.9861 -0.97939 -0.094511 0.17986 0.51945 -0.074472
-0.050275 1.1109 0.60283 1.207 0.4142 1.4117 0.84817 1.9504 -0.32949 -0.30285 -0.0843 0.15488 -1.1001 0.37736 -0.11478 -0.09802 -0.17866 -0.56883 -0.42048 -0.28792 -0.38939 -0.49702 -0.49721 -0.05117 0.28257 -0.0013662 0.12574 -0.29699 -0.39621 -0.27295 -0.26652 -0.99836 -1.2561 -1.4015 -0.84035 0.65348 0.55513 -0.070956 -0.049257
-0.4651 0.81248 0.32217 1.2543 -0.33439 1.3224 -0.046517 0.064096 0.31868 -0.28858 -0.0047016 1.6618 -1.1438 -0.047457 -0.14871 -0.44928 -0.62625 -0.81877 -0.92876 -1.3165 -1.7767 -1.4883 -0.73293 0.26165 0.24739 -0.00049043 -0.38119 -0.10727 -0.18877 -0.2365 -0.012872 -0.71528 -1.1089 -0.70029 -0.37396 0.76665 1.1199 -0.62233 -0.059649
0.02222 0.88896 0.78649 1.2213 -0.11517 0.17035 0.55937 0.7017 -0.22997 0.22149 -1.544 1.6109 -1.1179 0.029803 -0.2438 -0.066373 -0.30833 -0.70211 -1.0741 -1.139 -1.2132 -0.67864 0.17181 0.79971 -0.56288 -0.01893 -0.30237 0.14935 0.34873 0.053833 0.61678 -0.1697 -0.27519 0.65692 0.41697 0.76244 0.95486 -1.2462 -0.041629
-0.10675 1.1152 0.53486 0.83013 -0.20065 0.20336 -0.12185 1.2305 -1.9383 0.049987 0.5174 0.89805 -1.1243 -0.33681 -0.10186 0.14821 -0.36915 -0.20842 -1.0568 -1.5265 -0.65583 -0.47211 0.31236 1.2297 -0.83788 -0.063334 0.098607 0.25957 0.65654 0.39025 0.90788 0.58126 0.77511 1.4419 1.1425 0.83794 0.91463 -0.9704 -0.0065819
-0.59544 0.97278 0.016607 0.2876 -0.88539 -0.014052 -1.2698 -0.75169 -2.1506 -0.38335 0.65181 0.67774 -1.1189 -0.042605 0.14024 0.23806 -0.21217 0.20156 -0.6976 -0.75883 0.3453 -0.14021 0.39457 1.3555 -1.7887 -0.044286 0.32673 0.22421 0.51591 0.52746 1.0546 0.87869 1.2816 0.94516 1.2732 0.43448 -0.12547 0.091613 0.077574
-0.12091 0.81622 1.17 1.2888 -0.31254 0.41346 -0.85847 0.75892 -0.34181 0.42372 0.43441 -0.39164 -1.1962 0.16553 0.13489 0.57058 0.051954 0.32362 0.036128 0.084598 0.31801 0.61449 0.71465 1.7944 -1.1804 -0.00073309 0.44753 -0.31204 0.66214 0.64339 1.2807 0.9608 1.4646 0.50388 1.1007 0.20817 -0.89803 0.91089 0.38829
-0.67009 0.89254 0.5322 0.81956 0.30504 0.069707 -1.17 0.63136 -0.35185 0.0022467 1.3061 0.2553 -1.173 0.37723 0.050195 0.64907 0.46487 0.88757 0.12442 0.69165 0.17474 1.4216 0.75718 0.26088 -0.22561 0.084336 -0.062431 -0.9476 0.38645 0.091088 1.322 0.51119 0.67262 -0.34068 0.46779 -0.12522 -1.0674 1.6305 0.82689
-0.056201 1.1314 0.67673 0.98591 -0.21417 0.012463 -0.2151 0.95535 -0.4589 0.46471 0.78305 -0.40307 -1.1574 0.27523 -0.60382 1.1246 0.49361 1.7071 0.44051 0.76204 0.41676 1.0321 0.4843 -0.014901 0.24892 0.55146 -0.30817 -1.1266 -0.11308 -0.50701 1.0238 0.055926 -0.047586 -0.23681 -0.34978 -0.11848 -1.3153 1.0722 0.89799
0.33726 1.1175 1.5044 1.0488 0.072795 0.3973 0.78149 1.056 -0.37745 1.1453 1.5762 0.38422 -1.0746 -0.21844 -1.1744 0.66174 -0.26805 1.8419 0.1139 0.28219 -0.41539 0.62141 0.2247 0.1316 0.86028 1.1274 -0.42647 -0.88191 -0.97078 -1.354 -0.14548 -0.3642 -0.87548 -0.40849 -0.83708 -0.030283 -0.47806 0.83469 0.72173
-0.038515 0.98298 0.83046 1.3015 0.68625 0.36303 -0.24368 0.30161 0.24449 0.42537 0.3126 0.68927 -1.0123 -0.11201 -1.2571 0.39303 -0.53889 1.6473 0.1492 0.18305 0.11067 0.28673 0.70876 -0.76197 0.48017 1.0501 0.28214 -0.18656 -1.9116 -1.7055 -1.7869 -1.003 -1.3172 -0.62858 -0.84942 -0.13282 -0.35002 0.21927 0.38913
-0.46137 -0.25046 1.8822 1.1341 1.5127 0.82867 -0.72308 0.24354 -0.11783 0.13364 0.6334 0.41371 -0.28894 -0.22327 -1.1896 -0.65343 -1.5655 0.6349 -0.45807 -0.83334 -0.5199 0.054206 0.54167 -0.32278 1.3688 1.0985 1.3893 0.43831 -1.9328 -1.4633 -2.969 -1.3852 -1.068 -0.58975 -0.85445 -0.3112 -0.042392 -0.76886 0.13974
-0.64538 -0.37464 1.3642 0.48652 1.8037 0.070305 -0.54129 0.38201 0.72224 0.76408 1.3155 0.80776 0.17582 0.79379 -0.91872 -1.5282 -2.0638 -0.8965 -1.2728 -1.4061 -0.82134 -0.44996 0.026227 -0.49044 0.42591 1.2465 2.091 0.90439 -1.6248 -0.90414 -3.1515 -1.3898 -0.6959 -0.87382 -0.36232 -0.62166 0.3866 -1.343 0.05652
-0.19558 0.21028 0.61855 0.13219 1.3621 0.23606 -0.052305 1.4964 -0.554 1.4577 -0.19963 0.38019 -0.4514 1.8921 -0.54823 -1.7251 -2.2573 -2.1995 -1.9348 -1.1349 -1.1616 -0.78639 -0.07514 -0.095506 -0.73455 1.2727 2.0558 0.79377 -0.67898 0.15349 -2.0891 -0.69717 -0.06873 -0.54537 0.25043 -0.67677 0.12559 -1.6001 -0.092273
0.11305 0.16067 -0.089281 -1.0356 -0.32802 -0.62116 -1.2826 -0.4301 -0.37244 1.1496 1.0232 2.202 -0.01064 2.6911 0.051377 -1.8809 -1.8955 -2.574 -1.8814 -1.1101 -1.352 -0.04684 -0.21831 -0.11437 -1.2832 1.0607 1.0328 0.25663 0.068074 0.98045 -0.34606 0.15565 0.32938 -0.1302 1.0766 -0.55009 0.2306 -0.54538 -0.15141
1.6222 -0.057634 -0.18571 -0.89153 -0.75119 -1.1807 -1.6674 -0.54931 -0.87185 0.26568 0.44411 0.22505 0.53333 2.6238 -0.24335 -1.636 -1.3677 -2.272 -1.5445 -1.1312 -1.3775 0.37159 -0.67706 -0.2683 -1.1259 1.0283 -0.27652 -0.18935 0.32636 1.4996 1.2646 0.89105 0.59423 0.81659 1.2606 -0.19729 -0.31687 0.60644 -0.38611
1.8058 -0.26705 -0.37886 -1.0335 -0.91487 -1.793 -1.719 -1.2638 -0.72582 0.06434 0.3696 -1.0316 0.7699 2.332 -0.60078 -1.4277 -0.67491 -1.5002 -1.1617 -0.73642 -1.0014 1.2061 -0.77128 0.047166 -0.536 1.102 -1.3936 -0.32416 0.50424 1.4929 1.5684 1.0272 0.9001 1.1218 0.56031 0.65493 -0.50459 1.6467 -0.67929
2.2483 -0.16161 -0.035542 -1.03 -0.44393 -1.0785 -1.6997 -0.72761 0.84519 0.58591 0.84608 -0.73983 0.87778 1.5548 -0.54966 -1.3559 -0.059735 -0.50653 -0.52508 -0.10379 0.27926 1.2044 -0.22167 -0.81311 0.12758 0.574 -1.5926 0.30564 0.9132 1.3467 0.96922 1.0207 0.89594 0.87796 -0.49105 1.1348 -0.48833 1.767 -1.152
1.9876 -0.41144 -1.0183 -1.275 -0.74378 -1.6256 -1.6418 -0.65932 0.77752 0.43974 0.33303 0.5017 0.86295 0.64316 -0.36415 -1.1147 0.24584 -0.68553 -0.35057 0.22528 0.049667 0.69938 0.76257 -0.85188 1.4873 0.095936 -1.4751 0.60979 1.2509 1.0196 0.18416 0.68816 0.66897 0.25676 -1.4924 0.93349 -0.44713 0.6357 -1.2748
2.6381 -0.40559 -1.3592 -0.90725 -1.0655 -1.3429 -1.3223 -0.3314 0.9289 0.38117 0.23787 0.83327 0.81587 0.51778 0.19639 -0.17245 0.69284 -0.97578 0.077465 0.2284 -0.16339 -0.39635 0.68338 -0.79639 1.5096 -0.48906 -0.92529 0.35718 1.5957 0.69533 -0.45773 0.43731 0.47808 -0.4181 -1.2763 0.31968 -0.10727 -0.73393 -0.70183
2.2437 -0.50468 -1.5138 -1.0439 -1.0463 -1.5386 -1.7383 -0.22343 0.74394 0.52971 -0.39172 1.5528 0.79541 0.11747 0.12839 0.18998 0.856 -0.96082 -0.09714 0.46969 -0.28976 -1.0948 0.51808 -0.85691 0.069503 -0.60207 -0.6099 -0.2281 1.2648 0.13959 -0.44599 0.24704 0.40995 -0.18062 -0.43759 -0.47103 -0.27358 -1.7158 0.019711
2.3991 -0.44953 -0.98171 -0.45565 -1.6391 -1.8907 -1.2935 -1.2865 -0.24271 1.4419 -0.48579 0.84641 0.71209 0.10114 -0.14566 0.80299 0.93392 -1.2078 0.21489 0.75234 -0.41805 -0.55081 0.46732 -1.0309 -0.71289 -0.30838 -0.60839 -0.79248 0.26752 -0.57646 -0.11443 0.072895 0.54119 0.1968 0.70833 -0.86198 -0.42636 -1.355 0.69635
2.589 0.27257 0.088406 -0.19099 -1.7057 -1.0721 -1.4643 -1.3795 -0.91505 0.73418 -0.032987 0.47182 0.037532 -0.28181 -0.58995 0.63124 0.38126 -1.3875 0.06881 0.80108 -0.2124 -0.13363 -0.076492 -1.2854 -0.99104 0.038753 -0.62088 -0.83957 -0.75637 -1.1735 0.39933 0.07401 0.46124 0.65396 1.4685 -1.0204 -0.44218 -0.06313 0.96183
2.1629 -0.40142 -0.58738 -0.29684 -1.2738 -1.3979 -0.8307 -0.52805 -0.19518 0.99816 -0.31869 -0.56798 0.3963 -0.41308 -0.85095 0.1 -0.15741 -0.98967 0.13607 1.1713 0.16762 0.59315 -0.71491 -1.4366 -0.80007 0.40953 -0.74081 -0.58622 -1.368 -1.4532 1.1493 -0.069679 0.29556 0.90341 1.5946 -0.63389 -0.12958 1.0605 0.91048
2.3952 -0.93534 -0.67185 -0.21473 -2.4778 -1.2673 -0.47408 -1.0016 0.79297 0.82767 -1.4044 0.45574 0.85131 -0.779 -1.0097 -0.75256 -0.8063 -0.38174 0.086065 1.2038 0.70656 1.3822 -0.88965 -1.5399 -0.04245 0.72324 -0.5487 0.18142 -0.67095 -1.1983 1.716 0.15482 -0.21727 0.81031 1.2145 0.10844 0.68607 1.6442 0.44175
2.1203 -1.1481 -0.96042 -0.79089 -2.6388 -1.4965 -0.63086 -0.5077 0.5691 0.18343 -1.6276 0.16354 0.95729 -1.0256 -0.97328 -0.86675 -1.205 0.31371 0.064145 1.1527 0.91332 2.0023 -0.38501 -1.1682 0.992 0.94365 -0.40076 0.91392 0.32491 -0.62851 1.7802 0.19399 -0.96787 0.53823 0.17508 0.79376 1.8909 0.9876 -0.21502
1.7582 -1.0914 -1.1219 -1.0938 -1.8352 -1.4133 -0.049059 -0.54125 1.0218 -0.00038792 -1.9527 0.50618 1.0936 -0.99566 -0.19298 -0.030336 -1.3494 0.99488 0.40936 0.35397 1.0183 1.6833 -0.079135 -0.063193 1.5049 0.5445 0.049012 1.623 1.6509 0.17552 1.2424 0.30753 -1.5726 -0.050054 -1.2196 1.1803 2.5174 -0.35003 -0.87344
1.561 -1.015 -1.4044 -1.1791 -1.7512 -1.4051 0.22544 -0.43331 1.4451 0.53931 -1.7504 0.5218 1.1119 -1.0513 0.38696 0.33214 -1.0711 1.4704 0.35696 -0.40891 1.0681 0.80501 0.35421 1.5759 0.45397 0.12068 0.50464 2.1726 2.2994 0.99991 0.43341 0.36318 -1.8393 -0.51241 -2.5027 1.0211 2.2037 -1.6197 -1.5171
1.3447 -0.92842 -0.77256 -1.5424 -1.0433 -0.83621 0.11229 0.24141 2.5993 0.59361 -1.1523 1.6496 1.1626 -0.68107 1.225 1.5556 -0.54985 1.2302 0.54811 -1.2682 0.50237 -0.55378 0.95509 2.084 -0.52512 -0.3974 0.31713 1.9106 1.9514 1.9832 0.13339 0.51831 -1.0717 -0.81753 -2.8592 0.37448 0.83874 -1.6834 -1.8548
1.2466 -0.79249 -0.44982 -1.7839 -0.78066 -0.85833 -0.75166 0.6687 2.2466 0.88365 -0.5495 1.419 1.1102 -0.25534 2.2158 2.3798 0.26546 0.94489 0.71394 -1.8394 0.1146 -2.0791 1.0075 2.1309 -1.383 -1.2455 -0.31725 1.2369 0.94682 2.4717 0.0084774 0.61792 0.014019 -1.0817 -2.2801 -0.24672 -0.83117 -1.0735 -1.9334
1.2106 -0.58782 -0.5657 -1.3864 -1.4065 -1.1301 -1.2841 0.10425 1.0327 0.81928 0.69972 0.12944 0.94551 -0.81281 2.322 2.378 1.6976 1.4719 1.2587 -1.1502 -0.17528 -2.8152 0.26585 1.3192 -1.0988 -2.0244 -1.1249 0.18961 -0.51554 2.1885 0.04967 0.45342 1.0177 -0.82027 -0.73531 -0.70665 -1.7715 0.027362 -1.5144
1.3634 0.49853 1.0756 -1.4065 -1.0926 -0.73884 -2.1118 -0.30009 -0.99922 1.2995 0.28338 -0.86562 0.35425 -1.5776 2.0626 1.5997 2.4371 1.3413 1.2277 -0.44705 -0.79469 -2.8017 0.18117 0.29934 -1.514 -2.4556 -1.4865 -0.90474 -1.5366 1.1472 0.040585 0.21947 1.5934 -0.15383 0.86624 -0.93155 -1.9485 1.2665 -0.5302
1.4876 1.5186 1.3374 -0.4878 -0.4948 -0.30657 -1.8477 -0.36438 -1.6875 1.2927 0.24497 -0.68451 -0.5398 -2.1056 1.652 1.072 2.4649 1.0972 1.19 0.12731 -0.71887 -1.7211 -0.029942 -0.52811 -0.4271 -2.4478 -1.0852 -1.6315 -2.157 -0.17575 -0.43902 -0.41514 1.385 0.67951 1.8634 -0.74764 -1.1323 1.5321 0.62361
-0.041314 0.8356 0.85876 1.1661 0.56392 0.72012 -0.39839 -0.07362 -1.1977 0.42624 -0.37002 0.76058 -1.0973 -2.3632 0.9434 0.37704 2.0284 1.1812 1.1815 0.80137 0.050876 -0.82798 -0.67336 -0.8251 0.88835 -1.9644 -0.14491 -2.2471 -1.8608 -1.5788 -0.40711 -0.86216 1.0824 0.98756 2.1683 -0.27239 -0.29911 1.4557 1.9156
-0.75794 0.75757 0.52358 0.74286 0.10554 0.29448 -0.85169 -0.72902 -0.74895 1.0744 -0.51774 -0.51321 -1.2338 -2.4321 -0.025905 -0.74939 1.5662 0.7464 0.4523 1.0753 0.74245 0.067466 -0.78355 -0.37615 0.85909 -1.1785 1.2382 -2.0793 -1.1427 -2.6306 -0.31228 -1.4612 0.53103 0.10577 1.546 0.30753 0.18561 0.36366 2.7877
-0.80874 0.97722 0.76666 0.54228 -0.41717 0.089284 -1.3287 -0.31924 -0.52334 0.9445 -0.52949 0.51164 -1.3022 -1.6878 -1.1073 -0.71144 -0.081959 0.76795 -0.12245 1.3042 0.43474 0.80681 -0.0088286 -0.37818 0.84327 0.26549 1.9525 -1.3825 -0.28773 -2.6018 0.29304 -1.8004 0.18645 -0.60162 0.98304 0.19889 0.36125 -0.4125 2.7767
-0.90066 0.92699 0.55386 0.69453 0.013295 0.48468 -0.44902 0.32949 -1.5326 -0.13166 -0.092165 0.877 -1.2083 -0.15927 -1.0313 -0.35206 -1.4219 0.72404 -1.069 0.96348 -0.7242 0.67163 0.18126 -0.38977 0.3267 1.3214 1.7089 -0.41348 0.045601 -2.0202 0.43328 -1.6677 -0.067093 -1.0972 0.67773 -0.12772 0.48093 -0.58392 1.9597
-1.2225 0.78631 0.28044 0.94247 0.20821 -0.11472 -0.4734 0.81071 -1.1683 0.61039 -0.15208 -0.1568 -1.2234 0.10507 -1.016 -0.29768 -1.3655 1.6912 -1.6437 1.2339 -0.45192 0.91067 -0.82029 -0.10743 0.27307 1.6505 0.65173 0.33234 -0.25462 -0.62865 0.11734 -0.87262 -0.59437 -0.62042 0.46293 -0.55201 1.0072 -0.53336 0.50311
-0.74813 -0.39374 0.4317 -0.46337 1.1231 0.0041362 0.8067 -0.43844 0.44222 1.5512 -0.75952 1.1003 0.012445 -0.17422 -0.8 -0.85053 -1.5887 1.0334 -2.1089 0.96391 -1.047 1.4221 -0.66765 0.43721 -0.093476 1.5621 -0.4385 0.50184 -0.32605 0.43164 -0.36552 0.51056 -0.92988 0.13839 0.26518 -0.65569 1.4019 0.17393 -0.61918
-0.18097 -0.093435 0.43598 -0.79992 0.95059 -1.0515 0.23838 -2.1227 -0.20483 0.55357 -1.0745 0.55611 0.40034 -0.48084 -0.61713 -0.88047 -1.1841 0.79897 -1.3423 0.069542 -0.67777 1.3919 -0.68652 1.203 -0.079259 1.0255 -0.68269 0.59771 0.11221 0.98939 -0.90481 1.609 -1.2251 0.45008 -0.13911 -0.33896 0.99242 0.070229 -1.2294
-1.0142 0.1772 0.23475 -0.50801 1.7825 -1.9418 0.27678 -0.19804 0.51147 -0.76039 -0.12177 -0.071532 0.16426 -0.68268 -0.32168 -0.60361 -0.70867 0.49552 -0.20727 -0.38107 -0.35907 0.98059 -1.1863 1.7341 0.83989 0.54736 -0.33486 0.21677 0.46421 1.0137 -0.45978 2.5268 -0.75797 0.94278 -0.28015 -0.041702 -0.040717 -0.074418 -1.1295
-1.3787 0.40139 -0.59942 -1.0226 -0.031512 -2.0474 -0.021466 -1.1223 1.1199 0.13286 0.66896 0.75088 0.024337 -0.90857 -0.17462 -0.19915 0.044964 0.32464 0.60348 -0.62955 0.083203 0.84118 -1.2552 1.2094 -0.072061 0.0017871 0.90742 -0.37922 0.32301 0.40651 -0.43074 2.5259 -0.056483 0.36269 -0.44792 0.54322 -1.2128 -0.1516 -0.31742
-1.5679 -0.066315 -0.3738 -0.17435 1.3574 -0.14579 -0.41188 0.15327 0.17547 -0.32773 1.511 0.53419 -0.26228 -0.58508 -0.6222 -0.3548 -0.30716 0.42801 1.9425 -0.25855 0.44252 1.1142 -0.50843 0.34599 -0.27607 0.093012 2.1325 -1.0212 -0.31042 -0.060552 -0.089224 1.5212 0.34648 -0.042947 -0.83336 0.92326 -2.2827 -0.2619 0.53422
-1.5065 -0.15672 0.071944 -0.4841 1.2547 -0.031128 -0.35305 -0.65655 0.86253 -0.21392 1.151 1.7858 0.063169 1.1427 -1.1341 -0.41495 -0.62811 0.041902 2.6054 -0.11635 -0.37523 0.39341 -0.030719 -0.52037 0.13935 0.69499 2.4693 -1.2418 -1.1629 -0.35899 -0.61871 -0.054532 0.72447 -0.45296 -1.4152 0.85007 -2.197 0.0099652 1.06
-1.3233 -0.58141 0.50136 -0.68945 1.6396 -0.037859 0.13331 -1.3766 1.8112 -0.42719 -0.41187 -0.035944 0.38708 2.2293 -1.6576 -1.0114 -0.49172 0.45456 1.8151 0.069121 -0.24235 -0.52786 -0.076202 -1.9448 0.16563 1.1356 1.7218 -0.84103 -1.2496 0.36243 -0.82939 -1.1896 0.93206 -0.32064 -1.9706 0.39192 -1.1672 -0.34994 0.85233
-0.98323 -0.46982 -0.61648 -1.4187 1.3748 0.86227 -0.07839 -0.60819 1.6216 -0.50569 -0.34829 -0.31739 0.40878 2.2445 -1.8673 -1.8745 -0.54233 -0.81437 0.55523 0.69332 -0.5115 -1.2786 0.11084 -2.0187 -0.29658 1.3368 0.12848 -0.20815 -0.65946 1.1188 -0.53106 -1.4975 0.96084 0.021942 -1.9066 0.024208 0.32456 -0.50933 0.27912
0.75428 -1.0043 -0.80283 -1.2303 0.83578 1.2337 -0.093164 -0.80283 0.55306 -0.36314 0.20302 1.1206 0.93212 2.0421 -1.749 -1.7799 0.32405 -0.64495 0.59711 1.2516 -0.16034 -2.1444 0.12583 -1.2317 -0.8096 1.2645 -1.1407 0.37687 0.58498 1.6134 0.014491 -1.0479 0.6391 -0.18618 -1.1573 -0.26545 1.6273 -0.55394 -0.18697
1.0027 -1.6886 -1.8951 -0.91107 1.0801 0.34108 -0.16458 -1.0039 -0.61813 0.10727 -1.7288 1.4012 1.1372 1.4683 -1.4495 -1.1555 1.0574 -0.3779 0.23122 1.2668 -0.39823 -2.7599 -0.13069 -0.23899 -0.45572 1.1184 -1.8385 0.85502 1.4991 1.4982 1.0995 -0.53425 -0.15717 0.014646 -0.094105 -0.89745 1.7405 -0.757 -0.56675
0.19841 -2.0785 -1.9641 -0.70769 0.3345 0.32482 1.0016 -0.85442 -1.4072 -0.36075 -0.68749 -0.13897 1.2222 0.50273 -1.181 -0.32365 1.7298 0.23879 -0.11157 1.093 -0.69957 -2.1924 -0.50895 0.39234 -0.93018 0.91578 -1.6869 1.1372 1.6282 0.64134 1.2945 -0.3809 -0.97771 0.42313 1.1067 -1.3362 1.4139 -0.33512 -0.74245
0.57811 -1.7266 -1.0276 -0.025594 1.111 1.1253 1.7257 -1.2096 -1.2592 -0.23212 -0.58523 -0.2439 1.5172 -0.39078 -0.61035 0.040053 1.5601 0.67936 -0.15693 0.44029 -0.23855 -1.4514 -1.3353 0.62123 -1.8336 0.51649 -0.80117 1.0688 0.88141 -0.28207 1.1495 -0.2301 -1.4867 1.0945 2.1312 -1.1136 0.48882 0.39597 -0.80529
0.53111 -1.8532 -0.90345 0.18926 1.3359 0.59881 1.2262 -1.7771 -2.0683 -0.85846 -0.40323 -0.51355 1.5451 -0.15303 -0.12287 0.49035 1.2702 1.1096 0.029805 -0.36051 0.58471 -0.50116 -1.8753 1.1412 -0.84136 0.26284 -0.095197 0.54335 -0.51261 -1.1566 0.12921 -0.20971 -1.5368 1.5101 2.5183 -0.38623 -0.3211 1.206 -0.8326
0.24857 -1.9047 -1.4345 0.5738 1.459 0.86296 0.70962 -1.319 -1.5432 -1.0161 0.45849 -0.43574 1.5068 0.30922 -0.055206 0.0020366 0.75198 1.2115 -0.30079 -1.0821 1.1348 0.82018 -1.6249 0.351 0.29828 0.032123 0.40565 0.011925 -1.2042 -1.4324 -0.64878 -0.051096 -0.94887 1.2216 2.4827 0.83409 -1.0821 1.2251 -0.66271
0.45106 -1.9835 -1.4167 0.39868 1.4451 0.5446 0.18472 -0.78045 -2.003 -1.9434 -0.1202 -1.0144 1.5012 -0.028843 -0.47524 -1.1732 -0.04234 0.17959 -0.46038 -1.3248 1.6247 1.9016 -1.1489 -0.11778 0.48531 -0.30258 0.47545 -0.1341 -1.2001 -1.3564 -1.2375 0.13131 -0.16615 0.34484 1.6717 1.8349 -1.6204 0.10647 -0.43834
0.6845 -1.916 -1.2819 0.52945 2.1691 0.39725 -0.017037 0.15526 -1.2971 -2.0788 -0.21219 0.46247 1.4266 0.29164 -0.40158 -1.2039 -0.47736 -0.034971 -0.016975 -1.0435 1.6722 2.5032 -0.1469 -0.90698 0.024245 -0.3636 0.44743 0.14176 -0.40231 -0.86848 -1.0945 0.61819 0.52897 -0.50887 0.53745 2.4271 -1.1605 -0.87335 -0.12893
0.74122 -2.0178 -1.6439 0.26514 1.7156 0.29709 0.2689 0.18962 0.5157 -1.8033 -0.32726 0.15103 1.3588 0.72935 -0.17834 -0.97517 -0.66616 -0.49553 0.14572 -0.73072 0.98347 2.1285 0.85328 -1.4573 -0.50747 -0.3089 0.53385 0.49725 0.35673 -0.28362 -0.73405 0.66216 0.65592 -1.1393 -0.78867 2.1508 -0.74776 -1.4454 0.19276
0.26057 -2.4327 -2.682 -0.12833 0.94598 0.63849 -0.14211 0.26602 1.3846 -1.3954 -0.62233 -0.034571 1.1344 0.7519 0.061212 -0.77303 -0.57166 -0.42434 0.62276 -0.29578 0.40586 1.8219 1.9755 -1.2928 -1.0444 -0.19206 0.2187 0.42289 0.67392 0.07521 -0.37128 0.22989 0.48648 -0.91239 -1.6941 0.98824 -0.2093 -1.011 0.30859
0.98124 -2.1847 -2.1474 -0.17539 1.5387 0.85474 -0.39514 0.21729 0.99565 -0.93062 -1.3612 -1.0997 1.1986 0.7226 0.1942 -0.73982 -0.53333 -0.95695 0.53384 -0.35337 -0.059696 0.60278 1.8624 -1.4181 -2.008 -0.051914 -0.026073 0.35739 1.0848 0.42369 0.24232 -0.33448 0.56314 0.066606 -1.7295 -0.55424 0.44422 0.20726 0.34976
1.393 -1.9157 -2.2278 -0.05316 0.95268 0.91768 -0.37048 -0.041489 0.54309 -0.33171 -1.3971 -1.1606 1.261 0.69385 0.17997 -0.11912 -0.40862 -0.48914 0.24292 -0.2365 0.33261 -0.25419 1.1952 -1.3496 -1.3505 0.047326 -0.36422 0.12971 1.1209 0.51311 0.088272 -1.0145 0.83558 0.86819 -1.2469 -1.863 1.1418 1.5337 0.21445
1.2966 -1.8402 -2.0082 -0.11898 1.5874 1.2864 0.041063 0.15134 0.87225 0.2816 -1.4849 -1.49 1.3279 0.70461 0.41291 0.61748 0.041348 -0.054752 -0.33337 0.39346 1.1279 -0.42719 0.13698 -0.55308 0.051895 0.183 -0.6678 0.0058994 0.92844 0.33223 -0.19318 -1.4802 1.2395 1.0256 -0.41128 -1.769 1.9421 2.4468 -0.0038352
1.281 -1.8939 -2.5217 -0.22102 0.59666 0.74541 -0.50985 0.15027 0.15672 -0.35353 -1.9254 -1.8863 1.3172 0.08188 0.19517 0.53087 0.097813 -0.74152 -0.96568 1.0468 1.5321 -0.25445 -0.77384 0.5369 1.0882 0.064923 -0.57795 0.231 0.48456 0.035715 -1.0547 -1.5627 1.0846 -0.043124 0.0035023 -0.54035 2.254 2.049 -0.3073
1.2474 -2.203 -2.0316 -0.44107 1.0918 0.61387 -0.10825 0.95026 0.78222 -0.67669 -2.0272 -1.0447 1.2825 -0.21177 0.20841 0.58184 -0.16911 -1.1983 -1.8106 1.5544 1.3772 -0.25265 -0.58521 1.4915 1.8323 -0.06882 -0.37191 0.88706 0.7858 -0.24402 -1.3152 -0.87564 0.18123 -1.5712 0.030949 1.2477 1.4609 0.98636 -0.76783
1.4318 -1.7449 -1.594 0.1937 1.279 0.26161 0.55091 1.9856 0.65788 -1.3062 -1.0603 0.29329 1.3897 0.077825 0.70673 0.7706 -0.24234 -1.8199 -2.1313 1.4129 0.095114 -0.33544 0.47653 2.1007 1.9924 -0.36671 -0.42439 1.8657 1.7652 0.13613 -1.0029 0.029251 -1.2639 -2.413 -0.46029 2.3173 0.11161 -0.29907 -1.3258
1.1425 -1.8631 -1.648 -0.038463 0.20601 -0.31493 1.2417 1.6902 0.35528 -1.4094 -0.33951 -0.11235 1.2479 0.013406 1.7554 1.8953 -0.25242 -1.8823 -1.4964 0.57626 -1.3398 -0.32367 1.8553 1.5613 1.6249 -0.94823 -1.0984 2.1688 1.8675 0.67231 -0.50077 0.85993 -2.1097 -2.0108 -0.58917 1.7388 -1.3033 -1.4278 -1.8051
1.0783 -1.6132 -1.773 -0.54815 -0.43011 -1.3367 1.7363 1.0978 0.13105 0.01718 0.47611 0.72312 1.1722 -0.82098 2.7706 2.9813 0.38894 -2.2097 -1.0681 -1.0801 -1.9886 -1.1763 2.3972 0.71669 0.54608 -1.8204 -1.6397 1.6789 1.244 1.1931 0.82561 1.4395 -1.9556 -0.55907 -0.44074 0.26587 -1.9191 -1.6131 -1.7058
1.6299 -0.96077 -1.2974 -0.47457 -0.59234 -1.1263 1.059 -0.54651 0.24842 1.1633 0.46366 0.29454 0.78832 -1.799 3.0677 2.7623 0.77078 -1.919 -0.63461 -1.5601 -1.6512 -1.0573 1.7382 -0.41373 -0.43555 -2.5069 -1.3867 0.4851 -0.30937 1.5548 2.125 1.7083 -0.91834 1.301 -0.023927 -1.4718 -1.3499 -0.88759 -0.98167
1.189 0.18782 0.3738 -0.40966 -0.97896 -0.43052 -0.46381 -1.2815 -0.067527 1.4352 -1.0369 0.20946 0.037095 -2.0535 3.0654 2.5345 1.4789 -0.35393 0.29867 -1.5621 -0.89973 -0.8854 0.99881 -0.73283 -0.35352 -2.5782 -0.52854 -0.87137 -1.6274 1.1547 2.95 1.5805 0.48854 2.4676 0.59268 -1.9428 -0.30227 0.035412 0.20306
-0.23632 0.87904 1.784 0.84295 -0.9755 -0.68563 -1.6083 -0.16551 -1.4484 1.1056 -0.89484 -0.056439 -0.89575 -1.9399 2.4871 1.6048 2.114 0.95269 1.2159 -1.0856 0.70616 -0.5201 -0.30863 -0.40374 0.20607 -2.2911 0.49927 -1.8027 -2.2641 0.31569 2.6453 1.0452 1.3199 2.2531 0.86528 -1.2053 1.0853 0.35583 1.3141
-0.96037 1.0005 0.2597 1.0076 -1.0824 -0.97719 -0.054946 0.65971 -0.54496 -0.21745 -0.97233 -0.38266 -1.2571 -1.7334 1.5133 0.74556 1.8781 1.5872 1.148 -0.31736 1.7695 -0.21506 -0.34419 0.10388 0.27449 -1.5738 1.1715 -2.9192 -2.2066 -1.3762 1.0609 0.31582 1.3336 0.9136 1.294 -0.18878 1.7665 0.0043148 2.3561
-0.61691 0.95119 0.42467 1.2518 0.16373 -0.060547 0.081423 0.021059 -0.69787 0.62513 -0.32933 0.088868 -1.1522 -1.0414 0.62995 -0.26883 1.1576 1.8003 1.0169 0.53281 1.5195 0.40364 0.056763 1.3178 -0.034566 -0.70755 1.4025 -3.2451 -0.72009 -2.5877 -0.39504 -0.31941 0.47564 -0.75524 1.1246 0.60259 1.5457 -0.50743 2.8781
-0.23988 1.0329 -0.071032 1.7783 0.7723 0.56945 0.0026732 1.4904 -0.29405 0.34683 0.21612 1.4752 -1.1732 -0.34216 -1.2172 -0.35398 -0.63115 1.0891 1.0231 0.37217 0.50494 1.3393 0.40938 1.9102 -0.24861 0.75782 1.0041 -2.7128 0.29851 -2.6383 -1.3495 -0.65417 -0.14478 -1.7052 0.67088 0.023715 0.73477 -0.48772 2.5063
-0.44485 0.99614 0.7458 1.4408 0.63803 0.30033 -0.46094 1.1149 -0.35245 1.4027 -0.33834 -0.049244 -1.114 -0.047751 -1.9419 0.92389 -1.4928 0.47455 0.63934 -0.45709 -0.20664 1.0374 0.42296 1.758 -0.61113 1.5857 0.29043 -1.5313 0.8208 -1.8948 -2.0205 -0.8342 -0.35409 -1.6998 0.12907 -0.66101 -0.25307 -0.027363 1.4059
-0.79898 1.149 0.67718 1.1031 0.47598 0.44203 -0.11927 0.65323 0.063455 1.1507 0.78282 -0.4574 -1.0994 -0.37906 -2.0428 0.69637 -1.7531 -0.17772 0.031692 -0.12922 -0.82311 0.86035 -0.52719 1.337 -0.47502 1.6706 -0.095789 0.29405 0.38145 -0.39845 -1.552 -0.53199 0.18405 -1.0358 -0.25417 -0.38488 -1.0582 0.65296 -0.10743
-1.0073 -1.3097 0.74917 -0.44738 -0.26295 0.30536 -0.59125 0.48469 1.1643 0.69366 1.679 -0.41284 0.33869 -0.49152 -1.6855 0.66478 -1.8427 -1.1897 -0.15069 0.044822 -1.2613 0.90996 -0.78577 1.0944 -0.0025866 1.2985 0.27325 1.2847 -0.56236 0.73551 -0.77109 0.04079 0.79406 -0.22407 -0.62495 0.48781 -1.8213 0.92793 -1.0693
-0.58053 -0.83157 1.4027 -0.40324 0.13954 0.12841 -0.50315 0.19906 0.52191 0.25359 0.94435 -0.54979 0.54924 -0.30294 -0.80812 0.46752 -1.2098 -0.86736 0.3561 0.49288 -1.0771 0.87379 0.23157 0.13183 0.77951 0.71177 1.2417 1.7158 -1.2875 1.2103 -0.074694 0.17531 0.70903 0.50908 -1.2795 1.5294 -2.0688 0.4815 -1.3272
-0.87595 -0.50859 0.64772 0.082047 0.58805 0.35074 0.20905 -0.58706 0.26592 -0.064084 1.1369 0.67464 0.19119 0.4139 -0.24957 0.082916 -0.3903 -0.57786 0.55483 0.86216 -0.55643 -0.26871 0.93221 -1.2662 0.66533 0.18988 1.9002 0.84728 -2.1898 0.95981 -0.0041148 -0.44216 0.42843 0.78614 -1.435 1.2391 -1.6321 -0.45427 -0.65412
-0.9049 -0.17063 0.90333 -0.23433 -1.1435 0.40271 -0.20582 0.20999 1.2703 0.15362 1.3303 1.0418 -0.27877 1.4587 0.32016 -1.2337 -0.21425 -0.64008 0.024287 0.91697 -0.17778 -1.2093 1.4967 -1.6015 0.16715 -0.10248 1.9125 -0.42879 -2.3859 0.25203 -0.83169 -1.3376 0.12957 0.83015 -1.0202 -0.07149 -0.4055 -1.4839 0.44911
-0.95223 0.22616 1.4311 -0.085701 -0.065569 1.0647 0.37529 -0.42578 1.1873 2.7476 -0.24637 0.10343 -0.34141 2.1357 -0.72256 -2.2806 -0.5455 -1.334 -0.86805 0.70866 -0.15591 -1.0305 0.90859 -1.2897 -0.66468 0.5579 1.0269 -1.2275 -1.8381 -0.11456 -0.95525 -1.5731 0.21125 0.93976 -0.11683 -1.1837 0.95726 -1.7767 1.2601
0.051201 -0.53305 0.51159 0.09058 -0.22303 0.98622 0.95325 0.11758 -0.82848 1.5493 -0.50958 -0.035921 -0.027751 2.3669 -1.3275 -2.4889 -0.66526 -1.9945 -1.5974 0.82887 0.36616 -0.86584 0.061206 -0.66941 -1.6632 1.3135 -0.43714 -1.2731 -0.54461 -0.0047827 -0.99885 -1.1759 0.24368 1.2996 0.74216 -2.1424 1.9242 -1.5811 1.2266
1.2894 -1.2276 -1.122 -1.1078 -0.90688 -0.40004 0.31279 0.1131 -1.0696 1.6802 0.0086998 -0.2219 0.72312 1.853 -1.6105 -2.4715 -0.38572 -1.626 -1.7679 1.334 1.0356 -0.68439 -0.6616 0.16319 -2.1355 1.6889 -1.8325 -0.065694 0.78195 0.34847 -0.49767 -0.2686 0.046645 1.2617 1.189 -1.6683 2.0217 -0.99705 0.27882
1.5897 -1.4693 -1.3411 -0.72247 -1.4834 -1.2059 0.53698 -0.56478 -0.2969 0.31607 -0.18333 -0.84109 1.1077 0.78617 -1.5023 -2.0627 -0.30908 -2.2971 -1.869 1.099 1.8142 0.15798 -1.8652 1.4893 -2.407 1.4803 -2.3566 0.94233 1.8066 0.70498 0.3942 0.85015 -0.2913 0.81754 1.2049 -0.61204 1.4549 0.0798 -0.74008
1.0697 -1.4194 -1.4272 -0.47908 -2.3685 -1.155 1.4812 0.47926 0.039272 0.29328 0.7763 -1.1202 1.2527 -0.46793 -0.74144 -1.1028 -0.075701 -2.0928 -1.2702 0.66176 1.6316 0.92609 -1.3675 1.6418 -2.3889 0.96175 -1.58 1.4135 2.0673 0.65388 0.94993 1.4809 -0.90698 0.20097 0.60717 0.74763 0.6427 1.1461 -1.2418
0.649 -1.5015 -0.96515 -0.40761 -2.0096 -0.78669 1.9964 1.9192 0.25903 0.96247 0.87714 -1.9362 1.2884 -0.83566 -0.064927 0.0060925 0.49656 -1.0821 -0.15811 0.55585 1.6863 0.83055 -0.80289 1.4758 -1.3951 0.37862 0.090428 1.277 1.6076 0.48939 1.7496 1.2265 -1.3093 -0.95226 -0.35192 1.4905 -0.34833 1.9251 -1.1681
0.18309 -1.6212 -1.1517 -0.52695 -2.3783 -1.0993 1.6006 1.9131 0.46333 0.11743 1.4941 -2.9117 1.2419 -0.26311 0.21086 0.12844 0.43242 -0.56437 0.31989 -0.27392 1.4776 0.23929 0.19328 1.4402 -0.28447 0.062087 1.5625 0.80273 0.75848 0.20326 1.594 0.27638 -1.4677 -1.8859 -1.0024 1.275 -0.603 2.3232 -0.81949
0.26589 -1.5299 -1.5666 -0.5307 -2.7016 -1.1139 1.006 1.3817 0.13134 -0.17962 1.3647 -2.4244 1.2812 0.84541 0.31746 0.15379 0.34918 0.032631 -0.22695 -1.1428 -0.050135 -0.2309 0.16273 0.89072 0.51644 -0.11844 1.9718 0.48037 0.42453 -0.026611 1.1094 -0.55949 -1.3653 -2.3927 -1.0506 1.0206 -0.8338 1.9727 -0.49541
0.95752 -1.2455 -1.0767 -0.28282 -1.9652 -0.73211 1.1371 1.7405 0.4472 0.56726 1.632 -1.2148 1.289 1.5751 0.51472 0.17339 0.37343 0.16665 -0.68926 -1.5253 -1.3194 -0.62655 0.54532 0.72884 1.4583 -0.22729 1.3155 0.40068 0.83279 0.14 0.85468 -0.64001 -0.90359 -2.04 -0.95138 0.45741 -1.0172 1.0875 -0.47314
1.331 -1.2348 -1.1713 0.0051381 -2.4932 -0.6963 0.54155 1.7539 0.034588 0.87034 1.9088 -1.1362 1.2009 1.8856 0.65378 0.75075 0.47016 0.50559 -0.77027 -1.6436 -1.7537 -0.92014 0.9297 0.16726 1.8081 -0.3463 0.18008 0.66609 1.1038 0.36231 0.28101 -0.07979 -0.48874 -1.1037 -0.90227 -0.24058 -1.1952 0.132 -0.75009
1.9261 -1.2011 -1.0669 -0.17326 -2.1151 -1.7244 0.23717 0.53337 -0.34449 0.50399 1.7973 -1.2079 1.0892 1.6437 0.77079 1.3097 0.62865 0.69858 -0.68541 -1.896 -1.7997 -1.3936 0.64022 -0.22681 1.305 -0.65456 -1.1779 1.1118 1.2115 0.46516 0.29323 0.75053 -0.052084 -0.22021 -0.70752 -1.2669 -1.7153 -0.16453 -1.1738
2.0376 -1.0248 -0.87101 -0.11448 -1.9523 -1.7999 -0.10646 0.03078 -0.63423 1.3677 1.933 -0.68831 1.0173 1.1385 1.3923 1.5385 0.89543 0.24399 -0.39111 -1.974 -2.056 -1.7229 -0.39063 -1.0139 0.84301 -1.2208 -2.6131 1.3388 0.70583 0.49219 0.71511 1.7384 0.57359 0.70256 0.066128 -1.1878 -1.2689 0.17341 -1.4086
2.1535 -0.88233 -0.31599 0.046767 -1.935 -1.7603 -0.77123 -0.3476 -0.91308 0.83691 1.4054 -0.58899 0.87309 -0.23484 2.1457 1.9202 1.0276 0.79653 0.61108 -1.4756 -1.6373 -1.6961 -1.2653 -2.0966 1.5746 -1.8485 -3.3691 1.0436 0.012206 0.35361 1.7106 2.2468 1.2443 1.487 1.412 -0.48216 -0.67516 0.45825 -1.1975
2.2644 -0.55371 0.11656 0.47238 -1.6729 -1.3438 -1.4462 -0.30869 -1.9967 0.66478 1.0853 -0.47104 0.45996 -2.0124 2.3727 1.7036 1.1882 1.7074 2.0371 -0.67834 -0.448 -0.63276 -0.43687 -1.4267 2.0092 -2.2194 -2.9821 0.24313 -0.6783 0.039247 2.3088 2.0575 1.7807 2.0744 2.3451 0.85947 0.26303 0.2155 -0.51261
2.3655 0.53388 0.50918 1.0122 -2.1351 -0.99624 -1.3047 -0.76677 -2.0371 -0.13966 0.35582 -0.22842 -0.31184 -3.016 2.1589 1.2746 1.1398 2.9913 2.5677 0.015416 0.36084 0.9932 -0.30507 -1.3693 1.6497 -2.2554 -1.4449 -0.67911 -1.1794 -0.33041 1.4647 0.95782 1.7223 1.8702 2.4432 1.4862 0.82341 -0.69226 0.43051
0.55301 1.0656 0.8181 0.94535 -1.1731 -0.081968 -1.047 -0.59411 -2.3483 -0.83091 -0.91285 1.1742 -0.9627 -2.9905 1.8319 0.70353 0.90703 3.2368 2.7211 0.9466 1.0909 1.8026 0.72941 -0.86191 1.2289 -1.9171 0.35338 -1.3098 -1.1652 -0.71076 0.18458 -0.22363 1.2493 1.2981 1.4819 0.95473 0.58708 -1.3213 1.2369
-0.82001 0.93128 0.51847 1.0237 0.41918 0.91578 -0.35704 0.17029 -0.30569 1.476 1.2843 1.2974 -1.1388 -2.4231 1.2124 0.38779 0.54231 2.6182 2.1715 1.2574 1.3287 2.1601 0.95152 -0.74968 0.50202 -1.2466 1.63 -2.0727 -0.9301 -1.2814 -1.5116 -1.3689 0.49409 0.52507 0.15648 0.23579 0.89996 -1.6331 2.0735
-0.91307 0.86281 0.5672 1.2116 1.536 1.073 -0.46684 0.49932 1.4021 0.8668 0.031595 0.68491 -1.1742 -1.6609 0.51391 0.13931 0.14735 2.1994 1.7868 1.2703 1.6528 1.8608 0.7174 -0.57686 -0.18674 -0.55745 2.1261 -2.4508 -0.2564 -1.7321 -2.5384 -2.4986 -0.52365 -0.47913 -1.1654 -1.3967 0.53404 -1.6977 2.5757
-0.12307 1.1242 0.59976 1.2516 0.72649 1.3686 0.25218 0.9985 0.46087 1.52 0.13867 0.50611 -1.1671 -0.67241 -0.87885 -0.040605 -0.8908 0.7934 0.3075 0.86491 1.1098 1.2879 0.10706 0.26969 -1.0602 0.69725 1.6989 -2.0483 0.237 -1.7806 -2.3665 -2.7115 -0.68827 -1.169 -1.9364 -2.0755 0.38314 -0.82074 2.3844
-0.0054207 1.1556 0.80113 1.2461 0.090549 0.99756 -0.036733 0.82869 0.14084 0.76309 -0.52589 0.18613 -1.112 0.05983 -1.4958 0.49636 -1.6324 -0.39689 -1.3221 0.054277 0.21055 -0.18344 -1.5677 -0.31732 -1.5418 1.6236 0.70657 -1.3109 0.15549 -1.3117 -1.4437 -2.2617 -0.54331 -1.4409 -1.4437 -1.3845 0.21594 0.28779 1.6107
-0.51613 1.2633 0.7156 1.0221 0.76445 1.6838 0.48661 1.3437 0.40102 0.11693 -0.6247 0.36017 -1.1898 -0.14767 -1.436 0.64908 -1.9149 -0.3234 -1.6728 0.43719 -0.32751 -0.84147 -1.9249 -0.12508 -0.55019 1.8402 -0.21356 -0.11263 -0.39396 -0.36286 -0.12809 -1.1121 -0.17881 -1.2204 -0.38826 0.0085083 0.14964 1.0106 0.36766
-1.1631 -0.75567 0.51298 -0.71248 0.47289 0.089389 0.068961 0.74922 0.61418 0.30511 1.0905 -0.039661 0.29524 -0.62238 -1.5414 0.092005 -1.8079 0.16213 -1.7267 0.3551 -0.55268 -0.07476 -0.96266 0.042594 0.13185 1.6925 -0.39887 0.74258 -1.0379 0.60347 0.25385 -0.20343 0.044937 -0.89967 0.73001 1.5572 0.52671 0.88968 -0.71768
-0.39207 -0.58213 1.3692 -0.64594 0.43549 -1.0618 -0.66245 0.3029 -0.18824 -0.61059 0.23403 -1.0971 0.78137 -0.73173 -1.0463 -0.49991 -1.4899 0.26231 -1.7064 0.33746 -0.98926 0.4258 -0.22449 0.38004 0.17835 1.3057 -0.078818 1.4965 -0.97263 1.2079 -0.074884 0.92495 0.031389 -0.44813 0.7965 1.7865 0.41428 0.40424 -1.5684
-0.59767 0.19257 1.2734 -0.42543 1.0508 -0.21794 1.0368 0.31415 -0.28966 -1.1551 -0.79502 0.79974 0.33522 -0.39121 -0.35095 -0.71463 -0.71856 -0.26081 -1.7136 0.18877 -1.2942 0.69806 0.51814 0.46983 -0.081818 0.63167 0.13706 1.5137 -0.4896 1.0512 -0.47444 1.9456 0.11067 0.12533 0.3969 1.2463 0.60458 0.53011 -1.6876
-0.88889 -0.24183 0.20571 -0.43365 0.49032 -0.22518 0.6773 0.55707 0.77069 1.2412 0.13427 0.85837 0.22581 -0.41455 0.65719 -0.61909 -0.19906 -0.2687 0.1576 0.57703 -0.8842 0.42536 0.70971 0.47756 0.37223 -0.3794 0.75914 0.47821 -0.37946 0.37247 -0.66641 2.0215 -0.35376 0.58849 0.060693 0.51993 0.50441 0.34644 -0.86917
-1.265 0.057341 -0.019771 -0.6424 0.54959 -0.90695 0.23449 -0.5174 1.1927 0.077211 0.35648 -0.061268 0.25779 -0.5331 0.32611 -0.6768 -0.48676 -0.44104 1.2092 0.45558 -0.37927 0.74864 0.91101 1.1883 1.112 -0.42387 1.5323 -0.60403 -0.55259 -0.28296 -0.31216 1.3161 -0.55134 0.80031 -0.26209 -0.9374 -0.13724 0.21636 0.3422
-0.97847 -0.001454 0.17178 -0.42192 0.2524 -1.2244 0.3403 -0.5296 1.3295 0.6138 0.83267 -0.41042 0.14833 0.73736 -0.51803 -1.155 -0.91289 -0.85829 0.85097 -0.53395 -0.28923 0.52532 0.5292 1.0162 0.27689 0.30887 1.984 -1.4867 -0.86505 -0.46403 -0.23538 0.046865 -0.35405 0.91817 -0.34625 -1.4644 -1.1545 -0.10445 1.2865
-1.2883 -0.0016175 0.62431 -1.1484 0.30565 0.79263 0.88882 -0.22139 0.10427 0.39766 1.2574 0.52501 0.072776 1.8607 -0.83269 -1.385 -0.89854 -0.54557 0.55506 -0.40141 -0.0081421 0.10241 -1.2316 -0.079333 0.39104 0.88587 1.3792 -1.3365 -0.88861 -0.1412 0.14979 -0.41364 0.37994 0.85681 -0.23955 -1.6815 -2.1551 -0.37008 1.2958
-0.85754 0.0032229 0.59322 -1.0627 0.2549 1.0189 0.51597 0.24193 1.115 0.25846 0.96749 1.6598 0.23276 2.0515 -1.412 -1.7487 -0.86983 -0.65918 0.57444 0.26692 0.75076 0.027989 -1.0679 -1.1902 0.49134 1.2189 -0.16742 -0.75305 -0.45804 0.3705 0.6948 -0.31602 1.0629 0.64084 0.2444 -1.2014 -2.3327 -0.58454 0.71782
0.76045 -0.8431 -1.2647 -1.5259 -0.19466 0.10702 -0.17149 -0.1723 1.0735 0.37614 0.3484 0.62312 0.94612 1.3545 -1.6068 -1.9048 -0.7792 -0.29706 0.52092 0.83097 0.79786 0.49845 -1.555 -1.9986 0.21147 1.3907 -1.5224 -0.054767 0.43483 0.56577 1.1309 0.032508 0.99769 -0.088413 0.4615 -0.41815 -1.5345 -1.1589 0.087492
1.1492 -1.0673 -1.5764 -1.2928 0.046822 -0.50666 0.06831 0.041223 1.1624 -1.1413 -0.040394 0.48349 1.3189 0.6753 -1.467 -1.6684 -0.28334 0.23204 0.23576 1.0348 0.57053 0.83371 -1.6546 -2.6673 -0.87228 1.3131 -2.2114 0.92852 1.7195 0.62913 1.6126 0.45936 0.47804 -0.89689 0.27621 -0.37318 -0.35075 -1.0347 -0.50253
0.41191 -1.3557 -1.3389 -1.5442 -0.28339 0.023241 1.343 0.59402 1.0477 -0.74188 -1.0578 0.2734 1.3588 -0.27171 -0.89192 -0.64006 -0.13617 1.0004 0.78562 1.2651 -0.12197 0.65692 -1.7841 -2.3976 -1.3595 0.99073 -1.8187 1.4547 2.281 0.43188 1.3607 0.67053 -0.28956 -1.2096 -0.29035 0.1626 0.76455 -0.35488 -0.82762
-0.27923 -1.4756 -1.1863 -1.5208 0.20865 0.87254 1.9377 0.5974 1.8517 -1.0649 -1.1622 0.57732 1.4069 -1.23 -0.096989 0.64636 -0.01683 1.542 1.3527 1.0281 -0.6193 0.52125 -1.7131 -1.6949 -0.89747 0.5368 -0.8679 1.4068 1.7047 0.11398 0.51813 0.24199 -1.1086 -1.3269 -0.83075 0.18924 1.4769 0.42805 -0.79977
-0.3001 -1.3421 -1.1369 -1.3527 0.78224 1.4361 1.6125 0.4295 1.5728 -1.4382 -2.031 -0.28218 1.4924 -1.0613 0.32206 0.94525 -0.10805 1.4489 1.2932 0.22877 -1.0662 0.050306 -1.2597 -0.9724 -0.53769 0.32699 0.20081 0.86958 0.49066 -0.00035993 -0.72322 -0.64842 -1.4427 -0.91085 -1.1402 0.3199 1.3217 0.60753 -0.57196
-0.15135 -1.0525 -0.777 -1.3439 1.3048 1.2662 1.3605 -0.60379 2.0899 -1.8898 -1.7239 -0.34553 1.6058 -0.54023 0.45419 0.54049 -0.089502 0.90758 0.46 -0.74254 -1.6521 -0.5899 -1.5998 -0.4518 -0.41815 0.24194 0.81738 0.20187 -0.40821 0.015303 -1.5654 -1.0694 -0.89281 -0.22011 -1.0213 0.57666 0.89856 0.56194 -0.36167
-0.36736 -1.0373 -0.74662 -1.5752 1.3103 1.156 1.0395 -0.95377 1.5004 -2.0926 -1.4874 -0.3326 1.6695 -0.25082 0.39945 0.29543 -0.10648 0.0056626 -0.061727 -0.83446 -1.4636 -1.1572 -1.2736 -0.39938 -0.3612 0.13438 0.72184 -0.2523 -0.63347 0.15854 -1.7313 -0.71659 0.076933 0.60627 -0.63046 1.0538 0.38808 0.41205 -0.35022
-0.29712 -0.89151 -0.46118 -1.5205 1.1556 1.1925 0.95708 -0.69789 0.90013 -2.32 -1.4418 0.18981 1.6315 -0.12939 0.23671 0.28491 0.005129 -0.54895 -0.10122 -0.29051 -0.88941 -0.99766 -0.64742 -0.20266 0.15754 -0.0021232 0.52826 -0.49136 -0.60004 0.27964 -1.3106 -0.10807 0.87146 1.159 -0.030301 1.7869 0.13862 0.1882 -0.37619
-0.52258 -1.094 -1.0212 -1.625 0.5026 0.85968 0.65465 -1.4393 0.32786 -2.6755 -1.9134 -0.22806 1.5848 0.062441 -0.0093204 -0.0064828 0.13615 -0.93087 0.1445 0.1534 -0.2543 -1.0567 0.23629 -0.33278 0.0062721 -0.16614 0.61686 -0.46339 -0.8001 0.37065 -0.72715 0.027696 0.96489 1.1838 0.45372 1.9703 0.10067 -0.090432 -0.38989
-0.52106 -1.0345 -0.8706 -1.4667 0.4665 1.2176 0.98581 -1.1016 0.3731 -2.4767 -2.0933 -0.30488 1.5803 0.27436 -0.20921 -0.32971 0.30792 -0.98258 0.13838 0.55353 0.04814 -0.70436 1.021 -0.21668 -0.2352 -0.26848 0.85184 -0.23054 -1.0521 0.34837 -0.34474 -0.24809 0.77001 1.2813 0.63833 1.9365 0.25418 -0.040561 -0.41662
-0.21821 -0.95036 -0.50349 -1.2327 0.6656 1.4263 1.4009 -0.89014 0.77618 -2.0646 -2.0181 -0.019398 1.5384 0.68235 -0.19534 -0.76761 0.43164 -1.0965 -0.12988 0.72629 0.42234 -0.36264 1.6191 -0.19938 -0.37711 -0.41712 0.55545 -0.14306 -0.78643 0.075269 0.14737 -0.72074 0.70148 1.1299 0.99576 1.6715 0.28698 0.052422 -0.29404
-0.041094 -1.0941 -0.83803 -1.3246 0.35405 1.4172 1.4468 -1.0388 0.27845 -1.4198 -1.7818 -0.3541 1.4193 1.1302 -0.071468 -1.1448 0.50509 -1.1037 -0.46115 1.0037 1.3232 -0.019997 2.3233 0.22872 0.24058 -0.60816 0.16943 0.2109 -0.067805 -0.26881 0.20101 -0.7851 0.34052 1.1241 0.93208 1.3481 -0.34765 -0.27673 -0.34762
-0.1163 -1.3196 -1.2746 -1.251 0.090009 1.1449 1.6362 -0.8242 0.11937 -0.99618 -1.6285 -0.46616 1.3534 0.65602 -0.32288 -0.94544 0.17283 -0.63108 -0.99333 1.3676 1.3545 0.66831 2.7399 0.0077926 -0.14706 -0.51301 -0.34451 1.0397 1.1623 0.061885 0.034465 -0.5356 -0.47761 1.0033 0.92528 0.70078 -0.26178 -0.63182 -0.79299
0.54252 -1.0673 -1.6836 -1.0013 -0.43058 0.73886 1.6815 -0.2857 0.2238 -0.77595 -2.1045 -0.33314 1.102 0.59526 0.24312 -0.33299 -0.073033 -0.88049 -0.99555 0.92739 1.8167 0.71504 2.9962 -1.0183 -0.9496 -0.83114 -1.0554 1.8355 2.2401 0.79354 0.14649 -0.1463 -1.6294 0.24884 0.22456 -0.17701 0.080993 -0.95172 -1.3222
0.82518 -1.0856 -2.2692 -0.97646 -0.61895 0.42794 2.2239 0.6624 0.6008 0.16413 -1.5707 0.4233 0.88814 0.30725 1.5187 0.88142 0.83085 -1.17 -0.93188 -0.22909 2.1673 1.1906 2.579 -0.10325 -1.1192 -1.6968 -1.2277 2.1817 2.3312 1.4895 0.70491 0.65577 -2.2863 -0.45651 -0.67375 -1.0509 1.2202 -0.47046 -1.5515
-0.18893 -1.5151 -1.1064 -1.4115 0.49657 0.22399 3.2298 0.34345 2.0725 0.92943 -2.2494 -0.86499 1.2116 -0.65244 2.3027 1.8779 1.6591 -0.59661 -0.78644 -1.5679 1.3912 0.18406 2.0196 0.43812 -1.2752 -2.3349 -1.3028 1.6763 1.6394 1.6599 1.421 1.1851 -2.0014 -1.2922 -1.3827 -2.0706 2.0438 0.38247 -1.0713
0.6775 -0.35209 -0.60549 -1.3904 -0.71554 0.57108 1.9685 1.3599 1.0932 1.5672 -3.69 -1.7686 0.35822 -0.99572 2.5616 2.0442 2.0957 0.45957 0.20349 -2.1101 0.62302 -0.46697 1.171 1.6975 -0.98615 -2.4815 -0.76462 0.50182 0.1733 0.9806 1.346 1.182 -1.2205 -1.4672 -1.8375 -2.4212 1.8516 1.5219 -0.13337
0.25696 0.96362 0.057162 0.46462 -1.445 0.20619 0.2477 1.6725 1.7987 1.1094 -0.54082 -1.4263 -0.96715 -1.1678 2.7319 1.9732 2.4032 0.81325 0.7913 -2.2696 -0.036181 -1.3296 -0.30932 2.1361 -0.24578 -2.3176 -0.15706 -1.0275 -0.95625 0.053781 0.66961 0.55878 0.08939 -1.1008 -1.1291 -2.2714 1.1555 2.0757 0.94769
-1.051 0.96171 0.30495 1.012 -0.22933 -0.028442 -0.5784 0.44317 -0.66298 1.0422 -1.0915 -1.423 -1.2389 -0.85442 2.2132 1.1624 2.2928 0.49993 0.62762 -2.4046 -0.096012 -1.8706 -0.93738 2.7205 1.5039 -1.9406 0.35225 -2.097 -1.2392 -1.0021 -0.21231 -0.14403 1.1957 -0.58616 -0.27085 -1.2968 -0.57031 1.9618 1.7426
-0.15841 1.0593 -0.19911 0.96332 0.76952 1.5039 0.15655 0.66708 0.066705 0.75872 0.3331 -0.77838 -1.1629 -1.0191 0.64996 0.67586 1.6555 0.55291 0.10989 -1.2443 -0.48941 -1.4607 -1.3201 2.216 1.7683 -0.94594 0.41554 -2.7341 -0.89853 -1.836 -0.72696 -0.064012 2.1031 -0.37012 0.78088 0.041032 -1.2806 1.1947 2.1569
-0.73734 1.3659 0.28548 1.1279 0.46598 1.3787 0.4017 0.66684 -0.58503 -0.12836 0.022589 -0.19648 -1.1141 -0.42433 -0.13779 0.55604 0.58332 0.18811 0.25414 -0.16369 -0.35538 -0.9653 -0.85168 0.51707 2.0588 -0.11469 -0.054997 -2.589 -0.47501 -2.104 -0.78958 -0.085915 2.1279 -0.76698 1.4589 0.74379 -1.4614 0.082939 2.0932
-0.65155 1.0359 0.41528 1.0262 -0.14627 0.53716 -0.697 0.93407 -0.60495 0.42382 0.30384 0.77132 -1.1886 -0.62008 -0.97271 0.73421 -0.193 -0.34944 0.8472 0.94127 -0.67702 -0.1615 -0.31891 0.68576 1.9349 0.54821 0.022247 -1.5976 -0.32523 -1.7635 -0.3726 -0.19615 1.2112 -1.0805 1.634 0.83798 -0.71943 -0.81941 1.4895
-0.66725 0.54886 0.33263 1.2921 -0.83779 0.15322 -0.30861 0.77435 -0.74533 -0.052403 -0.28785 -0.23626 -1.2137 -1.1612 -1.596 0.33029 -0.73677 -0.47906 0.084543 0.885 -1.5709 0.50901 -0.059278 0.5741 1.5686 0.97944 -0.3971 -0.67048 -0.21374 -0.99035 0.60971 -0.4521 0.54848 -0.87563 1.5296 0.21212 0.079084 -1.6291 0.83423
-0.59106 0.99793 0.79255 1.3554 -0.39442 0.96121 0.027375 0.63087 -0.17884 0.35776 -0.040047 1.2279 -1.1749 -0.61506 -1.4679 0.24721 -0.99945 0.19925 -0.19907 0.72231 -2.081 1.1949 -0.15728 0.75056 0.28646 1.1161 0.060239 0.28451 -0.023783 -0.72605 0.56175 -0.63616 -0.58157 -0.046311 0.96739 -0.50959 -0.038442 -1.3698 0.24849
-1.9011 -0.38613 0.90162 0.34833 0.38415 2.4553 1.7256 -0.95175 -0.8223 0.68498 0.61616 0.97761 -0.21817 -1.1666 -1.0785 0.45262 -0.87769 0.97673 -0.12578 1.0694 -1.4406 1.5325 -0.57168 0.63476 -0.52632 1.062 0.97907 0.93478 0.23202 -0.58162 -0.51763 -0.84053 -1.592 1.2133 -0.063855 -0.79254 -0.34787 -0.91224 -0.26861
-1.5089 -0.47551 -0.17591 0.01285 0.083856 0.86706 0.89615 -1.3463 1.2745 0.12363 1.1899 1.3108 -0.018173 -0.5115 -0.71124 0.65768 -1.4909 -0.099811 -0.31692 -0.35896 -0.86143 1.335 -1.0836 0.57194 0.11165 0.94103 1.7795 1.5926 0.30677 -0.15516 -1.7268 -1.0828 -2.5262 2.2557 -1.0078 -0.54125 -0.63847 -0.18932 -0.943
-0.8604 0.18645 0.90283 0.26835 0.2643 0.059118 0.18567 -1.464 0.98344 -0.47173 0.61222 -0.38942 -0.23661 0.59187 -0.29072 0.55618 -1.5884 -1.2751 -1.5325 -1.8672 0.23347 0.30508 -1.1587 -0.035045 -0.26391 0.59484 1.9843 1.7424 0.23727 0.58222 -1.6389 -0.43033 -1.9235 2.3471 -1.9684 -0.12383 -0.94596 0.17712 -1.4055
-2.333 -0.071339 1.1338 0.53333 0.67343 0.44232 0.93233 0.15571 1.3433 -0.2893 0.54989 -0.13777 -0.33222 1.7905 0.99866 0.75701 -0.94122 -1.7748 -1.6536 -3.0299 1.5927 -0.28607 -0.9453 -0.19054 -0.2625 -0.30436 0.86245 1.2738 -0.48475 1.4259 -0.10438 0.65077 0.080806 1.6665 -1.8297 0.70187 -1.0516 0.19044 -1.4911
-0.76902 -0.14794 1.243 -0.89824 -1.6718 0.73518 -1.1311 -0.4948 0.7614 -1.2612 0.45389 1.3668 -0.091093 1.3458 1.195 0.84324 -0.066008 -1.1292 -0.31714 -1.5719 2.0268 -1.7471 -0.92322 -0.87111 0.004419 -0.7799 -0.15856 0.69399 -1.0005 1.7875 1.2105 1.3524 1.7146 0.32975 -1.1037 1.1229 -0.89406 0.20611 -1.1805
0.033726 0.19699 1.0873 -0.93378 -1.4305 -0.68988 -1.9604 0.28626 -0.54284 -0.37299 0.23265 0.96977 -0.092414 0.7007 0.836 -0.3058 0.41756 -0.38211 0.36683 -0.34796 1.5675 -1.4408 0.097045 -1.1071 0.34883 -0.98613 -1.4167 -0.095123 -1.3822 1.7553 2.2742 1.1992 2.7007 -1.017 -0.16691 1.4134 -0.59543 -0.18467 -0.60988
0.34034 0.95073 1.2599 -0.37299 -1.0418 0.091556 -2.2379 0.85018 -0.2045 -0.48845 0.95535 0.14074 -0.75402 0.83806 1.0434 -0.63264 1.0804 0.16193 0.14476 0.32154 0.88316 -1.4115 0.42459 -1.3607 -0.16568 -1.1345 -1.3861 -0.42178 -1.2145 1.2042 2.0352 0.67827 2.1588 -1.7579 0.95492 1.2077 -0.021706 -0.32809 -0.085978
-0.61262 0.93145 1.0677 0.81843 -0.29996 0.65971 0.21217 1.1598 -1.3894 -1.5638 -0.61074 0.62 -1.1358 -0.58068 0.91554 -0.89138 1.7732 1.6083 0.49817 1.5877 0.092848 -0.80181 1.0415 -1.1362 -0.58553 -1.1973 -1.0851 -0.91188 -0.34893 0.0097995 1.35 -0.032901 1.3042 -1.7339 1.2409 0.68544 0.52577 -0.13485 0.74134
-1.073 0.55028 0.37691 0.69293 0.049211 0.90295 0.32518 0.58059 -0.2412 0.29708 -0.91864 0.20476 -1.2294 -0.58197 0.41195 -0.95754 1.5098 1.4784 0.96334 1.9065 -0.79766 -0.08425 0.87141 -0.9068 -0.2345 -0.8264 -0.46905 -1.3758 0.12353 -1.6021 0.33527 -0.95485 0.053865 -1.6204 1.4654 0.15059 1.3567 0.062178 1.7197
-0.35922 0.96784 0.5758 0.9128 -0.55674 0.22062 -0.074998 0.92405 -1.006 -0.14349 -0.88551 0.45989 -1.239 -0.60123 -0.46837 -0.72622 0.21525 1.3416 -0.1114 1.5425 -1.1055 0.4718 1.1406 -0.29624 0.078673 0.15765 0.51557 -1.0785 0.5733 -2.1745 -0.49985 -1.6777 -0.95845 -1.2171 1.1037 -0.9725 1.4606 0.15777 2.0682
-1.0789 1.0048 0.27913 0.83021 0.19636 0.88874 0.08778 -0.65421 -0.79153 0.26245 -0.37012 0.58857 -1.2932 -0.024523 -0.71467 -0.47345 -1.1527 0.86924 -1.4539 0.44717 -1.8028 0.99435 0.61802 0.90859 -0.39296 1.2005 0.20823 -0.42072 0.4206 -1.6288 -0.30006 -1.629 -0.96079 -0.43565 0.97855 -0.89115 1.29 -0.18517 1.5258
-0.1499 0.83008 0.18904 1.0569 0.4177 0.86561 0.58034 -0.25976 -0.47508 0.27417 -0.53929 0.29933 -1.1639 0.088356 -0.43935 -0.10663 -0.98178 0.99888 -1.6349 0.33168 -1.8787 0.95019 -0.73901 0.85176 -0.20284 1.4125 -0.083677 0.28499 -0.26493 -0.36717 -0.3105 -0.53051 -0.35435 0.26874 0.68023 -0.55418 0.96795 -0.52561 0.52157
-1.0468 0.058879 0.57099 -0.16488 0.7804 -0.20181 0.83174 -0.042747 0.47403 0.42118 0.1672 0.40044 -0.42911 -0.54728 -0.34398 -0.50707 -0.95385 1.0918 -1.5197 0.52141 -1.3134 1.708 0.059801 1.076 -0.50286 1.2188 -0.48354 0.55957 -0.5856 0.70724 -0.54114 0.60149 0.22772 0.77924 0.26625 -0.15217 0.42636 -0.52266 -0.36038
-0.72416 0.080365 0.20664 -0.79299 0.4143 -1.6045 0.60592 -1.6932 0.28354 -0.63721 0.33955 -0.18534 0.44547 -0.50012 -0.13261 -1.1457 -0.5791 0.65378 -1.1376 0.7662 -0.83582 1.5267 0.31344 1.5367 -0.98287 1.0612 -0.29718 0.43649 -0.86978 0.99867 -0.98466 1.3449 0.21801 0.87607 -0.047255 -0.0025317 0.32261 -0.72662 -0.77535
-0.65793 0.69837 0.31334 0.34499 0.95961 -0.65655 0.33213 -1.6952 0.70071 -0.80953 -0.23558 0.33291 -0.12349 -0.62992 0.1443 -0.9499 -0.032972 0.054267 -0.50919 0.69166 -0.78313 1.2579 -0.24485 1.4064 -1.1133 0.74324 0.17552 0.16569 -0.14535 1.0665 -1.3094 1.563 0.034301 0.77684 -0.48776 -0.71833 -0.075199 -0.44745 -0.89726
-1.4302 0.82448 -0.3729 0.088112 0.84986 -0.84028 0.85843 -0.57614 1.742 0.9822 0.84752 -0.14679 -0.383 -0.42537 0.10867 -1.3772 0.42569 -0.26012 0.53246 0.68828 -0.40792 1.0758 -0.63684 1.3206 -1.4318 0.2901 0.25515 -0.16908 0.59937 0.58845 -0.55445 1.0812 -0.28269 0.85068 -0.39053 -0.84744 -0.35877 0.057364 -0.70312
-1.2503 0.55537 -1.3089 0.23937 0.99961 0.010295 1.6847 -1.5973 1.2267 0.78104 1.8529 -0.94849 -0.023711 -0.26567 -0.15694 -0.61886 0.53895 -0.80765 0.75178 0.62306 0.0089619 0.91896 -0.88563 1.0275 -1.2325 0.030482 0.68424 -0.4115 1.0711 -0.34259 0.032329 0.20681 -0.8466 0.77921 -0.74017 -0.48128 -0.77326 0.95887 -0.26162
-0.91196 0.47952 -0.067098 0.44425 0.23279 -0.4692 1.3877 -1.1939 1.4801 -0.96658 0.92698 -0.92074 0.16844 -0.21601 -0.27323 -0.23889 0.23312 0.073512 0.37994 0.20913 0.45293 0.88371 -1.0339 1.0061 -0.82845 0.18395 0.96041 -0.28261 1.3474 -1.1929 0.33804 -1.1128 -1.648 0.50549 -1.0331 -0.19509 -1.0434 1.3764 0.24513
-1.4825 0.0086315 -1.1634 -0.14962 0.44666 -0.082896 1.3128 -1.2465 2.0183 -1.0817 1.6718 -1.3979 0.24278 0.52504 -0.38968 0.3766 -0.58548 -0.078305 -0.024889 -0.82364 0.32749 -0.18481 -1.013 0.0198 0.55305 0.33642 1.0044 -0.017835 0.48468 -1.5669 0.75224 -1.7265 -2.067 0.060262 -1.2849 -0.11118 -0.79216 0.78134 0.61373
-0.81309 0.37406 -0.028364 0.43389 -0.43356 -0.58375 1.0927 -1.7804 1.6429 -1.4625 1.0627 -1.108 0.076179 0.94957 -0.26931 0.50308 -1.2564 -0.045852 -1.2969 -1.9968 0.42336 -0.51955 -0.99194 -0.25629 0.51097 0.56535 0.83424 0.18433 0.098788 -1.2816 0.53826 -1.7378 -1.8054 -0.20615 -1.1903 -0.40546 -0.60265 -0.2455 0.73816
-1.3669 0.70306 -0.41096 0.69031 2.1395 0.0033631 0.75304 -0.1041 2.5709 -0.49176 1.6608 -0.43803 -0.18676 1.0032 -0.17955 -0.11774 -1.6623 0.56895 -1.8485 -2.547 0.11883 -1.0496 -1.1648 0.077194 -0.30308 0.914 0.082278 0.12476 -0.54638 -0.75442 0.62957 -1.2615 -0.85972 -0.24156 -0.56654 -0.74363 -0.032134 -1.6101 0.7176
-0.40304 0.086342 -0.3429 -1.2877 0.18745 -0.78917 -0.12443 -0.72499 0.3606 0.10203 0.98837 0.65669 0.35932 1.0819 -0.037259 0.20685 -1.6392 0.68554 -2.1695 -2.6625 0.11652 -1.1575 -1.7796 -0.22746 -0.93488 1.1874 -0.26098 -0.010064 -0.3198 -0.025441 -0.13662 -0.26962 0.28815 -0.59659 -0.18572 -0.80145 0.039419 -1.8884 0.36492
0.13178 0.1148 -0.51079 -1.2143 0.39751 -2.284 -1.2713 -1.4454 0.57498 -1.9827 1.3358 -1.3192 1.0023 0.60547 -0.27125 -0.40279 -1.8156 0.65434 -2.1021 -2.2728 -0.031053 -1.0439 -2.0882 -0.065564 -2.094 1.2816 -0.58829 0.15448 0.26618 0.85958 -0.53535 0.7903 1.2861 -0.66367 0.29219 0.076596 0.024658 -1.2561 -0.40702
-0.26666 0.18529 -0.62937 -1.3566 1.0618 -2.4908 -1.7827 -1.1845 0.41614 -3.0645 1.3456 -2.1179 1.1979 0.66033 -0.23021 0.11358 -1.2334 -0.35533 -1.7101 -1.5474 -0.7277 -0.90946 -2.1099 -0.11365 -2.5418 1.0197 -0.6862 0.30522 0.46738 1.1564 -1.0319 1.8977 1.8004 -0.73863 0.15923 1.7197 0.0087003 0.15683 -1.1403
-0.34408 0.25191 -0.3879 -1.3624 1.2368 -2.2342 -1.6355 -0.97278 0.79547 -2.8407 1.1678 -2.1961 1.2151 0.12067 0.20454 0.41963 -0.25828 0.11219 -0.50922 -0.45889 -0.81999 -0.568 -0.89828 0.062213 -2.1339 0.28317 -0.25909 0.47017 0.83343 1.2008 -1.4072 2.3053 1.6311 -0.69476 -0.11883 2.6129 -0.16911 1.4846 -1.4424
-0.41075 0.16736 -0.684 -1.5447 1.0288 -2.5782 -1.4888 -1.1231 0.36785 -2.7407 1.164 -2.9937 1.1461 0.049924 0.28215 0.63755 -0.25405 -0.90533 0.80658 0.13727 -1.0007 -1.066 0.87248 -0.28114 -0.61343 -0.31311 -0.013785 0.46018 0.50565 0.65396 -1.0272 1.9942 1.0983 -0.4084 -0.36842 2.549 -0.31136 1.9978 -1.2242
0.027036 0.19828 -0.047776 -1.3746 0.69146 -2.1073 -1.4288 -1.4821 0.36682 -2.2507 1.3977 -2.5514 1.0359 0.42605 0.32496 0.81605 -0.058055 -1.6012 1.2231 0.24231 -1.318 -1.2137 1.3778 -0.325 0.002231 -0.58124 0.29519 0.2845 0.52021 0.20614 -0.56098 1.161 0.53706 -0.045108 -0.075709 1.5279 -0.24894 1.8308 -0.6222
-0.043475 0.36703 0.084222 -1.5873 0.20982 -1.8165 -1.0584 -2.3938 -0.81167 -1.5072 1.1482 -2.2889 0.86231 0.4766 0.54411 0.82409 -0.11245 -1.3522 1.3884 0.35998 -1.3262 -1.3531 1.587 -0.54593 0.51697 -0.69491 0.020588 0.14705 0.21043 0.19038 0.88821 0.095364 0.22846 0.65332 0.63995 0.4709 -0.10742 0.87209 -0.044705
-0.028591 0.47317 0.0027872 -1.5177 -0.41844 -1.1417 -1.5199 -2.5082 -0.95541 -1.5944 0.86242 -2.237 0.73331 0.44761 0.5938 1.2605 0.051753 -0.68724 1.5066 0.52978 -0.77409 -0.58295 1.6245 -0.30723 1.0806 -0.61775 -0.47241 -0.07849 -0.17001 0.024774 1.6962 -0.73228 -0.01956 1.2448 1.119 0.11095 -0.24432 0.099571 0.31136
0.20163 0.5053 0.27222 -1.3351 -0.34 -1.0245 -1.4808 -2.4187 -0.8607 -1.7408 0.94072 -2.298 0.58439 0.071664 0.42207 0.80877 0.042305 0.19687 0.85112 0.45682 0.015199 -0.053324 1.6054 -0.5106 0.6351 -0.37459 -0.60139 -0.17011 -0.36846 0.0070242 1.5972 -1.2871 -0.37965 1.5481 1.0199 0.11386 -0.30263 -0.22783 0.29727
0.15984 0.83979 0.39009 -1.652 0.17493 -0.82018 -0.84251 -2.465 -1.1081 -0.77006 0.45097 -1.7524 0.45898 -0.25053 0.25682 0.55312 -0.094915 0.62306 0.03118 0.14544 0.48873 0.45957 1.5357 -0.83532 0.12569 -0.19712 -0.54943 -0.22028 -0.17507 0.035007 0.42551 -0.96806 -0.63036 1.9219 0.30015 0.028429 -0.22557 0.0045777 0.013279
0.25954 0.68246 1.165 -1.3355 0.37074 -0.69745 -0.61661 -2.0393 0.0053535 -0.62397 1.2853 -1.4328 0.52908 -0.29188 0.41953 0.56081 -0.031903 0.81508 -0.43849 -0.23927 1.1299 0.24294 1.804 -0.89042 0.49665 -0.38564 0.0018376 -0.080495 0.59044 0.51515 -0.77068 -0.14313 -1.0429 1.9703 -0.30617 -0.45587 0.083527 0.61914 -0.47307
-0.085853 0.56414 0.50788 -1.407 0.74129 -1.2394 -0.97913 -1.7141 -0.25043 -0.12395 0.46823 -2.0453 0.68774 -0.39209 0.21223 1.1051 0.14858 -0.26158 0.22173 -0.4309 2.5079 -0.10886 1.5343 -0.57271 1.135 -0.59034 0.32923 0.08456 0.56022 1.4169 -1.0717 0.79078 -0.75603 1.3668 -0.75751 -0.74025 0.22847 1.3956 -0.96175
-0.4628 0.66615 0.4034 -1.8259 0.29732 -1.7425 -1.3868 -2.0719 -0.4943 0.00061465 -0.31175 -2.4413 0.56502 0.14029 0.31161 1.5895 0.88121 -0.7573 0.46758 -1.415 2.9422 -0.40635 0.68802 -0.48299 1.3926 -1.0084 0.3376 0.0052069 0.01613 1.9692 -0.83444 1.4117 0.16079 0.27709 -0.47939 -0.87945 0.43131 1.4231 -1.1058
-0.017673 1.1519 0.84313 -1.3197 0.40007 -1.3237 -2.0197 -0.71357 -0.91615 0.39024 -0.02364 -1.0703 -0.011438 0.13659 0.47332 1.0427 2.1013 -0.52355 1.1482 -0.83472 2.3054 -0.79055 0.63116 -0.59205 2.5532 -1.5726 0.22439 -0.12862 -1.0317 1.8911 0.062479 1.091 1.2775 -0.83841 0.080402 -0.97245 0.44216 0.93826 -0.81635
-0.13673 0.64606 2.1529 -1.1045 -0.90958 0.15008 -1.3219 1.4915 -1.0755 0.13514 0.69315 -0.22193 -0.15948 0.062475 0.30956 0.64627 2.6807 -0.56403 1.9038 0.28631 1.7623 -0.41326 0.52656 -0.030642 2.7201 -1.8338 -0.15034 -0.35557 -1.9873 0.87029 0.32925 0.27834 2.2257 -1.3906 0.734 -0.58793 0.3986 -0.17986 -0.077329
0.67894 1.1796 2.4046 -0.18176 -0.16557 -0.38589 -2.9619 0.79406 -1.1147 -0.16842 0.088147 -0.19716 -0.63806 0.056175 -0.0055923 -0.19783 2.7913 -0.27025 1.6711 1.3462 1.3855 0.060343 -0.29208 0.072795 2.3964 -1.6098 -0.23695 -0.23138 -2.1322 -0.45923 0.22677 -0.72931 1.8453 -1.4944 0.9848 -0.35791 0.27661 -1.759 0.65473
-0.088156 1.0639 1.136 1.5332 0.47714 0.40464 -1.0418 -0.24243 -1.0723 0.53388 0.069685 1.5031 -1.1381 -0.10303 -0.073802 -1.2327 2.1632 -0.32069 0.75648 2.0788 0.57922 0.69161 -0.021276 -0.030309 1.0729 -1.1268 -0.30476 -0.12188 -1.6562 -1.506 0.067925 -1.0722 0.8783 -0.95941 0.76096 -0.085029 0.072379 -2.3948 1.1546
-0.43272 0.79777 0.61707 0.97966 -0.16104 0.79605 -0.28089 0.12048 -0.76412 0.68468 0.13643 0.2611 -1.225 -0.22435 0.26231 -1.7132 1.4924 -0.26454 0.26719 2.0685 -0.13475 0.7014 0.17454 -0.04956 -0.30253 -0.78006 -0.21356 0.019196 -0.23945 -2.0767 0.020964 -0.79096 -0.40966 -0.12563 0.23761 0.13499 0.252 -2.2075 1.1968
-0.078735 0.73786 0.51951 0.97337 -0.24993 0.083939 0.18679 0.74375 -0.45432 -0.87774 -0.049372 0.70398 -1.1584 -0.36632 -0.031177 -1.4607 0.4984 -0.46923 0.46879 1.7293 0.56664 0.84564 0.085153 0.1673 -0.93098 -0.2265 -0.092992 -0.010783 1.1991 -1.5897 0.16728 -0.35967 -1.4209 0.35836 -0.13725 0.20665 0.24247 -0.67718 0.92867
0.14618 1.0775 0.32566 0.94932 -0.58817 -0.13748 0.43585 1.1703 0.17159 0.73714 0.41568 0.23545 -1.1495 -0.21261 0.018692 -0.47561 -0.27894 -0.18199 0.23764 0.66761 1.113 0.47563 -0.13216 0.46773 -1.213 0.036198 -0.42837 -0.52567 1.7854 -1.0198 0.35641 -0.39336 -1.4627 0.04675 -0.074158 0.06068 0.14688 0.70631 0.83798
-0.17495 1.2509 0.69299 1.12 -0.8346 0.67078 0.33698 0.62687 -0.49742 0.32326 0.43738 -0.7994 -1.1947 -0.2864 0.039969 0.26758 0.059961 -0.087267 0.05213 -0.16055 0.64999 0.51814 0.48242 0.18584 0.096623 0.091246 -0.45524 -0.69851 1.371 -0.43603 0.33394 -0.90801 -0.79536 -0.69496 -0.23451 -0.69481 -0.20414 1.4647 0.67468
-0.10646 0.89332 0.1919 1.0442 0.045504 0.72145 -0.49431 1 0.16901 0.10904 0.095316 -0.41133 -1.0239 -1.0619 -0.70245 0.56503 -0.20792 0.15615 -0.31064 -0.012611 -0.10852 0.70985 0.046783 0.22599 0.62692 0.52829 -0.13447 -0.81379 0.68375 0.15021 0.21018 -1.018 0.25787 -0.56617 -0.47951 -0.86869 -0.12421 1.5581 0.49751
-0.64234 0.84514 0.4972 0.9337 0.22905 0.78038 0.46038 1.452 -0.56647 0.26646 0.86554 0.15528 -1.1912 -0.78897 -0.90899 0.43817 -0.36123 -0.066666 -1.0673 0.42023 -0.24646 0.24013 -1.3799 -0.12463 1.168 0.70847 0.43371 -0.31783 0.23911 0.31109 0.27437 -0.48754 0.79456 0.0019661 -1.0047 -0.76537 0.17657 0.37001 0.099295
-0.47667 0.83962 1.1254 1.0981 -0.83181 0.20435 -0.47164 1.0093 0.52451 1.0268 0.014788 1.0507 -1.0782 -0.21551 -0.95145 0.65868 0.20754 0.15882 -1.2318 0.9012 0.39637 -0.38268 -0.90947 0.36903 1.4644 0.59812 1.0355 0.54618 -0.50315 0.47508 0.14485 0.36955 0.16092 0.23734 -1.105 0.0028186 -0.12687 -0.77953 -0.48317
-1.4321 -0.17222 1.0261 0.5609 -0.15811 -0.7309 0.74098 0.34415 0.99477 -0.96897 0.53489 1.0649 -0.26292 0.086793 -0.39289 0.66426 0.42999 0.37689 -0.46086 1.0139 0.37538 -1.0238 -0.55008 0.45815 0.42233 0.22896 0.70872 1.0043 -0.89432 0.33643 0.30843 1.4708 -0.43665 -0.10255 -0.82011 1.1591 -0.41167 -1.4519 -0.86406
-0.31674 0.49083 0.54273 0.64313 -0.85105 -1.0605 1.0526 0.84447 -0.37887 -1.2856 0.15414 0.76309 -0.48798 0.40936 0.027873 -0.40007 0.28193 0.16909 0.11802 0.014511 0.031772 -0.95481 -0.40801 -0.32464 -0.64435 -0.080118 0.38641 1.1891 -0.95558 0.076296 0.26259 1.8246 -1.0823 -0.65274 -0.28829 1.4886 -1.1423 -1.4279 -1.0059
-0.14555 0.23322 1.4228 1.9101 0.18075 0.011009 1.1096 1.8905 -1.5463 -0.036008 1.2468 0.93927 -0.7931 0.20349 0.40925 -0.56727 0.22689 0.45438 1.1809 -0.045468 -0.29655 -1.1786 0.54327 -0.60306 -0.81878 -0.4681 -0.24097 0.71947 -0.45124 -0.13414 0.40808 1.3066 -0.99219 -0.74901 0.45168 1.3517 -1.2174 -0.52388 -0.61487
-0.31131 0.73727 0.91893 1.3578 0.75272 0.81183 0.69738 1.5108 -1.2698 0.051063 0.70675 -0.0068297 -1.0743 0.43509 0.786 -0.3673 0.44628 0.56458 1.5745 -0.81035 -0.6066 -0.90537 1.3485 -1.3778 -0.90638 -0.81761 -0.7322 0.2628 0.2735 -0.37347 0.27341 0.35352 -0.1178 -0.41488 0.71631 0.39185 -0.92953 0.28338 -0.067609
-0.41095 0.80974 -0.2283 0.84794 -0.63377 0.41581 -0.3949 0.6545 -0.75502 -0.15942 -0.44607 -0.30716 -1.1551 -0.37717 0.52646 -0.11359 0.090141 0.88288 1.4072 -0.62899 -0.83799 -0.11156 1.1143 -1.4418 -0.55955 -0.48127 -0.69296 -0.24199 0.61552 -0.1979 -0.2122 -0.76812 0.38814 0.12883 0.7113 -0.57697 -0.33132 0.74252 0.40549
-0.76586 0.7795 0.80991 1.1031 -0.24568 1.1817 0.32581 -0.032371 -0.76717 1.0507 -0.67088 0.67901 -1.116 -0.65972 0.45067 -0.12339 -0.35645 0.41862 0.70479 0.055126 -0.55804 -0.0016585 0.011406 -1.7597 -0.20951 -0.19341 -0.44436 -0.5262 0.63663 -0.12034 -0.41056 -1.2198 0.83585 0.90497 0.41173 -0.86553 0.99445 1.1244 0.5462
-0.22663 0.75714 0.72535 1.4515 0.70548 0.77487 0.052504 0.1001 -1.1263 0.025855 -1.0156 -0.17416 -1.1733 -0.53597 0.15524 0.41127 0.25096 0.12592 0.08386 0.31455 -0.087848 -0.15421 0.061907 -1.0776 0.35125 -0.070952 0.30517 -0.4172 0.24809 0.19296 -0.64444 -1.1377 0.28188 1.1265 0.14928 -0.34423 1.9131 1.185 0.29523
-0.78134 1.0024 0.81936 1.2136 0.68223 1.1155 0.58519 0.84322 -1.0861 0.41421 -0.66783 0.22965 -1.0721 -0.31271 0.041475 0.50761 0.13409 0.1882 -0.19436 0.4344 0.81232 -0.030049 0.17231 0.40946 0.95015 -0.066909 0.64589 -0.25831 -0.069548 0.20818 -0.57174 -0.35357 -0.24 0.48314 0.20224 0.39685 2.3356 0.73482 0.13673
-1.0813 0.82073 0.92929 1.153 0.52263 1.1239 1.167 1.378 -1.5477 -0.3229 -1.0559 0.35983 -1.128 0.0080439 -0.0040669 0.030087 0.20096 -0.17348 -0.41042 -0.24512 0.71633 0.21146 0.32947 1.2687 1.2985 -0.028508 0.78198 -0.082621 -0.40969 -0.17343 -0.50731 0.2309 -0.57862 -0.55077 0.30381 0.044855 1.5383 0.056 0.071963
-0.82026 0.90262 0.84686 1.597 -0.096245 0.58276 0.24279 0.54652 -0.99446 0.48337 -0.96768 0.39362 -1.2287 0.257 0.079459 -0.028046 0.053202 -0.47372 0.24493 -0.16832 -0.014553 0.23435 0.5921 1.7017 0.81935 0.023602 0.66735 0.021449 -0.29094 -0.25154 -0.35238 0.55315 -0.60173 -1.3124 0.2416 -0.41464 0.31266 -0.50628 0.083914
-0.64187 0.76099 0.55215 0.87992 -0.33266 0.37568 0.2122 1.4756 -0.53207 0.65215 0.58244 1.5462 -1.2096 0.61954 -0.00030564 -0.009841 -0.039983 -0.47035 0.32018 -0.58605 -0.80826 0.34341 -0.10741 1.3264 0.50864 0.008526 0.26324 0.032168 0.085759 -0.39753 0.090491 0.64764 -0.10327 -1.0472 0.0059796 -1.0291 -0.68019 -0.75569 0.073174
-0.44065 0.78768 0.94542 1.7427 0.41544 0.87986 -0.16144 0.58813 -0.69806 1.2204 0.85496 1.9849 -1.0858 0.60996 0.089222 0.045906 -0.22339 -0.31458 0.53752 -0.64478 -1.091 0.40457 -0.44839 0.99493 0.26872 0.06025 -0.17474 0.012803 0.18687 -0.26165 0.23603 0.24245 0.072844 -0.48418 -0.1353 -1.235 -1.4266 -0.70457 0.021276
-0.10884 1.039 0.6935 1.3009 0.35479 1.7172 0.53389 0.19606 -1.1742 0.26357 0.75792 -0.14898 -1.0904 0.31275 0.059856 0.16894 -0.41262 -0.11519 0.72848 -0.22806 -0.87769 0.13752 -1.1659 0.26323 -0.020765 0.080022 -0.43069 0.038986 0.17936 -0.12175 0.15144 0.097559 0.29509 -0.044627 -0.2224 -0.81263 -1.3738 -0.5896 -0.00093229
-0.40077 0.87906 0.90234 1.0039 -0.1842 1.3039 -0.06443 -0.03166 -0.62951 -0.42711 0.11894 1.0348 -1.1251 0.081737 0.083539 0.23487 -0.2574 -0.25412 0.51973 -0.20511 -0.97977 0.05498 -1.2885 -0.60908 -0.40431 0.023754 -0.34514 -0.0028497 0.11217 0.026416 0.0080512 -0.059654 0.22257 0.042931 -0.18756 -0.44715 -1.023 -0.40447 -0.036087
