39 270
-1.1991 1.2011 0.76113 0.84289 -1.0893 0.43303 0.59234 -0.040958 -1.0075 0.2501 -0.65261 -0.46757 -1.606 -0.12183 -0.131 0.5786 0.71286 0.66388 -0.3579 -0.41527 0.88386 -0.16639 0.25744 0.68708 0.44981 0.025824 0.16841 0.084485 -0.20528 -0.36094 -0.23327 -0.14763 -0.15017 -0.18607 0.18114 -0.57321 0.10671 0.17584 0.014373
-0.77274 1.2474 1.3677 1.6447 -0.37972 0.90369 1.1591 1.3154 -0.34145 0.064046 -0.73642 -0.33002 -1.4987 0.055639 -0.049204 0.4031 0.3795 0.47422 -0.62437 -0.23097 1.0545 0.078892 -0.44481 0.71146 0.67019 0.087085 0.22375 0.058884 -0.48689 -0.50594 -0.33467 -0.03673 -0.39228 -0.50331 -0.12322 -0.75844 -0.00059155 0.21832 -0.01858
-1.3739 1.2187 1.5617 1.5161 0.04625 0.73746 0.4821 0.72821 -0.83952 0.45613 0.11682 -0.07276 -1.5353 0.11788 -0.018516 0.26575 0.18123 0.27763 -0.49318 -0.80244 0.46007 0.093371 -0.58229 0.86745 0.70146 0.020871 0.27451 0.0080477 -0.71842 -0.52787 -0.51032 0.12618 -0.41725 -0.9445 -0.35293 -0.53022 -0.24216 -0.056234 -0.071138
-1.4332 0.95166 1.1189 1.4806 -0.72247 -0.63187 -0.35792 0.72357 -1.6834 0.72625 0.39828 0.061877 -1.6443 0.19218 -0.078387 -0.21104 0.0078093 0.17422 -0.35452 -1.0104 0.17149 -0.53949 -0.89784 0.57993 0.76997 -0.0040911 0.30909 -0.10372 -0.66193 -0.34392 -0.63749 0.33654 -0.12115 -0.91096 -0.16737 0.03585 -0.47352 -0.45254 -0.077278
-0.86587 1.2828 1.0203 0.92093 -0.7415 -0.17481 0.7924 1.247 -0.41556 -1.0368 -0.019911 0.28509 -1.4527 0.34048 -0.095974 -0.50885 -0.11337 -0.21834 -0.25702 -0.86518 -0.41355 -0.57257 -0.6177 0.26415 0.30204 -0.053597 0.11625 -0.04215 -0.043795 -0.046845 -0.62478 0.41832 0.35587 -0.42293 0.21043 0.34517 -0.72592 -0.64573 -0.038742
-0.96739 1.2204 1.1783 1.2007 -0.63977 0.3855 -0.63616 0.2207 -0.72567 -0.29782 0.48187 0.19383 -1.6237 0.5408 -0.18444 -0.49471 -0.13952 -0.56301 -0.1192 -0.43543 -0.18569 0.077896 -0.35428 0.072637 -0.013038 -0.01151 -0.15562 -0.019032 0.37355 0.42002 -0.23793 0.5037 0.50539 -0.054829 0.46203 1.1296 -0.43433 -0.77853 -0.079834
-0.86789 1.0678 0.68081 1.3666 -0.29855 0.38399 -0.32645 0.88987 -2.0549 -0.84873 -0.12013 0.48167 -1.5577 0.17263 -0.032363 0.31977 0.14698 -0.61368 0.16303 -0.35304 -0.13719 0.22728 -0.13947 -0.31225 -0.17267 -0.043341 -0.50279 0.11315 0.31448 0.34427 0.36417 0.69446 0.71321 0.13128 0.53526 0.93424 -0.32188 -0.7093 -0.072787
-0.62099 1.0976 0.98967 1.6393 -0.62879 0.28866 0.065962 0.63604 -1.0854 0.016949 -0.0050995 -0.17249 -1.5844 -0.012782 -0.13686 0.095209 0.64729 -0.11846 0.36658 -0.2247 -0.062838 0.020335 1.2051 0.0041654 -0.52138 -0.14955 -0.72061 0.021576 -0.036189 0.096269 1.0133 0.36619 1.0448 -0.052802 0.48923 0.83204 -0.22061 -0.39657 0.13952
-0.90078 0.87696 0.84201 1.0143 -1.3231 -0.30963 -0.30225 0.59999 -0.49668 0.15271 0.59714 0.019042 -1.5607 -0.33303 0.08348 -0.19766 0.12049 0.26682 0.78256 0.49497 -0.22748 0.56649 0.53939 -0.34597 -0.83535 -0.11249 -0.73356 -0.499 -0.94758 -0.69369 1.2389 -1.1065 1.0974 -0.53379 0.1429 0.016134 0.079916 0.0099629 0.9144
-1.1907 1.2141 1.909 1.5629 -1.6017 -0.21539 -0.57391 0.80315 -0.98594 -0.44104 -0.52335 0.073609 -1.6613 -0.57166 -0.1984 -0.30908 0.034835 0.99553 0.24889 1.2822 -0.23295 0.92396 1.031 -0.35712 -0.45376 0.26927 0.0028144 -0.91782 -1.3673 -1.5677 0.84288 -1.921 0.85162 -0.64252 0.27737 -0.84595 0.22829 0.19913 1.7096
-0.7134 1.1181 0.66666 2.0275 -0.0049443 1.1418 0.28503 0.8835 -0.69293 1.2362 0.43782 -0.39919 -1.6875 -0.93789 -0.86308 -1.3165 -0.87056 1.2768 -1.8127 1.1423 -1.0327 0.079263 -0.020522 0.0086356 -0.17324 1.3589 1.1566 -1.43 -1.6951 -1.9904 -0.14384 -1.7961 0.12357 -0.25606 0.49528 -0.78558 0.67615 0.5153 2.0894
-1.4786 1.3023 0.51928 1.0266 0.033808 1.5312 0.13549 -0.21589 -0.39755 -0.4005 -0.46448 -0.78766 -1.7078 0.3026 -1.2535 -1.9968 -1.8238 1.0363 -1.8707 1.1994 -0.84155 0.84413 -0.27166 0.25684 -0.44445 2.1277 2.0313 -1.3453 -1.1179 -1.9359 -1.3564 -0.45598 -0.48751 0.28539 0.69578 -1.1219 0.44397 0.47955 1.7342
-1.3969 0.51033 0.48192 1.5175 0.86192 -0.46912 1.955 0.96776 -0.39292 1.2197 -0.53254 0.2349 -0.96436 1.441 -1.8697 -2.6402 -2.7114 -0.056751 -1.4624 0.79959 -0.39089 1.6345 -0.44072 0.65158 0.19428 2.6406 2.464 -0.85067 -0.18006 -0.67533 -1.7337 1.7788 -0.28975 0.87471 0.40519 -0.21557 -0.044392 0.17935 0.64012
-1.9082 -0.19501 -0.76709 -0.138 -0.011407 -3.6832 0.57143 -1.1867 -1.1527 -0.73129 0.76494 -0.31806 0.40071 2.1164 -2.0286 -1.8155 -2.7034 -1.053 -0.76269 0.47075 -0.021783 1.5866 -1.0882 0.17254 0.32595 2.6848 1.7309 -0.090849 0.77985 0.73945 -1.1781 3.1488 -0.039998 0.53697 -0.87011 0.24246 -0.34166 -0.24934 -0.57693
0.37986 -0.17418 -1.0481 -1.0931 -0.54692 -1.0681 0.7371 0.3449 1.3941 -0.19107 0.64681 -0.71067 0.53008 2.8571 -1.9487 -1.7589 -1.72 -1.1445 0.91311 0.92702 0.17769 0.55098 -0.061063 -0.051717 -0.18964 2.2088 0.59236 0.72314 1.4442 2.2087 0.36318 3.3848 0.66219 0.54206 -2.1815 0.60888 -0.57271 -0.59442 -1.6277
0.89826 -0.70029 -1.4613 -1.047 -1.3448 0.17193 0.54806 0.78973 1.4917 -0.27165 0.38495 0.50091 0.75743 2.8998 -1.3656 -0.92989 -0.94946 -0.78059 2.7446 1.0653 -0.12924 -0.39254 0.039991 -0.074489 -0.73291 1.3274 -0.98414 1.0078 1.4054 2.7943 1.7796 1.4618 0.62794 0.12546 -3.054 0.26394 -0.10562 -0.3625 -1.8362
1.0303 -0.87264 -0.89871 -0.78347 -0.78176 0.76597 1.334 0.42694 0.9638 -0.61091 -0.1228 -0.32865 0.84782 2.1855 -0.93699 -0.28866 0.54342 0.51249 3.0216 1.8638 0.66884 -1.8499 0.25691 -0.35907 -0.44029 0.45131 -2.0166 1.0609 1.1746 2.2826 2.3312 -1.2127 -0.29918 -0.1324 -2.4822 -0.65599 -0.024743 0.11284 -1.4603
1.2547 -1.0209 -1.6186 -0.35263 -0.77937 1.1561 2.378 -0.12837 -0.94833 0.55951 -0.7078 -1.0034 0.81276 0.58489 -0.77508 0.16866 1.3974 1.6417 0.87883 1.294 -0.030609 -3.4805 -0.70114 0.10416 -0.25332 0.32822 -2.1578 0.80739 0.3933 1.418 1.9068 -2.9664 -1.6844 -0.029677 -1.0108 -1.0223 0.015732 0.70499 -0.81951
1.6433 -1.0961 -0.73532 -0.21143 -0.15387 0.94045 2.6459 0.036662 -1.2249 0.60094 0.55867 -0.73691 0.96713 0.18025 -0.39219 -0.036071 1.3772 2.265 -0.38424 0.2138 -0.11101 -2.9971 -1.0531 -0.20517 -0.1924 0.13538 -1.5637 0.63766 0.2164 0.29924 0.97184 -2.7445 -2.7805 -0.023511 1.0921 -1.1912 0.25573 0.88846 -0.29281
1.1787 -1.1109 -1.4559 0.078242 0.58764 0.42826 2.363 0.64516 -2.6365 -0.98597 0.41187 -0.57106 0.87676 -0.20107 -0.22727 -0.29736 1.2791 2.1194 -1.0126 -1.5332 0.21099 -1.8866 -1.4276 -0.13653 0.55318 0.041558 -0.87534 0.40368 -0.013971 -0.26018 -0.28959 -1.1767 -2.4824 0.28669 2.0208 -0.60923 -0.12313 0.2307 -0.20953
1.0838 -1.1791 -0.7813 0.60569 1.3241 0.37048 1.6367 0.56081 -2.7522 -1.5497 0.64935 -0.29357 0.98218 -0.39307 -0.095365 0.36052 1.1452 2.1899 -1.0841 -2.3812 0.50973 -0.392 -1.8529 0.24484 0.92995 0.078995 -0.39111 0.1163 0.21904 -0.60133 -1.6272 -0.25173 -1.0574 -0.31536 1.618 0.50638 -0.20812 -0.4739 -0.079718
1.2367 -1.1469 -1.6528 0.48497 1.4443 -0.077423 0.76106 0.27909 -2.0336 -1.2894 -0.939 0.0099895 0.882 -0.78854 -0.21493 -0.059686 1.0045 1.0861 -0.93521 -2.4591 0.19348 -0.61921 -1.5668 -0.37712 -0.34399 -0.012469 0.1013 0.058609 0.45103 -1.0548 -2.5544 0.54944 0.6099 -1.1729 0.91708 1.7896 -0.67333 -1.2474 -0.069776
0.87412 -1.1523 -1.4095 0.80324 1.5929 -0.18289 -0.29812 0.42971 -1.9275 -1.5947 -0.28317 -0.12649 0.86867 -0.26355 -0.18963 0.26637 0.3644 -0.47249 -0.88322 -1.4683 -0.67948 -0.29491 0.0656 -0.50711 -0.66907 0.022263 0.36896 0.42235 0.8976 -1.2295 -3.0427 1.2311 1.4144 -1.8017 0.62153 2.3775 -0.92628 -1.1864 -0.2346
1.0393 -1.1312 -0.41872 1.0012 2.2651 -0.024817 0.15047 0.74917 -1.5189 -1.6883 0.86227 0.10318 1.0139 -0.065236 -0.071755 0.62035 -0.33299 -1.648 -0.097728 -0.73481 -1.3552 -0.040039 1.3247 -1.0912 -1.1048 -0.052684 0.48088 1.1262 1.269 -1.1323 -2.0755 1.0339 1.1361 -1.5814 1.1682 1.6036 -1.0814 -0.22092 -0.57202
0.36771 -1.4612 -1.3206 1.009 0.86577 -0.38569 -0.11246 0.42684 -3.5824 -2.137 -0.24672 -1.8398 0.89144 -0.044189 0.57409 1.7561 -0.51697 -2.513 0.76793 -0.34811 -2.0377 0.60602 1.6325 -1.2227 -1.0264 -0.31396 0.1332 1.6113 0.71955 -0.51393 -0.49007 0.4684 -0.11309 -0.68226 1.4163 -0.17927 -1.1408 0.28526 -0.96204
1.2519 -1.2533 -0.9995 0.33645 -0.35374 -0.79807 0.81447 -0.66739 -2.8791 -0.3067 -0.69441 -0.75717 0.93169 0.025539 1.3684 1.6505 -0.70295 -2.0396 0.1469 -0.69139 -2.0424 1.3417 0.97528 -2.1469 -0.58945 -0.852 0.093424 1.3423 -0.028566 -0.26125 1.0597 -0.24412 -0.7824 0.6799 1.435 -1.3295 0.038745 0.8054 -0.68939
1.1383 -1.1235 -0.074495 0.025293 -0.62234 0.71258 0.072184 -1.338 -1.7011 0.73456 -1.92 -1.1853 0.84929 -0.047572 1.8992 1.142 -0.4365 -1.2686 -0.13944 -1.7094 -1.5906 1.9354 -0.1332 -2.2228 -0.34816 -1.273 -0.31213 0.26286 -1.1957 -0.21124 2.0675 -1.0926 -0.985 1.8234 0.40814 -1.9921 1.1377 -0.26577 0.080414
0.92436 -0.10978 0.95264 0.26877 -1.3699 1.0382 -0.40909 -1.8997 -0.37492 0.092449 -2.0136 -0.82968 0.37496 0.12204 1.6068 0.86908 -0.88414 -0.17909 -0.090289 -1.6383 -0.3182 2.2549 -0.55237 -0.53132 0.16502 -0.78763 -0.79624 -0.9349 -1.7815 -0.054127 2.2122 -1.4142 -0.10481 2.0581 -0.93219 -1.5727 2.1831 -1.5751 1.0354
0.75719 0.46439 0.36469 0.31367 0.32048 -0.99426 -1.3677 -1.0545 -0.3437 -1.7031 -2.5352 -0.76455 -0.17602 -0.6795 0.91852 -0.17219 -0.84329 0.65275 -1.1225 -1.8719 0.4723 0.99837 -1.7383 0.17525 -1.9166 -0.2041 -0.92484 -1.8255 -1.7771 0.013482 1.8819 -1.0877 0.97625 1.4514 -1.7655 -0.34595 2.1191 -2.154 1.6825
0.81727 0.54615 -0.042648 0.68208 0.35902 -0.51715 -2 -0.83123 -0.23384 -2.3671 -2.0672 -1.1947 -0.30705 -1.1679 0.23911 -1.1461 -0.62115 1.3835 -1.963 -0.81264 0.73153 -0.095831 -1.4868 0.90133 -2.9118 0.43847 -0.8527 -1.8682 -1.2674 0.36156 1.1261 0.15635 1.3675 0.019151 -1.7131 0.66114 1.2258 -1.6554 1.5564
1.0259 -0.36128 -0.46645 -0.96362 -0.29443 -0.19569 -1.0108 -0.1162 -0.81706 -1.0742 -0.28318 -1.3651 0.68649 -1.157 -0.58558 -1.2955 -0.5625 1.6767 -1.2031 -0.12036 0.56974 -0.50798 -0.38532 1.1832 -3.0632 1.0792 -0.29372 -1.2412 -0.23006 0.56248 0.85983 1.5546 1.336 -0.79388 -0.69415 1.3297 0.89633 0.38932 0.93028
0.1253 -0.35969 -0.72065 -0.71142 0.18896 -1.846 -1.65 -0.89177 -1.2968 -1.8569 -1.363 -3.9585 0.91162 -1.2562 -0.8841 -1.0271 -0.36476 1.532 0.24142 0.28553 -0.32646 -0.50306 0.14129 1.3425 -2.5274 1.3137 -0.022385 -0.41742 0.56197 0.94089 0.5966 2.0317 0.13586 -0.98985 0.066361 0.5884 0.73024 1.9071 -0.073944
-0.55674 -0.25414 -0.82252 -0.047584 1.3818 -1.4153 -0.84054 -0.88315 -1.1156 -1.2313 -1.095 -4.1428 0.96752 -1.1874 -0.67231 -0.68029 0.065958 2.272 0.64214 0.31439 -0.45951 -0.21477 0.2049 1.6892 -1.3241 0.99796 0.26538 0.13502 0.97125 1.0363 0.22432 1.5944 -0.55465 -0.50035 0.28737 -0.067218 1.0526 3.1788 -0.76112
-0.087185 -0.34923 -0.45064 -0.067836 1.4199 -0.56488 -1.1286 -0.86196 -0.59899 -1.1699 -0.57623 -3.1736 1.0861 -1.1878 -0.43712 -0.36822 0.81335 2.2557 0.85987 -0.74179 -0.57652 -0.095968 -0.56269 2.0585 0.0099263 0.34913 0.41113 0.14052 1.115 0.70401 -0.60733 0.59635 -0.6698 0.0090045 0.25804 -0.4865 0.8083 3.0581 -0.8342
-0.41339 -0.51892 -1.162 -0.16224 2.1978 -0.1112 -1.4537 -1.3518 -1.0829 -2.1375 -0.2743 -3.0674 1.0899 -0.67802 -0.56779 0.25331 0.77646 1.7441 1.4276 -0.72647 -0.22404 -0.11078 -0.17434 2.8648 1.9787 0.22058 0.32043 -0.022629 1.1889 0.28745 -1.6386 -0.18593 -0.08633 -0.1199 0.15439 -0.60615 -0.31811 1.9929 -0.46354
-0.32654 -0.52491 -0.93596 0.071872 2.9502 0.21297 -1.2697 -0.84405 -0.73756 -1.4443 1.4151 -2.6923 1.1041 -0.71997 -0.68551 0.66288 0.58345 0.5707 0.95046 -0.54861 -0.42248 -0.014587 -0.68002 2.3172 1.8927 0.23275 0.52667 0.01973 1.363 0.0089223 -2.1557 -0.71305 0.79104 -0.32819 0.45087 -0.2962 -1.6627 0.88726 -0.032925
-0.89556 -0.92262 -0.89156 0.094903 2.2223 -0.37181 -2.5407 -1.041 -1.3879 -2.1917 2.1579 -2.525 1.1253 -0.80318 -0.58104 1.104 0.70137 -0.16231 0.25777 0.052972 -0.75283 0.071935 -0.99562 0.92279 1.6959 0.23965 0.74459 0.23949 1.0546 0.134 -2.083 -0.80321 0.92276 -0.74192 0.6904 -0.42151 -3.0699 -0.0086693 0.047598
-0.80358 -0.84465 -0.029152 0.62022 2.6974 -0.080515 -1.92 -1.1711 -1.2887 -1.4666 2.1534 -1.5928 1.1844 -0.11417 -0.38974 1.8434 0.84781 -1.0965 0.13485 0.4927 -0.91302 0.74948 -0.76816 -0.23319 1.9224 0.28193 1.1712 0.38508 0.4997 0.1979 -1.2778 -0.047831 0.60242 -0.68889 0.73369 -0.050126 -3.1718 -0.021013 -0.00070215
-1.2304 -0.98514 0.058079 0.51865 1.691 0.15371 -1.0492 -1.5368 -0.56235 -2.4027 1.413 -1.9284 1.2953 0.44525 -0.29269 1.7028 0.87631 -1.5831 0.3594 0.64567 -1.3436 0.93636 -1.0064 -1.8706 1.9601 0.28022 1.2339 0.31403 -0.59717 -0.31561 -0.58392 0.24887 -0.3481 -0.27725 0.51345 0.30552 -2.2745 -0.11463 -0.10349
-0.84897 -0.94426 0.51274 0.62762 1.5057 -0.16758 -1.0899 -2.0143 -0.58033 -3.0257 0.10963 -1.2065 1.3395 0.89472 -0.15346 1.3284 0.84812 -1.2778 0.81493 0.39464 -1.394 1.0713 -0.7802 -2.4957 1.7324 0.21157 1.0563 0.25382 -1.4867 -0.70352 0.17369 -0.0028424 -0.78055 0.52248 -0.10267 1.0552 -0.97985 -0.1913 -0.34395
-0.14789 -0.89509 1.0212 0.93326 1.083 0.20758 -1.1092 -2.0959 0.20865 -2.5825 0.34642 -0.75397 1.367 1.0508 -0.14655 0.2019 0.088122 -1.2503 0.37949 -0.5966 -1.0192 0.97645 -0.35728 -2.4033 1.5773 0.092809 0.95738 0.28661 -1.5184 -0.91824 0.29614 -0.40332 -0.44958 1.2602 -0.51899 1.8124 0.48597 -0.6359 -0.62988
0.027763 -1.0162 0.81022 1.1713 0.85274 0.52679 -1.2366 -2.3686 0.044341 -2.7263 -0.81247 -0.43073 1.379 1.6032 -0.014911 -0.28867 -0.10034 -0.93443 0.12296 -0.46657 -0.1054 0.52848 1.095 -1.896 1.7484 -0.23013 0.41004 0.52894 -0.87744 -0.76907 0.084155 -0.6497 0.15129 1.1489 -0.95967 1.7649 0.97481 -1.0937 -0.9648
-0.14383 -1.1 0.72756 1.1971 1.0275 0.75036 -2.2088 -2.6611 -0.15446 -2.8864 -1.0074 -0.53216 1.3398 1.9226 0.14297 -0.43259 -0.39531 -1.1827 -0.034067 0.17073 0.3442 0.15108 1.8148 -1.2373 0.70599 -0.60855 -0.49824 1.1664 0.29768 -0.3349 0.15152 -0.36989 0.98065 0.74648 -1.1761 1.227 1.6754 -1.6108 -1.2935
0.13456 -0.9937 -0.18734 0.16689 0.78672 -0.00013948 -2.2916 -2.195 0.40166 -1.9637 -1.2194 0.096175 1.3028 1.2476 0.62821 -0.056917 -0.37562 -1.1612 -0.17155 0.33069 0.050819 -0.47848 1.794 -1.191 0.01513 -1.1376 -1.6737 1.5717 0.97228 -0.11345 0.30661 0.14196 0.99549 0.48823 -0.71204 0.29055 1.94 -1.4164 -1.4093
1.0863 -0.90237 0.090012 0.56404 0.26687 0.078597 -0.81788 -1.3809 0.089703 -0.72568 -1.4225 0.31718 0.92751 0.28694 1.567 0.65963 -0.42359 -0.85249 -0.15115 1.0156 0.28618 -0.92756 1.8374 0.50005 -0.73346 -1.7325 -2.6261 1.604 1.3083 0.2338 0.75692 0.55065 0.61562 0.50608 -0.23965 -0.22409 1.8908 0.0084616 -1.276
1.8556 -0.6882 0.66349 0.48067 -0.36005 0.010249 -0.60793 -1.8463 -0.26417 -0.74563 -1.2923 -0.79426 0.59732 -0.76014 2.0132 1.0455 -0.31929 -0.50661 0.44636 1.1521 0.83023 -0.38574 1.685 1.0078 -0.32419 -2.1512 -2.8679 1.045 0.86114 0.26022 1.023 0.63334 0.1661 1.2626 0.40962 -0.42567 1.475 1.219 -0.72667
0.54128 -0.068991 1.2335 0.9138 -0.24267 0.4283 -1.351 -2.7265 -0.69519 -0.89401 -1.81 -0.74268 0.043407 -2.0691 2.2468 1.5472 -0.0038654 -0.021296 0.67458 1.0265 0.89407 -0.37783 1.4028 1.3398 0.90592 -2.3499 -2.1995 0.017851 0.019525 0.3959 0.89744 0.39471 -0.26733 1.7661 0.67549 -0.23383 0.16632 1.4183 0.02967
-0.4571 0.9535 1.435 0.47456 0.32806 0.4296 -0.37365 -1.849 -1.3887 -0.64156 0.86942 -1.2959 -0.54028 -3.0307 2.1123 1.1643 -0.1162 0.44125 0.58549 0.67513 2.0833 0.098682 1.1266 1.2536 1.6236 -2.1091 -0.67843 -0.95007 -0.45655 0.39444 0.37342 -0.089582 -0.16846 1.3825 0.46987 -0.092642 -0.40523 0.53428 0.77573
-0.95378 0.86641 1.2341 0.29036 0.45974 1.1852 -1.0437 -0.81584 0.47648 -0.20802 -0.026049 0.18731 -0.88493 -2.7607 1.5549 0.63507 0.19918 0.44186 0.50967 0.7202 2.9258 0.22875 1.6299 0.68611 1.1158 -1.701 1.0372 -1.9525 -0.91221 0.35154 -0.42425 -0.46144 -0.041403 0.28382 0.47378 -0.22145 -0.90059 -0.70807 1.4217
-1.5352 1.2324 1.7029 0.3588 0.38209 0.39809 -0.20155 -0.82192 -0.28821 0.57664 0.10735 2.0137 -1.2039 -1.6993 0.71312 0.61428 0.30075 -0.01237 0.3672 0.97297 2.3722 0.28684 1.3776 0.52752 0.64277 -1.1084 2.3936 -2.3487 -0.98781 0.24529 -1.2004 -0.73781 0.0076894 -1.3473 0.055045 -0.69874 -0.5436 -1.783 1.7235
-1.7294 1.2218 1.5888 0.64951 0.44123 0.67255 0.13121 1.311 -0.044055 0.5131 -0.16227 1.0975 -1.2369 -0.75121 -0.44322 0.052353 0.42859 -0.65549 -0.062778 0.80439 1.2788 0.51199 0.81625 -0.071627 0.0072341 -0.34456 2.502 -1.6924 -1.0069 0.081411 -1.0426 -0.6159 -0.75593 -1.8122 -0.1566 -1.3725 -0.0029894 -1.7555 1.3948
-1.3478 1.096 1.5369 1.0843 0.070512 0.81727 -0.24181 0.73431 -0.53835 1.3001 -0.60299 -1.0809 -1.2917 0.53245 -0.96733 -0.46069 0.21032 -1.415 -0.48383 0.65992 0.4241 0.080264 0.082143 0.55517 -1.3406 0.25016 1.7679 -0.5735 -0.84008 0.037118 -0.50606 -0.50898 -1.3052 -1.5653 -0.47542 -1.3722 0.14065 -0.72791 0.64356
-1.7249 0.97729 2.2079 0.96722 -0.093155 1.0268 0.081201 -0.59627 -0.4341 0.43931 0.40033 -0.0018242 -1.2696 0.89767 -0.54207 -0.78083 0.37757 -0.94796 -0.19581 -0.65348 0.55868 0.020209 -0.57149 0.65064 -1.3565 0.077967 0.7226 0.38222 -0.49018 -0.10256 0.84819 -0.18581 -0.9302 -0.62248 -0.46613 -0.73803 -0.18132 0.70681 -0.021562
-1.3751 0.15459 0.94799 0.60125 -0.54863 0.2566 0.46801 -0.033312 0.45123 0.39288 0.68112 -0.10053 -0.8552 0.85207 -0.22851 -0.59931 0.37618 -0.88989 -0.50035 -0.94827 -0.15302 -0.43442 -0.77705 0.42523 -0.10378 -0.18521 -0.32008 0.88566 -0.063619 -0.028025 1.7988 0.10371 -0.49613 -0.087056 -0.29524 0.09663 -1.0249 1.365 -0.38282
-0.063592 -0.024206 0.67578 0.43257 -1.6507 0.21475 -0.18104 0.1488 0.31382 0.12804 0.64827 -0.43766 -0.67105 0.47325 -0.14139 -0.83077 0.13303 0.75223 -0.39336 -0.27708 0.42303 -0.17872 -0.28695 -0.37655 0.80245 -0.16452 -0.64414 0.90103 0.2455 -0.11185 1.4149 0.1811 0.24295 -0.29045 -0.37921 0.62384 -1.0525 0.84277 -0.25062
-0.96449 1.4329 1.0524 1.3884 0.033283 0.49608 -1.5361 1.3194 -0.7884 -0.027038 0.59431 0.28072 -1.5912 0.14244 0.37921 -0.56193 0.26006 1.2963 -0.19066 -0.52873 0.33628 -0.41707 0.1388 -0.94838 0.29738 -0.30285 -0.080849 0.66509 -0.043271 -0.15823 0.59593 0.081429 0.21984 -0.65719 -0.18629 0.52008 -0.92906 0.022787 0.1283
-0.95063 0.93756 1.3074 1.3463 -0.8453 0.17899 -0.80782 0.42909 -1.0579 -0.086292 -0.085891 0.17195 -1.5598 0.032881 0.72768 -0.32698 0.20555 0.75668 -0.013704 -0.35664 -0.21719 -0.75787 0.26336 -0.73359 0.12588 -0.30451 0.8855 -0.10937 -0.23538 -0.37991 -0.96977 -0.34772 -0.30192 -1.5234 -0.18779 -0.24064 -0.48471 -0.78697 0.665
-1.1116 0.4559 0.5532 0.83375 1.9199 0.52951 0.45748 0.4524 -0.078373 1.2161 -1.0646 0.15272 -1.1399 0.92582 0.50019 -0.938 0.022636 0.27636 -0.53681 -0.449 -1.0413 -0.5177 0.025286 -1.2263 0.29316 0.11122 1.2739 -0.61649 -0.39513 -0.90825 -1.1735 -0.56492 -0.27717 -1.2912 0.15939 -0.89899 0.0046633 -1.1337 1.1692
-1.3259 1.1293 1.2155 1.0108 0.65209 0.47251 -0.76216 -0.32598 -0.5169 0.26806 -0.26958 0.18885 -1.3116 1.7762 -0.38567 -1.1016 -0.48221 -0.68399 -0.85734 -0.92138 -1.696 -0.50435 -0.73104 -1.1999 -0.74087 0.80065 1.0026 -0.51057 -0.55683 -1.0793 -0.68837 -0.69629 0.18112 -0.63165 0.69728 -1.3164 0.13029 -1.414 1.1718
-0.40763 0.99653 0.15007 0.8014 -1.1616 0.028875 -0.52793 0.20666 -0.87401 0.44887 0.24225 -0.22311 -1.1095 1.7053 -0.12995 -0.94293 -1.1231 -0.33474 -0.80595 -0.80033 -1.3035 -0.20615 -1.2308 -0.72193 -1.5015 1.2053 0.055991 -0.069542 -0.88329 -1.0152 0.38469 -0.41905 1.2788 0.064414 1.2005 -0.81623 0.048173 -1.4901 0.74285
1.4144 1.0886 -0.4424 0.99291 -0.78859 -0.61993 -1.7699 -0.79128 -0.92379 -0.23599 -1.7484 0.44767 -0.88156 1.5609 0.16114 -1.4061 -1.2701 -0.32419 -1.1582 0.19955 -1.2474 0.52966 -1.8415 -0.74715 -1.7643 1.2136 -0.90642 0.44741 -0.87373 -0.65282 1.5062 -0.090636 2.0222 0.46499 1.5112 -0.035673 -0.016898 -0.72309 0.050836
0.51706 0.4825 0.29604 0.74363 -0.38503 -0.46768 -2.4024 -0.96444 -1.6976 -1.1642 -1.3673 -1.0936 -0.65903 1.1477 0.11226 -2.4997 -1.5116 0.8447 -1.1548 1.6093 -1.1416 1.443 -1.1146 -1.3744 -2.1334 1.2141 -1.2949 0.35839 -0.48371 -0.15714 1.2239 0.40231 2.0693 0.63329 1.2894 0.88502 0.3463 0.036207 -0.46718
0.21236 0.71292 0.27189 -0.68267 0.48112 -0.35673 -0.16198 -0.9037 -0.27219 -0.8576 -0.96912 -1.7754 0.075748 0.3357 0.27784 -2.0186 -1.5349 1.7056 -0.84646 2.0086 -0.91326 1.7873 -0.86472 -0.9225 -1.8438 0.88618 -0.98101 0.35889 0.2814 0.35309 0.44551 0.77245 1.0857 0.99471 0.66107 1.6301 0.92349 1.0104 -0.74031
0.45044 1.1955 -1.4944 -0.38914 1.1063 -0.9926 1.0637 -1.0978 1.2213 -1.2849 -1.6954 -1.415 -0.101 -0.14142 0.44149 -1.5765 -1.3059 1.0681 -0.21744 2.5259 -0.29606 1.8255 0.11552 0.026171 -1.3765 0.54614 -0.49847 0.17452 0.87015 0.90937 -1.0015 0.29855 -0.5845 1.07 -0.65557 1.3531 1.2089 1.4397 -0.91588
0.63627 1.3267 -2.6051 -0.46173 0.44876 -1.1682 0.81133 -1.5434 1.0653 -0.65476 -2.2575 -2.1107 -0.18818 0.34408 0.62719 -1.3255 -0.7291 0.43332 -0.20077 1.9663 0.17169 1.7073 0.924 0.34009 -0.12771 0.24341 -0.11952 -0.23656 1.3331 0.78108 -1.8636 -0.072351 -1.6774 0.87798 -1.603 1.1436 1.0152 1.2108 -0.62991
0.76886 1.0957 -1.5881 -0.71982 1.0163 -1.073 0.55642 -0.9375 0.78025 -1.0009 -1.3302 -1.7217 -0.21426 0.20146 0.24757 -1.1638 -0.22504 -0.52854 -0.92439 0.44976 0.29668 0.14558 0.79687 0.33907 -0.12589 -0.078091 -0.12339 -0.51115 1.602 0.42006 -1.5679 -0.31462 -1.9019 0.67522 -1.7687 0.63682 0.642 0.8126 -0.3295
0.86057 1.2581 -1.1751 -0.54356 0.47871 -0.38148 0.91723 -1.1116 1.0156 -0.1545 -1.2684 -1.4876 -0.13901 -0.05586 -0.030217 0.35406 -0.62703 -1.2203 -0.62285 -0.36245 0.41666 -0.65757 1.1657 0.88763 -0.057068 0.088638 -0.25505 -0.3643 1.5531 0.18494 -1.1836 0.02962 -1.4175 0.66296 -1.4738 0.13296 0.34959 0.22176 -0.26512
0.62976 1.2612 -1.1852 -0.59378 0.53355 -0.82799 0.9242 -0.50486 1.3683 0.20231 -0.52054 -1.3896 -0.054426 -0.16895 -0.11242 0.68374 -0.58726 -1.2411 -0.58249 -0.17668 0.83335 -0.61756 1.3144 0.99025 0.21142 0.043241 -0.47407 0.082827 1.6255 0.35035 -0.41074 0.55181 -0.79856 0.78066 -0.86661 -0.42586 0.39618 0.6861 -0.52563
0.40593 1.1344 -2.5846 -0.92701 -0.23546 -2.5206 0.7723 -0.8307 -0.0097054 -0.3488 -1.3153 -2.2031 -0.10812 0.050965 0.17999 0.75604 -0.22022 -1.5819 -0.31377 -0.59967 1.1326 -0.93041 0.93954 0.68133 0.15645 -0.28409 -0.89386 0.29305 1.2521 0.94731 0.33045 0.8797 -0.52741 0.5209 -0.34698 -0.75669 0.43734 1.3778 -0.88725
0.56355 1.2232 -0.96974 -1.2841 -0.78587 -1.3861 0.23683 -0.87662 0.32013 0.53981 -0.61436 -1.5426 -0.053617 -0.74754 0.29297 1.7808 0.21025 -1.1819 -0.059198 -1.0488 1.3853 -1.4892 0.024807 1.2 1.14 -0.81764 -1.1571 0.0080244 0.91084 0.78103 0.83828 1.2035 -0.47873 -0.048284 0.4627 -0.59511 0.75928 1.6768 -0.63557
0.62926 1.0933 -1.2566 -1.0462 -0.66361 -1.3824 0.7099 -0.044291 0.37994 1.1201 -0.51317 -1.5843 -0.23063 -1.4619 0.28324 2.2278 0.735 -0.60961 0.73915 -0.99065 1.1076 -0.92489 0.23896 1.6209 2.2215 -1.0441 -0.98502 -0.7787 -0.3657 0.16242 1.0204 0.62632 0.11573 -0.48894 1.4898 -0.070348 0.93653 1.4331 0.21957
1.0554 1.5419 -0.17906 -0.55362 -1.0342 -0.84013 -0.27588 0.67755 -0.46831 -0.0010642 -0.2792 -1.2984 -0.64877 -1.6095 -0.14365 1.7091 0.38337 -0.076692 1.1112 -0.94616 0.76178 0.3408 0.42839 1.9873 2.514 -0.69641 0.10851 -1.5159 -1.7094 -0.72598 0.37643 -0.011338 0.28617 -0.7961 1.9789 0.46958 0.36195 0.21719 1.2209
-0.86042 1.6067 1.0596 -0.12099 -0.76363 -0.8848 -0.35005 0.52141 -1.1402 -0.43818 0.97287 0.33259 -1.1268 -1.3871 -0.94967 0.080538 -0.02132 -0.12165 0.25801 -0.40379 0.54662 1.2268 0.59024 2.1007 2.3219 0.042559 1.1807 -1.8316 -2.2752 -1.2946 -0.25555 -0.54925 0.44825 -0.93257 1.6496 0.56638 -0.51694 -0.70731 1.7437
-1.3706 1.345 0.30808 0.020706 -0.28649 -0.70088 -0.12982 0.23084 0.37516 0.95544 1.442 0.88254 -0.99626 -0.57062 -1.7208 -0.45964 -0.79605 -0.69405 0.16388 -0.74746 0.20087 1.5126 0.82189 1.6511 1.5336 0.79089 2.0404 -1.2971 -1.7013 -1.0626 -0.57883 -0.28198 0.48846 -0.59712 0.65314 0.40702 -1.3475 -1.1679 1.4902
-0.7609 0.6375 -0.99483 -1.3705 -0.6955 -1.0299 -0.51509 -0.26046 1.2334 0.79855 1.2279 0.11426 -0.3946 0.27561 -2.1075 -1.0978 -1.1286 -0.82634 0.20456 -0.16476 -0.32882 1.89 1.2158 0.76376 1.3241 1.2854 2.0154 0.0081555 -0.092519 -0.32498 -0.30932 0.16606 0.20625 -0.17805 -0.61212 -0.11832 -1.8282 -0.97321 0.53327
-0.24367 -0.06695 -1.1469 -1.2847 -1.2666 -1.1909 0.19269 0.50414 2.191 1.6751 2.3111 0.82351 0.24529 1.454 -1.8143 -1.0001 -1.0802 -0.89286 0.62193 -0.058449 0.102 1.3618 0.95854 0.0087085 0.71281 1.3085 0.97065 1.6511 1.2058 1.0227 0.15978 -0.25218 -0.018629 -0.0139 -1.6296 -0.69259 -1.6957 -0.41306 -0.85593
0.4257 -0.52458 -0.77982 -1.6229 -1.9597 -0.80422 -1.0395 0.76182 1.1652 1.3092 1.3414 -0.12691 0.30674 1.4478 -0.8823 0.16857 -0.50994 -0.65461 0.33823 -0.31653 0.27239 0.054124 0.27487 -0.66392 0.81789 0.72383 -0.47311 2.7689 1.9907 2.2122 0.87561 -0.30987 -0.3051 -0.065708 -2.3627 -1.4198 -1.5067 -0.74527 -2.0746
0.34698 -0.25909 -0.51772 -1.2224 -1.6101 -0.3565 -0.26298 -0.15179 1.5685 1.1275 0.89077 1.4479 0.22069 0.70012 0.54474 1.2397 0.79711 -0.47909 -0.36403 -0.69835 -0.1203 -0.90904 -0.14619 -0.96208 0.98194 -0.43629 -1.8555 2.8066 1.6746 2.748 1.3369 -0.49421 0.1194 -0.29853 -2.0851 -1.3553 -0.59584 -0.99679 -2.4695
0.29751 -0.11418 -0.32823 -1.2225 -1.2965 -0.014892 -0.21536 0.6775 1.1047 1.2783 1.3392 1.3504 0.10733 -0.24122 1.5355 1.6352 2.0711 0.69162 0.1302 -0.45573 -0.3339 -1.821 -1.1792 -1.7088 -0.27326 -1.4977 -2.0648 1.7557 0.51672 2.233 1.2554 0.073417 0.46749 -0.18891 -1.3949 -1.0434 0.14004 -1.6917 -1.9559
0.41402 0.36884 -0.021268 -1.0419 -1.1187 -1.0253 -0.81723 0.39014 0.81127 1.4057 0.39139 1.3548 -0.062041 -1.2289 1.8648 1.5072 2.7747 1.0764 -0.18092 0.26583 -0.14099 -1.9766 -1.128 -0.6482 -0.70269 -1.932 -1.4565 0.28161 -0.45113 0.97759 0.71114 0.68917 0.4883 0.094758 -0.64719 -0.55256 0.34792 -1.4786 -0.83406
0.15116 1.1743 0.43762 -0.15381 -2.0021 -2.1203 -1.5114 -0.33757 0.19868 0.70521 0.39969 1.0689 -0.88371 -1.5139 1.5178 1.0327 2.6788 1.048 0.38529 0.16584 -0.060993 -2.2693 -1.4007 -0.56322 -1.6774 -1.9747 -0.57812 -0.93096 -0.88301 -0.47722 -0.26439 0.87427 0.38817 0.31043 0.21811 0.33973 0.61159 -0.50756 0.26925
-0.51174 1.2947 0.95098 1.5807 0.015288 0.14071 -0.22283 0.46879 -0.89181 -0.43445 -0.65354 -0.41237 -1.4764 -1.4309 1.0498 0.66414 2.311 0.7404 0.78115 -0.0022349 -0.076693 -2.0051 -1.1834 -0.87129 -1.2315 -1.6672 -0.077433 -1.7392 -0.75647 -1.6138 -0.2879 0.89506 0.32 0.24392 1.3374 0.76015 0.29434 0.26063 1.3186
-1.2038 1.2919 0.82092 1.3789 -0.6003 -0.79944 -0.12156 0.46588 -1.2143 0.22788 1.269 -0.03955 -1.5978 -1.234 0.33016 0.34337 1.3861 0.31666 1.2628 0.48103 0.21226 -1.3483 -0.44812 -0.41877 -1.0008 -1.1553 0.021746 -1.88 -0.59796 -2.5581 -0.22429 -0.87608 0.51278 -0.57049 2.3246 0.60022 0.88027 0.93043 2.4968
-1.1202 1.1674 0.33731 1.2156 -0.30294 0.4986 -0.20879 -0.10529 -1.283 -0.43645 0.058613 -0.046616 -1.6116 -1.5087 -0.55994 0.38366 0.36773 0.85234 1.0323 0.77195 0.17787 0.32202 -0.02868 -0.16147 -0.51121 -0.017708 0.37583 -1.3758 -0.41903 -2.6436 0.0082438 -2.1478 0.79322 -1.3824 2.4242 -0.31095 1.2033 0.30925 3.1206
-0.85145 1.1652 0.55906 1.1173 -0.78992 0.0091039 -1.1019 0.64173 -1.4125 0.23714 -0.63679 0.45077 -1.5265 -1.426 -0.94079 0.011706 -1.1778 0.52876 -1.3505 0.83556 -1.2366 1.3553 -0.73427 0.78501 -0.18092 1.6008 0.7155 -0.5751 -0.48085 -1.8139 0.11557 -2.8154 0.72181 -1.6654 1.9625 -0.97782 1.2933 -0.47689 2.775
-0.97503 1.0047 0.75493 0.8508 -1.1733 -0.15991 -0.15645 0.38018 -0.92463 0.81072 -0.06302 -0.14108 -1.6015 -0.61129 -0.70127 0.015341 -1.3961 0.63372 -1.8647 1.4492 -1.8998 1.6361 -1.6871 0.86084 -1.0153 2.4542 1.115 0.28396 -0.39099 -0.52575 -0.24809 -1.7604 0.71785 -1.3027 0.86472 -1.1395 0.90819 -1.0468 1.3712
-2.4244 0.43444 1.3837 1.1255 0.60105 -0.22746 0.28515 0.048992 1.0184 -0.16823 0.3019 -0.17561 -0.8553 -0.31201 -0.59301 -0.40683 -1.1614 0.63885 -2.4709 1.6255 -1.8189 2.0386 -1.6492 1.5797 -1.6799 2.4991 1.162 0.77126 -0.52236 0.43843 -0.29376 0.34 0.44193 0.17708 0.26679 -0.13952 -0.078093 -0.58342 -0.4702
-2.3607 0.27649 0.46719 -0.32641 0.58749 -2.6304 1.1284 -1.7203 0.50379 -2.0855 1.7841 -0.59283 0.8137 0.066077 -0.23349 -0.16739 -0.64858 0.28673 -1.6466 1.852 -1.9313 1.7679 -1.9369 1.1988 -1.8219 1.9498 0.94395 0.91364 -0.95282 0.51763 -0.51605 1.1726 -0.28217 1.1276 -0.36361 1.3367 -0.84693 0.83779 -1.9001
-0.96389 0.90585 0.49688 -0.20364 -0.35905 -2.2304 1.3784 -1.827 0.4049 -2.0075 1.7257 -1.2789 0.83683 0.45669 0.17322 -0.91171 -0.7473 0.10085 -0.82992 1.5465 -0.88879 1.8479 -0.90039 0.44769 -0.91984 1.0248 0.34963 0.82436 -0.98547 0.21594 -0.24537 1.8487 -0.69594 1.7625 -0.81052 2.6485 -1.5198 2.0562 -2.5493
-1.1427 0.54955 -0.27956 0.32176 0.13193 -1.9438 0.91196 -1.1725 1.5349 -1.3663 1.3764 -1.7577 0.36111 0.81034 0.51117 -1.5808 -0.65002 -0.1409 -0.52202 0.92449 -0.27766 0.99408 0.71025 -0.24282 0.27776 -0.15662 -0.45134 0.38883 -0.77977 -0.34564 0.44618 0.73123 -0.86783 1.4772 -0.99575 2.8772 -1.8403 2.4004 -1.9122
-1.0884 0.90926 1.2391 0.70935 -0.75414 -1.3114 1.4721 -1.3248 1.0628 -1.685 0.59586 -1.3753 -0.0024899 -0.010435 0.47492 -1.6119 -0.77459 0.34752 0.37531 0.68133 0.61385 0.76953 2.5208 -0.68306 1.357 -0.9398 -0.67174 0.1974 0.55628 -0.49184 0.89124 -0.05223 -1.2073 0.20954 -1.564 1.5319 -1.3829 1.6736 -0.73258
-1.413 0.90899 -0.60074 -0.47691 0.086151 -1.2768 2.1708 -0.53 2.7885 -0.26088 0.88375 -0.59256 -0.23422 -0.55265 0.29839 -1.3306 -1.3045 1.034 -0.89899 0.52617 0.050248 0.27035 2.3206 -1.8453 1.8083 -0.43721 -0.37964 -0.19446 1.2381 -0.43307 1.1839 -0.15911 -1.3767 -0.015537 -1.4887 -0.16119 -0.44299 0.39566 0.39168
-1.5036 0.91681 -1.1074 -0.28486 0.77465 -2.4561 1.3748 -1.3926 1.4853 -0.0042698 0.75958 0.38357 -0.15015 -0.134 0.62938 0.037734 -1.3644 1.2693 -0.73425 -0.70487 -0.66073 -0.99492 1.4713 -1.4673 1.6437 -0.12548 0.62614 -0.76709 1.6754 0.13607 0.39076 0.24602 -1.31 0.46306 -1.4786 -1.2142 0.36032 -0.75082 0.95975
-1.9138 0.9909 -1.3704 -1.4464 0.5577 -2.0007 2.0459 -1.0084 1.0813 1.4427 1.1003 0.39033 0.032488 0.15643 0.10215 -0.010519 -1.189 1.7363 -0.2569 -1.1785 0.33603 -1.1736 0.899 -0.73158 0.93171 0.12678 1.3201 -1.4221 1.3567 0.54286 -0.71652 1.6131 -0.72424 1.8352 -0.77573 -0.88739 0.88009 -1.3158 0.7821
-1.3147 1.1407 -0.48036 -1.1292 0.96802 -3.554 1.6826 -1.7705 1.1847 0.37782 -2.2053 -0.0008537 0.34307 0.83552 -0.75473 0.97011 -0.59642 0.75664 0.51079 -1.1264 1.3311 -1.5377 0.71088 -0.5521 0.32146 0.46982 1.4437 -1.9392 0.38264 0.68349 -1.4762 2.0589 -0.0057715 2.5918 0.00020533 -0.40109 0.85451 -1.3688 0.662
-1.0559 1.4807 1.2027 -0.67771 1.4306 -1.6345 -0.59453 -1.9254 -0.1408 -0.2475 -0.053526 -0.0030828 -0.17715 1.4853 -1.4766 0.828 -0.68793 -0.15211 1.453 -0.72865 2.4482 -1.0427 0.8581 -0.60006 -0.12368 0.6437 1.2605 -1.6679 -0.37079 0.34503 -1.9311 2.2598 0.26114 2.1465 0.083131 -0.067192 1.1771 -1.1838 0.50501
-1.0846 0.64056 -0.18325 -1.0941 1.8481 -1.2183 0.86825 0.41848 0.5596 0.057023 0.6097 0.070266 0.01554 1.9596 -1.9476 0.35665 -0.35006 -0.74004 2.2064 -0.93035 3.0741 -1.0499 0.65802 0.11979 -0.5266 0.78297 0.73594 -0.96097 -1.2426 -0.055304 -1.5539 1.3737 0.34845 0.84948 0.26474 -0.35801 0.87984 -0.9021 0.38933
-0.42071 -0.38748 -0.24664 -1.2993 0.63051 -1.2626 1.1469 1.1487 0.45616 1.7509 0.16561 0.35373 0.54331 2.0035 -2.196 -0.42498 -0.68347 -1.3739 3.0609 -0.73282 3.4331 -1.2365 0.78446 1.2153 -0.97576 0.86047 0.021037 0.08605 -0.6445 0.16959 -0.81173 0.55675 0.0037917 -1.0365 0.22915 -1.2832 0.48751 -0.56548 0.15611
0.18054 -0.58227 -0.39416 -1.6722 0.11739 -0.9577 0.79075 1.1455 -0.15813 1.6909 -0.86426 0.18517 0.73952 1.9861 -2.06 -0.81316 -0.72246 -1.7407 2.2404 -0.40259 2.4123 -0.88654 0.0033406 0.2425 -1.026 1.0479 -0.64049 1.0472 0.083135 0.41306 0.24574 -0.11439 -0.068981 -2.2783 0.60353 -2.128 -0.11266 0.06339 -0.21315
0.50894 -0.64951 -0.26722 -1.5201 -0.13131 0.35892 0.20616 1.9197 -0.50685 1.2811 0.41544 -0.78072 0.8917 1.5197 -1.2643 0.16156 -0.20281 -1.2836 2.4648 -0.97359 0.8702 -0.64328 -1.4784 0.27475 -0.98065 0.78671 -1.0041 1.4742 0.5985 0.94397 1.1175 -0.58718 -0.045403 -2.6122 1.1307 -2.2194 -0.52316 0.94146 -0.49283
0.93254 -0.87936 -0.21835 -1.6441 -0.23838 0.88402 -0.28843 2.0037 -1.0268 0.45552 0.67663 -1.2615 0.88788 0.98885 -0.5857 0.22142 0.16618 -0.31335 2.2971 -0.93942 0.15371 -0.095891 -2.6272 0.35426 -0.38508 0.44458 -1.242 1.2904 0.52689 1.0324 1.4022 -0.56089 0.3847 -2.0913 1.3183 -1.1407 -0.69517 1.5807 -0.60724
0.96959 -1.0278 -0.2832 -1.5799 -0.50228 0.70315 -0.31956 1.3984 -0.68745 -0.33058 0.37194 -0.5687 0.95031 0.59676 -0.36253 0.21401 0.62673 0.11855 1.9544 -0.54579 -0.25602 0.70225 -2.5066 0.122 0.58227 0.29401 -1.2382 0.75919 -0.085728 0.77255 0.89913 -0.9669 0.96106 -1.5416 1.1362 0.24312 -1.2806 1.4988 -0.39054
0.55756 -1.0455 0.094176 -1.2827 0.08278 1.5675 0.26621 1.6694 0.22112 -1.182 0.58316 -0.58215 1.0649 0.088922 -0.26002 0.17818 0.78356 0.33067 1.4659 0.17914 -0.88107 1.1605 -1.8509 -1.0544 1.3373 0.22448 -1.0266 0.36409 -0.2285 0.48034 0.16898 -0.84721 0.93557 -1.1271 0.41067 1.2441 -1.3446 0.61561 -0.19871
1.0148 -0.97318 -0.14297 -1.2122 0.13076 1.3277 -0.19996 1.3134 0.076526 -1.2107 0.015533 0.12256 1.081 -0.38167 -0.10019 0.014146 0.9208 0.16602 1.1029 0.43802 -1.454 1.074 -1.3637 -1.5374 1.1407 0.2089 -0.55395 0.17955 -0.22101 0.036497 -0.29744 -0.69215 0.47519 -0.57386 -0.50725 1.4803 -0.71609 -0.42532 -0.16099
1.0854 -0.9399 -0.17117 -0.80595 0.076136 1.8997 -0.21642 1.2217 0.60469 -1.2669 -0.27942 0.4347 1.0661 -0.47024 -0.077165 -0.12423 0.90218 -0.017962 1.1658 0.4876 -1.3233 0.5724 -0.61885 -1.4576 0.5687 0.13733 -0.14329 -0.012903 -0.097544 -0.42051 -0.46849 -0.66506 0.002504 0.15748 -1.0489 1.1518 0.33672 -1.2211 -0.17017
0.57223 -1.0762 -0.0026054 -0.71486 0.12416 2.2675 0.45946 0.84058 0.72611 -1.0859 -1.1412 0.30237 1.12 -0.17144 -0.13523 -0.065851 0.61617 -0.31586 0.83298 0.28014 -1.0894 -0.03626 -0.053003 -1.0906 0.13758 0.054237 0.20656 -0.11667 0.047625 -0.84994 -0.34146 -0.96799 -0.29501 0.92324 -1.1605 0.82677 0.81142 -1.1747 -0.16827
0.33365 -1.0505 -0.28176 -0.63532 -0.31579 1.8279 0.20642 -0.19403 0.28804 -1.8139 -1.4073 -0.092673 1.1379 -0.28159 -0.25851 0.026257 0.1256 -0.3774 0.37929 0.27439 -0.76745 -0.43027 -0.11817 -0.63614 -0.56643 0.0022898 0.38304 0.047178 0.11541 -0.99158 -0.082862 -1.3895 -0.42397 1.4261 -0.75429 0.51117 0.93543 -0.51827 -0.11017
0.41516 -1.1179 -0.30365 -0.46786 -0.27421 2.4345 0.4519 0.32802 0.33365 -1.2117 -1.1193 0.098652 1.1275 -0.074865 -0.206 0.028162 -0.30837 -0.35056 -0.28332 -0.045726 -0.022044 -0.79992 0.099728 -0.37947 -0.60525 -0.019754 0.44003 0.20819 0.20834 -0.901 0.20785 -1.4459 -0.24762 1.6243 -0.2499 0.52096 0.66811 0.12269 -0.067557
0.90788 -1.1419 0.12336 -0.66368 -0.16825 2.4332 0.23168 0.77303 0.099351 -1.0895 -0.677 -0.11682 1.1041 0.21882 0.04672 0.049309 -0.51924 -0.18248 -0.83194 -0.20279 0.78141 -0.58614 0.36378 -0.0023146 -0.073037 -0.019472 0.29348 0.38107 0.14282 -0.71673 0.37356 -1.5472 -0.13113 1.0389 0.10213 0.49552 0.41583 0.27587 -0.046376
0.68229 -1.2708 -0.18105 -1.1387 -0.35155 1.6256 0.03344 0.37082 -0.37789 -1.5123 -1.1151 -0.44199 1.0568 0.42427 0.080713 0.32318 -0.77485 -0.016872 -1.2212 0.025022 1.1404 -0.46193 0.78535 -0.11866 0.14743 -0.053582 -0.061714 0.50183 -0.016936 -0.36419 0.45544 -1.3291 0.12089 0.036674 0.49201 0.37454 0.39615 -0.075005 -0.058379
0.69874 -1.1337 -0.12575 -1.0785 -0.37882 1.5638 -0.044541 1.2183 -0.33123 -0.9987 -1.3614 -0.13139 1.0848 0.035557 0.26737 0.15239 -1.0082 0.18186 -1.998 -0.017163 0.5748 -0.37927 0.56556 0.029663 -0.38278 -0.062171 -0.40305 0.56714 -0.26291 0.019006 0.3426 -1.0524 0.26177 -0.76975 0.60097 0.35079 0.41767 -0.62971 -0.087187
0.6597 -0.88003 -0.046333 -1.1565 -0.18576 1.0986 0.35181 1.4192 0.11132 -0.75774 -1.1608 0.40093 1.1447 -0.093217 0.56295 -0.059166 -0.76829 0.35626 -2.1449 0.11917 0.15407 0.11802 0.77437 0.36231 -0.58545 -0.10093 -0.56361 0.59061 -0.55585 0.32067 0.1639 -0.67753 0.24945 -1.2094 0.75187 0.27121 0.66267 -0.92753 -0.14052
1.0392 -1.0624 0.24446 -1.4788 -0.34217 0.64696 0.40148 1.1477 -0.41194 -0.50354 -1.3962 0.0020861 1.0392 -0.28271 0.79848 -0.27175 -0.50665 0.29546 -2.305 0.29511 -0.14166 0.36923 1.0955 0.557 -0.94051 -0.14909 -0.30704 0.5071 -0.56151 0.54352 -0.080354 -0.034444 0.25953 -1.1027 0.84618 0.44255 0.72212 -0.54661 -0.20402
0.41694 -0.82401 -0.13485 -1.7978 0.15702 -0.050623 0.18537 0.87015 -0.29857 -0.66517 -0.54154 -0.92946 1.0328 -0.48277 0.84885 -0.54439 -0.44274 0.23535 -2.3122 0.38874 -0.7294 0.71934 1.0815 0.89588 -1.3976 -0.25739 -0.095772 0.34642 -0.63459 0.58791 -0.13509 0.4782 0.26116 -0.77376 0.6616 0.25071 0.39456 0.40335 -0.23233
0.81555 -0.4674 -0.13312 -1.5194 0.20919 -0.27707 0.20424 0.80452 0.35667 -0.19884 -0.2296 -0.87089 0.95905 -0.34704 1.0129 -0.6956 -0.16922 0.065434 -1.9744 0.38847 -1.0145 1.0694 1.3286 1.1572 -1.046 -0.34311 0.051871 0.045817 -0.51723 0.56586 -0.015384 1.1503 0.36853 -0.32715 0.36837 -0.094545 -0.13556 1.4949 -0.19198
0.18003 -0.32403 -0.64756 -1.5681 -0.25398 -1.2046 0.49367 0.60785 0.13571 0.20828 -0.82764 -1.1825 0.91776 -0.23592 1.0647 -1.0794 0.14822 0.18551 -1.426 0.61624 -0.83318 1.1379 1.1764 0.81688 0.27981 -0.41297 -0.10042 -0.29902 -0.31561 0.31922 0.24287 1.5354 0.30418 0.0040896 -0.18652 -0.6129 -0.65613 2.0342 -0.075805
0.21873 -0.20465 -0.61127 -1.6075 -0.036724 -1.0471 0.68249 0.53347 1.0016 0.51142 0.024924 -1.2887 0.81396 -0.29972 0.77667 -1.0091 0.24165 0.27275 -0.62597 0.94404 -0.68875 0.92719 0.85035 0.31596 1.1955 -0.40925 -0.27195 -0.63547 -0.053677 0.041153 0.50573 1.6522 0.10075 0.1152 -0.62057 -1.2112 -0.73352 1.6542 0.067941
0.66171 0.16747 -0.60069 -1.4504 -0.12096 -1.1937 0.81702 0.033581 1.3992 1.0412 0.56187 -0.52205 0.73508 -0.69015 0.45328 -1.0019 -0.06799 0.59782 -0.15508 0.74242 -0.87961 0.41714 0.047451 0.019407 1.5248 -0.35755 -0.53411 -0.82444 0.059648 -0.036482 0.31449 1.2982 -0.14572 0.099016 -0.83177 -1.4186 -0.35783 0.70263 0.22254
0.65601 0.066094 -1.3011 -1.3879 0.30316 -1.0886 1.0269 0.25813 0.76672 0.5741 -0.39394 0.40067 0.56619 -0.63045 0.21973 -0.84128 -0.0036062 0.84832 0.43653 0.54203 -0.77344 0.16431 -0.62134 0.10771 1.6219 -0.25074 -0.48732 -0.82481 0.19199 0.12774 0.017191 0.79652 -0.32184 0.25198 -0.76143 -1.1485 0.012962 -0.19403 0.32854
-0.17395 0.02782 -1.2555 -1.456 0.60723 -0.73262 1.3836 0.16301 1.0692 0.31954 -0.17941 0.19039 0.64226 -1.0805 -0.084322 -1.0507 0.18243 0.50631 0.43727 0.53132 -0.60291 -0.1803 -1.0326 0.20643 1.472 -0.099719 -0.029638 -0.67891 0.50259 0.32188 -0.44104 0.27862 -0.44248 0.4229 -0.52448 -0.30831 0.14752 -0.93623 0.33225
-0.35116 0.011325 -1.3681 -1.7803 0.74657 -0.89388 0.9517 -0.43311 0.75359 -0.17669 -0.46178 0.43418 0.60202 -1.0254 -0.3827 -0.6158 0.33671 0.33567 0.54831 0.40453 -0.35672 -0.32914 -0.99406 0.23194 0.85107 0.041129 0.58022 -0.453 0.7465 0.26245 -0.65446 -0.12903 -0.57541 0.60139 -0.42232 0.65937 0.20624 -1.2323 0.17727
-0.3083 -0.027981 -1.4937 -1.4431 0.72035 -0.6414 1.1844 -0.21486 0.79612 -0.35831 -0.00057282 0.39055 0.65279 -0.54157 -0.41991 -0.14418 0.34704 -0.040257 0.3056 -0.079898 -0.30199 -0.40413 -0.40742 0.22954 0.069108 0.082347 1.16 -0.14155 0.99292 0.11434 -0.57029 -0.12017 -0.70122 0.80984 -0.31746 1.2658 0.35308 -1.3445 -0.045413
-0.77598 -0.19643 -1.9553 -1.1242 0.29147 -0.65969 1.5005 -0.16998 1.0355 -0.4217 0.89617 0.77968 0.68277 0.21308 -0.39394 0.14838 0.38756 -0.19737 0.26812 -0.31448 0.19167 -0.5818 0.43255 0.48307 -0.10422 -0.029044 0.96714 0.018772 0.68767 -0.33399 -0.71197 -0.34758 -0.94854 0.67043 -0.38448 1.2003 0.52259 -1.1206 -0.33633
-0.21414 -0.30312 -1.2312 -0.98332 0.53556 -0.47653 1.3547 -0.18612 0.61125 -0.10565 0.17223 0.72303 0.72512 0.51785 -0.31845 0.4874 0.35207 -0.37869 0.35942 -0.52782 0.62336 -0.69643 0.87879 0.75453 -0.70026 -0.14431 0.4886 0.51647 0.59284 -0.34517 -0.62651 -0.39009 -1.0295 0.61246 -0.10473 0.55088 0.20076 -0.25637 -0.75398
-0.15842 -0.37356 -1.3832 -1.2552 0.41702 -0.76957 0.69189 -0.12375 0.11337 0.11573 -0.55628 0.080116 0.62712 0.29509 -0.39434 0.3974 -0.31345 -0.92848 -0.11541 -1.2945 0.42363 -0.96322 0.8516 0.97412 -0.97063 -0.43786 -0.55257 1.071 1.0598 -0.10477 -0.43049 -0.4742 -1.0451 0.22868 0.62693 -0.44068 0.0063987 0.75189 -0.95844
0.075492 -0.30782 -1.046 -1.2167 0.48023 -0.37451 0.86463 0.35957 0.30232 0.95398 0.91102 0.15172 0.55044 0.35588 0.48503 0.87662 0.028879 -0.93808 -0.21774 -1.678 0.71803 -0.41863 0.52445 0.36023 0.0079793 -1.0416 -1.2931 1.3489 1.3649 0.32947 0.0068874 -0.47386 -0.51184 -0.20372 1.5113 -0.84124 -0.69014 1.7786 -0.90143
0.15867 -0.29448 -0.9346 -1.2116 0.084134 -0.36407 0.37696 0.4023 -0.11714 0.60577 1.0996 -0.41569 0.43701 -0.75107 1.0736 2.0035 0.33237 -0.79109 -0.31331 -1.8593 0.57168 0.57801 -0.30616 0.6769 1.0446 -1.269 -1.4343 0.85269 1.047 0.73291 0.37508 -0.14602 0.58088 -0.83641 1.6425 -0.80397 -1.5786 1.6989 -0.36198
-0.46734 -0.64569 -1.482 -1.8812 -1.0328 -1.1123 -0.4774 0.075471 -0.42633 0.38373 1.7878 -0.35354 0.11165 -1.4151 1.3002 2.3252 0.6286 -0.45071 -0.41102 -1.2779 0.17825 1.6494 -0.28928 -0.46034 1.829 -1.3169 -0.5976 -0.4844 0.12682 0.52727 0.4551 0.16837 1.706 -1.5054 0.85046 -0.26257 -1.7157 0.42158 0.72341
-0.040136 0.86486 -0.28511 -0.47126 -0.48151 -0.80718 -0.50619 0.89416 0.9075 0.19237 0.080732 1.7018 -0.6598 -1.5444 0.68763 1.6981 0.74447 -0.44304 -0.28432 -0.29886 -0.84582 1.3888 -0.41115 -1.7141 1.4978 -0.93773 1.2647 -1.6119 -0.95888 0.44135 0.45339 0.49996 2.3459 -1.2401 -0.77723 0.42686 -1.4347 -1.0231 1.5791
-1.4814 0.87659 1.9479 -0.64541 0.011288 -0.82506 -1.0908 0.36539 1.6193 -0.58074 0.9687 1.725 -0.48189 -0.37838 -0.15807 1.272 0.79408 -0.22379 0.081263 1.0316 -1.3479 0.93412 0.030619 -1.8105 0.63002 0.067931 2.6599 -2.1973 -1.7635 0.12089 -0.011968 0.3955 1.9696 -0.53872 -2.5873 0.64866 0.09933 -2.0177 1.8359
-1.6486 0.74078 0.77334 -0.68733 -0.010389 -1.1285 -0.2516 0.095259 2.544 0.69751 -1.255 1.6592 -0.6136 1.1476 -0.99439 0.66983 1.0594 -0.019638 0.36478 1.7807 -0.94994 -0.65185 0.41798 -1.4654 -0.36906 0.82155 2.9793 -1.4019 -2.3186 0.17922 -0.052467 0.42468 0.85764 0.7169 -2.681 0.65102 1.2365 -1.4525 1.0083
-1.2145 -0.29043 -0.13487 -0.56503 -0.71759 -0.52459 0.88362 -1.0941 0.92361 0.38309 -1.0168 0.81018 -0.18535 2.3139 -1.6741 -0.57947 0.67853 -0.70325 -0.0037394 1.7096 -0.75934 -2.6383 0.64043 -0.40651 -1.221 1.039 2.1847 -0.3379 -2.2038 0.25446 -0.034338 0.24197 -0.81515 1.2193 -1.635 -0.14056 1.714 -0.26156 0.037275
0.51116 -0.75977 0.20854 -0.51066 -0.74558 -0.51135 1.4124 -1.0687 0.51491 0.5202 -0.56905 -0.012775 0.73758 2.793 -0.98616 -1.8702 1.1193 -0.32471 0.54376 1.1221 0.18874 -2.3256 0.6331 -0.017322 -0.44043 0.35387 0.98358 0.71482 -1.4354 0.19133 0.48575 -0.038356 -1.9809 1.2109 0.42232 -0.54814 1.088 0.89456 -0.62069
1.2095 -0.91175 0.14797 0.12296 -0.65704 -0.72833 1.0951 0.11078 -1.342 0.72737 -0.33833 0.45138 0.5121 2.9687 -0.74346 -1.7296 1.2226 -0.1566 0.44084 -0.29008 0.33921 -1.5797 -0.37013 0.79671 0.16107 0.36781 -0.34931 1.0757 -0.61008 0.062373 0.86435 0.056071 -2.2146 0.46888 2.0405 -0.7002 -0.23882 1.516 -0.70192
1.7309 -0.37432 0.025141 0.24686 -1.2381 -1.103 0.85092 0.054787 -2.2185 0.72292 -0.15747 0.92369 0.036927 2.7017 -0.20998 -1.5384 1.1271 0.65632 0.075237 -1.2475 0.74179 -0.30302 -0.21556 0.041718 0.72547 0.063738 -1.2526 0.39216 -0.068729 -0.49057 0.5151 0.013604 -1.3847 -0.55708 2.3274 -0.37067 -1.179 0.87307 -0.07032
0.6263 0.10339 -1.1459 0.61963 0.13978 0.25062 0.3105 0.39756 0.46043 0.61593 -0.0099647 1.5628 -0.53194 1.7017 -0.18478 -1.93 0.77198 0.50868 0.33719 -1.6101 -0.16498 0.55472 -0.38955 -0.9182 1.2127 -0.052467 -1.6553 -0.21477 0.14651 -0.64246 0.12874 0.24771 0.088955 -0.46334 1.719 0.038276 -1.3432 -0.19011 0.38121
2.2104 -0.94785 -1.7262 0.58164 -0.74234 -0.62077 -0.26949 -0.58056 0.31469 -0.27166 -0.28524 1.1614 0.49141 1.0476 -0.57697 -1.906 0.40261 0.35034 0.62403 -1.0301 -0.58272 1.4011 -0.12781 -1.4779 0.77676 0.44044 -1.5302 -0.61397 0.93884 -0.58426 -0.35842 0.004148 1.3331 0.18339 0.013781 -0.071608 -0.049464 -1.0693 0.73972
2.8474 -0.86438 -1.29 0.67314 0.35958 -0.65206 -0.21494 -0.056002 -0.1861 0.52143 -1.2058 0.99414 0.43744 0.6498 -0.92708 -1.265 0.35738 0.23547 0.62606 -0.20618 0.15102 1.1116 -0.33615 -1.0822 -0.22765 0.85156 -1.4564 -0.24595 1.6801 -0.35201 -0.35805 -0.22531 2.2162 1.2117 -1.2986 -0.0082789 1.3202 -1.674 0.40322
2.4149 -0.91688 -1.8597 0.47576 -0.54686 -0.094496 -0.5394 -1.012 0.1433 0.2025 -1.9599 1.7649 0.54407 0.31988 -0.90028 -0.055448 0.21637 0.062885 -0.058175 0.78007 0.92753 -0.5431 -0.39239 0.011317 -0.65902 0.9156 -1.6016 0.20908 1.6728 -0.34664 -0.54704 -0.080342 2.0765 0.90257 -1.8845 -0.0045737 1.8388 -1.7814 -0.098129
1.962 -1.2327 -2.1131 0.72347 -0.47461 0.07899 0.14584 -0.087916 0.40325 0.86058 -1.9868 1.5101 0.6178 -0.70153 -0.44448 0.39584 0.18358 -0.076901 0.26669 2.0151 1.3223 -1.1324 -0.27599 0.8993 -1.3721 0.42084 -1.3406 0.50398 1.2388 -0.56556 -0.4667 0.4139 1.3687 -0.22771 -1.3082 0.33314 1.0584 -1.3032 -0.37972
1.9872 -1.1139 -1.649 0.89891 -0.41306 0.018649 0.6295 0.85728 0.34453 -0.27434 -0.65555 0.37042 0.73604 -1.3204 -0.44817 0.50076 -0.18191 -0.59876 0.65913 2.1046 0.50329 -1.3402 -0.16894 1.1062 -2.1663 0.48322 -0.83408 0.4992 0.54773 -0.95018 -0.17336 0.87933 -0.056589 -1.4492 -0.099799 0.25364 -0.54391 -0.28845 -0.36041
1.6765 -1.2361 -1.0183 0.81245 0.32452 -0.5494 1.121 1.2621 -0.9261 -0.28775 0.53972 0.75044 0.83958 -1.0765 -0.27012 0.85344 -0.52641 -0.37916 1.0331 1.9337 -0.052244 -1.1687 0.24176 0.42126 -2.0421 0.39896 -0.071761 0.37461 0.1095 -1.1976 0.25507 0.75031 -1.3193 -1.8321 0.87225 0.07017 -1.6774 1.1907 -0.1828
1.8556 -1.4071 -1.2265 0.70725 -0.92445 -0.23374 2.4236 0.48132 -1.7249 -0.12496 0.12118 -0.669 0.89212 -1.0741 -0.11276 0.77369 -1.2345 -0.14788 1.1816 0.71658 -1.056 -0.72005 -0.12657 -0.82761 -0.88188 0.29179 0.27998 0.60752 -0.39714 -0.94217 0.80357 0.40924 -1.7098 -0.89063 1.6556 -0.49262 -1.6416 2.1089 -0.26104
0.89573 -1.3156 -1.1293 0.16213 -0.88769 0.89633 1.6353 -0.49627 -1.4202 0.79221 -0.97331 -1.0248 0.97295 -0.95382 0.045821 0.46848 -1.5611 0.18804 1.3908 0.030195 -1.2758 0.36043 -0.15315 -1.4252 0.35791 0.19478 0.22813 0.69319 -0.78012 -0.44526 0.81017 -0.37587 -1.6991 0.27206 1.7802 -1.2154 -0.47867 2.0256 -0.24224
1.2 -1.2304 -1.0473 -0.060269 -0.88264 1.4084 1.6819 -0.66617 -0.49682 0.71734 -1.946 0.13131 0.94995 -0.84077 0.45697 -0.078983 -1.4554 0.69918 1.2375 -0.41895 -0.52438 1.3083 -0.99511 -1.192 0.82465 0.12565 0.59417 0.70797 -0.62539 0.39619 0.21845 -1.2367 -0.87851 1.2058 1.2411 -1.3896 1.0701 0.8896 -0.26423
0.78192 -1.3188 -1.0177 -0.72459 -0.064135 0.91901 0.67724 -0.44782 -0.43036 -0.4032 -2.4337 0.69043 0.93869 -0.75094 0.65712 -0.23426 -1.2728 0.79197 0.3163 -0.95204 0.18938 1.4863 -1.8472 -0.34707 1.1308 0.055505 0.71823 0.61611 -0.013931 0.96042 -0.84686 -1.7418 -0.4475 1.0456 0.26618 -0.44373 1.8846 -0.49141 -0.43928
1.0588 -1.0295 -0.82196 -0.73831 0.21534 1.1422 1.219 -5.0967e-05 0.4209 -0.77578 -1.1163 0.81587 0.98965 -0.035957 0.81941 -0.089275 -0.65382 -0.032299 -0.5555 -0.57246 0.443 1.2782 -2.1642 0.70722 0.50743 -0.10385 0.70993 0.31239 0.5526 1.1732 -1.9549 -1.5449 -0.096147 0.13945 -0.12744 1.3684 1.8742 -1.2621 -0.67026
0.71085 -0.67674 -1.4647 -0.64745 0.7231 0.88138 1.4013 0.61683 0.21356 -1.4943 -0.76532 0.70546 1.0045 0.01971 0.94265 0.44366 -0.17646 -1.1479 -0.91748 -0.79433 0.17636 0.93269 -0.4908 1.2895 -0.44343 -0.46421 0.43217 0.052508 0.71451 0.91706 -2.1494 -0.8255 -0.076946 -0.48025 -0.091888 2.832 1.2235 -1.3363 -0.82958
0.65682 -0.73856 -1.5087 -0.90316 -0.74077 0.45334 0.83715 -0.074775 0.17149 -1.9039 -1.0436 0.019869 0.95417 0.13404 0.86398 0.64944 0.18179 -2.2368 -0.98765 -0.68265 -0.25528 1.3332 1.1643 1.6338 -0.87481 -0.79526 -0.039666 -0.24496 0.72841 0.31654 -1.3187 -0.0030412 -0.35489 -0.32283 0.093165 3.076 0.45807 -0.77836 -0.73776
1.2314 -0.41122 -0.83144 -0.51515 -1.314 0.46137 0.8113 -0.35483 0.75355 -1.5533 -0.55067 -0.012797 0.7669 -0.004989 0.73261 0.77736 0.01335 -2.3987 -0.98468 -1.0426 -0.34316 1.28 2.3628 1.563 -0.81176 -1.0603 -0.36004 -0.52973 0.2736 -0.31353 0.45617 0.37098 -0.10768 0.52794 0.0020127 1.728 -0.024843 -0.23304 -0.17804
1.0869 -0.2697 -0.10193 -0.46173 -2.0912 0.16442 0.13509 -0.32001 0.87139 0.86417 -0.35846 0.087861 0.26721 -0.091585 0.50481 1.1518 -0.17359 -2.0474 -0.52412 -1.1607 0.11175 1.3061 2.7894 1.4491 -0.83677 -1.1055 -0.63033 -0.60045 -0.26951 -0.76406 2.0776 0.13051 0.17659 1.0895 -0.6974 -0.12551 -0.44799 -0.28119 0.55247
0.8532 -0.38919 -0.48223 -0.59693 -2.444 -0.20242 0.23273 -0.34867 2.0443 0.95007 0.61769 -0.1429 0.11368 -0.54582 0.20731 0.71944 -0.60795 -0.3522 -0.46257 -0.76365 0.97279 0.96045 2.2804 1.3175 -0.91057 -0.62248 -0.40321 -0.39812 -0.84458 -0.64948 2.6365 -0.28636 0.52431 0.83128 -1.1719 -1.8069 -0.71093 -0.60914 1.1192
0.82761 -0.083491 -0.47941 -0.87938 -2.1522 0.053435 0.15608 0.12011 1.805 1.5774 1.205 -0.085225 -0.035087 -0.78883 0.088695 0.15339 -0.9636 0.8561 -1.0049 -0.45087 1.1035 0.069564 0.94352 0.86597 -1.3689 -0.040273 0.0024571 0.093189 -1.1486 -0.16823 2.2225 -0.77635 0.63966 -0.15785 -1.2316 -2.2963 -0.95694 -0.46232 1.1482
0.57035 -0.22678 -0.098704 -0.94744 -2.1669 0.34528 -0.26151 0.74517 1.5896 1.1382 0.56618 -0.67037 -0.0446 -0.41695 0.25464 -0.36235 -0.83231 1.3774 -1.2683 -0.31725 0.70101 -0.50044 -0.46476 0.45051 -1.7388 0.37967 0.38254 0.53791 -0.98399 0.27319 1.0473 -1.0191 0.41518 -1.2404 -0.6045 -1.8358 -1.0681 0.18008 0.61419
0.19329 -0.5519 -0.51353 -1.6031 -0.87809 -0.33816 0.0213 0.9438 1.4383 0.79909 0.61978 -1.1068 0.5111 -0.14375 0.64967 -0.53503 -0.39749 1.4921 -1.5478 -0.068412 -0.038732 -0.4849 -0.60389 -0.0018523 -1.3249 0.41717 0.4451 0.93076 -0.71632 0.38296 0.10459 -0.7131 0.20968 -1.621 0.072882 -0.62239 -0.90804 1.2067 -0.13803
0.48246 -0.1138 -0.38855 -1.4328 -0.45986 -1.3326 0.14665 0.58536 0.70392 0.39773 0.74557 -1.4925 0.58652 -0.13197 0.86885 -0.84526 -0.39734 1.3962 -2.0648 -0.097078 -0.74138 0.0051989 -0.75646 -0.35014 -0.56231 0.23146 -0.021283 0.93656 0.038835 0.20417 -0.59739 0.086128 0.26413 -1.0038 0.32536 0.49487 -1.0741 1.8634 -0.75739
0.79256 0.15763 -0.82382 -1.212 -1.0128 -1.4033 -0.40349 0.16425 0.81079 0.54974 0.76445 -1.7932 0.43097 -0.075744 1.4069 -0.99561 -0.48109 1.0377 -1.9167 -0.12219 -1.1634 -0.023386 -0.20352 -0.52269 0.44673 -0.20906 -0.52671 0.34612 0.75869 -0.21395 -0.8847 1.1428 0.26306 0.22753 -0.020693 0.8977 -1.2266 1.7958 -0.85837
0.65692 0.56075 -1.1506 -0.94536 -0.71134 -1.6598 0.32113 -0.35085 1.9601 0.65216 0.86496 -1.1027 0.319 -0.4839 1.5114 -0.059816 -0.42658 0.39913 -0.92181 0.25943 -0.58514 -0.052372 0.36025 -1.4024 1.0801 -0.64152 -0.5428 -0.4391 1.6379 -0.23358 -0.93555 2.1872 0.23161 1.2597 -0.62189 0.86334 -1.1098 1.1984 -0.57136
0.34292 0.68815 -1.2511 -1.7428 -0.21323 -2.2345 -0.29605 -0.25232 1.8025 0.43917 0.20124 -0.56091 0.15209 -0.96366 0.93683 0.53881 -0.80488 0.21359 -0.011043 0.30095 0.30837 -0.48859 0.69872 -1.8867 1.4246 -0.6586 -0.0048217 -1.3448 1.7721 0.16476 -1.1931 2.4599 -0.16528 1.6436 -0.94631 0.38673 -0.41904 0.31825 -0.13577
0.28894 1.1995 -1.2113 -1.9058 -0.39805 -1.9771 -0.36309 -0.31124 0.90054 0.8915 -0.33225 -0.33135 -0.080677 -0.71456 0.3466 1.5571 -0.69435 -0.069871 1.0143 0.17483 0.85381 -1.0304 0.58211 -1.851 1.3362 -0.55026 0.93635 -1.7437 0.72386 1.1036 -1.4975 1.711 -0.48299 1.1172 -0.82478 -0.073213 0.9419 -0.45959 0.1587
-0.40427 1.0571 0.073917 -1.8974 -0.36908 -1.4184 0.82533 0.61473 0.88533 1.2709 -1.5556 -0.31283 -0.069141 0.037988 -0.34335 1.6254 -0.05735 -1.1182 1.6494 -0.4057 1.1571 -1.4694 0.48638 -1.1325 0.96264 -0.49359 1.5161 -1.4695 -0.59481 1.9551 -1.455 0.65845 -0.60043 0.32755 -0.11169 -0.34425 1.9534 -0.53391 0.051818
-0.35848 0.72617 0.052271 -2.153 -0.55776 -1.2564 0.13766 0.90625 -0.042951 1.3013 -1.4608 -0.13439 -0.094598 0.80678 -0.87485 0.796 1.2543 -1.931 1.4028 -0.36091 1.0584 -1.2472 0.31296 0.043983 0.4142 -0.44403 1.1282 -0.65104 -1.8477 1.9501 -0.46478 -0.38518 -0.77644 -0.72589 0.66322 -0.35034 2.3066 -0.21789 -0.22694
0.4166 0.54061 0.86125 -1.645 -1.2097 -0.016906 -0.32233 0.70941 0.21024 1.0627 -1.1726 -0.079274 -0.17857 1.1716 -1.002 -0.23574 1.8759 -1.7673 1.0108 -0.6443 0.81597 -0.59971 0.1175 0.9644 0.84146 -0.62005 0.24738 0.28137 -1.7222 1.4859 1.2103 -0.68556 -0.43266 -1.0466 1.1893 -0.35386 1.7887 0.10882 -0.35182
0.90992 0.22178 0.076639 -1.0212 -2.2932 -0.2326 -0.64416 0.85143 0.12932 1.1248 -0.32819 0.27689 -0.3162 0.87555 -0.45 -1.0941 1.9848 -0.68697 0.62747 -1.2779 -0.3109 -0.091973 0.03811 1.5889 0.97864 -0.88659 -0.71595 0.55562 -1.1243 0.38211 2.062 -0.63255 -0.051433 -0.658 1.0903 -0.11739 0.73697 0.23808 -0.11487
1.1599 -0.016154 -0.87079 -0.045906 -2.6383 -1.1919 -0.4534 1.0026 -0.17656 1.0193 0.18552 -0.27018 -0.42836 0.48249 -0.059936 -0.76841 2.3505 0.65042 0.77772 -0.81825 -0.08575 0.40766 -0.11194 1.5722 0.9095 -0.89193 -1.0256 0.070647 -0.29842 -0.60285 1.7158 -0.27993 0.91374 0.014522 0.96101 0.31323 -0.027224 0.034707 0.61273
1.001 0.33162 -1.023 0.021001 -1.9391 -0.54847 -0.53794 1.0487 0.25639 1.3801 0.27819 1.0502 -0.84794 -0.20508 -0.37304 -1.1184 1.7153 0.94503 0.35768 -0.36761 0.2994 0.5003 0.18257 1.1634 0.86531 -0.51016 -0.33409 -0.91613 0.54221 -1.3769 0.31628 0.23098 1.6673 0.68501 0.49594 0.45128 -0.40292 -0.44645 1.4751
0.073091 0.7233 -0.67497 -0.13669 -0.38574 -0.31333 -1.222 -0.12183 0.63632 1.3307 0.36127 0.75635 -1.0286 -0.23446 -0.91116 -0.80461 0.85759 0.81308 0.63355 0.77497 0.54273 1.0895 0.69359 1.1082 0.98038 0.27183 0.49021 -1.5238 0.74199 -1.756 -1.1554 0.39053 1.7063 0.012654 -0.39145 0.10527 -0.76687 -1.3712 2.0413
0.7465 0.47023 0.01069 0.92402 0.10775 0.52008 -0.93002 1.2792 0.5507 0.82511 0.80648 0.72094 -0.90492 0.60512 -1.6114 -0.028775 0.12327 -0.15613 1.1284 1.3365 0.64483 0.59654 0.57009 1.0183 0.072323 1.1313 1.0473 -1.2743 0.95807 -1.5028 -1.3501 0.6139 1.2935 -0.71279 -1.1704 -0.79624 -1.3023 -1.4803 1.9608
0.52571 -0.51875 -1.2487 0.32528 -1.6233 -0.14378 -0.61608 1.4164 0.78209 1.5553 0.60082 0.87276 -0.47517 1.0189 -2.0846 0.12098 -0.17397 -1.1145 1.1151 1.8203 -0.23 -0.43502 -0.088841 0.13143 -1.3967 1.8849 0.40841 -0.38507 0.85809 -1.3067 -0.0761 0.56238 0.042048 -1.4421 -1.5489 -1.5282 -1.9845 -1.0068 1.2149
1.0012 -1.0814 -1.5162 0.055925 -1.9853 -0.090503 1.1149 1.5791 1.8113 2.4059 1.6854 1.4231 0.20718 1.171 -1.9963 0.27154 -0.61344 -0.79404 1.251 1.7584 -0.62531 -1.133 -1.0798 -0.90706 -0.86498 2.1389 -0.68773 0.81607 0.8391 -0.8573 2.1303 0.49905 -1.3137 -1.4095 -1.0039 -1.6151 -1.8378 0.11078 0.11665
2.1414 -1.4816 -0.39607 0.023062 -2.5187 0.59264 0.87356 1.4109 0.073553 1.4586 1.4354 -0.40206 0.65431 0.26828 -1.382 0.70432 -1.2502 0.96361 1.6114 0.66094 -1.4799 -1.2194 -1.6537 -1.8201 -0.5318 1.9093 -1.3969 1.5992 0.60273 -0.28019 3.2583 0.16841 -2.4922 -0.73519 -0.18373 -1.046 -0.88154 1.0106 -0.88655
1.4331 -1.3335 -0.46446 -0.10824 -2.1114 1.1719 0.9714 -0.46303 -0.72121 0.60321 -0.42297 -0.9138 0.94276 -0.32221 -0.53686 1.3019 -0.96994 3.0255 1.8027 -0.75145 -1.3278 -1.0647 -2.0001 -1.6104 -0.12714 1.325 -1.6619 1.6653 -0.077309 0.41886 2.7868 -0.64494 -2.4366 -0.065155 0.82393 0.12409 0.5325 1.0321 -1.3071
1.2533 -1.2505 -0.12453 -0.4854 -0.24151 1.3883 0.47948 -0.10061 -0.74667 -0.70315 -1.0844 0.73083 1.0891 -0.88827 -0.026338 0.77029 -0.54223 3.4404 1.1528 -1.9955 -1.2312 -0.83674 -1.8005 -1.2541 0.24991 0.72991 -0.87513 1.143 -0.56109 0.96176 1.0216 -1.5692 -1.5521 0.78621 1.2047 1.1285 1.7305 0.62201 -1.1773
0.62863 -1.3766 0.24015 -0.81448 1.2047 2.151 -0.31818 0.20303 -0.243 -0.46928 -1.3722 0.65705 1.133 -1.4093 0.2288 0.085825 -0.19993 3.4945 0.29586 -1.8706 -0.86488 0.37929 -0.75052 -0.16603 0.80212 0.42564 -0.11993 0.50613 -0.8037 0.97035 -0.95572 -2.0389 -0.21861 0.61191 1.0546 1.6123 1.836 -0.44124 -0.75498
0.49197 -1.3338 -0.060098 -0.73225 1.7017 1.5368 -1.0292 0.35894 0.10803 0.07554 -0.062327 0.80049 1.0707 -0.84784 0.22973 0.22256 0.15279 2.7445 -0.52199 -1.9333 -0.25455 0.54497 0.061318 0.8211 0.24925 0.28465 0.61262 0.1636 -0.34564 0.80114 -1.7598 -1.7141 1.029 0.27609 0.51031 1.2462 1.3167 -1.1371 -0.37881
0.74656 -1.2041 -0.52184 -0.20899 1.1584 1.1469 -1.1478 -0.23664 -0.18684 -0.018987 0.24619 0.57465 1.1374 -0.56332 0.22187 0.016015 0.48666 1.4552 -1.1118 -1.2171 -0.68111 0.4221 0.41258 0.92137 -0.98737 0.21757 0.86278 -0.030452 0.03407 0.39429 -1.8479 -0.88835 1.4427 -0.019453 -0.31434 0.44511 0.090392 -1.2689 -0.19915
0.26918 -1.1307 -0.20967 -0.18837 1.8275 1.109 -0.92487 -0.49117 0.2901 0.080788 0.29916 0.058332 1.2718 -0.13654 0.26812 0.13272 0.60051 0.94222 -1.297 -0.2128 -0.80821 0.20086 0.20206 0.75745 -1.0944 0.16675 0.44275 -0.13504 0.013546 -0.15919 -1.2984 0.0052019 1.3233 0.074939 -0.53541 -0.062086 -0.67457 -0.5477 -0.16822
0.50206 -1.0599 0.27233 -0.2064 2.158 0.67291 -1.6539 -0.49275 -0.20917 0.07637 -0.052754 0.037618 1.315 -0.11364 0.16308 0.19375 0.29751 0.70244 -0.94944 0.22218 -0.61888 -0.084712 0.10106 0.02649 -1.0262 0.134 0.21866 -0.20307 -0.13068 -0.49178 -0.84604 0.56459 0.6684 0.62583 -0.57832 -0.3886 -0.54363 0.30117 -0.19931
0.38894 -1.1321 -0.057417 -0.14324 2.0667 0.36486 -1.0861 -0.60166 0.12189 -0.19636 -0.030885 -0.37057 1.2794 -0.22156 0.030689 0.15694 -0.071707 0.52086 -0.5902 0.056597 -0.14219 -0.29209 0.086704 -0.064528 -0.80279 0.030342 0.17385 -0.25524 -0.41378 -0.67258 -0.72076 0.78064 0.21614 1.0303 -0.4938 -0.33746 -0.037535 0.67294 -0.22156
0.54316 -1.0806 0.2312 -0.065312 2.5602 0.58343 -0.54584 -0.56131 0.22061 0.11715 0.39788 -0.33869 1.2248 -0.096636 -0.0061658 -0.2522 -0.12147 -0.034184 -0.42194 0.022331 0.14657 -0.51009 -0.33757 0.25497 -0.52309 -0.0651 0.11892 -0.09511 -0.52418 -0.65827 -0.52557 0.50479 0.22517 1.2067 -0.51073 -0.13863 0.44013 0.71893 -0.1801
0.39424 -1.1216 -0.24087 -0.26954 2.1271 0.3205 -0.95047 -0.51764 -0.26996 0.30523 0.02257 -0.27959 1.243 0.19376 -0.084764 -0.44875 -0.47408 -0.14033 -0.11959 0.33906 0.71669 -0.59138 -0.28034 0.55409 0.00058074 -0.12377 -0.019239 0.14579 -0.43209 -0.61108 -0.3625 0.12129 0.78431 1.0431 -0.49597 -0.0088962 0.11077 0.32877 -0.09037
0.25699 -1.1416 -0.18434 -0.32192 1.8913 0.55159 -1.4013 -0.41901 -0.57508 0.016175 0.15523 -0.50242 1.2392 -0.087148 0.061819 -0.52169 -0.7585 -0.029536 -0.25162 0.5513 1.185 -0.97481 -0.0046041 0.56082 0.009812 -0.10596 -0.12641 0.4047 -0.046941 -0.55479 -0.15745 -0.1724 1.4956 0.7808 -0.084006 0.25904 -0.60467 0.010692 -0.049623
0.26876 -1.0828 -0.30834 -0.28276 1.912 0.37672 -1.1075 -0.24177 -0.43296 -0.72532 0.72363 -0.5337 1.2207 -0.25537 0.25671 -0.54823 -0.92169 -0.21964 -0.44858 1.4026 1.2698 -1.0691 -0.099796 -0.016968 -0.40446 -0.10813 -0.0080516 0.66159 0.16254 -0.36253 -0.45804 -0.70306 1.603 0.23513 0.50332 0.47671 -1.1954 0.23836 -0.13756
1.0513 -1.2135 -0.25472 -0.9037 2.193 0.42774 -0.69687 0.63122 -0.85038 -0.098008 0.76711 0.22667 1.1333 -0.10531 0.53343 -0.29637 -0.96035 -0.32479 -0.57158 2.5514 1.3169 -0.43383 0.10805 -0.65607 -0.28588 -0.16002 0.45041 0.90283 0.48672 -0.13587 -0.87128 -0.80481 0.64951 -0.42522 1.0339 0.72561 -1.3431 0.87935 -0.45399
-0.052495 -0.94021 -0.6806 -0.99001 2.3196 -0.051257 0.14442 0.81368 -1.2291 0.30015 0.74613 -0.62035 1.1628 0.1951 0.83659 -0.24956 -1.0744 -0.92094 -1.2511 2.6188 1.09 0.18275 0.65085 -1.1876 0.63411 -0.33881 0.36864 1.4004 0.91591 0.77912 -1.3935 -0.31155 -1.2558 -1.2721 1.2845 0.7678 -0.61709 1.1323 -1.1282
0.12136 -0.7192 -0.47158 -1.1077 1.8773 -0.0065034 1.2511 0.6648 -1.3749 -0.02871 -0.30849 -1.0617 1.1248 0.55332 1.3486 0.26873 -0.95737 -1.4292 -1.3293 1.2788 0.49478 0.5344 1.124 -1.4925 1.246 -0.79029 -0.027542 1.6023 1.4566 1.8312 -1.4331 0.4141 -2.5874 -1.3196 1.0852 0.61124 0.645 1.2266 -1.7619
0.4137 -0.50652 -0.47238 -1.2992 1.3306 -0.27981 1.8984 0.96129 -0.40136 0.23586 -1.1082 -0.37044 1.0594 0.12523 2.2912 0.94029 0.52147 -2.4567 -0.64016 -0.51063 -0.66302 1.0971 0.98368 -0.8196 1.0861 -1.7808 -0.70513 1.2114 1.4846 2.6294 -0.90527 1.2678 -2.7143 -0.86415 0.54393 0.072898 1.6131 0.50994 -1.8752
0.84647 -0.21408 -0.462 -1.5799 0.48986 -1.2847 1.1132 0.88941 0.0042704 0.71735 -0.87213 0.99012 0.75893 -0.11526 2.5994 1.927 1.6639 -2.4249 -0.11097 -1.1486 -0.23818 1.3496 1.2083 0.40362 1.9314 -2.5434 -1.1774 0.14866 0.64491 2.4816 0.1857 1.428 -1.7027 -0.25107 -0.20377 -0.80512 1.8069 -0.50706 -1.1698
1.2869 0.48179 0.27306 -1.5126 0.43899 -0.97415 -0.38208 0.52601 -0.079937 1.0961 -0.84632 1.153 0.12758 -0.80642 2.3246 1.7939 2.5375 -2.241 0.47823 -1.6911 -0.13407 0.90325 0.7584 0.99855 1.3151 -2.7663 -1.1809 -1.437 -0.88266 0.97424 1.1593 0.72916 0.035263 0.14557 -0.41112 -1.5201 1.2364 -1.4291 0.42024
0.16389 1.7005 0.87829 0.5963 -1.139 0.22249 -1.3234 -0.46572 0.3596 1.176 0.2228 0.35026 -1.1574 -1.2165 1.597 1.0881 2.6793 -1.1846 0.74502 -1.5916 -0.22821 0.22254 -0.43536 1.1111 0.14055 -2.3585 -0.6685 -2.7853 -2.5495 -0.71184 1.2135 -0.15742 1.6529 0.078433 -0.17446 -1.7144 0.60783 -1.8044 2.0956
-0.56829 1.6888 1.7934 1.0854 -0.35534 -0.20381 0.33528 1.307 0.49836 1.7281 1.2141 1.4496 -1.4366 -1.5665 0.29959 -0.35287 1.8252 -0.78751 0.27824 -0.206 -0.39412 0.82563 -1.35 1.2253 -0.83581 -1.1324 0.91207 -3.5268 -2.8433 -2.2364 1.057 -0.76629 2.4953 0.13847 0.032092 -0.99931 0.080495 -0.85523 3.261
-0.46786 1.268 0.94392 1.3585 -1.061 0.33947 -0.25344 0.67865 -0.083493 0.41108 0.0025624 0.34225 -1.3922 -1.0012 -1.2261 -1.9407 0.66221 -0.75467 -0.29753 1.4905 0.041762 1.0399 -1.2961 1.4613 -0.55397 0.33271 2.3234 -3.2019 -2.1173 -2.4385 0.29901 -0.48954 2.0529 -0.25752 -0.017244 -0.077919 -0.15644 -0.064913 3.256
-0.31955 0.91462 0.13267 0.92355 0.19343 -0.20852 -0.59175 0.45494 -0.022523 -0.65189 0.094756 0.24157 -1.0944 0.8312 -2.3916 -2.202 -0.67753 -0.37022 -0.40849 1.8672 -0.0082756 0.57062 -0.88615 0.96479 -0.01832 1.635 2.7683 -2.085 -0.38409 -1.6202 0.13235 0.13258 1.0662 -0.48636 -0.69152 1.0625 -0.43961 0.64146 2.2036
-0.74557 0.17523 -1.0433 -0.014834 -0.99271 -1.3188 0.47555 -0.14688 1.9527 -0.63502 1.2993 0.11289 -0.32122 2.0188 -2.6201 -2.0914 -0.67283 -0.81549 0.19012 1.5691 -0.89155 0.32467 -0.83049 0.92004 -0.38327 1.9958 1.8393 -0.59773 1.3685 -0.39173 0.2801 0.91767 -0.096888 -0.91563 -1.1555 1.6879 -1.0503 0.62199 0.8522
-0.020548 -0.38823 -1.523 0.20735 -1.3943 -0.53432 1.6633 0.72459 1.3416 0.43557 2.0561 0.73633 0.035353 2.2052 -2.6234 -1.0245 -0.57256 -0.51085 0.28199 1.94 -0.82042 -0.22813 0.62009 0.62172 0.36305 1.9197 0.088986 0.67795 2.2131 0.61112 0.86707 1.4378 -1.0878 -0.83125 -1.1923 1.5685 -1.5029 0.44769 -0.28748
1.4409 -0.74183 -0.36902 0.38139 -1.2324 0.19344 1.2291 0.22964 0.39705 0.57288 1.3788 0.89377 0.35238 1.8234 -2.1434 0.11825 -0.14646 -0.14417 1.0508 1.2678 -1.2378 -0.92588 1.4513 -0.4338 0.50097 1.6924 -1.4857 1.4048 2.1072 0.53721 1.5707 1.214 -1.9894 -0.59997 -0.39198 0.73182 -1.6232 0.44465 -0.71399
1.8 -1.1295 -0.6927 0.72627 -1.3896 0.34844 1.6864 -0.13227 0.46089 -0.4407 1.6935 0.24825 0.50043 1.106 -1.4444 0.97681 0.18815 1.002 1.8128 -0.18903 -1.365 -1.2448 1.2256 -1.309 0.43991 1.2804 -2.4338 1.7772 1.0572 0.13219 1.5955 0.80533 -2.5063 -0.23926 0.75078 -0.4331 -1.01 0.30439 -0.79145
1.4747 -1.6618 -0.64307 0.29707 -0.97789 -0.013355 1.8015 -0.56872 -0.36494 1.1691 0.30166 0.75902 0.664 -0.25448 -0.75987 0.98655 -0.063255 1.5358 1.6642 -1.4118 -1.722 0.037346 0.38354 -1.3001 0.47263 1.0576 -2.4133 1.8165 0.20006 -0.55296 1.3683 -0.20655 -1.8695 0.56208 1.3644 -1.1195 0.13425 0.4688 -0.70349
0.97348 -1.369 -0.18049 0.28221 -0.11706 0.6245 1.0115 -1.2857 -0.19561 1.4579 -0.06052 0.90457 1.0418 -1.385 -0.21755 0.58623 -0.38553 1.8061 1.462 -1.8196 -1.015 0.84353 0.25384 -0.93314 0.99371 0.84276 -1.5977 1.6471 -0.37014 -0.90783 0.49199 -1.094 -0.39685 1.457 0.98477 -1.5531 1.3444 -0.038138 -0.62618
0.63706 -1.3925 -0.0065208 0.33148 0.12578 1.4369 0.33204 -1.09 0.51867 1.0384 0.19412 0.86622 1.1342 -1.5212 0.40903 0.69807 -0.91885 2.1587 0.84916 -1.7179 -0.36979 0.84458 -0.38709 -0.37538 1.1663 0.67194 -0.2895 1.2192 -0.58749 -0.90166 -0.3965 -1.8361 1.1463 2.1175 -0.32411 -1.2744 1.463 -1.1125 -0.75624
0.33764 -1.201 -0.076682 0.28451 0.42713 1.7189 -0.32011 -1.24 1.5853 0.30462 0.57478 1.4157 1.1758 -1.2969 0.84238 0.40113 -1.1103 1.6523 0.20863 -0.83399 0.65443 0.38586 -1.613 0.83805 0.031061 0.37016 0.75052 0.8468 -0.74994 -0.75397 -1.1586 -2.5701 1.9632 1.7781 -1.0741 -0.61444 0.57279 -2.0158 -0.91445
0.15619 -1.1582 0.11614 -0.04509 0.89484 1.5827 -0.55659 -0.74168 1.2312 0.6636 0.11573 1.9023 1.2132 -0.8425 0.83714 -0.061821 -1.4155 0.8069 -1.0875 0.44408 1.3583 -0.38996 -1.3286 0.65538 -1.2363 -0.038381 1.2438 0.62331 -0.93056 -0.31308 -1.6606 -2.7151 1.8434 1.0801 -1.1239 0.60413 -0.62511 -1.6995 -1.1387
0.1009 -0.79542 0.084313 -0.75771 1.6109 0.53024 0.29029 -0.68812 0.68377 -0.50069 0.79358 1.4504 1.2599 -0.28692 1.0477 -0.4894 -1.5742 0.16008 -2.3 1.1137 1.4092 -0.73687 -0.55179 -0.34582 -1.7847 -0.41317 1.2357 0.88985 -0.70492 0.48777 -1.6485 -2.1443 0.51051 -0.095161 -0.68181 1.5446 -1.3713 -0.22992 -1.4884
-0.15954 -0.63562 -0.099597 -0.95513 1.0041 0.3827 0.91529 0.20967 -0.31659 -0.71689 1.6279 0.13064 1.1368 0.35106 1.397 -0.66209 -1.2952 -0.41577 -2.8939 1.0784 1.2523 -0.89417 0.33419 -1.0199 -1.279 -0.9426 0.4724 1.0854 0.17208 1.8255 -1.2385 -0.27273 -1.018 -0.75469 -0.13187 1.3572 -1.0436 1.1239 -1.8307
0.045462 -0.53131 -0.27935 -1.157 0.55699 -0.38135 1.2845 0.29611 -0.17177 0.16799 0.37651 -0.82872 0.94484 0.4681 2.1166 -0.66712 -0.27348 -1.0329 -2.8343 -0.098947 0.53681 -0.75342 0.75876 -1.0178 -0.38954 -1.8001 -0.36494 0.78046 1.297 2.7276 -0.75771 1.7067 -1.6181 -1.0099 0.2231 0.53151 -0.23612 1.5208 -1.8211
0.42401 -0.166 -0.70856 -1.3466 0.32861 -1.1939 0.96178 0.29774 0.60978 0.46758 -0.92455 -0.25128 0.59348 -0.31242 2.197 0.35737 1.3455 -1.0775 -1.3193 -1.0143 0.40608 -0.64268 0.83042 -1.0623 0.30609 -2.5705 -1.3163 0.094275 1.9004 2.8232 -0.1946 2.958 -1.3579 -0.79207 0.12972 -0.069099 0.72708 1.1644 -1.2544
0.84142 0.50984 -0.63857 -1.133 0.29909 -1.6965 0.45641 0.16949 0.34276 0.9226 -0.82928 1.3218 0.051417 -0.64286 2.0116 1.5102 2.2125 -1.0334 0.059566 -1.1283 -0.027419 -0.39398 0.3013 -0.80156 0.44895 -2.808 -1.6041 -0.79793 1.9225 1.9421 0.31954 3.1083 -0.19558 -0.40746 -0.17323 -0.28178 1.3074 0.12071 -0.17793
0.34776 1.539 -0.4413 -0.1634 -0.12975 -1.8632 -0.89184 -0.27369 -0.48279 0.90815 -0.18348 1.4352 -0.93649 -1.5937 1.6199 1.9273 2.7485 -0.81967 1.1107 -1.1646 0.076983 -0.79718 0.41799 0.2759 0.62193 -2.6488 -0.95765 -1.4484 1.121 0.65239 0.70323 1.9416 0.71023 -0.031104 0.23478 -0.11157 1.2389 -0.58583 1.0278
-1.0627 1.2727 1.1107 1.2487 0.23694 -0.083698 -0.24881 0.49667 -0.76606 -0.099157 0.072992 0.44231 -1.5387 -1.9397 1.0238 2.2687 2.6557 -0.5432 1.6792 -0.41138 -0.045914 -1.0222 0.37878 0.85026 -0.29483 -2.0742 -0.10841 -1.7716 -0.16302 -0.70099 0.86813 0.67037 1.1468 0.67753 0.80111 -0.0012669 0.28405 -0.61891 1.8573
-0.56502 1.1328 1.7253 1.2175 -0.75502 0.50321 0.30996 0.26195 -0.39856 -0.043479 -0.17072 -0.44195 -1.5898 -1.4809 0.17804 2.1465 2.3304 0.059339 1.4504 0.086708 0.36299 0.16408 0.55863 0.51532 -0.46901 -1.1259 0.91538 -1.4344 -1.3578 -1.6615 0.86324 -0.3724 0.97639 0.76941 1.0351 -0.093085 -0.49991 -0.16664 2.021
-1.5843 1.2003 1.1378 1.5173 -0.38618 0.062055 -0.36317 0.40507 -0.85874 1.7328 0.20038 0.74145 -1.6846 -0.89822 -0.34242 1.0818 1.0841 0.23705 1.1278 0.59573 1.0857 0.78212 0.22679 -0.38241 -0.21808 -0.29623 0.97639 -0.73388 -1.9327 -1.866 0.89802 -0.82002 0.42227 0.66507 0.81901 -0.26262 -0.55413 0.22078 1.5164
-1.2167 1.3142 1.6481 1.4295 -0.12464 0.047921 0.28044 -0.077544 -0.84077 1.0471 0.28129 0.25259 -1.6453 -0.36292 -0.18546 -0.11232 0.39136 0.49045 0.70383 0.33399 0.93697 0.43832 0.2993 -0.09978 0.26696 0.023935 0.75995 -0.069811 -1.6437 -1.5562 0.58568 -0.40697 -0.10112 -0.16681 -0.13574 -0.66134 -0.32574 -0.20111 0.75285
-0.65743 1.0041 1.9933 2.1076 0.62231 -0.25513 -0.12869 0.80761 0.99685 1.3937 -0.025273 1.1866 -1.3893 -0.63092 -0.064502 -0.3485 0.097945 1.0107 0.54547 0.33724 0.90024 0.53421 -0.037989 0.059918 -0.21196 0.023391 0.49079 0.21979 -0.70221 -0.93192 0.10599 -0.13483 -0.48 -0.53892 -0.4866 -0.47937 -0.039924 -0.77158 0.16019
-1.346 1.0641 1.0334 1.2445 -0.11291 0.5481 0.20328 1.7457 0.23266 0.037491 -1.0963 0.33762 -1.5341 -0.1591 -0.075903 -0.32513 -0.12156 0.8206 0.99536 0.020965 0.15282 0.01909 -0.68267 -0.35775 -0.85694 0.041294 0.028643 0.13604 0.30159 -0.76114 -0.49881 -0.21884 -0.4704 -0.91454 -0.50224 -0.56446 -0.041782 -0.8947 -0.013088
-1.5043 1.066 1.0848 1.7837 0.477 1.324 0.39168 1.2038 -0.81793 0.59794 0.5622 0.28188 -1.633 -0.057504 -0.0084736 -0.1749 -0.43096 0.26578 0.73712 -0.21532 0.48778 0.001591 -0.27836 -0.3472 -1.1711 -0.022279 0.0041326 -0.056892 0.94475 -0.53035 -0.68675 -0.84148 -0.53242 -1.2699 -0.05019 -0.46519 0.2764 0.16102 0.28814
-1.7229 1.2002 1.3207 1.3002 0.73831 0.52324 0.4864 0.8823 0.41471 0.99013 0.19714 -0.52272 -1.6209 -0.58746 0.029577 0.38206 -0.79474 -0.14642 0.20832 -0.33772 -0.54041 -0.31766 -0.7532 0.0063727 -1.0123 0.024056 0.081259 -0.49456 0.4629 -0.7322 -0.65948 -1.2645 -0.037757 -0.84907 0.82681 -0.52787 0.66255 1.21 0.84691
-1.2418 1.1302 1.0579 1.4978 0.76928 1.11 -0.6457 -0.02844 -1.025 0.64327 -0.7125 0.034154 -1.5481 -0.40127 -0.20976 1.1248 -0.58219 0.11099 -0.6075 -0.55787 -1.0929 0.60948 -0.96946 0.40177 0.1982 0.54011 0.88539 -1.1897 -0.69968 -1.0627 -0.66226 -0.92187 0.34385 -0.46327 0.78748 -0.70998 0.93884 1.8586 1.5441
-0.79132 1.1777 1.8567 1.0226 0.036525 0.54186 0.091507 1.7434 0.47377 0.67323 -0.44154 -0.7864 -1.5497 0.17519 -0.82903 -0.081368 -1.4421 -0.43095 -0.65797 0.12646 -0.61955 1.4247 -1.4339 0.54574 0.86889 1.2529 1.7303 -1.6333 -1.9714 -1.3341 -0.52143 -0.32106 0.71466 0.59803 0.28174 -0.19373 0.99288 1.5504 1.8692
-2.1822 0.96669 2.1786 0.87264 0.1216 0.20158 -0.38976 0.23931 0.23056 -0.58383 -0.0053221 0.2117 -1.3656 1.2556 -1.6419 -1.3014 -2.1247 -0.92643 -0.52429 0.26494 -0.32298 0.75912 -1.4126 1.2006 1.5835 2.0846 1.8157 -1.5512 -2.7433 -1.2385 -0.20351 0.52223 0.63041 0.76082 -1.1453 0.46762 1.0082 0.43355 1.4317
-1.9286 0.77726 2.2436 0.8655 0.58295 0.10622 -0.26107 0.069834 0.87775 -1.0548 0.40033 0.85557 -0.79548 1.8882 -2.0887 -2.2262 -2.5511 -0.68203 -0.42123 0.71935 0.18399 0.19668 -0.93513 1.53 1.3798 2.5461 1.5909 -0.96631 -2.0143 -0.30862 0.39641 0.82326 -0.020394 0.42536 -1.8624 1.3398 0.85697 -0.5879 0.43505
-0.71428 -0.045392 -0.047956 -0.41224 -0.091533 0.624 1.0416 0.52504 1.6109 -0.57603 1.4146 0.90055 -0.061782 2.2091 -2.2715 -3.1194 -2.3756 -0.18535 0.23939 0.44235 -0.084732 -1.1206 -0.25019 1.8626 0.81508 2.4168 0.6335 -0.11624 -0.50446 0.85568 0.73364 0.8929 -0.90333 -0.33273 -1.5919 1.5772 0.14198 -1.1482 -0.78313
0.63702 -0.75768 -0.50288 -1.3504 -0.77552 -0.031876 -0.010048 0.50431 0.21554 -0.52329 1.1693 1.2421 0.76811 2.737 -2.1885 -3.0769 -1.9166 -0.029929 0.47989 0.0073729 0.05184 -1.4536 0.76303 1.8724 0.10203 1.8538 -0.66513 0.71904 1.4164 2.083 0.77923 0.65604 -1.8987 -1.1568 -0.58506 1.2246 -0.55028 -0.6682 -1.6804
0.81617 -0.90172 -0.79294 -1.2694 -0.021961 0.52507 0.35481 1.1001 -0.85674 -0.47648 1.139 0.97333 0.90733 2.0457 -1.7878 -1.8561 -0.85337 0.18995 0.67312 -1.2099 -0.8662 -1.6777 1.009 1.2909 -0.038654 1.0511 -1.8014 1.3256 2.5316 2.709 0.74986 0.19218 -1.7897 -1.362 1.0871 0.64285 -1.1578 -0.19978 -1.934
0.44611 -1.0455 -1.0878 -1.2584 0.20145 0.81305 0.37335 0.91116 -1.0205 -0.073856 2.6731 0.076395 0.62381 0.7103 -1.0735 -0.11735 0.58329 0.66343 0.57362 -2.315 -1.5563 -0.71727 0.97452 0.72549 0.49652 0.26804 -2.1278 1.4915 2.5608 2.4688 0.58887 -0.27552 -1.2326 -1.1603 1.9863 0.041668 -1.5935 0.23957 -1.4495
0.78984 -1.3674 -1.1135 -1.0113 0.28833 0.66556 -0.58243 -0.36695 -0.8534 0.32606 2.7267 0.91616 0.59429 -0.20188 -0.51684 0.30146 1.4468 0.94266 0.54988 -2.0347 -1.7906 0.75589 0.97627 0.15925 0.23559 -0.19811 -1.3608 1.2315 1.6963 1.5523 0.1875 -0.62127 -0.094496 -0.28145 2.1254 -0.42955 -1.7047 0.13588 -0.63812
0.92238 -1.3765 -0.32308 -0.35414 0.39122 1.0698 -1.713 -1.0716 -0.73209 0.29975 1.8945 1.1885 0.64597 -0.18546 -0.22337 0.80131 1.5541 0.74815 0.037439 -2.0824 -1.6233 1.4225 0.8643 -0.68938 0.453 -0.075637 -0.41732 0.75426 0.64591 0.46553 -0.36256 -0.53376 0.9914 0.72686 1.284 -0.66339 -1.3146 -0.2972 0.0043009
0.43082 -1.3547 -0.27233 -0.052076 0.38676 0.92477 -2.1038 -0.84883 0.68843 0.64221 2.0226 1.8784 0.59058 -0.091439 -0.064419 0.96711 1.5593 0.50357 -0.19969 -1.5076 -1.3473 1.6313 0.17136 -1.3463 0.26579 0.098762 0.089371 0.31992 0.20082 -0.31274 -0.58472 -0.42192 1.329 1.2391 0.070649 -0.64854 -0.62806 -0.25728 0.2581
0.37898 -1.2451 -0.53085 0.26901 0.82175 0.65257 -1.7143 -0.89472 0.77495 0.64445 1.2091 0.71894 0.62638 -0.1324 0.018605 0.79794 1.3822 0.14469 -0.031303 -0.54575 -0.43069 1.4943 -0.0009696 -1.1047 -0.093798 0.12754 0.13666 0.020365 -0.028366 -0.70415 -0.51757 -0.21156 1.4263 1.0499 -0.81028 -0.51404 -0.011491 -0.23517 0.16437
0.65471 -1.1574 0.066723 0.32659 1.0652 0.59903 -1.8794 -0.57633 0.5835 0.74577 0.84362 1.0685 0.7747 -0.050547 -0.074947 0.68913 0.92499 0.064167 -0.18947 -0.081949 -0.093808 0.87522 0.061771 -0.87536 0.012842 0.15548 -0.025757 -0.11762 0.03621 -0.96148 -0.41907 -0.34258 1.0948 0.63161 -1.0955 -0.15388 0.33217 0.38605 0.035933
0.56488 -1.3347 0.016904 0.58566 0.57124 0.59492 -1.7575 -1.524 1.1294 -0.095102 1.1991 0.63689 0.68175 0.06205 -0.17624 0.88237 0.5278 -0.07879 -0.35394 0.12427 -0.30629 0.14503 -0.14898 -0.9631 0.12712 0.186 -0.27112 -0.032099 0.057387 -0.93038 -0.21974 -0.79447 0.78264 0.0032302 -0.84669 -0.010225 0.14848 0.77709 -0.039542
0.72553 -1.4207 0.051811 0.8471 0.23635 1.0122 -1.7205 -0.92792 1.2497 0.57184 1.1595 1.4088 0.73088 -0.23014 -0.16513 0.99205 0.15936 -0.23539 -0.66596 0.40099 -0.23814 0.06424 -0.075462 -0.78425 0.93357 0.1332 -0.4181 0.21979 0.035338 -0.69805 -0.1805 -0.92989 0.61544 -0.014167 -0.42863 0.12368 -0.14546 0.55134 -0.088866
0.58693 -1.4265 0.57923 0.69309 0.70382 0.64877 -2.1295 -0.93987 0.72356 0.74 0.55618 1.5768 0.80448 -0.55155 0.014305 0.75466 -0.0036179 -0.1597 -1.253 0.81987 -0.34746 0.16955 0.044873 -0.87608 0.99872 0.069347 -0.24464 0.34673 -0.27679 -0.43581 -0.21947 -0.70771 0.31545 0.083448 -0.080547 -0.041722 0.043796 -0.31613 -0.23633
0.39929 -1.4477 0.65595 0.49782 0.57691 0.09209 -1.6474 -1.2366 0.8433 0.34747 0.24161 1.4477 0.81013 -0.5327 0.2185 0.81845 -0.14125 -0.27147 -1.4493 0.83639 -0.094286 -0.0080168 0.2199 -1.2187 0.68271 0.05756 0.20096 0.30838 -0.51466 -0.13519 -0.41273 -0.0029497 -0.055846 -0.03113 -0.17113 -0.26964 0.14269 -1.1812 -0.34912
0.13358 -1.3031 0.75792 0.43307 0.61672 -0.32351 -0.96489 -1.0547 0.9021 0.49463 0.10905 1.8666 0.79352 -0.24516 0.24145 0.43005 -0.16093 -0.51438 -1.2624 0.561 -0.21903 0.025659 -0.38478 -0.67616 -0.36018 -0.19229 0.37822 0.068086 -0.77427 -0.041161 -0.50822 0.81321 -0.68597 -0.041979 -0.42216 -0.37265 0.31741 -1.4375 -0.38323
0.049747 -1.1366 0.79519 0.55263 0.59047 -0.90422 -0.82342 -1.3998 1.2671 0.53928 -0.04237 2.0673 0.7942 0.0071258 0.26411 0.1545 -0.035939 -0.89615 -0.66329 0.42775 -0.35475 -0.20552 -0.42164 -0.62139 -0.71335 -0.35085 0.2106 -0.24846 -1.0941 -0.11795 -0.30647 1.3293 -1.0348 -0.13588 -0.49978 -0.2287 0.49563 -1.1607 -0.24423
0.20004 -1.1739 1.0052 0.61799 -0.19628 -0.60225 -1.1023 -1.3029 1.0645 0.48224 -0.52649 1.3611 0.74308 -0.093299 0.11636 -0.41607 -0.15349 -0.87541 -0.14476 -0.36336 -0.28965 -0.58937 -0.40908 -0.57074 -1.1373 -0.40142 -0.02921 -0.21674 -1.0212 -0.23001 0.30293 1.3744 -1.0199 -0.3025 -0.55559 0.025335 0.21907 -0.43662 -0.023194
0.66394 -1.2612 0.53653 0.59127 -0.22744 -0.262 -1.5834 -1.0006 0.96137 -0.096941 0.49913 0.71901 0.44175 -0.19981 -0.14466 -0.88071 -0.38654 -0.71765 0.4436 -0.80035 -0.30479 -0.71774 -0.24401 -0.3194 -1.2144 -0.26791 -0.25083 0.090079 -0.79785 -0.28278 1.0343 1.0252 -0.15486 -0.3347 -0.40551 -0.1006 0.096935 0.30677 0.0069812
0.41772 -1.1225 0.87481 0.51632 -0.33233 -0.31322 -1.2933 -1.6418 0.16269 0.1875 -0.75943 0.96507 0.45526 -0.18975 0.075297 -1.0333 -0.43783 -0.01802 0.71895 -0.89332 -0.79747 -0.85018 -0.42259 -0.41518 -0.96106 -0.27428 -0.12525 0.30198 -0.34165 -0.38695 1.0796 0.28293 0.92703 -0.57321 -0.22193 -0.33992 -0.3113 0.95543 0.16345
-0.15075 -1.3145 -0.10731 0.1558 -0.31855 -0.42501 -1.9072 -1.4817 0.16622 -0.062632 -0.60376 0.46512 0.45341 -0.41493 0.44776 -1.0853 -0.44516 0.71571 0.79658 0.38816 -0.71377 -0.89856 -0.62517 -0.5257 -0.18029 -0.40177 0.221 0.73121 -0.036171 -0.26623 0.6745 0.11385 1.2302 -0.30767 -0.36053 -0.73585 -0.67082 1.0896 -0.1606
-0.15769 -1.4479 -0.23981 0.020106 -0.20873 0.093264 -1.7753 -1.4194 0.38251 0.5086 -0.12744 0.89426 0.64955 -0.21678 0.35183 -0.97852 -0.87137 0.53854 0.20325 0.9439 -1.1385 -0.94507 -0.92532 -1.0913 0.25177 -0.046109 0.25164 1.3119 0.54882 0.288 -0.040034 0.12921 1.2713 1.2457 -0.31056 -0.76482 -0.35992 0.23572 -0.79286
0.22598 -0.79623 -0.089092 0.28861 0.58918 0.047287 -2.0474 -2.6315 0.14153 -0.3446 -0.84084 0.74909 0.37445 0.24234 0.99531 -0.98112 -0.69004 0.32885 0.91453 0.80078 -0.69729 -1.4013 -1.5209 -1.3071 0.35103 -0.66465 -0.020194 1.7423 0.95477 0.84241 -0.31625 0.19974 0.745 2.4074 -0.38615 -0.38013 0.43291 -0.57008 -1.4103
-0.065405 -0.58155 -0.23264 0.16365 0.68503 0.56586 0.1224 -1.6002 -0.41387 -0.7335 -0.98815 1.0632 0.022864 -0.031376 2.0897 -0.025279 0.20612 0.078739 0.90134 1.5038 1.4996 -1.2271 -1.5631 -0.74312 -0.74626 -1.5397 -0.40725 1.695 1.1106 1.3759 -0.29094 0.12479 0.6593 3.2936 -0.21048 0.83252 1.4475 -0.83743 -1.6113
0.47678 -1.1692 -0.55754 -0.84003 -0.1052 -0.634 -0.62631 -2.7636 -0.69996 -1.2835 -1.6637 1.0392 0.67562 -0.53851 2.6158 0.28444 0.57972 0.29945 0.81882 1.6385 2.4176 -1.5412 -1.0965 0.12975 -0.79705 -2.1399 -0.6059 0.93407 1.5471 1.5606 -0.17925 -0.39956 0.27164 2.7207 0.56869 2.0587 1.8988 -0.58623 -0.88387
0.43191 0.24695 -0.65861 -0.14916 -0.10006 1.4047 -1.2088 -2.006 -2.0513 -1.7109 -2.6371 1.1859 -0.64229 -0.59464 2.4962 0.53683 1.0602 -0.042567 0.48433 1.8806 3.3909 -1.2977 0.58821 1.0011 -0.81956 -2.1476 -0.53937 -0.17145 1.4108 1.3481 -0.018992 -0.024073 -0.28676 1.0758 1.2502 2.6727 1.7937 0.040178 -0.02573
-0.66906 1.3565 0.28931 1.0467 -0.00077537 0.63859 0.20342 1.8544 -0.60473 -1.4835 -0.28119 -1.1515 -1.4684 -0.62278 2.4232 1.7316 1.7964 0.015893 0.39049 1.1775 3.386 -0.187 1.6732 1.5129 -0.7601 -1.9179 -0.39873 -1.3946 0.9356 0.67073 -0.067524 -0.095152 -0.72804 -0.35435 1.9727 2.4542 0.97931 0.3352 0.98161
-0.70396 1.441 0.192 0.72262 1.0583 0.97191 0.39628 0.37297 -1.9387 -0.65491 0.35332 0.703 -1.6285 -1.0092 1.8942 1.9807 2.112 0.16571 1.0745 1.1608 3.0069 0.67553 2.5957 2.0522 -0.67163 -1.6956 -0.13156 -2.0364 0.10877 -0.45064 -0.19241 0.0057735 -1.2204 -1.7345 1.5608 1.0399 -0.32245 1.0086 1.5042
-0.047111 1.4038 0.36091 1.2933 0.21515 0.26312 1.2008 1.0133 -1.7028 0.90523 0.03389 0.26128 -1.5517 -1.0833 0.49745 1.3717 1.2947 0.043955 0.35184 0.52507 1.9603 1.537 2.9902 1.5007 -0.1935 -0.6357 -0.24814 -2.3627 -0.65801 -1.4298 -0.35291 -0.32598 -1.0391 -1.9712 0.99018 -0.89415 -1.1623 0.71007 1.797
-0.47017 1.5672 2.1274 1.84 0.11503 0.84273 0.68563 1.5791 -0.17014 0.93474 0.24433 0.39216 -1.5052 -0.60744 -0.076498 0.92446 0.44415 -0.45639 0.51768 -0.2704 0.90596 1.0586 2.0857 0.36172 0.90868 -0.13767 -0.045307 -2.0609 -1.0992 -2.1356 -0.034809 -0.5698 -0.99028 -1.9663 0.52278 -2.7012 -1.2119 0.056894 1.8241
-0.97471 1.2683 1.2843 1.7336 0.016793 1.9088 0.061607 0.89565 -0.079077 1.5437 0.86308 -0.093105 -1.6758 -1.2888 -0.69458 0.98221 -0.077138 -0.39215 0.071911 -0.21447 0.80165 1.6668 0.071493 0.072584 -0.13015 0.47005 0.028402 -1.0719 -1.0685 -1.9726 0.051406 -0.24225 -0.27525 -2.0042 -0.1125 -3.2076 -0.7367 -0.55073 1.199
-1.4244 1.1447 0.61392 1.4672 0.28998 1.2574 -0.18519 2.0088 0.4117 1.944 -0.029582 0.25848 -1.653 -0.98518 -1.0878 0.043379 -1.2361 0.29748 0.16842 -0.47747 -0.039505 1.6953 -1.5508 0.38388 -0.5771 0.96627 0.23652 -0.25435 -0.4581 -1.3174 0.34604 -0.27074 0.32478 -2.1372 -0.2272 -2.2819 0.24193 -0.56317 0.73775
-0.98391 1.4725 1.4425 1.2525 -0.36268 0.87438 0.42258 2.5745 -0.36169 0.90349 0.51453 0.93173 -1.651 -0.83271 -0.8549 -0.26032 -1.5928 -0.24775 0.083679 0.078555 -1.2626 0.99752 -1.8481 0.035252 -0.52807 0.92559 0.86361 0.31764 -0.011114 -0.47666 0.26381 0.057414 0.3013 -2.1948 -0.35655 -0.55075 0.73739 0.35881 0.21291
-2.1227 0.32422 1.826 0.74384 0.57689 0.54568 0.76783 0.76192 0.66159 -0.82324 0.30207 0.089796 -0.69452 -0.3773 -0.43229 0.65543 -1.2941 0.14276 0.016529 0.25654 -2.0031 0.93633 -1.6905 0.83699 0.0055511 0.93496 0.77759 0.63205 0.27818 0.51374 0.18672 -0.015924 -0.38017 -1.2997 -0.42738 0.71057 0.59282 0.58775 -0.32193
-0.74357 0.26217 0.59913 -0.12282 0.64173 1.1107 0.067822 0.97097 1.5878 -0.89748 0.97741 -0.89819 -0.41742 0.060146 -0.46344 0.65167 -0.96396 0.19299 0.25699 0.044105 -2.2641 1.3235 -1.0029 1.2701 0.30281 0.86123 0.7799 0.87281 -0.0092682 1.122 0.42763 -0.1438 -0.99779 0.48729 -0.72454 0.99509 0.10602 0.71211 -0.87461
-1.9114 1.0182 1.7007 0.34136 -0.90898 1.7542 0.50599 -0.41007 0.85222 -0.31837 0.15293 0.054367 -1.0515 0.057432 -0.17778 0.12322 -0.6047 0.43154 0.055825 -1.2242 -1.9336 0.66387 -0.50071 0.90824 0.18527 0.4315 0.27435 0.85905 -0.36067 1.2933 0.074366 -0.61674 -0.75416 1.5994 -1.4134 0.86637 -1.2824 0.60356 -1.2357
-1.4099 1.0048 2.0787 0.52651 0.77154 1.5122 0.21337 -0.72094 1.0598 0.17534 2.4543 0.68766 -0.85956 0.44336 0.54237 -0.015159 0.1517 0.44153 -0.19744 -1.2044 -0.39244 -0.34547 -0.37998 0.19084 0.80622 -0.36355 0.22978 0.7082 -0.54038 1.2106 -0.079423 -0.86155 -0.10141 1.9365 -1.9041 0.24905 -1.7675 0.21104 -1.1364
-1.0836 0.41924 1.4623 0.28933 0.42252 0.904 0.11558 0.33616 2.334 0.20611 1.5514 1.0055 -0.56163 -0.038632 0.56541 0.28726 0.55922 0.1494 -0.8888 -0.64579 0.019392 -1.1245 -0.20598 -1.1433 0.96296 -0.62983 0.0056313 0.39185 -0.31037 0.86814 -0.80944 -0.42563 0.76037 1.6818 -1.481 0.19009 -1.6286 -0.35247 -0.80901
-1.3323 0.85719 1.4315 0.21786 0.58027 0.59031 -1.6264 -0.2091 0.18271 -1.1568 1.214 0.1525 -0.84081 0.55354 0.4032 -0.48002 0.70973 0.15903 -0.85414 -0.44071 0.34027 -1.6862 -0.63511 -1.1714 0.34552 -0.61035 -0.15187 0.13224 -0.2154 0.26179 -1.032 0.19997 0.94669 0.74963 -0.7242 0.78939 -0.83839 -0.93985 -0.34407
-1.172 1.0871 1.3308 0.8337 1.0779 0.77874 -0.36866 0.60088 0.36867 -1.592 0.1174 0.55561 -1.2093 0.02066 0.5798 -0.2485 0.72825 -1.0545 -0.39639 -0.044436 0.81051 -1.7 0.019696 -1.6068 -0.26909 -0.87038 0.24376 0.083382 -0.055199 -0.19377 -0.98666 0.59703 0.76416 0.28053 0.28861 1.2686 -0.033651 -0.96111 0.014865
-1.3174 1.2658 1.6088 0.71697 -0.31519 0.34464 -0.026699 0.21097 -0.24584 -0.011291 -1.0947 0.71296 -1.4161 0.13197 0.77162 -0.16749 0.53941 -1.0266 -0.071935 0.43649 0.60129 -1.5363 1.1434 -1.2304 -0.42602 -0.84924 0.11886 -0.14142 0.28227 -0.47726 -0.68962 0.5559 0.46208 -0.25613 0.88027 1.4182 0.38757 -0.74669 0.36212
-0.90625 1.3372 1.1663 1.3808 -0.079285 0.9172 -0.057697 -0.42447 -1.3055 -0.88897 0.42571 0.8373 -1.5283 0.64415 0.53266 0.021092 0.2603 -1.2376 -0.17688 0.48502 0.41197 -0.59613 1.5353 -1.1953 -0.54165 -0.48384 0.19407 -0.48207 -0.04084 -0.37366 0.4759 0.44745 0.38745 0.040285 0.96271 0.5123 1.1734 -0.47075 0.66718
-1.4788 1.2823 1.7597 1.0152 -0.76399 0.80635 -0.30551 1.236 -0.084618 0.58338 0.44086 0.15083 -1.5401 0.47585 0.18724 -0.071048 0.026773 -1.1383 0.063368 0.248 0.071691 -0.41863 1.548 -0.63608 -0.98383 -0.16515 -0.38621 -0.6514 -0.22197 -0.082503 1.12 0.39142 0.3056 0.5182 0.68478 -0.32026 1.1904 -0.40364 0.56101
-0.81486 1.4149 0.99297 0.60336 -0.40695 0.55736 -0.018368 0.90632 -0.28339 1.1955 -0.73765 0.16664 -1.469 0.22604 0.039958 -0.37881 0.26236 -0.068945 0.36348 0.85106 1.1548 -0.26988 0.87876 0.37163 -0.9092 -0.036387 -0.7014 -0.51206 -0.48679 0.3631 1.3307 0.23973 0.28107 0.26158 0.049608 -0.98356 1.0098 -0.34587 0.20791
-0.31207 1.5761 1.6547 0.77566 -0.82486 0.22621 -0.82069 0.077142 -0.7231 -0.01902 -1.352 -0.35612 -1.4696 -0.38718 -0.10858 -0.40046 0.36345 0.60013 0.3822 0.88782 1.1918 -0.28177 0.80571 0.2948 -1.0283 -0.084018 -0.43658 -0.2462 -0.2213 0.73433 0.78365 -0.29441 0.029828 -0.048296 0.060624 -1.1062 0.77893 0.26191 -0.029026
-0.97864 1.1908 1.2334 1.1187 -0.81391 1.0808 0.62496 0.43059 -0.5504 0.93884 -0.71156 -0.26346 -1.4814 -0.25303 -0.20363 -0.76007 0.75462 0.52336 0.10863 0.74945 0.34001 -0.55253 -0.13575 0.29526 -1.191 -0.15768 -0.16455 -0.10315 0.015909 0.52119 -0.17479 -0.70367 -0.50789 -0.75775 0.28628 -0.41795 0.39279 0.62357 -0.090809
-1.2248 1.3433 0.89739 1.4791 0.050305 1.1079 1.3604 2.2721 -1.1059 0.80737 1.0998 -0.0045343 -1.5346 -0.10878 -0.11276 -0.31205 1.1411 0.10742 -0.34808 0.37084 0.395 -0.14263 -0.24142 0.90734 -0.31057 -0.1553 0.44882 0.17655 0.35519 -0.017491 -0.7923 -0.9925 -0.89445 -0.61442 0.58452 -0.20304 -0.046787 1.0477 0.00099749
-1.719 1.1883 0.91869 1.5972 0.74304 1.2565 0.36047 1.3587 -1.1313 0.73257 0.64666 -0.75159 -1.6745 -0.21905 -0.13092 -0.39518 0.83337 -0.18733 -0.56405 0.085117 0.15912 0.25907 0.53361 0.81657 -0.019323 -0.16042 0.64755 0.30557 0.69265 -0.70076 -0.97601 -0.81622 -0.85412 -0.22606 0.81441 0.17126 -0.77441 1.2403 0.11677
-1.0223 1.1612 0.64496 1.5504 -0.7505 0.23632 0.18436 0.89733 -0.58268 0.35485 -0.62931 -1.4845 -1.6565 0.45851 0.16857 0.1021 0.27135 -0.63771 -1.1061 -0.59269 0.15284 0.52396 0.048212 -0.073032 0.47475 -0.080543 0.66434 0.31509 0.56641 -1.0437 -0.72118 -0.31967 -0.26665 0.26879 0.51988 0.035379 -1.055 1.0635 0.18224
-0.27901 1.5021 1.1945 2.0856 -0.75784 -0.1942 0.12018 0.8494 -0.47313 0.53478 0.35049 0.54435 -1.551 0.70462 0.19362 0.37149 -0.14756 -1.0627 -1.0123 -0.49922 0.048761 0.79824 0.073195 -0.74259 0.88683 0.011049 0.29522 0.23075 0.47737 -0.83466 -0.035444 0.3535 0.25306 0.80616 0.081741 -0.24098 -0.54495 0.82629 0.16549
-1.2339 1.2071 1.0324 1.6874 -0.98298 0.26613 0.062999 0.60665 -0.35564 1.5238 0.33842 -0.41164 -1.6625 0.70265 0.27945 0.39873 -0.35021 -0.90659 -0.70934 0.13048 0.95159 0.66646 0.060632 -0.38902 1.3565 0.08046 -0.24934 0.034676 0.14578 -0.44933 0.49034 0.7856 0.59204 0.91947 -0.18696 -0.021429 0.15467 0.43087 0.085833
-0.59055 1.4807 1.2516 1.3414 -0.93737 -0.014983 0.38417 2.0492 -0.094201 0.64593 -0.24916 0.45959 -1.578 0.22892 0.22142 0.37815 -0.44459 -0.14043 -0.10794 0.25076 1.2534 0.3659 0.025861 -0.1054 1.1901 0.051056 -0.378 -0.0043968 -0.00033227 -0.17256 0.66474 0.65244 0.3918 0.73137 -0.28834 -0.030442 0.40702 0.1043 0.014162
