39 294
-1.3066 1.096 0.32566 1.5059 -0.82051 -0.22474 -0.35444 1.3367 -1.2253 -0.15303 -0.15877 0.95446 -1.679 0.56094 -0.035699 0.40984 -0.031962 -0.057842 0.6942 0.6395 -0.46705 0.96772 1.0134 -0.56454 -0.094473 0.21483 -0.24748 -0.010557 0.097581 0.23884 0.32933 0.5469 -0.21552 0.19754 -0.18584 -0.087019 0.31959 -0.26721 -0.097114
-1.0786 1.0244 0.98462 1.5582 -0.37803 0.28363 -1.3739 -0.77896 -0.84649 1.0737 0.74332 1.035 -1.4681 0.42329 -0.16401 0.44828 0.11834 0.44591 1.3226 0.41652 -0.44305 0.87983 0.92529 -0.4086 -0.46112 0.13747 -0.34216 0.069189 0.044138 0.27864 0.38432 0.051629 -0.33689 0.36973 -0.44007 -0.027489 1.0402 -0.12105 -0.15338
-0.82187 1.0197 0.54055 1.131 -1.0193 0.27123 0.1302 1.0905 -0.16476 0.44457 -1.4283 0.94657 -1.5098 0.18531 0.0086485 0.55678 0.29188 0.29102 1.3848 0.31161 -0.073012 0.63388 0.88229 0.017246 -0.43913 0.091579 -0.44256 0.18824 -0.19889 0.1205 0.22535 -0.67645 -0.29622 0.6712 -0.68538 -0.42812 1.3116 0.081323 -0.23331
-0.54863 1.1095 0.79267 1.6541 -0.93862 0.78071 0.9538 1.1746 -0.11997 1.0263 -0.64372 0.75078 -1.4773 0.1384 0.063906 0.40219 0.27408 0.46919 0.43605 0.13091 0.10024 0.25833 1.0197 1.2034 -0.15642 0.021258 -0.34329 0.26087 -0.30046 -0.031187 -0.15137 -1.4467 -0.72778 0.19274 -0.68596 -0.28047 1.3205 0.46771 -0.17528
-1.0983 0.81705 0.84987 1.7253 0.15292 1.7875 -0.54976 0.54714 -0.55196 0.67877 -0.15731 0.20846 -1.622 -0.082903 0.18349 0.04242 0.084113 0.34083 -0.1244 0.1879 0.65284 -0.078867 0.12673 1.2151 -0.074428 -0.11475 -0.20886 0.1023 -0.5462 -0.099203 -0.41593 -1.5962 -0.74438 -0.28619 -0.48311 -0.309 0.54017 0.77357 -0.088171
-1.2343 1.2732 1.1654 1.8414 -0.7406 1.2489 -0.37492 1.0303 -0.64206 1.0428 0.33751 0.70425 -1.5473 -0.054936 0.21067 0.12431 0.15335 0.14138 -0.61183 -0.94508 -0.40994 -0.12226 0.75114 1.5953 0.30538 -0.050856 0.11393 0.08874 -0.39885 -0.16661 -1.0268 -1.081 0.098464 -0.28316 0.009901 -0.34965 -0.48536 0.5991 0.036335
-0.81894 1.1181 0.91657 1.5999 -0.09806 -0.41958 -0.53578 0.50373 -0.70555 1.7883 1.8955 1.1203 -1.5466 -0.094796 0.11584 -0.34682 0.16552 -0.30921 -1.0572 -0.60572 -0.41834 -0.13653 0.40908 0.90927 0.89345 -0.019472 0.16082 -0.15689 -0.13974 -0.32261 -0.61806 -0.33818 0.79625 -0.20173 0.11228 -0.28593 -1.3494 -0.02463 0.085494
-1.0135 1.2428 0.70116 1.3133 -0.4241 0.345 -0.1132 1.0443 -0.45598 0.45441 0.42923 0.79106 -1.6188 0.3332 0.25422 -0.16907 -0.070145 -1.0887 -1.1089 0.6915 0.041704 0.29322 0.19189 0.45333 0.57251 0.032882 -0.12016 -0.34986 0.099308 -0.51302 0.029802 0.65778 1.0236 0.38283 0.03526 -0.88185 -1.8355 -0.53662 0.11371
-0.70928 1.2187 0.83537 1.658 -1.0134 0.013068 -1.0916 0.28359 -0.11995 1.9384 0.097306 1.1996 -1.5261 -0.0059457 -0.11791 -0.090299 -0.37795 -0.17845 -0.51094 0.87386 0.0023318 -0.079788 -0.15622 -0.79432 -0.24852 -0.015875 -0.4643 -0.62299 0.76246 -0.57656 1.1732 0.61301 -0.35814 -0.085002 0.29545 -0.85284 -0.47394 -0.59517 0.49016
-1.0674 1.067 0.26624 2.1555 -0.83459 0.029269 -0.01109 0.41925 -0.72879 1.2075 0.82464 1.7714 -1.5473 -0.32071 -0.29469 0.16545 -0.47865 0.12818 0.32532 0.25608 0.17128 -0.094839 -0.68929 -1.077 -0.19302 0.13486 -0.23887 -0.8938 0.34729 -0.73268 1.8299 0.64997 -0.90112 -0.25165 0.49312 -1.0744 0.39519 -0.53442 0.93986
-0.55544 1.3886 1.1428 1.3419 -1.4888 0.11023 0.79013 1.0937 -0.092951 0.92617 0.95093 0.56613 -1.566 -0.59222 -0.71688 0.90039 -0.64405 1.2287 -0.64698 -1.1014 -0.66496 0.6235 -0.81691 0.79359 0.089193 0.74103 0.81405 -1.024 -0.44335 -1.2565 1.1768 0.2468 -0.53958 -0.23256 0.71136 -0.92631 0.97977 -0.40231 1.5152
-1.3959 0.94004 0.98431 1.0095 -0.00278 -0.067896 0.47484 0.82623 -1.1054 1.1045 -0.61609 0.26973 -1.5817 0.19698 -1.0343 -0.029436 -1.2214 1.5567 0.15492 -0.077329 -0.15321 0.8952 -1.5758 0.46589 -0.66129 1.2113 1.6144 -1.1357 -1.5403 -1.4293 0.5992 0.0045587 0.52632 -0.15964 0.14141 -0.64077 0.70281 -0.55968 1.7307
-1.2638 0.72928 0.96407 0.99862 0.020397 0.54085 -1.0427 0.72434 -0.45743 0.40548 0.33861 1.3081 -1.3148 1.1509 -1.5673 -0.8423 -2.1986 1.2601 0.02305 -0.021344 -0.32426 0.80676 -1.5226 0.37568 -0.81386 1.9564 1.8878 -0.67629 -2.1435 -1.1246 -0.37562 0.16147 1.7847 0.28714 -0.57486 -0.59153 -0.18487 -0.66378 1.3133
-1.7389 0.30704 2.1919 0.92021 0.88537 -1.3339 -2.5538 -0.84353 1.1482 -0.021479 2.2054 1.389 -0.43218 1.6259 -1.8869 -1.8722 -2.1928 1.2075 -0.0097489 0.70177 -0.3362 0.077478 -1.59 0.53571 -0.8572 2.3948 1.042 -0.037835 -1.5308 -0.43969 -0.65831 -0.40669 2.0082 0.43725 -1.03 0.04338 -0.60318 -0.38181 0.46787
0.38622 0.061626 -0.44175 0.31495 0.21946 1.1319 1.0494 0.894 0.54454 -0.05987 0.23751 -0.060622 -0.20502 1.9905 -1.4924 -2.2197 -2.1217 0.71296 -0.27396 1.9122 0.018988 -0.10825 -1.9675 0.43905 -1.1378 2.3251 -0.066657 0.75079 -0.60409 0.42508 -0.70948 -0.35985 1.8169 0.72457 -1.0981 0.55804 -1.4365 -0.0052554 -0.73182
0.78445 -0.69342 -0.76658 -1.2156 0.064548 -0.15796 0.77427 0.3855 -0.28667 -0.64874 1.0511 0.25604 0.62902 1.5923 -1.14 -2.2319 -2.0365 0.62223 -0.45861 2.7883 0.57994 -0.68036 -1.2746 -0.69755 -1.2576 1.8015 -1.2645 1.248 0.99554 0.99661 -0.65789 -0.69721 -0.0026302 0.21939 -0.28922 1.1631 -1.4592 0.67476 -1.4919
0.77918 -0.73904 -0.97787 -1.0216 0.63667 -0.024933 1.3112 0.58175 -0.80569 -0.7684 0.85762 -0.6116 0.83305 1.0401 -0.60883 -1.8137 -1.555 0.25095 -0.42777 2.4003 0.72025 -0.98101 -0.59933 -1.7573 -0.61523 1.0391 -1.7465 1.3291 1.8497 1.5919 -0.32125 -0.48388 -1.2698 -0.31068 0.68587 1.7354 -1.0073 1.1592 -1.7242
0.48586 -0.4669 -1.1899 -0.87522 1.1822 -0.64529 1.6739 0.52845 -0.59747 -1.6481 0.2301 -0.25334 0.75216 -0.12545 -0.11394 -0.22307 -0.76417 0.2312 -1.2332 0.42732 -0.23534 -0.066632 -0.014828 -1.1599 0.24646 0.56408 -1.3211 1.13 1.9791 1.5986 -0.29808 -0.1181 -1.6652 -0.68325 1.5337 1.6192 0.075644 1.2109 -1.3352
0.39136 -0.56423 -1.0822 -1.1452 0.83789 -0.48966 1.7094 1.1405 -0.18458 -0.68613 0.17451 0.17655 0.74231 -0.22177 0.35336 0.23173 -0.014502 0.31773 -0.79173 0.62807 -0.22474 0.91647 0.77646 -1.2461 0.44851 0.084931 -0.68129 0.5657 1.52 0.92355 -0.21685 0.44615 -1.2042 -0.51373 1.4131 1.0925 1.0081 0.43938 -0.64675
0.49561 -0.45838 -0.87903 -1.1168 0.56841 -0.98161 1.5757 0.47382 -0.20141 -0.38474 -0.69415 0.22106 0.73871 -0.10243 0.3841 0.44418 -0.051831 0.040527 -0.50394 0.45009 -0.37412 1.3651 1.1849 -0.767 0.65287 0.064537 0.01036 0.054553 0.43184 0.33363 -0.17611 1.1218 -0.37912 0.051766 0.28016 -0.016408 1.2498 -0.30611 -0.12334
0.45941 -0.35748 -0.77412 -1.1462 0.24783 -0.77572 1.2427 0.11716 0.16096 -0.25345 -0.49223 0.17098 0.75491 -0.17601 0.14547 0.68951 -0.32579 -0.053263 0.025782 0.050159 -0.2842 1.0607 0.92259 0.042744 0.073476 0.21591 0.047091 -0.4058 -0.36883 0.13701 0.030418 1.2571 -0.53056 0.45173 -0.91083 -1.3372 1.5887 -0.34299 0.17245
0.54847 -0.3021 -0.53408 -1.1041 1.1198 -1.214 2.121 0.20458 0.7735 0.11797 -0.01986 0.43422 0.84042 -0.14096 0.085798 0.34177 -0.045282 0.091752 0.42808 -0.037395 -0.10288 0.39729 -0.1256 0.66134 -0.17217 0.29319 0.022613 -0.70428 -0.77588 0.59153 0.23937 1.7983 -0.6123 0.51779 -1.3258 -1.9958 1.0344 0.079451 0.11359
0.51325 -0.2132 -0.61882 -0.98967 0.95377 -0.60433 2.0754 0.30773 0.89441 0.22641 -0.15495 0.18136 0.88874 -0.13077 -0.21903 -0.42659 0.20478 0.34543 1.0631 -0.17277 0.57454 -0.39908 -1.1782 1.1634 0.18076 0.25549 0.077193 -0.9543 -0.80205 0.99685 -0.12282 2.1075 -0.95133 -0.023772 -0.99011 -1.3201 -0.050672 0.4247 -0.029199
0.034782 -0.48382 -0.22179 -1.61 0.82652 -0.41368 1.3421 0.53627 0.48184 -0.61194 0.30658 -0.18797 1.0073 -0.096211 -0.68515 -0.47154 0.69297 0.27717 2.301 -0.64005 0.26886 -0.51829 -1.6571 0.72027 0.76786 0.23206 0.2055 -1.0039 -0.17023 1.0794 -0.34425 1.6072 -1.0946 -0.99973 -0.54155 0.48996 -1.0457 0.29977 -0.048845
0.40023 -0.43505 -0.87903 -0.97738 0.60399 0.011661 1.5036 0.7893 -0.081094 -0.89775 0.60951 0.11486 1.0421 -0.073903 -1.1645 -0.42675 1.0174 -0.3733 2.9858 -1.5014 -0.5245 -0.43642 -0.88821 -0.045815 0.46588 0.19711 0.31922 -0.61315 0.67406 1.298 0.035995 0.50439 -0.48323 -1.8885 -0.14571 2.2311 -1.5271 -0.35455 0.010502
0.44675 -0.74199 -1.7644 -0.70776 1.0713 0.5202 1.3023 1.1302 -0.72406 -1.9387 0.59663 0.81101 0.94834 0.17993 -1.2249 0.0051773 1.4037 -0.18176 2.4361 -1.5011 -1.6384 -0.65935 0.67782 -0.72485 0.29664 0.24045 0.19705 -0.10284 1.2497 1.063 0.66121 -0.84817 0.23246 -1.7158 -0.17756 2.8889 -1.2333 -1.4188 0.088656
0.37614 -1.2367 -0.8087 -0.16 0.91309 2.8007 0.67043 -0.1047 0.46604 -1.6551 0.16447 1.4117 1.0471 0.27975 -1.0388 0.58355 2.0836 0.63842 1.9215 -0.69591 -2.4061 -0.62763 1.9936 -1.0395 -0.28712 0.26774 -0.043156 0.362 1.43 0.56422 0.9955 -1.8409 0.55828 -0.85215 -0.52529 2.1804 -0.58712 -1.8425 0.15648
0.35948 -1.6547 -0.74479 -0.10416 0.37876 2.6054 0.011935 -0.87383 0.6055 0.14531 -0.41008 0.1723 1.1079 0.061466 -0.93163 1.3525 1.9869 0.97988 1.2531 -0.62161 -2.3652 -0.78421 2.5221 -1.138 -1.6978 0.34274 -0.31227 0.6652 0.79046 -0.17583 0.83344 -2.3088 0.44073 0.70909 -0.575 0.4026 0.46398 -1.5747 0.13844
0.68158 -1.3967 -0.27698 0.30109 0.81694 1.6798 0.18154 -2.012 -0.66957 1.3155 -0.85309 0.076016 1.2501 -0.10108 -0.66946 1.5675 1.6886 0.86668 0.1579 -0.89404 -1.9391 -1.4174 2.43 -0.9398 -2.2304 0.40438 -0.46317 0.71947 -0.10809 -0.89599 0.3854 -2.2052 -0.037237 1.9634 -0.26735 -1.7612 1.3693 -0.57538 0.070596
0.45751 -1.4302 0.21604 1.1591 2.0998 1.9065 1.2315 -2.1418 -0.80509 1.0889 -0.28333 -0.50028 1.2938 -0.18763 -0.22965 0.98028 1.2817 1.2281 -0.96843 -0.58075 -0.40152 -1.4053 1.2379 0.16537 -1.8872 0.40063 -0.37861 0.62622 -0.88485 -1.0861 -0.047507 -1.4598 -0.22236 2.6183 0.67009 -3.0523 1.9269 0.48296 -0.028413
0.4254 -1.619 0.34801 1.2685 1.7662 2.1605 0.44259 -1.519 -1.1962 0.98078 -0.54565 -1.8191 1.3552 -0.41809 -0.11348 0.54968 0.86888 1.2177 -1.0621 -0.81324 0.69218 -0.85468 -0.79983 1.0064 -1.3397 0.35484 -0.19383 0.43446 -0.96306 -1.0908 -0.46831 -0.68386 -0.28566 2.4436 1.4104 -2.9954 1.6721 0.90331 -0.076991
0.1825 -1.7797 0.30077 1.0121 1.5354 1.5399 -0.77707 -1.7106 -1.9534 0.69957 -0.69015 -1.0844 1.4011 -0.45425 -0.09883 0.18304 0.50011 0.71494 -0.85023 -1.1145 1.762 0.23508 -1.8129 1.669 -1.1637 0.31945 -0.0099468 0.22645 -0.48465 -0.85831 -0.81865 -0.25933 -0.16193 1.2527 1.317 -2.0021 0.62086 0.82995 -0.08896
0.20352 -1.4945 0.26234 1.1152 2.1005 1.3047 -0.078714 -0.60133 -0.43616 0.50514 0.55491 -0.73495 1.5301 -0.3182 0.035439 0.14088 0.17453 0.26318 -1.1768 -1.2013 2.0583 0.51481 -1.8837 1.5939 -0.76794 0.3164 0.21453 0.13001 -0.12505 -0.55554 -0.8446 -0.11723 0.29426 0.15455 0.64803 -0.65412 -0.67784 0.5701 -0.119
-0.078118 -1.6763 -0.021604 0.98152 1.9669 0.73145 -0.80559 -0.48922 -0.85521 -0.684 0.63349 -1.6597 1.5179 -0.2658 0.096881 0.25769 0.1269 0.20368 -1.4001 -0.72317 1.5167 0.47907 -2.1248 1.1163 -0.49629 0.27144 0.36687 0.0080536 0.11179 -0.37543 -0.65759 0.12649 0.4419 -0.8802 -0.29862 0.23579 -1.7618 0.86959 -0.19883
0.19059 -1.4507 0.28409 1.3689 2.12 0.95481 -0.55946 0.35654 -0.40881 -0.79101 1.229 -1.7426 1.6122 -0.14718 0.018442 0.26051 0.078078 -0.075866 -1.0129 -0.46901 1.1314 0.2807 -1.9235 0.0061205 -0.51877 0.18065 0.34436 -0.15321 -0.1003 -0.38655 -0.47168 0.52162 0.3282 -1.3738 -0.76709 0.57333 -1.8979 1.2525 -0.27499
0.057531 -1.5084 0.65546 1.3994 2.2106 0.48855 -0.54007 0.61603 -0.65872 -0.85173 1.0149 -1.8316 1.648 0.09233 -0.077097 0.31605 -0.11699 -0.32228 -0.70631 -0.65715 0.38911 -0.2468 -1.3396 -0.91831 0.46817 0.056805 0.23027 -0.1955 -0.49421 -0.43347 -0.28873 0.61422 -0.044112 -1.4785 -1.2519 0.69345 -1.1375 1.5925 -0.32657
-0.023047 -1.6339 0.62843 1.1348 1.69 0.009855 -1.0327 -0.14216 -1.1022 -1.5997 0.14079 -1.9368 1.6482 0.095373 -0.15066 -0.093666 -0.38813 -0.3401 -0.56568 -0.62919 -0.2411 -0.63982 -1.1655 -1.0342 1.2758 -0.033043 0.13101 -0.048733 -0.58949 -0.25959 0.071906 0.47873 -0.055347 -1.3963 -1.3982 0.73378 0.35402 1.8107 -0.3199
-0.0048192 -1.7053 0.36083 0.97869 1.5913 0.3431 -1.1907 0.030935 -1.0034 -1.5009 -0.52667 -1.2207 1.6033 0.0056434 -0.16675 -0.51015 -0.4059 -0.19539 -0.49413 -0.75319 -0.87807 -1.529 -1.1591 -0.53266 1.8155 -0.16397 0.15177 0.21472 -0.34901 0.047403 0.48228 0.48745 0.62801 -0.67725 -0.68986 1.0821 1.6025 1.1892 -0.26303
0.42324 -1.551 0.53403 0.95386 1.902 0.39246 -1.0076 0.033253 -0.58448 -1.2177 0.01252 -0.067181 1.5662 0.11494 -0.024321 -0.45021 -0.24209 -0.010018 -0.24046 -0.55268 -1.1452 -1.8334 -0.59046 0.53988 2.4552 -0.24016 0.31025 0.3725 -0.35377 0.12752 0.25074 0.036633 1.3868 0.30497 0.22856 1.3585 1.4588 -0.078012 -0.27194
-0.0088309 -1.8149 -0.27206 0.65647 1.6936 -0.03093 -1.5765 -0.62279 -1.8835 -2.3856 0.067523 -0.53764 1.5095 0.33771 0.2399 -0.178 -0.12272 0.39355 0.02576 0.48564 -0.5729 -1.0161 0.47438 1.4451 2.2771 -0.27657 0.41579 0.34051 -0.40235 -0.050042 -0.72108 -0.4498 1.6654 1.3414 1.4229 1.2039 -0.23225 -1.7739 -0.29153
0.10591 -1.5745 -0.085197 1.1497 2.0365 0.14067 -1.4154 -0.79401 -2.7946 -2.0858 0.93109 0.24813 1.4462 0.46221 0.30633 -0.94099 -0.3236 -0.17776 -0.76625 1.3901 0.23587 -0.46141 0.65758 0.84847 0.89716 -0.42846 0.52545 0.30772 -0.2447 -0.24602 -1.4392 -0.70479 1.4239 2.153 2.285 0.79675 -2.142 -3.006 -0.30544
0.21658 -1.5521 0.44353 1.0246 1.9308 0.034971 -1.2874 -1.2256 -2.8725 -1.3296 1.282 1.1859 1.3934 0.54981 0.27143 -1.0372 -0.46668 -1.4345 -1.0731 1.4493 1.2173 0.56189 0.55568 -1.0986 -0.96108 -0.55401 0.45286 0.25855 -0.067003 -0.41073 -1.696 -0.66902 0.50425 1.9299 2.0517 0.10625 -3.235 -3.1293 -0.25832
0.63504 -1.2868 0.42818 0.78705 2.1505 0.37685 0.14658 -0.28848 -1.1286 -0.47416 1.2788 0.71452 1.3432 0.91885 0.50519 -0.49707 -0.51121 -1.7342 -1.0054 1.6755 2.4343 1.845 0.91475 -2.3076 -1.9574 -0.60867 0.11047 0.13568 0.29701 -0.46416 -1.029 0.015707 -0.24645 0.49715 0.70609 -0.55589 -2.5304 -1.9832 -0.019846
0.73373 -1.4064 -1.6922 0.34435 1.0217 -1.2827 0.76035 0.93097 -1.2163 -1.046 -0.21841 -0.59888 1.037 0.89216 0.59846 -0.54281 -0.75541 -1.9367 -1.1028 1.2863 2.3382 1.8406 0.54697 -3.2181 -2.575 -0.61559 -0.49322 -0.15535 0.47868 -0.48958 -0.029211 0.47397 -0.63656 -1.6733 -1.4025 -0.96496 -0.68529 -0.41397 0.29745
0.88611 -1.4203 -0.76881 0.39575 -0.33703 -1.1216 -0.14906 1.4303 -0.45363 -1.5413 -1.9215 -2.0239 0.93964 0.47384 0.38265 -0.64761 -0.99832 -1.8136 -0.73083 0.97286 0.70482 0.27046 -0.42637 -2.965 -2.2721 -0.43152 -1.1418 -0.53663 0.60411 -0.40455 0.63407 1.3523 -0.81417 -3.1461 -2.3698 -0.72315 1.1883 1.1354 0.56355
1.1887 -1.0408 -0.097223 0.41655 0.37575 -0.87526 0.29342 2.4018 -0.3118 -1.0461 -1.7537 -2.1787 0.89331 -0.10274 0.055808 -0.080284 -1.0862 -1.4507 -0.34071 0.55244 -1.4045 -1.4144 -0.65869 -2.0611 -1.6267 -0.15052 -1.1662 -0.5614 0.32421 -0.11679 1.051 1.8108 -0.37437 -2.8794 -1.7025 -0.203 2.3826 2.465 0.5882
1.2095 -0.77516 -0.41044 0.2652 0.32485 -1.0861 0.23501 1.2337 -1.0511 -0.82918 -1.8691 -1.5297 0.82911 -0.59519 -0.17734 0.38885 -1.0616 -0.81835 1.1107 0.453 -2.2451 -1.1878 0.10355 -0.53982 -0.14101 0.091925 -0.67512 -0.23478 -0.27185 0.20737 0.39391 1.1671 -0.28059 -1.602 -0.19388 -0.1617 1.8781 2.5709 0.28834
0.66061 -1.3131 -0.82441 -0.5205 0.013151 -0.66407 0.77818 -1.2346 -2.6746 -1.8742 -1.5347 -1.1448 1.0248 -0.62769 -0.11938 -0.46938 -0.94097 -0.51188 1.3232 0.80163 -2.1827 -0.78206 -0.11906 0.23421 1.3219 0.096665 0.060152 0.41172 -0.60762 0.44808 -0.45959 -0.014676 -0.6284 -0.25202 0.73715 -0.41871 0.6697 1.7112 -0.29063
0.37385 -1.4584 -0.42493 -0.62414 -0.076721 -0.75256 1.1213 -1.8326 -2.7588 -1.3874 -1.6326 -2.2033 1.1262 -0.45749 0.052334 -0.98051 -0.72648 -1.564 0.59123 0.28387 -2.2441 -0.43923 -1.0168 -0.42714 1.4288 -0.078149 0.82358 1.4258 -0.38144 0.99342 -0.65303 -1.4109 -1.5266 0.77036 0.86974 -0.22127 -0.051847 0.65276 -1.0575
0.040617 -1.61 -0.89129 -0.64911 -0.54048 0.79622 0.66441 -0.54799 -1.2426 -0.63518 -1.4693 -1.0951 1.0359 -0.076965 0.67091 -0.55346 -0.49225 -1.922 -0.11666 -0.59553 -1.9343 -0.35649 -0.91966 -0.77792 1.0362 -0.54818 0.65472 2.1913 0.8867 1.5284 -0.20561 -1.5622 -2.3309 1.4857 0.72479 0.62877 0.026219 -0.032023 -1.7236
0.65286 -1.0271 -1.1718 -0.36036 -0.53514 0.50209 0.92917 -0.31286 -0.80719 -1.8198 -1.7576 0.0093879 0.92111 0.56183 1.9579 -0.30233 0.42049 -1.3117 -0.79209 -1.8065 -0.77141 0.29157 0.067202 -0.095123 1.3226 -1.3394 -0.15012 2.2189 2.0352 1.948 0.73021 -0.96504 -2.1145 1.8543 0.34493 1.7355 1.0462 -0.25602 -1.9508
0.83786 -0.67459 -1.5318 -0.49042 -1.7549 -1.1352 0.43742 -1.6603 -1.8129 -2.7153 -2.6288 -0.4854 0.69448 -0.00086556 2.8174 0.83927 1.119 -1.017 -0.8882 -2.6562 0.16722 0.26045 0.55766 0.15839 1.3197 -2.1305 -1.1297 1.2646 2.4131 1.7996 1.1765 0.15757 -1.2595 1.8119 0.43852 2.2174 1.4832 -0.39876 -1.4989
0.84902 -0.11667 -0.79602 -0.77708 -1.8941 -1.4168 -0.69195 -3.1851 -2.9726 -1.8541 -2.5195 -0.72317 0.15207 -0.76938 2.9176 2.1271 1.8283 -0.6816 -0.81958 -2.7732 0.55827 -0.084665 1.6184 1.175 0.78156 -2.5214 -1.8461 -0.2626 1.9876 0.75841 1.4334 1.721 0.54655 1.8631 0.91336 1.7701 1.2859 -0.39876 -0.51261
1.237 1.0569 -0.96492 0.27989 -0.79226 -1.2468 -1.6162 -1.6501 -1.7489 -0.70221 -0.72789 0.19754 -0.57789 -1.4017 2.4353 2.7454 1.9071 -0.084673 0.18055 -2.5571 1.1657 0.67819 2.6172 1.5057 0.51432 -2.4426 -1.3868 -1.5548 0.45126 -0.4917 1.4265 2.1585 1.7751 1.7694 1.5609 0.83752 0.89948 -0.2456 0.65191
-0.48261 1.6047 1.1919 0.93667 -1.3328 -0.62561 -2.2236 0.19614 -1.1683 -0.22081 -1.5796 -0.29414 -1.3076 -1.9835 1.6817 2.4592 1.3257 0.84486 1.8538 -0.83151 2.6007 1.8604 2.4788 1.7671 0.93293 -2.034 -0.50947 -2.725 -1.0468 -1.5607 0.76351 1.9055 2.5106 0.95224 1.1873 -0.49353 -0.27065 0.032195 1.6769
-0.90286 1.3856 1.6253 1.5807 -1.5862 -0.14291 -2.1925 0.28923 -1.1788 0.77768 -0.06625 0.37558 -1.5119 -1.8348 0.67386 1.5034 0.50349 0.82995 1.766 -0.24238 2.8224 2.3355 1.7527 1.648 0.75943 -1.2946 0.86835 -3.4869 -1.9902 -2.2749 -0.30599 0.39598 2.0273 -0.70009 -0.041873 -1.3873 -0.31175 0.16191 2.6353
-0.60519 1.4731 1.5849 1.1843 -0.98745 -0.014879 -2.0111 -0.2496 -0.46887 0.37719 -1.0182 0.27649 -1.4397 -1.4564 -1.0409 0.7657 -0.18899 0.25702 1.9098 0.86701 1.7062 1.4016 1.0838 0.61776 0.73268 -0.3168 1.8147 -3.2466 -1.429 -2.119 -1.1847 -1.0957 0.66826 -2.1227 -1.055 -1.636 -0.44955 0.0065571 2.9479
-1.5333 1.2283 0.96625 0.19135 -0.52848 1.5449 -0.18873 1.3214 0.042932 0.10789 -0.61048 0.57477 -1.5283 -0.15443 -2.3954 -0.1614 -1.2921 -0.35355 0.87778 0.46274 0.15137 0.81212 0.60729 1.5144 0.94878 1.066 2.0097 -1.8928 -0.2512 -1.0639 -1.3139 -1.3064 -0.079569 -2.4221 -1.4841 -1.2633 -0.39377 -0.023967 2.2835
-1.0126 1.0463 0.81339 0.10397 -0.64645 0.31363 -2.215 1.0458 0.26007 0.8145 0.23666 0.28874 -1.457 0.34539 -2.549 0.59157 -1.4629 -0.73551 0.25924 0.074313 -0.48532 0.53997 -0.14015 1.0003 0.8604 1.6709 1.9865 0.10826 0.21092 -0.037504 -1.0036 -1.4951 -0.73424 -2.0804 -1.5571 -0.52839 -0.712 -0.72509 1.1077
-1.1739 -0.4139 1.0523 0.92388 -1.1233 1.6667 -0.53607 1.0951 -0.3064 0.95289 -0.62254 1.1449 -1.029 0.77515 -1.9339 1.1018 -0.71777 -1.0825 0.16218 -0.024249 -1.1263 -0.15729 -0.10123 0.73145 0.65638 1.4956 1.3422 1.5932 -0.13839 0.83327 -0.21745 -0.70536 0.096995 -1.1158 -1.7128 -0.55789 -1.8906 -1.7464 -0.29699
-0.4741 -1.4203 1.513 -0.6767 -2.4051 -0.043797 -2.3276 -0.47057 -0.36393 0.72249 1.1501 1.0052 0.26731 1.5491 -1.0805 0.51305 -0.55595 -1.2189 -0.51114 -0.32535 -1.9884 -1.1804 0.40335 -0.33377 -0.56923 1.3034 0.90508 2.1636 -1.231 1.0558 0.89496 -0.20401 0.69781 -0.055769 -1.4135 -0.75424 -2.0595 -2.4713 -1.1273
-0.39443 -0.78534 2.8398 -0.14965 -1.7992 0.41219 -1.7227 -0.55889 -0.044898 0.034708 0.32776 1.3468 0.14538 1.585 -0.30197 -0.39902 -0.31657 -0.5125 -0.05245 0.82354 -1.4235 -1.6997 -0.75666 -1.4496 -1.8368 0.7565 0.074796 1.7216 -1.7893 0.96242 1.6004 0.21918 0.99232 0.92487 -0.71355 -1.1503 -2.4246 -2.2171 -1.3763
0.051828 0.1128 2.3234 0.32111 -1.5522 1.2285 -1.0082 -0.94397 -0.50241 0.30039 -0.60513 0.77922 -0.47889 1.5157 0.47548 -0.98634 0.15094 0.61615 -0.01994 0.96557 -0.45771 -1.474 -1.287 -1.8683 -2.8502 0.17103 -0.82782 0.51823 -1.1161 0.39566 1.4993 0.3582 0.49159 1.2442 0.073754 -1.1262 -1.7319 -1.0866 -0.9163
0.67799 0.0066369 0.40108 -0.6475 -1.9496 0.28391 -1.2668 -1.1135 -1.8719 1.5705 -0.97404 -0.91101 -0.26045 0.91213 0.34367 -1.5249 0.5815 0.92861 0.31419 1.2112 0.027655 -1.4231 -1.5019 -3.1692 -2.6495 -0.22042 -1.3783 -0.53223 0.33488 -0.58707 0.93444 -0.16192 -0.54824 0.72585 0.75849 -0.68195 -0.37406 0.35178 0.027669
0.83179 -0.29234 0.18161 0.20909 -1.3238 0.72195 -0.50211 -0.41837 -2.0196 -0.87289 -1.5956 -1.7849 -0.37724 0.4241 -0.48427 -1.0366 -0.33427 0.80405 -0.039268 0.3998 -0.13025 -1.1874 -1.4229 -2.797 -2.3375 0.27215 -1.6632 -0.64688 1.6617 -1.32 0.83389 -0.30379 -0.37936 0.066977 1.2824 -0.1613 0.80336 1.5527 0.62447
0.71035 -0.55854 0.77657 0.75283 -0.65075 1.1789 0.049074 0.23386 -1.5139 -0.93141 -1.7766 -1.7032 -0.15682 -0.29529 -0.76811 0.23782 -1.106 1.1025 -0.3513 0.027867 -0.082031 -0.369 -2.0225 -1.6722 -1.3773 0.75083 -1.3165 0.39784 1.5291 -1.7372 1.2453 -0.81822 0.077508 -0.45185 1.5817 0.87609 1.8432 1.7653 0.70639
0.40572 -0.80566 0.5438 -0.19233 -1.5257 0.30765 -1.2242 -1.1387 -1.6978 -1.0915 -2.918 -1.1831 0.049318 -0.80578 -0.11821 1.2352 -1.3072 2.054 -0.25857 0.8031 -0.26849 0.50024 -1.3466 -1.0178 -0.35712 0.71951 -0.72175 1.4823 0.079265 -1.1517 1.4908 -1.1207 0.89704 -0.65365 1.5915 1.409 1.6709 1.6222 0.22004
0.2357 -0.8645 1.8238 -0.91668 -0.75905 0.66646 -1.2129 -1.1832 -1.7173 -0.90058 -2.9823 -1.5597 0.24485 -0.7907 0.86594 0.19295 -1.9569 2.582 -1.1007 1.1331 -0.84832 0.82129 0.1603 -0.44116 -0.083203 0.72579 -0.013876 1.7263 -1.3954 -0.19721 1.0456 -1.1445 1.4612 -0.55068 1.2231 1.4208 1.338 1.0161 -0.18268
-0.10776 -0.53312 1.7384 -1.4334 -0.23591 0.38372 -0.75484 -0.85842 -1.4341 -1.8294 -1.8848 -1.6283 0.37539 -0.60371 1.3294 -0.88243 -1.9192 2.7923 -1.7495 1.5451 -1.1121 1.3249 0.22393 -0.12923 0.28422 0.64842 0.36616 1.077 -2.0733 0.5929 -0.43075 -1.0145 1.0095 -0.39465 0.78296 0.53856 1.0544 0.69329 -0.31074
-0.17938 0.057211 1.5029 -1.4354 1.1634 0.15051 0.94624 -0.95098 -1.186 -0.35261 -2.2403 -1.7485 0.38179 -0.43142 1.572 -1.3402 -1.1566 2.646 -1.7349 2.4384 -0.81097 1.6037 -0.046542 0.52043 0.3528 0.48262 0.34319 0.065109 -1.1779 1.4148 -1.774 -0.31124 0.32275 -0.13301 0.3948 -0.30233 0.62707 0.59823 -0.37739
-0.01498 0.7901 -0.30679 -1.5576 1.8154 -0.94644 1.0378 -1.5757 -0.67881 -0.66627 -2.4356 -1.7669 0.444 -0.35458 1.4399 -1.9079 -0.69495 1.2307 -1.8296 2.0643 -1.1132 1.631 -0.2001 0.58771 0.82703 0.32507 0.11081 -0.76945 -0.067334 1.5347 -2.612 0.41365 -0.67264 0.19465 -0.22151 -0.59353 0.5821 0.32191 -0.3311
-0.098945 0.4999 -0.31672 -1.7336 1.6484 -1.5276 0.95302 -1.9749 0.27895 -0.92868 -2.5789 -0.70778 0.6865 -0.32468 0.92526 -1.5228 -0.13248 0.11133 -1.6458 1.4681 -1.1294 1.429 -0.2222 0.45707 0.85653 0.26096 -0.025771 -1.3427 0.72125 1.2341 -2.567 0.9634 -1.3888 0.48061 -0.8195 -0.56966 0.52094 -0.25029 -0.22671
-0.27739 0.71586 -0.034899 -1.7675 1.0824 -1.4696 1.6813 -2.1451 -0.076335 -1.5116 -2.0469 -1.0301 0.59067 -0.47369 0.28561 -0.93461 0.21301 -0.72661 -1.0361 0.71271 -0.55281 0.96444 -0.84983 1.0719 0.6882 0.20948 0.13319 -1.1046 0.82507 0.86347 -1.6864 1.4314 -1.1887 0.86992 -1.4663 -0.38315 0.47078 -1.1122 -0.22369
-0.39593 0.78631 -0.21584 -1.9032 0.48015 -1.4244 1.3476 -2.4093 0.14773 -1.2668 -1.6816 -0.72229 0.57958 -0.42781 -0.23583 -0.48979 0.51289 -1.0791 -0.35509 0.42094 -0.096208 0.31662 -0.8368 1.329 -0.071786 0.16367 0.409 -0.50654 0.4218 0.36712 -1.0083 1.5094 -0.78428 0.8598 -1.8525 0.091836 0.24411 -1.3372 -0.23794
-0.5326 0.69761 -0.26082 -1.3215 0.67361 -1.8851 1.7383 -2.1565 0.33247 -1.327 -1.5463 -0.91838 0.661 -0.080401 0.058216 -0.8924 0.46364 -1.265 0.16864 0.27905 0.17513 -0.70145 -0.64471 1.105 -0.93485 0.0019858 0.65766 0.021581 0.14066 -0.013357 -0.31942 1.0574 -0.67242 0.47012 -1.7138 0.64941 -0.23969 -1.3154 -0.30428
-0.69713 0.54831 -0.43357 -1.1682 0.97416 -1.4488 1.788 -1.6354 0.11559 -1.3949 -1.1658 -0.99211 0.64801 0.18459 0.13853 -0.76903 0.36345 -1.4686 0.54001 0.15293 0.29051 -1.3839 -0.15167 0.95369 -1.0101 -0.030641 0.76267 0.36533 0.41271 -0.20381 0.33055 0.76403 -1.0695 0.13025 -1.0486 0.87455 -0.33801 -0.67741 -0.53105
-0.399 0.33736 -1.1318 -1.1613 0.40946 -1.5964 1.3095 -2.0299 -0.063225 -1.9874 -1.1071 -1.7532 0.7404 0.36175 0.13568 -0.54794 0.24974 -1.1193 0.46711 -0.47038 0.22699 -1.5592 0.066535 0.83347 -1.477 -0.19867 0.55524 0.36268 1.026 0.1906 0.71211 0.62704 -1.4673 0.2189 -0.089804 0.86309 -0.16717 0.34685 -0.87516
-0.073854 0.94155 -1.3003 -1.5517 -0.40312 -1.0521 1.6131 -1.9561 -1.102 -1.7699 -1.3502 -1.9277 0.57191 0.67676 0.373 0.0958 0.25186 -0.54898 0.90283 -1.2842 0.14389 -1.3242 0.50495 0.84787 -1.153 -0.61719 0.158 0.31838 1.2045 0.78842 0.9772 0.36781 -1.6266 0.65984 0.88874 0.7622 0.18906 1.4444 -1.1548
-0.15033 0.98898 -0.56105 -1.4092 -0.95263 -0.63784 1.95 -1.887 -1.8523 -1.2093 -0.66422 -1.8843 0.51962 0.63568 0.58385 0.58445 0.83484 -0.42301 1.1405 -1.8464 0.6989 -0.92078 0.70204 0.87267 -0.15743 -1.1563 -0.34759 -0.090743 0.85475 1.1073 1.0698 0.10333 -0.99542 1.0279 1.7819 0.67992 0.38345 2.012 -0.88808
-0.10939 0.71231 -0.82185 -1.2809 -0.042582 -1.3677 0.30091 -2.0166 -1.0797 -1.054 -0.67842 -2.597 0.35213 0.3137 0.47867 0.90912 1.4221 -0.029413 0.87629 -2.3091 1.4224 0.026269 1.0091 1.3404 1.2417 -1.4669 -0.66257 -0.6426 0.029494 0.58551 0.98021 -0.28505 0.20937 0.99526 2.1573 0.31052 0.086598 1.584 -0.072935
0.38696 1.0554 0.006549 -0.72378 0.79408 -0.30747 -0.10133 -1.6638 -0.89647 -0.80452 -0.46266 -2.0145 -0.15592 -0.076594 -0.079331 0.63315 1.5684 0.5778 0.66334 -1.8955 1.7214 1.2465 1.1328 1.3709 1.3777 -1.2468 -0.37829 -1.0072 -0.49034 -0.45669 0.72264 -0.37091 1.713 0.54042 1.95 0.13069 -0.50906 0.68008 1.1121
0.10088 1.2151 -0.17107 -0.033569 -0.18087 0.25614 -0.59417 -0.376 -1.1558 -1.0341 -0.21769 -0.89749 -0.72306 -0.13892 -0.4374 0.10978 0.88474 0.74342 0.60478 -0.88282 1.6984 1.8091 0.88853 0.80616 1.2714 -0.6938 0.17529 -1.1903 -0.9261 -1.4915 0.23108 -0.53323 2.3285 -0.036853 1.2195 -0.26875 -1.2442 -0.76542 2.1095
-0.043855 1.01 -0.24037 0.19926 -0.37151 -0.68415 -1.2354 -0.11383 -0.28084 -0.63441 0.52903 -0.019188 -0.76267 0.18832 -0.74742 0.046453 0.29741 0.51164 0.58057 0.70576 1.6804 1.9983 1.0111 0.19078 1.2033 0.29945 0.7312 -0.97656 -0.84203 -1.8711 0.11041 -0.60658 1.8271 -0.32127 0.41473 -0.52065 -1.2827 -1.6297 2.4126
-0.36351 0.61894 -0.45223 -0.16858 0.32788 -0.12287 0.17526 0.0036328 0.36903 0.056374 0.21491 -1.0996 -0.41686 0.47762 -1.3018 -0.55333 -0.54155 0.42448 -0.078813 0.83804 1.3613 2.0284 0.54087 -0.44581 -0.20025 1.2555 0.77893 -0.57008 -0.52681 -1.3467 0.017734 -0.47902 0.68394 -0.46358 -0.31894 -0.64672 -0.65616 -1.823 1.8581
-0.11354 0.27202 -0.49831 -0.84973 0.56752 -0.027648 0.60983 -0.11153 0.58948 -0.25966 -0.11053 -1.1133 0.011172 0.88565 -1.3821 -0.63327 -0.97537 0.93707 -0.12727 0.72857 1.2166 1.9367 0.28695 -0.45412 -1.1524 1.7766 0.39848 -0.00052785 -0.27418 -0.55503 -0.51728 -0.62057 -0.90084 -0.80238 -1.0633 -0.90579 0.10872 -1.2227 0.61619
0.77304 0.073279 -0.29198 -0.62789 0.88885 -0.16509 0.99648 0.42209 1.4108 0.20148 -0.70464 -0.82656 0.67316 0.86655 -1.1333 -0.5565 -0.82716 0.56079 0.062653 0.39427 0.96077 1.2011 -0.014577 -0.10601 -1.2051 1.6465 -0.12535 0.82793 0.48936 0.50277 -1.1806 -0.49645 -1.3631 -1.0255 -1.6055 -0.45106 0.88393 0.061014 -0.75669
0.94852 -0.30889 -0.93276 -1.0032 0.55671 -0.39122 -0.081885 0.71547 1.1516 -0.67497 -0.73802 -2.0818 0.88182 0.68133 -0.83365 -0.48378 -0.53632 -0.50629 -0.64849 -0.82826 0.20622 0.31363 -0.48089 0.27124 -0.74242 1.1243 -0.72153 1.6434 1.1938 1.1135 -1.8792 -0.19402 -1.351 -1.3267 -1.962 -0.21792 0.8894 1.1904 -2.0854
0.88253 -0.24179 -1.0294 -0.9053 0.75001 -0.17431 -0.16444 1.5314 1.4089 -0.46541 0.10512 -1.822 0.96594 0.34935 -0.10708 0.27366 0.095218 -1.0185 -0.74655 -1.0275 -0.27205 -0.32172 0.040626 0.9469 -0.27364 0.32644 -1.1944 2.0765 1.8617 1.7255 -1.3992 0.51872 -0.62355 -1.2727 -2.1043 0.2695 -0.12943 1.5832 -2.8726
0.5544 -0.28666 -0.823 -0.81123 0.39151 -0.3722 0.014807 0.64006 1.2415 -0.1378 0.62054 -1.5243 0.94366 -0.13088 1.0216 1.1761 0.47796 -1.7174 -0.090655 -1.1812 -0.93234 -1.1627 -0.17078 0.78543 0.78307 -1.0209 -1.446 1.9588 1.9409 2.0105 -0.69306 1.2003 0.19188 -0.61513 -1.8816 0.60501 -1.2611 1.4392 -2.9735
0.55833 -0.42095 -0.95606 -1.1175 -0.44094 -1.2527 -0.73216 -0.44655 0.57198 -0.68875 -0.042286 -1.917 0.85826 -0.83112 1.6248 2.092 1.6405 -1.3986 0.73635 -0.65249 -1.123 -2.2004 0.34946 -0.5751 1.2227 -2.0432 -1.5536 1.158 0.91742 1.5541 0.21378 1.5184 0.55956 0.39843 -1.224 0.34059 -1.9208 1.3793 -2.3423
0.88472 0.40248 0.46404 -0.43674 -0.37047 -0.881 -0.36585 -0.11818 0.49143 0.27122 0.73262 -1.0974 0.4494 -1.2731 1.7771 2.2341 2.1597 -1.5879 0.82556 -0.6725 -0.65315 -2.4501 0.53716 -1.3768 1.4106 -2.6204 -1.3673 -0.069541 -0.51246 0.65681 1.0582 1.4915 0.97362 1.1767 -0.067302 0.60081 -1.2456 0.74915 -1.0302
0.66389 1.5267 1.1223 -0.077397 -1.2681 0.34988 -1.0332 -0.39783 -0.17083 -0.64485 -0.1941 0.047766 -0.80491 -1.8127 1.5701 1.4501 1.9323 -0.6941 1.6003 -0.23225 0.41236 -2.0916 0.34418 -1.6619 2.1934 -2.7571 -0.85884 -1.1246 -1.9168 -0.63215 1.2624 0.80975 0.6708 1.1429 1.0908 0.27033 0.18792 0.28855 0.37042
-0.70968 1.2508 1.4145 1.3244 -0.42649 1.0245 -0.70973 -0.19174 -1.911 0.018506 -1.6259 -1.1296 -1.3843 -2.0468 0.92446 0.51781 1.4553 -0.13398 2.2325 0.45367 0.74332 -1.3624 0.99614 -1.0502 1.8121 -2.3725 -0.043732 -1.7207 -2.4231 -1.3634 1.3203 -0.19775 0.94774 0.70804 2.0257 0.23676 1.7133 0.0061725 1.6438
-0.90905 1.3304 1.2825 1.2874 -1.3615 0.1465 -0.95563 0.63689 -1.1044 0.48681 -0.8649 -0.039091 -1.5608 -1.96 0.053277 -0.66581 0.88257 0.18408 1.5247 0.047683 0.5517 -0.61866 0.64066 -0.33425 1.6107 -1.5541 1.1201 -1.4192 -1.598 -1.49 0.50079 -1.2902 0.63071 0.024952 2.4904 0.011952 2.1601 -0.41946 2.2213
-1.64 1.1315 0.28843 0.54171 -0.25584 1.5009 -0.20152 0.80755 -0.98929 -0.13724 -1.0853 1.4349 -1.7074 -1.2869 -0.52065 -1.2744 0.30741 0.3886 0.48844 0.9828 0.74537 0.77228 0.84425 1.3251 1.7233 -0.4982 1.3936 -0.89401 -0.16609 -1.1234 0.41502 -2.1129 -0.10308 -0.37031 2.0362 -0.44362 1.6573 -0.69759 2.1364
-1.4178 0.84901 0.15453 0.4376 -0.73017 2.0187 0.046329 0.17049 -0.8279 1.1598 -0.5269 -0.1061 -1.6463 -0.24072 -0.22829 -0.67118 -0.090226 -0.040618 0.073326 0.68942 0.45827 1.7111 0.43765 1.3834 1.4038 -0.013325 1.4688 -0.061889 1.3518 -0.57301 0.24972 -2.3151 -0.60369 -0.52884 1.1028 -0.40877 1.0011 -1.1501 1.5376
-1.4232 0.99498 0.15259 1.0855 -0.44175 1.1274 -1.166 0.33564 -0.59597 0.39007 0.16543 1.2347 -1.628 -0.47525 -0.52312 0.1916 -0.019598 0.73606 -0.96515 -0.09058 0.014596 1.4521 0.22799 1.3477 0.52273 0.3973 1.3471 0.0082033 1.2989 -0.72607 0.2147 -2.0496 -1.3245 -0.64635 -0.196 -0.76676 -0.25575 -1.2657 1.1516
-1.3182 0.91146 -0.21569 0.90764 -0.74595 0.72324 0.92614 0.98957 0.40997 0.54456 0.9292 1.7939 -1.4912 0.19712 -0.056436 1.1221 0.0384 0.46529 -2.0465 -0.60069 -0.1882 1.1906 0.14699 1.6373 -0.091147 0.54578 1.36 -0.33573 0.21881 -1.4638 0.25565 -1.5697 -1.0657 -0.73854 -0.89551 -0.56934 -0.66788 -1.3111 1.3116
-0.99392 1.1629 1.1158 1.2045 -0.84619 0.94376 -0.24979 0.69474 0.36618 0.68398 -0.70176 0.40319 -1.4763 0.84397 -0.59307 0.25053 -1.0298 0.52646 -2.2578 -0.94193 -0.28117 0.63486 -0.50937 0.74089 -0.063613 1.1301 1.5537 -0.41555 -0.85708 -2.0363 -0.17182 -0.69506 -0.54126 -0.70736 -0.77107 -0.16926 -0.53143 -0.8426 1.4057
-2.338 0.33798 1.2456 0.62748 0.40228 -1.0894 -1.4088 0.44643 0.48186 0.62107 0.86568 1.0156 -1.0589 1.4719 -0.79045 -0.30688 -2.1362 0.52999 -2.1972 -0.95756 -0.93543 0.35037 -0.30818 0.42947 -0.92861 1.7932 0.93846 -0.37812 -1.8177 -1.7978 -0.35761 0.15082 0.3667 -0.59049 -0.35523 0.39248 0.22082 -0.0042472 1.1468
-0.75765 1.317 1.5015 0.42114 -0.011737 -0.71482 -0.7655 0.073846 0.19889 0.44488 1.2774 0.78855 -1.1791 1.5991 -0.89497 -0.72012 -2.4754 0.38663 -2.1861 -0.97728 -1.0885 0.34686 0.12019 0.95915 -0.74278 2.1026 0.17461 0.50191 -1.6089 -0.64567 -1.0916 1.0245 1.1101 -0.53682 0.17778 0.96151 0.95835 0.69513 0.2056
0.2152 -0.25293 -0.7221 -0.9531 -0.42223 -0.9494 -1.3645 -0.10449 -0.10555 0.15683 0.11324 0.32779 -0.085049 1.4533 -0.5779 -1.8223 -2.3686 -0.12213 -1.8113 0.096063 -1.0181 0.62463 0.59079 1.9961 0.24888 1.9595 -0.97373 0.96761 -0.99611 0.5589 -1.2147 1.2313 1.1604 -0.4307 0.32464 0.71431 1.1433 1.204 -0.78142
0.49859 0.28132 -0.24894 -1.3833 0.048183 -1.8756 -1.4209 -0.7697 0.51358 0.17412 0.83959 0.30369 0.51368 1.1485 0.19073 -2.0295 -2.0472 -1.1492 -0.56098 0.63851 -1.3617 0.83299 0.90787 1.8574 0.7535 1.3868 -1.5322 1.4068 0.011935 1.4954 -0.60367 1.2315 0.99548 -0.23086 0.40784 0.19182 0.48041 0.91796 -1.5653
0.11889 0.06689 -0.091066 -1.4371 -0.34858 -2.0911 -0.30179 -0.22233 1.2106 1.3086 1.9125 0.66553 0.58319 -0.019831 0.38362 -1.5395 -1.3968 -0.92925 -0.73689 0.43831 -1.6999 0.73054 0.6833 2.2393 0.75174 0.85491 -1.4746 0.86775 0.843 1.85 0.24759 0.91745 0.48999 0.3337 0.28601 -0.29319 -0.77019 0.086308 -1.6542
-0.06603 0.63813 -1.0659 -1.2172 -0.58762 -1.8482 -0.58212 -0.79821 1.0313 1.49 2.4056 1.2738 0.33712 -0.36008 1.121 -0.85619 -0.38508 -0.3178 -0.44998 0.73858 -1.2329 1.0803 0.44174 1.8095 0.85942 0.059436 -0.7853 0.082125 1.0576 1.5314 1.3298 0.58262 0.18263 0.91212 0.14439 -0.86799 -2.0436 -0.74192 -1.0516
-0.40661 1.0358 -1.3258 -1.9248 -1.3596 -1.1289 -0.59577 -1.894 1.1587 1.3241 2.919 2.0217 0.16644 -0.3871 0.4966 -0.84327 -0.009033 -0.086757 -0.17545 0.96195 -0.39317 1.0485 0.24714 0.5641 0.37833 -0.11958 0.19977 -0.77853 0.97188 0.81853 1.6177 0.68174 0.41227 1.4372 -0.010353 -1.1933 -3.1517 -1.3111 -0.18773
-0.18723 1.0427 -0.91153 -1.5912 -0.88947 -2.1558 -0.67488 -2.4141 0.65011 0.58005 2.9896 0.77477 0.22962 -0.054739 0.27898 -0.40893 -0.10245 0.86269 0.22931 0.70216 -0.12229 0.94381 -0.57014 -1.2331 -0.54173 0.13005 0.58977 -1.5823 0.61084 0.31568 1.7872 0.54953 0.60968 1.781 -0.39794 -1.4843 -2.8433 -1.2593 0.60995
0.11842 0.96563 -1.5834 -1.3882 -0.044002 -2.0219 -0.27098 -1.1342 1.9834 0.76864 1.6619 1.2068 0.35295 0.16677 -0.57873 0.04458 -0.13474 1.4408 0.17813 1.2231 0.73014 0.76513 -1.1404 -2.319 -1.1734 0.50748 0.48083 -1.5083 0.46444 0.29418 1.5459 0.99708 0.76907 1.6235 -1.0042 -1.5714 -1.4261 -0.50836 0.77649
-0.24521 0.45717 -0.99416 -1.3331 -0.21087 -2.1714 0.53621 -0.49524 2.2247 1.3509 1.8485 0.83276 0.49589 0.38566 -1.1518 -0.17029 0.20991 2.1891 0.38294 1.7538 1.9061 0.42828 -1.7608 -2.2297 -0.88639 0.75594 0.23496 -1.3192 0.3296 0.69581 0.68229 1.4757 0.65479 1.1115 -1.9321 -1.1256 0.67638 -0.16126 0.51248
-0.0405 0.72372 -0.86876 -1.7532 0.56086 -1.0656 0.26323 -0.96545 2.0311 0.52875 0.44778 0.19236 0.64984 0.22447 -1.467 -0.10764 0.32967 2.0788 1.5867 1.8882 1.9656 -0.67634 -2.2234 -1.667 -0.46193 0.85354 0.15768 -0.69855 0.20469 0.9811 0.028643 1.6848 -0.18294 0.14638 -2.1994 -0.55978 1.867 0.015432 0.10888
0.059045 -0.010878 -1.2473 -1.6918 0.57411 -1.4821 0.91898 -0.50622 1.4602 -0.39089 0.18958 0.22518 0.82874 0.31736 -1.6201 0.26895 0.85612 1.7909 2.2509 1.6022 1.5676 -2.1375 -2.2264 -0.20669 -1.2125 0.8055 -0.011009 -0.27137 0.35666 1.0851 -0.68067 1.2108 -0.97192 -0.72182 -1.4575 0.28091 2.1346 0.044433 -0.20645
0.28029 -0.27914 -1.6762 -1.3738 1.5151 -1.0562 1.7195 0.86473 1.4678 -1.2954 1.1099 1.0272 1.0104 0.46645 -1.5859 0.19221 1.2272 1.69 2.3574 0.92216 1.199 -2.2782 -2.0035 0.33349 -0.97036 0.66221 0.015593 0.26207 0.29842 0.85313 -0.95615 0.33907 -1.5728 -1.0701 0.081542 0.92252 1.4174 0.095124 -0.42658
0.071426 -0.64446 -0.97535 -0.89775 1.6574 0.38267 1.6994 0.47216 -0.08434 -1.6996 0.86078 0.21106 1.1955 0.2346 -1.5753 0.33237 1.6265 1.1345 2.2325 0.34437 0.7826 -1.6422 -1.3294 0.95346 -0.53391 0.50844 -0.14383 0.6698 0.11632 0.12178 -1.2674 -0.36711 -1.7685 -1.1469 1.0903 1.112 -0.12512 0.38656 -0.53189
0.45863 -0.91811 -0.77998 -0.2491 1.708 1.1031 1.7158 0.96762 -0.52997 -0.83163 1.7244 -0.98081 1.1964 0.28239 -1.0252 0.40389 1.4078 0.65343 2.2156 -0.52978 0.12667 -0.77745 -0.88111 0.54412 -0.60112 0.29405 -0.076306 0.96244 0.0036714 -0.6612 -1.6479 -1.0097 -1.2451 -0.8019 1.3381 0.97119 -0.92028 0.52005 -0.55383
0.38147 -1.127 -0.75147 -0.35922 1.7923 0.81961 1.1736 0.45178 -0.073623 -1.1194 1.3878 -0.2403 1.1857 0.14657 -0.71233 0.36445 0.96199 -0.01441 1.6331 -1.0945 -0.28748 -0.76313 -0.62771 -0.51563 -0.61139 0.10699 0.1175 1.1322 -0.11076 -1.3208 -1.9624 -1.6468 -0.6387 -0.52423 0.89699 0.42003 -1.4771 0.50631 -0.57321
0.17383 -1.1898 -0.82385 -0.037899 1.7862 1.4718 0.78651 0.025388 0.46475 -1.6576 1.1937 0.14818 1.2542 0.36597 -0.30963 0.16601 0.39902 -0.75596 0.77775 -0.77557 0.060609 -0.10716 -0.46879 -0.67936 0.12241 -0.056017 0.18549 1.2225 0.17758 -1.2715 -1.7467 -2.0905 -0.13928 -0.37555 0.54108 0.10801 -0.96974 0.17357 -0.69051
0.61327 -1.1099 -1.0722 -0.18714 1.5606 1.4425 0.63169 0.30922 0.59122 -1.9984 0.95791 -0.19091 1.1944 0.38793 0.075984 0.2263 -0.17246 -1.7571 -0.10828 -0.78506 -0.28006 -0.23172 -0.72335 -1.2633 0.13075 -0.26759 0.067562 1.5217 0.82639 -0.63025 -0.98397 -1.8056 -0.38766 -0.91985 0.23954 0.26654 -0.21312 -0.55924 -0.98037
0.32243 -1.1743 -0.85833 -0.16656 1.5308 1.6255 0.5089 0.64327 -0.81979 -1.9893 0.28099 -0.25337 1.1858 0.47596 0.75016 0.78933 -0.24286 -1.6765 -0.79555 -0.97745 -0.6634 0.0045173 -0.62869 -0.92544 -0.61441 -0.66415 -0.68059 1.7155 1.6861 0.50539 0.15667 -1.0682 -1.0031 -1.6278 -0.38209 0.77707 0.41767 -0.91974 -1.2588
0.84274 -1.0406 -0.47634 -0.29848 0.45868 1.5108 1.1006 0.84252 -0.31308 -1.4977 0.7254 -0.056984 1.1051 0.19917 1.4584 1.5873 0.17607 -1.3586 -0.93435 -1.7637 -1.8443 -0.3626 -0.034444 -0.76707 -1.3578 -1.2149 -1.486 1.4962 1.9152 1.1986 1.0436 -0.76974 -0.74365 -1.115 -0.040101 1.2892 0.77979 -0.66759 -1.3193
0.90434 -0.83848 -0.49087 -0.59044 -0.56332 0.38238 0.25368 -0.127 -0.39036 -1.8212 0.15979 -0.71983 0.80398 -0.74305 2.044 2.6342 1.0856 -0.67069 -0.79697 -2.2385 -2.549 -0.80433 0.69428 -0.077324 -0.97256 -1.6699 -2.2039 0.72541 1.0574 1.242 1.2207 -0.37254 0.13253 0.15188 0.065743 1.2829 0.45987 0.17828 -0.99644
0.80104 -0.011758 0.42056 -0.42748 0.6295 -0.15371 -0.62177 -1.0793 0.81977 -2.3476 0.46293 -0.88431 0.34478 -1.6173 2.0845 2.8827 1.2253 -0.3512 -1.5423 -1.6085 -1.6621 0.080716 1.12 -0.13416 -1.0227 -1.9524 -2.1308 -0.25858 -0.21695 0.65661 1.4186 -0.027277 1.5879 2.0366 0.20742 1.2605 0.51068 1.1256 -0.39656
0.27088 0.63104 1.2549 0.56356 0.59638 0.97696 -1.8847 -2.7941 -0.53942 -1.5087 0.16256 -1.8361 -0.1977 -2.4885 1.724 2.1098 1.3697 0.05297 -1.1903 -0.82583 -0.44348 -0.10158 1.2867 -0.30981 -0.41472 -1.948 -1.1665 -1.2367 -1.733 -0.11184 0.97914 0.42234 2.4372 2.9371 0.18261 0.69238 0.19303 1.5767 0.26859
-0.85194 1.077 2.5204 1.3487 0.89011 0.74982 -1.7553 -2.2805 -1.561 -0.66235 0.98605 -0.72406 -0.58067 -2.6726 1.1582 1.4251 1.1569 0.87523 -0.79669 0.55502 1.3354 -0.32059 2.1183 0.37991 0.63405 -1.7341 0.085012 -1.6266 -2.5144 -0.74246 0.23945 0.56243 2.5391 2.6731 0.46649 0.20716 0.1008 1.5071 0.81665
-1.6406 0.73139 2.3619 0.58829 0.21094 -1.3373 -0.15085 0.0054301 0.23535 -0.45869 -0.1361 -1.3968 -0.80727 -2.2702 0.31032 0.092186 0.91119 0.50693 -0.39573 1.3364 2.0582 -0.25895 1.5378 0.079674 1.3764 -1.3348 1.1896 -1.4347 -2.3949 -1.1601 -0.4213 0.92132 1.8068 1.3422 1.112 0.025793 0.11144 0.33705 1.0505
-1.9978 0.69933 1.1685 0.82791 -0.042592 -0.16402 0.062037 0.17399 -0.12587 -0.45567 0.1842 -0.45464 -0.95525 -1.5883 -0.097685 -0.84627 0.15329 -0.14204 -0.90598 2.1628 2.6439 1.0608 1.3922 -0.093921 1.1193 -0.90631 1.6315 -0.66266 -1.3699 -0.94514 -0.94283 1.2637 -0.17646 -0.91551 0.8443 -0.2884 0.37581 -0.40445 1.0237
-2.0578 0.77117 1.5119 0.67565 1.6355 -0.51856 0.33971 0.96031 -0.64325 0.67834 1.1443 0.060703 -1.1906 -0.95699 -0.19647 -1.268 -0.1534 -0.21239 0.56288 1.8159 1.69 1.375 1.6943 0.18276 0.028947 -0.62157 1.4006 0.031753 0.088726 -0.54437 -0.80316 0.8899 -1.208 -2.2317 0.087697 -0.3535 0.69857 -0.75934 0.83637
-1.9056 0.59071 0.89137 1.3289 1.1889 0.32521 -0.0028953 0.014489 -0.091799 -0.87983 0.22497 0.39675 -1.2262 -0.48118 0.23404 -0.48385 0.036719 -0.49425 1.057 -0.049084 -0.39032 0.5047 1.4726 1.0973 0.504 -0.39483 0.93391 0.17959 1.0865 -0.13107 -0.92527 0.28369 -1.7237 -2.4235 -0.43754 -0.89736 0.27252 -0.41532 0.6784
-2.1321 0.76751 0.92965 0.80551 -0.33652 -0.92557 1.1705 1.0359 0.89782 0.97218 0.074454 -0.92624 -1.239 -0.38026 0.19977 0.06051 0.011423 -0.79029 0.26312 0.096394 -1.073 0.17771 0.80338 0.87959 0.16709 -0.20521 0.54021 0.0012894 1.2759 -0.29836 -0.54436 -0.98948 -1.2333 -1.3413 -0.29293 -1.2531 -0.06696 0.14911 0.62701
-2.5067 0.73443 1.0253 0.72839 0.45565 1.5373 1.0674 0.70649 0.73499 1.8207 1.1701 -1.2672 -1.298 -0.25091 0.021988 0.51234 -0.17107 -1.5501 -0.23896 -0.31415 -1.0219 0.7881 0.084387 0.12603 0.22459 0.0089972 0.84282 -0.36337 0.49271 -0.33646 0.43201 -0.67426 -0.32074 0.16543 0.20508 -1.514 -0.66669 0.17372 0.64063
-2.2538 1.14 1.6852 0.65393 -0.37404 -0.055216 -1.2058 -1.2407 0.16497 0.79531 1.5762 0.43826 -1.2569 -0.13629 -0.08922 0.6123 -0.58131 -0.68385 -0.63097 -0.44619 -0.78997 0.6455 -0.057615 0.57766 0.47727 0.21484 1.8431 -0.83958 -0.68051 -0.52158 0.51104 -0.11776 -0.39497 0.91591 0.081553 -1.3883 -1.0405 0.014615 1.0545
-2.4374 0.7738 1.1362 1.0384 0.083908 -0.29226 0.92346 -0.92774 -0.57375 0.14901 1.1955 0.16726 -1.2458 0.86293 -0.26769 0.14828 -0.26473 0.24133 0.24629 -0.4193 -0.19263 0.6596 -1.0511 -0.0068171 0.70698 0.45603 2.6179 -1.2046 -1.7113 -0.66897 0.73976 0.63698 0.07866 1.4325 -0.55633 -0.95074 -1.1286 -0.80524 1.5327
-2.1683 0.56883 2.1328 0.57869 -0.47793 -0.88487 -0.13216 0.11919 1.5035 0.25198 0.23084 0.18795 -1.1512 2.2817 -1.1471 -1.0522 -0.86031 -0.75245 -0.20619 -0.63514 0.41303 0.38853 -1.3383 -1.0347 -0.035763 1.3182 2.629 -1.1665 -1.9451 -0.73194 0.39727 0.97616 -0.15234 1.1575 -1.0953 -0.56843 -0.79205 -1.3399 1.708
-2.1754 0.55101 1.2892 0.27802 0.14627 -0.41732 -0.0011755 -0.55755 1.2381 0.085126 1.1736 0.088923 -0.91743 3.1167 -1.5889 -1.8855 -1.2055 -0.16334 0.72039 -0.093937 1.352 -0.18769 -1.1325 -1.2196 -1.1281 1.9969 1.4221 -0.6691 -1.6206 -0.57456 0.67448 0.74577 -0.074903 0.43994 -1.8948 0.0097298 0.4261 -1.3141 1.3226
-0.60583 0.59551 0.90881 0.61671 0.35446 1.2028 0.66495 0.98571 1.4417 0.328 0.51145 -0.39375 -0.71641 3.3329 -1.5008 -2.0397 -1.394 0.24366 0.93216 -0.92688 0.84094 -1.092 -1.1296 -0.31439 -1.2888 2.2745 -0.33237 0.14355 -0.36702 0.055773 1.3719 0.53982 0.17356 -0.22757 -1.8904 0.20875 1.3994 -0.63237 0.31333
0.98862 -0.91764 -0.61655 -0.60734 -1.4384 0.32246 -1.1701 -0.034495 0.065922 -0.38107 -0.0045057 -0.75604 0.56965 2.8186 -1.2799 -2.4177 -1.0083 0.97616 1.0504 -0.44269 0.50378 -2.3291 -1.1422 0.49954 -1.2983 2.1691 -1.9739 0.67969 0.68098 0.28028 1.1756 -0.52885 0.083835 -0.90842 -1.0771 0.1778 1.3255 0.16716 -0.71195
1.3326 -0.63668 -0.52169 -0.51307 0.065169 0.40058 -0.27463 0.7669 -0.60148 -1.0155 0.052303 -0.9143 0.92647 1.8376 -1.0478 -1.4922 -0.87713 1.1879 0.62051 -0.15272 0.3587 -2.261 -0.93269 0.86194 -1.2124 1.7505 -2.8808 1.178 1.3954 0.53615 0.9509 -0.85525 0.57354 -0.70438 0.36949 0.62883 0.28523 0.75815 -1.5712
1.008 -0.66763 -0.55225 -0.53818 0.70449 0.61804 -0.4834 0.25575 -0.93992 -0.98398 1.1347 -1.2861 0.90336 0.39459 -0.60967 -0.89777 -0.99313 1.5152 -0.11216 -0.34534 -0.30189 -1.7287 -0.89046 0.805 -0.82139 1.0779 -2.7196 1.1341 1.4131 0.38044 -0.27351 -1.0846 0.23661 -0.73333 1.5432 0.9676 -0.98815 0.95649 -1.7888
0.84398 -0.53962 -1.0158 -0.38784 1.0553 0.95877 -0.40505 0.71237 -0.9853 -0.74506 1.328 -1.2099 0.93075 -0.51387 0.25451 -0.19692 -0.4874 1.7133 -0.079701 0.10085 -0.22674 -0.68106 -0.036661 0.12592 0.005239 0.21484 -1.6739 0.84931 0.90412 0.33734 -1.0264 -1.0418 0.38386 -0.51675 1.8881 1.0578 -1.9728 0.95683 -1.4368
0.62324 -0.68372 -0.44201 -0.72042 1.1652 0.99495 0.16491 0.27747 -1.2951 -0.75331 1.8314 -1.5138 0.97568 -0.78208 0.081395 -0.42939 -0.55878 0.21014 -0.6175 -0.1403 -0.73424 -0.10633 0.28834 -1.0116 0.023917 -0.028957 -0.34718 0.37774 0.82137 0.34319 -1.432 -0.89631 0.64406 -0.07988 1.6719 1.0305 -2.0733 0.76594 -0.7997
0.61703 -0.70145 -0.84101 -1.209 1.0944 0.35142 -0.89137 0.12066 -0.95012 -1.1876 0.33995 -1.3645 0.92363 -0.51809 0.11352 -0.045947 -0.52464 -0.041836 -1.0656 0.45679 -0.50524 0.61685 0.53218 -2.0205 0.29666 -0.07857 0.42907 0.018764 0.58261 0.20746 -1.3125 -0.91766 0.41565 0.17419 1.0662 0.47788 -1.434 0.38763 -0.23121
0.5498 -0.40094 -0.82998 -1.008 0.89387 0.081974 -0.77816 -0.12407 -0.92564 -0.37539 -0.19455 -0.37106 0.93218 -0.22245 0.13043 0.55182 -0.39471 -0.23227 -1.2884 0.68858 -0.33381 0.88751 0.82625 -2.1077 0.58105 -0.10189 0.60493 0.14792 0.68705 0.33941 -0.38556 -0.44244 0.50665 0.55053 0.60995 0.072933 -0.073411 0.18118 -0.068063
0.12032 -0.60824 -1.2516 -0.98331 0.31831 -0.33604 -0.20913 -0.3904 -0.82143 -0.68106 -0.58158 -1.4281 0.8629 -0.052605 0.26224 0.38928 -0.22482 -0.47167 -1.453 0.45952 -0.069509 0.89945 0.61927 -2.0708 0.51461 -0.13289 0.4934 0.12874 0.3836 0.25399 0.010156 0.033913 0.15566 0.61139 0.32679 -0.45799 0.94708 -0.15946 -0.022847
0.46216 -0.50525 -0.35188 -1.0394 1.2127 -0.46813 0.62057 0.010929 0.068079 -0.091148 -0.61407 -0.95443 0.82856 0.034418 0.26859 0.62589 -0.13545 -0.28346 -1.2521 0.80626 0.18835 0.93508 0.38108 -1.0897 0.288 -0.11558 0.3197 0.14297 -0.09866 0.10401 0.24988 0.35827 -0.060412 0.47972 0.23709 -0.6917 1.3003 -0.16444 0.024634
0.66965 -0.44793 0.17623 -1.0045 0.85664 -0.56634 0.45499 0.31632 -0.15798 0.27149 -0.59149 -0.44975 0.87327 0.20729 0.27195 0.62019 -0.22903 -3.936e-05 -1.0295 0.6716 0.50077 1.2205 -0.14289 -0.65152 0.13172 -0.11056 -0.023521 0.065356 -0.56186 0.037042 0.15599 0.51596 -0.070954 0.096144 0.12725 -0.56037 1.3811 -0.071796 0.077026
0.51792 -0.33571 -0.49093 -1.2866 0.34903 -1.2911 -0.27314 -0.07201 -0.35167 -0.59187 -1.1972 -0.9446 0.81314 0.19703 0.37835 0.23408 -0.22722 -0.012843 -0.84488 0.44111 0.37419 1.1785 -0.14544 -0.25365 0.45102 -0.073184 -0.34009 0.052742 -1.0536 0.089047 0.04055 0.4856 -0.0017451 -0.34602 0.12177 -0.23559 1.241 0.16003 0.069883
0.53393 -0.30454 -0.27884 -1.2915 0.75782 -1.3084 0.18095 0.23249 0.31973 -0.58981 -0.98077 -0.75773 0.79951 -0.18591 0.32233 -0.48676 -0.12958 -0.32369 -0.70911 0.48041 0.032634 1.0139 -0.21449 0.23181 0.2978 -0.027374 -0.5083 -0.044056 -0.87654 0.15817 -0.082095 0.58172 0.21814 -0.51707 0.016602 0.41854 1.4631 0.51824 0.048979
0.68828 -0.15995 -0.17945 -1.1684 0.89251 -1.1719 0.61643 0.54426 0.89517 -0.50569 -0.924 -0.57006 0.78844 -0.37571 0.33598 -0.8159 -0.045718 -0.049767 -0.521 0.87313 -0.3025 1.2638 -0.047669 0.91718 0.53552 -0.0423 -0.4373 -0.14346 -0.39861 0.029901 -0.34469 0.66647 -0.26759 -0.40694 -0.22642 0.79028 1.181 0.56875 -0.049841
0.4266 -0.19211 -0.73819 -1.2466 0.5448 -1.4017 0.77335 0.064937 0.82602 -0.35887 -0.70644 -0.71887 0.78923 -0.40783 0.21385 -0.51759 -0.060557 -0.13433 -0.12204 0.84929 -0.24168 1.1971 0.61754 1.6429 1.1399 -0.045779 -0.1242 -0.18 0.044038 -0.058813 -0.53997 0.4072 -0.89358 -0.16552 -0.51052 0.99866 0.81172 0.7395 -0.20158
0.19493 -0.14247 -0.81818 -1.1821 0.64469 -1.4431 1.08 0.019357 1.027 -0.073646 -0.20061 -0.33054 0.84889 -0.46908 0.17681 -0.51595 -0.22477 -0.74121 0.08796 -0.28273 -0.34031 0.62959 0.97181 1.3729 1.1819 -0.14756 0.14753 -0.12414 0.41343 0.067315 -0.78763 0.08375 -1.5052 0.0066283 -0.91532 0.73641 0.25622 0.54365 -0.32552
0.15958 0.0025724 -1.0861 -1.1989 0.64232 -1.5242 1.1217 -0.3653 1.282 -0.20427 0.33584 0.15263 0.78252 -0.36764 0.081259 -0.5711 -0.1568 -0.96929 -0.26761 -0.6836 -0.29781 0.31657 1.2148 1.6191 1.4696 -0.30982 0.3303 0.13155 0.46924 0.33045 -0.82909 -0.38511 -1.5463 -0.16738 -0.98452 0.17646 -0.20526 0.17317 -0.49544
0.10499 -0.15231 -0.77391 -1.4809 0.26405 -1.2949 0.66298 -0.043905 1.3579 0.23267 0.69628 0.551 0.72782 -0.14806 0.18081 -0.029969 0.1042 -1.0772 -0.30153 -1.2773 -0.26562 -0.10416 1.082 1.4658 1.4721 -0.45079 0.47406 0.76095 0.88919 0.90924 -0.63701 -0.34341 -0.83798 -0.145 -1.0065 -0.27946 -0.19554 0.18836 -0.77889
0.059412 -0.048152 -0.79733 -1.5394 -0.22258 -0.97506 -0.54872 0.0099028 1.125 0.7731 0.10944 0.46721 0.58554 -0.00033233 0.44435 0.10337 0.33268 -1.4872 -0.64933 -1.6493 -0.63225 -0.37997 0.90033 1.2372 1.3517 -0.71632 0.17768 1.3541 1.3965 1.473 -0.37718 0.3365 -0.31588 -0.093571 -0.90632 -0.80623 -0.075581 -0.028635 -1.0653
0.2184 -0.10062 -1.2964 -1.1883 -0.25766 -2.0547 0.23971 -0.064402 1.2284 1.0115 1.2019 1.1594 0.42079 0.16717 1.3453 0.79923 1.0911 -1.6513 -0.36596 -1.435 -0.47975 -1.0092 0.57908 1.2235 1.6283 -1.2363 -0.31133 1.3372 1.4193 1.5852 -0.017058 1.0383 0.6483 0.18489 -0.51057 -1.2712 -0.0098627 -0.34808 -1.1279
0.14939 0.13056 -0.56966 -0.96169 -0.55349 -1.7985 -0.7132 -0.60131 0.54968 0.7105 1.122 1.0017 0.34701 -0.22471 1.9021 1.6192 1.8872 -1.3754 0.3796 -1.2369 -0.3904 -1.0215 -0.10951 1.6328 1.343 -1.6838 -0.83757 0.77523 1.4979 1.2848 0.75467 1.7423 1.0623 0.82699 -0.13463 -1.3275 -0.7534 -0.90005 -0.81756
0.17152 0.56952 -0.77433 -0.84855 -1.1305 -2.3715 -0.91518 -1.2042 0.81512 0.82616 1.3761 1.4888 -0.021638 -0.5922 1.8251 1.8599 2.0586 -1.1667 1.0993 -0.26347 -0.0068315 -0.79795 -0.89441 1.2881 0.78596 -1.8375 -1.2205 -0.35463 0.80354 0.41235 1.2689 1.4432 1.0207 1.2109 0.44957 -0.61534 -1.1981 -1.4943 -0.18544
0.43588 1.9202 0.45084 0.17671 -1.3675 -1.2912 -0.69546 -0.44686 -0.1598 0.57258 1.7893 2.4673 -0.82179 -1.0991 1.5798 2.3682 2.0601 -0.34974 1.8378 -0.2197 0.84695 -0.76295 -0.95384 -0.21847 -0.026795 -1.7718 -0.98861 -1.1937 -0.15487 -0.58448 1.6386 0.61969 0.55482 1.2065 0.61892 0.072252 -1.7642 -1.6982 0.54927
-0.58229 1.7866 1.4805 0.72181 -1.2213 -0.14508 -1.3757 -0.22559 0.33241 0.25592 2.5122 1.6792 -1.162 -1.5452 0.87574 1.9163 1.7042 0.15731 1.5704 -0.0082079 1.416 -0.27026 -0.20283 -0.13767 -0.68076 -1.5006 -0.56597 -1.7267 -1.1728 -1.3119 1.7897 -0.57517 0.16399 0.88994 0.83623 0.71076 -1.4877 -1.3878 1.1463
-0.70685 1.431 0.75552 0.58433 -1.4625 -0.046471 -0.021052 0.027024 0.38383 -0.35841 1.3761 1.1366 -1.217 -1.4913 0.2563 1.2832 1.0369 0.96122 1.2837 -0.3241 1.4034 -0.085008 -0.32035 -1.0401 -1.3273 -0.94279 0.21989 -1.5648 -1.9365 -1.2762 1.1985 -1.4457 0.48032 -0.084908 0.57982 0.91482 -0.59914 -0.29394 1.3034
-1.2022 1.513 1.8345 1.0369 -0.26433 -0.016311 -0.52265 0.99309 -0.0054765 0.11872 0.25701 0.95358 -1.2876 -1.3986 -0.57999 0.18351 0.28231 1.4531 0.30211 0.078388 1.5616 0.4895 0.16725 -1.15 -1.3436 -0.35285 0.94582 -0.89199 -1.6002 -0.59418 0.35255 -1.1018 0.30535 -1.0351 -0.055379 0.68673 -0.435 0.60268 1.0217
-1.7101 1.2663 1.4472 0.76755 -0.80457 -0.40626 -1.2244 0.8057 0.39063 1.1409 1.757 0.49692 -1.3285 -0.79785 -0.47163 -0.41822 0.545 1.195 -0.2151 0.63433 0.59251 -0.019207 0.63691 -0.8362 -0.27706 -0.18622 1.2758 -0.29385 -1.1614 -0.13283 -0.74732 -0.32584 0.81317 -1.4842 -0.67715 0.61695 0.082672 1.0836 0.45785
-1.2372 1.5681 1.0286 0.54217 -0.043484 -0.23945 -1.5135 0.55731 0.40453 -0.084492 0.24767 0.50058 -1.3059 -0.24535 -0.34508 -0.25451 0.9058 0.6837 0.26983 0.073797 -0.33716 -0.42511 0.65015 -1.0449 0.01419 -0.18647 1.3206 0.24579 -0.4124 0.021447 -1.2978 0.68963 0.68917 -1.4481 -1.1613 0.32584 -0.18874 0.70087 0.011389
-1.6492 1.0663 0.89659 0.73152 0.31886 -0.44034 -0.051212 2.1156 0.77683 0.65964 1.069 0.89134 -1.3086 0.15675 -0.38395 -0.69533 0.48014 -0.025156 0.68763 1.2149 -0.74019 -0.9689 0.63391 -0.89294 0.18024 -0.26804 0.76767 0.2434 0.092301 -0.38833 -1.5477 0.88039 0.30942 -0.64713 -0.70093 0.55084 -0.20429 -0.35851 -0.10595
-1.5681 1.1547 0.82078 1.7699 -0.26886 -0.24498 0.25566 -0.21888 -0.091585 0.90777 1.1918 1.4619 -1.4199 0.42735 -0.18851 -0.46927 0.33706 -0.31614 1.12 1.0866 -0.79 -1.3263 0.79755 -1.4488 -0.15491 -0.29403 0.49664 0.30158 0.13117 -0.66705 -1.3002 0.54967 -0.32636 -0.079272 -0.1632 0.67937 -0.0027776 -0.69556 -0.056368
-0.9774 1.1107 1.1096 1.7553 -0.56581 0.71636 -0.78902 -0.35295 -0.52054 0.56424 -0.92822 0.69232 -1.461 0.20022 -0.11882 -0.15459 0.14169 -1.1421 0.98253 0.69695 -0.53248 -0.95642 1.6302 -0.99158 -0.90396 -0.30901 0.19112 0.35698 0.39999 -0.41976 -0.37809 -0.0993 -1.4962 0.67881 0.95184 0.2146 0.42452 -0.34212 0.10781
-1.2511 1.0577 0.7376 0.83067 -0.39108 0.72864 1.0582 0.40367 -1.1478 1.4294 0.10032 0.84705 -1.6312 0.59241 0.056747 -0.29567 -0.095592 -1.1415 1.1323 -0.31952 -0.61093 -0.76472 1.4693 -0.96168 -0.83248 -0.26038 -0.11113 0.16491 0.043644 -0.1371 0.49174 -0.48612 -1.1836 0.9667 1.3933 -0.57226 1.2599 0.43543 0.20589
-1.0413 1.2515 0.63327 0.83121 -0.85875 0.97796 -0.49283 0.0029466 -0.76843 1.735 -0.12926 0.034442 -1.5768 0.39834 0.12618 -0.048205 -0.045676 -0.30733 0.48899 -0.98164 0.57763 0.60344 0.71021 -0.27303 -0.1595 -0.10713 -0.18048 -0.27932 -0.040456 -0.36447 1.5132 -0.70415 -0.5096 0.73742 1.584 -1.584 1.1449 0.91723 0.61302
-1.3298 1.2638 0.92737 1.0252 -1.3258 0.61196 -0.0784 0.58563 -0.10354 2.1971 -0.40244 -0.45591 -1.5991 0.12277 -0.019277 -0.45758 0.17835 0.16469 0.45759 -0.3732 0.6613 0.61255 0.13734 0.67729 0.35684 -0.054676 -0.039122 -1.1249 -0.09252 -1.2375 1.5077 -1.2001 0.48395 0.46044 1.217 -1.5554 0.82802 0.73876 1.3065
-0.56526 1.0539 0.39627 1.3342 -0.98597 1.3426 -0.58452 0.11881 -0.64141 2.2729 0.10748 0.79337 -1.6068 0.10801 -0.57779 -0.16664 -0.64162 0.97377 0.0067244 -0.28054 0.36073 1.4477 -0.79424 0.45105 0.35356 0.60326 0.62499 -1.6351 -0.082098 -2.2532 0.84244 -1.2256 0.64863 -0.039279 0.20252 -0.83786 -0.039957 0.20725 1.9058
-0.99256 1.3579 1.1424 1.8761 -0.2417 0.44359 -1.5046 0.62768 0.85461 0.91651 0.17218 1.5222 -1.5184 0.65823 -1.5897 -0.4272 -1.9567 0.97677 -0.85866 0.23424 0.45053 1.1863 -0.81317 0.32312 0.40452 1.549 0.97761 -1.5062 0.23917 -2.6789 0.050553 -1.34 0.29041 0.11037 -0.29432 0.0022521 -0.76773 -0.4482 2.0005
-1.0487 0.94511 0.0052836 1.1948 -0.31464 1.7849 0.1837 0.86127 -0.666 1.0293 0.18874 0.67168 -1.6184 1.215 -1.9928 -0.23458 -2.897 0.82712 -1.1321 -0.064709 0.59631 0.70035 -0.45194 -0.13424 0.24212 2.2489 0.97216 -0.78653 0.12632 -1.7954 -0.61014 -0.78033 0.22418 0.22437 -1.0302 0.90976 -0.69387 -0.56854 1.2837
-1.129 0.18013 0.75587 -0.90549 0.68937 0.28376 0.50452 0.57134 1.3583 0.83818 0.52619 0.439 -0.55817 1.2716 -1.987 0.0083772 -3.3503 0.3282 -1.4644 0.051401 0.76817 0.39573 -0.035173 -0.48129 -0.47913 2.4374 0.46022 0.37366 0.37329 0.10398 -0.52137 -0.041795 -0.20959 0.10329 -0.91249 0.73207 -0.40334 -0.3202 0.18012
0.34236 -0.88658 0.025541 -1.4739 -0.61587 -0.7623 -0.66953 0.71258 0.63872 1.5305 -0.18032 0.25217 0.47902 1.4941 -1.7766 -0.16432 -3.0704 0.17822 -1.1448 0.21616 0.66376 -0.1905 0.58269 -0.45456 -0.33813 2.2858 -0.1207 1.221 0.1899 2.0883 -0.37994 1.0051 -0.080989 0.011579 -1.0568 0.036776 0.20702 -0.029012 -1.007
0.60725 -0.6823 0.83811 -1.5509 -0.34952 -0.32729 -0.83092 1.4706 0.28171 1.8876 -0.57112 0.72863 0.67482 1.3144 -1.0354 0.22148 -1.7047 0.34396 -0.93829 -0.3342 0.62675 -0.171 0.089403 -0.26049 0.06017 1.8281 -0.71376 1.5843 0.18297 2.996 0.22144 1.8353 0.24281 -0.12752 -0.82932 -0.8817 0.8919 0.18693 -1.6792
0.51696 -0.59738 0.61543 -1.7041 -0.20293 -0.39985 -0.65276 1.2391 0.10599 1.4292 -0.15213 0.54332 0.54999 0.97131 -0.30175 -0.0016333 -0.11645 0.121 0.45869 -0.052857 0.68614 -1.102 -0.44836 0.19656 -0.076858 0.88349 -0.99584 1.1862 0.11226 2.6069 0.29313 1.7842 0.44877 -0.20923 -0.58484 -1.5265 1.1735 -0.17461 -1.6373
0.45304 -0.56432 0.38417 -1.6717 0.36352 -0.31898 -0.070523 1.4835 0.33262 1.4587 -0.064011 0.86237 0.67487 0.27144 0.087406 0.25352 0.34887 0.75997 1.1259 0.62699 0.48669 -0.7881 -1.2424 0.96401 -0.22516 0.35428 -0.732 0.40396 -0.055099 1.3827 0.14322 1.2796 0.53059 -0.21766 -0.56104 -1.2389 0.90887 -0.41583 -1.0786
0.53844 -0.54041 0.50781 -1.3911 0.40484 0.084242 -0.12565 1.4053 -0.13205 0.85961 0.099042 0.40653 0.77584 0.25973 -0.23307 0.013381 0.40493 0.50467 1.1205 0.5723 0.29349 -1.0421 -1.7298 1.2508 -0.53738 0.30787 -0.34646 -0.20126 -0.018516 0.17885 -0.1848 0.23686 -0.0037408 -0.23885 -0.25792 -0.75488 0.25693 -0.22701 -0.42097
0.78916 -0.6368 0.58861 -1.1607 -0.0012131 0.71908 -0.22694 1.561 -0.32494 0.60478 0.53424 0.14317 0.81203 0.37668 -0.35355 0.093474 0.4155 0.41202 1.0932 0.34714 0.36525 -1.3145 -1.6882 1.0162 -0.53622 0.32718 -0.086579 -0.27919 -0.32001 -0.24068 -0.70016 -0.43599 -0.46442 -0.12201 -0.10747 -0.18745 -0.43125 0.15239 -0.16492
0.77811 -0.77266 0.74349 -1.2193 0.35852 0.80642 0.018194 1.6225 -0.43288 0.2253 0.76798 0.25565 0.94378 0.30079 -0.43967 0.026574 0.14528 -0.045872 0.90538 0.054516 0.24493 -1.358 -1.7013 0.70857 -0.36854 0.1983 -0.26539 0.069858 -0.30328 -0.38309 -0.5525 -0.75001 -0.42176 -0.071828 0.48341 0.26675 -0.91681 0.55049 -0.18181
0.8613 -0.9628 0.7177 -1.3218 0.33482 0.93878 -0.071141 1.7981 -1.2007 -0.31246 0.9102 0.12965 0.91596 0.08841 -0.30606 -0.37095 0.046829 -0.24946 0.41713 -0.031649 0.25214 -0.85428 -1.6275 0.43716 0.0056332 0.13474 -0.38591 0.28222 -0.27794 -0.42255 -0.53426 -0.93711 -0.36588 -0.26448 0.98944 0.54758 -1.1412 0.45046 -0.20881
0.94462 -0.89566 0.5086 -1.2525 0.59738 0.87882 -0.002898 1.7207 -1.3743 -0.38587 0.83993 0.053832 0.91685 -0.071961 -0.13385 -0.34086 -0.089339 -0.17885 0.060421 -0.073899 0.19562 -0.33765 -1.2465 -0.20034 0.30689 0.10177 -0.25412 0.41158 0.081651 -0.23212 -0.23194 -0.84617 -0.19025 -0.35579 1.4252 1.0102 -1.0517 0.13882 -0.13489
0.78251 -1.0173 0.40024 -1.4673 0.042128 1.0347 -0.10151 1.6984 -1.2367 -0.6377 0.61782 0.39494 0.9017 -0.12395 -0.0064528 -0.26168 -0.21417 -0.50236 -0.22912 -0.3169 -0.16535 0.10225 -0.85499 -0.70555 0.040253 0.028375 -0.080231 0.3051 0.50879 -0.059588 -0.072549 -0.51842 0.013961 -0.39743 1.4582 1.2485 -0.62564 -0.26101 -0.099813
0.67671 -0.80044 -0.027648 -1.1144 -0.16118 0.76336 -0.27455 1.8007 -0.89751 -1.1989 0.82332 0.31563 0.96801 -0.049113 0.14021 0.10819 -0.14123 -0.34661 -0.34781 -0.19371 -0.29156 0.94511 -0.12606 -0.7227 -0.097913 0.026943 0.072689 0.11529 0.3895 0.20609 -0.070311 -0.2057 0.028917 -0.33595 0.98228 1.107 -0.09143 -0.60489 -0.10223
0.74392 -0.84057 0.52966 -1.3724 0.11589 0.8675 -0.17982 1.8732 -0.66223 -0.69536 0.23119 0.6015 0.98526 -0.074387 0.097538 0.34274 -0.045308 -0.30085 -0.34781 0.029709 -0.33613 1.3504 0.23802 -0.47703 -0.30749 0.0057465 0.17625 -0.12082 0.14876 0.33021 0.10735 -0.023525 0.11475 -0.17649 0.24976 0.71449 0.14116 -0.58774 -0.11686
0.70009 -0.89389 0.52787 -1.6524 -0.16784 0.42561 -0.47075 1.165 -0.73446 -0.85383 -0.062717 -0.070186 0.93526 0.019845 0.017793 0.071171 0.16847 -0.41078 -0.26986 -0.21702 -0.42294 0.95107 0.35706 -0.45283 -0.7258 -0.05733 0.20198 -0.28525 -0.36964 0.54083 0.068709 0.080337 0.22661 -0.087609 -0.34265 -0.059138 0.026711 -0.30812 -0.11469
0.94488 -0.76328 0.88537 -1.3729 0.18322 0.57631 -0.13477 1.4573 0.074829 -0.18528 0.32052 -0.045194 0.92803 0.13963 -0.16082 0.019067 0.18829 -0.27608 -0.32018 -0.11016 -0.47184 0.57568 0.28912 -0.52714 -0.81791 -0.12415 0.17076 -0.23691 -0.66535 0.82418 0.25077 0.2222 0.64255 -0.12677 -0.3439 -0.5834 -0.42117 0.40658 0.00023718
0.68452 -0.85212 0.69507 -1.245 -0.046989 0.57667 0.13704 1.3442 0.39724 -0.30657 0.46312 -0.11426 0.9249 0.18703 -0.23812 -0.44103 0.66422 -0.23556 -0.22127 0.28617 -0.41096 0.64722 -0.27252 -0.6065 -0.45291 -0.099177 0.057834 -0.13932 -0.6641 0.86695 0.23158 0.28006 1.2172 -0.47273 -0.024747 -0.82316 -0.7024 0.8986 0.10466
0.75924 -0.97238 -0.050885 -1.0942 -0.81225 0.70241 -0.83993 1.205 -0.44004 -0.6778 0.0021407 -0.49432 0.85258 0.13046 -0.1962 -0.66742 1.12 0.068415 0.03111 0.9871 -0.61084 0.81466 -0.58907 -1.1786 0.38207 0.0261 0.093618 0.024954 -0.56179 0.81918 -0.21917 0.12611 1.1275 -0.8873 -0.12729 -0.38529 -0.71606 0.63225 0.054104
0.96593 -1.0162 0.34819 -1.1132 -0.089425 0.16173 -0.26895 1.1446 -0.2644 -0.79883 -0.1614 -0.50699 0.84472 0.11499 -0.21295 -0.84949 1.1899 -0.16129 0.064905 1.5472 -1.342 0.7697 -0.81263 -1.4515 0.48894 0.040055 0.28024 0.093963 -0.15841 0.49049 -0.62471 -0.098761 0.59458 -0.81935 -0.50441 0.55008 -0.29002 -0.042585 -0.15072
1.0199 -1.1201 0.081356 -0.62335 -0.036352 0.55134 0.49421 1.0604 0.49684 -1.0534 -0.70439 0.17372 0.89977 0.32891 -0.13017 -0.84852 1.33 -0.71702 -0.23811 1.4 -1.8574 0.25148 -0.19691 -1.4555 -0.0093436 -0.10505 0.5188 0.052927 0.090513 0.19764 -1.0428 -0.12569 -0.4014 0.021772 -0.88909 1.2299 0.62358 -0.63823 -0.36327
0.83174 -0.95558 -0.15568 -0.15289 0.12302 0.66964 1.2431 0.15451 0.83876 -1.2051 -1.3265 0.64554 1.0315 0.56809 -0.10537 -0.66494 1.3943 -0.98937 -0.27814 1.1966 -1.4974 -0.073645 0.59689 -0.99178 -0.3338 -0.28438 0.58136 0.05435 0.40198 -0.14671 -0.73877 -0.14605 -1.1998 1.2053 -1.0153 1.4104 1.3669 -0.62786 -0.40164
1.0036 -1.0299 -0.29267 -0.085691 -0.4832 0.72595 1.8192 -0.61991 1.0127 -0.98497 -0.90596 0.16107 0.91662 0.80224 -0.15708 -0.60681 1.3454 -1.4298 -0.038742 0.36595 -0.49281 -0.52046 1.0955 -0.15851 -0.48011 -0.41478 0.37495 -0.019572 0.46255 -0.57969 -0.29011 -0.14519 -1.5794 1.833 -0.73897 0.77532 1.4934 -0.27343 -0.34668
1.2482 -1.0677 -0.67496 0.19349 -1.6593 -0.094341 0.69715 -1.1394 -0.42568 -0.30657 -1.2056 -0.95438 0.63853 0.88627 -0.10406 -0.23269 0.91314 -1.1603 -0.31389 -0.26592 0.47847 -0.84852 1.2821 0.59295 -0.52839 -0.47177 -0.12453 0.18208 0.5258 -0.75798 0.26668 -0.18549 -1.4826 1.4984 -0.15579 0.059486 1.1858 0.18877 -0.2068
1.7482 -1.1566 -0.57432 0.40514 -1.4425 0.24339 0.49785 0.034018 -0.63813 0.15709 -1.0477 -0.83237 0.48565 0.81607 -0.16663 -0.21325 0.55127 -1.1653 -0.49774 -0.92829 0.96346 -0.8235 0.96462 0.69078 -0.45254 -0.58695 -0.75195 0.20953 0.31076 -1.0073 0.7874 0.04651 -0.47822 0.31115 1.0237 -0.62654 0.45736 0.87378 0.1519
1.9928 -1.2373 -0.25498 0.54517 -1.1982 0.56156 0.64625 1.1731 -0.10905 0.23906 -0.25985 -0.22374 0.52226 0.33217 0.22162 0.10842 0.46317 -0.63564 -0.40082 -1.0298 0.88699 -0.24098 0.77241 0.92498 0.040739 -0.54203 -1.1988 0.25762 0.08143 -1.0574 0.763 0.51856 0.22502 -0.7492 1.6162 -1.3007 -0.25554 1.1097 0.52312
1.821 -1.0761 -0.22001 0.40881 -0.97766 0.13637 0.7842 1.1712 0.0033977 0.10622 -0.27897 0.071127 0.55253 -0.24915 0.051024 -0.21095 -0.18977 -0.25248 0.082404 -0.19615 -0.054661 1.1698 0.12441 0.60269 1.0002 -0.12883 -1.3933 0.40712 -0.075583 -1.1857 0.87173 0.57632 0.36699 -1.1272 1.2827 -1.5456 -0.58155 0.27696 0.73729
1.7182 -1.1685 -0.7665 0.39306 -1.8521 -0.19657 0.055711 0.24352 -0.21971 -0.22162 -0.79131 -0.40603 0.27876 -0.69254 0.24344 -0.098 -0.56336 -0.2217 0.34836 -0.22508 -0.57624 1.3108 -0.83661 0.18016 0.98422 0.16529 -1.0825 0.44423 -0.11699 -1.2655 0.92148 0.18533 -0.054315 -0.7115 0.32301 -1.2206 -0.45377 -1.0308 0.61871
1.3546 -0.58137 -0.12562 0.61018 -1.6813 -0.003816 0.050776 -0.03195 0.19494 0.49867 0.25902 -0.42874 0.17942 -1.1238 0.54423 -0.269 -1.0047 0.22189 0.187 -0.65101 -0.65517 0.90248 -1.2465 -0.026571 -0.35876 0.2805 -0.52345 0.7691 0.18534 -0.89864 1.3352 -0.47341 -0.39562 0.26633 -0.48882 -0.23709 0.11872 -1.8271 0.25609
1.1002 -1.3773 -1.2213 -0.26819 -1.7452 0.52182 0.78545 -0.92755 1.3966 -0.1032 -0.79245 0.75207 0.70037 -1.1382 0.76269 -0.099249 -1.3369 0.81241 -0.11822 -0.93207 -0.29808 0.51273 -0.92497 0.39792 -1.3422 0.27787 0.066493 0.77243 0.064319 -0.4688 1.4309 -1.1057 -0.078777 0.67879 -0.59013 0.77809 0.38369 -1.6089 -0.16363
1.0887 -0.78024 -0.15229 -0.18537 -1.2494 1.0834 0.18414 0.56854 0.91547 -1.3156 -0.53863 0.56792 0.78832 -0.95431 1.1559 0.1206 -1.3749 1.6735 -0.56996 -0.62803 0.35541 0.59695 -0.29886 0.76358 -1.4993 0.23839 0.38685 0.76503 0.027781 0.15027 1.0958 -1.2748 0.69625 0.62941 -0.40042 1.3501 0.28655 -0.79347 -0.58218
0.39382 -0.3682 -0.68294 -0.71888 -0.63847 0.11284 -0.52785 0.52804 0.55291 -1.2106 -0.13171 -1.6293 0.72547 -0.67154 1.308 -0.18909 -1.2054 1.6707 -1.3303 -0.41327 0.3258 0.29298 0.19909 0.56928 -1.6697 -0.085836 0.34463 0.41518 -0.47741 0.4682 0.64377 -0.83204 1.3987 -0.050816 0.018861 1.2893 -0.35836 0.4222 -0.80066
0.46971 -0.14799 -0.46009 -1.079 -0.42453 -0.66223 -0.77324 0.1143 0.28134 -0.36961 0.27931 -2.0178 0.54805 -0.69003 1.6288 -0.18897 -0.82491 1.7971 -1.5775 0.40174 0.33748 0.2138 0.81485 0.48336 -1.7805 -0.50358 0.26846 -0.22819 -0.75656 0.67374 0.16301 0.043063 1.4049 -0.52118 0.12459 0.40365 -0.78885 1.6701 -0.67169
0.59742 0.31901 -0.47438 -0.89489 0.03966 -0.8162 -0.24138 0.40326 1.2047 0.19015 0.37675 -1.4259 0.45106 -0.67728 1.2623 -0.85785 -0.81552 1.9272 -1.1646 1.2147 -0.39982 0.72793 1.0232 -0.11841 -0.34419 -0.67922 0.20018 -0.73992 -0.69448 0.89323 0.038724 0.928 1.0037 -0.39355 0.061964 -0.77603 -0.53779 2.247 -0.18095
0.52905 0.46741 -0.89482 -0.92541 -0.052717 -1.3491 0.20666 -0.089181 1.1301 0.40886 0.25287 -1.3143 0.27832 -0.4918 0.7725 -0.98252 -0.41724 1.8414 -0.58154 1.2315 -0.37113 0.61042 0.069394 -0.38481 1.2029 -0.57922 0.29044 -1.3045 -0.38554 1.0012 -0.43812 1.2132 0.13274 -0.17038 -0.54317 -1.4801 -0.20816 1.757 0.33888
0.00053026 0.53766 -1.1694 -1.2648 0.55809 -0.89396 1.4833 0.25627 1.4746 -0.11487 -0.601 -1.4727 0.24514 -0.43066 0.42137 -1.1133 0.12365 1.7171 -0.11736 1.0746 -0.14369 0.20282 -0.9452 -0.0014523 1.3629 -0.3489 0.40247 -1.4226 0.43548 1.1648 -0.89578 0.99444 -0.55785 0.23814 -1.2087 -1.1845 0.19759 0.32176 0.65897
-0.047677 0.71772 -1.401 -1.4039 1.3966 -0.48159 0.97699 -0.068922 1.4795 -0.3001 -0.4305 -0.4314 0.00090465 -0.31517 -0.26793 -0.80217 0.42534 1.0974 0.13836 0.70141 -0.15006 -0.60212 -1.0891 0.060033 0.90559 -0.108 0.5358 -1.3448 1.0554 0.98967 -1.3286 0.59136 -0.91299 0.23364 -1.41 -0.032503 0.26335 -0.86734 0.7466
-0.061228 0.39507 -1.7925 -1.1747 1.3836 -1.2013 0.22483 -0.1254 0.89175 -0.98355 -0.034046 -0.36812 0.13831 -0.071117 -0.7444 -0.14747 0.76655 0.65624 0.3095 0.38266 -0.019851 -1.0492 -0.71007 0.082063 0.46005 0.17646 0.57513 -1.1362 1.4844 0.46156 -1.6226 0.35844 -0.93055 0.1956 -1.229 0.87176 -0.21068 -1.4496 0.68528
0.22734 0.49048 -1.6439 -0.52979 1.3756 -0.92274 0.83478 0.12595 0.79 -1.1296 0.78162 -0.40769 0.23606 0.25654 -1.0333 0.49901 0.96124 -0.063756 0.29225 -0.20184 0.048102 -1.5419 -0.11721 0.12399 -0.079582 0.39464 0.4893 -0.48262 1.421 -0.1628 -1.3107 0.33599 -0.79161 0.1736 -0.69119 1.0964 -0.6352 -1.3927 0.38781
0.18195 -0.13396 -1.3733 -0.42839 0.84539 -0.67982 1.1767 0.039294 0.44045 -0.55014 -0.05147 -0.66498 0.32823 0.28051 -1.2142 1.006 0.6406 -0.67634 0.46134 -0.28678 0.15921 -1.7505 0.26079 -0.40317 -1.0484 0.53468 0.29149 0.405 0.80974 -0.59129 -0.90575 0.1988 -0.97543 -0.024701 -0.046965 0.61185 -1.0214 -0.59289 -0.21268
0.17906 -0.36361 -0.96809 -0.384 0.98012 -0.66105 1.2281 -0.076421 -0.02564 -0.35123 -0.36391 -0.98057 0.46136 0.35563 -0.89098 1.272 0.1914 -0.63913 0.67648 -0.50994 0.11664 -1.6202 0.55488 -0.89127 -1.1298 0.35474 0.038301 1.4786 -0.11335 -0.56604 -0.19713 -0.11897 -0.91442 -0.035888 0.86104 -0.059322 -0.73428 0.60539 -0.90895
0.30197 -0.44684 -0.58859 -0.44359 0.90108 -0.30123 0.5805 0.286 -0.42687 -0.41226 -0.40917 -1.1612 0.57781 0.37933 -0.097575 0.96927 0.11212 -0.7173 0.47724 -1.3625 -0.11049 -1.1155 0.13966 -1.354 -0.19728 -0.15708 -0.20061 2.1177 -0.73556 -0.23295 0.053596 -0.46372 -0.67679 0.16371 1.5834 -0.39354 -0.19726 1.7705 -1.4261
0.30904 -0.64807 -0.40065 -0.78213 0.60325 -0.16074 0.018024 0.043539 -0.8401 -0.40072 -0.53366 -1.7212 0.58359 0.26346 1.0326 0.28753 0.22988 -0.40671 0.055367 -1.446 0.10331 -0.18429 -0.17793 -0.78689 0.72036 -0.76704 -0.43397 2.1084 -0.73703 0.2649 -0.41225 -0.71659 0.27838 0.43919 1.8438 -0.37138 0.18799 2.1512 -1.5421
0.58091 -0.36357 -0.32007 -0.67319 0.70185 -0.36779 -0.076165 0.074747 -0.94363 -0.41034 -0.66702 -1.4924 0.45576 -0.03572 1.5828 0.10022 0.20291 -0.69679 -0.095806 -1.1442 0.50153 0.62313 -0.14494 -0.79904 1.5932 -1.2692 -0.68338 1.4672 -0.0038241 0.77133 -0.78943 -0.19493 1.0804 0.40512 1.3309 0.49472 0.49364 1.4757 -1.2084
0.70318 0.56409 -0.58093 -0.052056 0.2743 -0.25545 -0.70326 -0.2001 -0.22273 -0.8995 -1.2279 0.011795 -0.16317 -0.20808 2.0113 0.30573 0.59015 -1.4068 -0.37323 -0.10964 0.71944 1.1127 -0.031803 -0.76449 2.3068 -1.6463 -0.81654 0.32125 0.59939 1.0181 -0.61392 0.44581 1.2677 -0.033627 -0.079208 0.81767 0.56314 0.3479 -0.60233
0.2874 1.1076 -1.1368 -0.17385 0.63406 -0.78714 -0.2632 0.39086 0.39027 -0.48899 -0.82737 0.16261 -0.5677 -0.59318 2.017 0.93594 1.2536 -1.6654 0.32186 0.019535 0.41936 0.83243 1.0243 -0.36753 1.9839 -1.7213 -0.88109 -0.68944 0.95805 1.1701 0.10394 1.0641 1.019 -0.44749 -1.0109 1.0654 0.98222 -0.6994 0.068325
-0.0074825 1.0879 -0.33486 -0.45769 -0.016928 -0.48758 -0.30222 0.99247 0.47669 -0.37413 -1.3138 0.61004 -0.76765 -0.89942 1.3848 0.97798 1.4537 -1.0491 0.66405 0.38206 0.069456 -0.45762 0.82406 0.12993 1.2331 -1.5403 -0.69536 -1.4672 0.89104 0.94909 0.79721 1.3077 0.2832 -0.61149 -1.2156 0.8025 1.1596 -1.184 0.61309
0.19295 1.5791 0.26047 0.23831 -1.2606 -0.71821 0.62555 1.0756 0.47769 -0.42657 -1.2325 1.1507 -1.0893 -1.2448 0.67091 1.5458 1.7837 -0.68767 1.3487 0.54204 -0.10951 -0.58736 1.4961 0.69996 0.73361 -1.2099 -0.43367 -2.2054 0.30928 -0.18646 1.5307 -0.12181 -0.23676 -0.32021 -0.53663 -0.10773 1.1319 -1.4896 1.3879
-0.40199 1.5663 1.0176 1.0353 -1.0674 0.86042 -0.55177 -0.14086 -0.3514 1.4425 -0.79788 0.11647 -1.2267 -1.1116 0.078239 1.6567 1.9547 -0.43804 1.5278 0.14777 -0.29336 -0.57446 1.2893 0.99225 0.56168 -0.88679 -0.03636 -2.3622 -0.38829 -1.5403 2.1776 -1.4003 -0.68661 0.11862 0.57935 -0.97415 0.90985 -1.7567 2.0762
-0.48456 1.3417 0.12028 1.1239 0.29156 0.30646 0.29497 -0.067311 -1.7847 -0.36988 -0.5774 0.4694 -1.3828 -1.2578 -1.2464 1.1602 0.66519 0.82994 -0.34421 -0.34351 -0.070431 -0.17479 0.57611 1.4382 -0.66474 0.25146 0.2811 -1.8014 -1.0984 -2.4947 2.635 -2.2009 -0.27955 0.40199 1.5832 -1.7479 0.60104 -1.6259 2.2149
-1.1917 1.4765 1.2432 1.854 -0.41507 1.4699 0.10127 0.22281 0.34737 1.3302 -0.28127 1.376 -1.6035 -0.9674 -1.8517 0.42469 -0.67064 2.1778 -1.0924 -0.51952 0.29174 0.4588 -0.61876 1.5665 -1.5889 1.1694 0.37612 -0.85196 -1.4008 -2.9472 1.9665 -1.8114 0.13896 0.19673 1.8837 -1.3659 0.11396 -1.2128 1.8367
-0.96548 1.0742 1.1937 1.5745 -0.42411 0.85262 -0.12972 0.62809 0.10037 0.87298 0.086555 0.95392 -1.4776 -0.83506 -1.5636 0.082427 -1.2409 2.8279 -1.4275 0.3133 0.42935 1.9871 -0.95955 1.619 -1.4494 1.4323 0.57219 0.31542 -1.16 -2.4183 0.6623 -0.55749 0.33916 -0.3742 0.55068 -0.89173 -0.57424 -0.13912 0.85115
-1.5397 -0.81603 1.3058 -0.41815 0.74657 -2.4506 -0.72243 0.99356 0.16039 -0.057133 0.27202 -0.95304 0.066336 -0.67464 -1.2769 -0.45151 -2.2136 2.1622 -1.2953 0.060941 -0.13891 2.025 -0.60859 1.1624 -1.4742 1.5662 0.36533 0.89294 -0.33773 -1.1059 -0.60875 0.78113 0.088946 -0.83483 -0.91272 -0.23738 -1.1365 0.89491 -0.16079
-0.86122 -0.11858 0.57027 -0.20664 1.7998 -1.0039 -0.18281 0.69262 0.43402 -0.99232 0.70538 -1.3424 0.15435 -0.41234 -0.97484 -0.59655 -2.7683 2.0483 -1.2842 -0.0075859 -0.63865 0.10859 -1.1713 0.56469 -0.99268 1.4629 0.41968 1.0731 0.46583 0.59436 -1.5567 1.8896 -0.64194 -1.0492 -1.7675 0.02656 -1.3727 1.6885 -1.0185
-1.7368 0.45478 0.8686 0.36278 2.7731 0.01409 0.66996 -0.0024797 2.1989 0.51353 1.131 -0.67675 -0.26865 -0.54938 -0.56179 0.11305 -1.8379 1.4503 0.27475 -0.21358 -0.91619 -0.40506 -0.98092 -0.073476 -0.0098966 0.88663 0.73976 0.28392 0.66535 2.0085 -2.2711 2.0074 -0.52229 -0.52561 -1.1111 0.54424 -1.0829 2.0638 -1.1348
-1.5293 0.094366 -0.32342 -1.4014 1.427 -0.84857 0.04937 -0.26236 0.91226 -0.33534 0.40704 -0.22162 -0.040341 -0.17306 -0.017001 0.6577 -0.41379 0.33034 1.2801 -0.808 -1.3699 -0.27712 -0.72742 -0.38887 1.2206 0.082968 1.5031 -0.6787 0.23147 2.555 -2.8124 1.8102 -0.40013 -0.052873 0.078322 0.9974 -0.75949 1.3867 -0.51762
-1.5863 -0.068836 1.2076 -1.56 1.467 -0.93819 -0.50567 -0.25313 -0.64443 -0.26795 0.2563 0.16492 0.14361 0.49124 -1.2528 0.15352 0.07434 -1.1405 1.1334 -0.56755 -0.87185 0.025702 0.22359 -0.42392 1.5755 0.37428 2.1435 -1.0884 -0.41293 2.4133 -2.1847 1.1382 0.047294 0.13855 0.69092 1.2092 -0.41439 0.21849 0.25382
-1.8286 -0.51622 1.7905 -0.6854 1.9056 0.40209 -0.79363 -0.22264 -0.31564 -1.053 0.065232 -0.18506 0.10947 1.6904 -1.8354 -0.19924 0.68774 -1.8093 1.6321 -0.62462 -0.77581 0.033436 0.16306 -0.69532 1.0102 0.86015 1.8678 -0.83541 -1.1885 1.6901 -1.1082 0.52062 0.81373 0.1733 0.71197 1.2056 -0.1981 -0.80348 0.70152
-1.2911 -0.40366 1.7074 -0.24746 1.7261 -0.31345 -1.5732 -1.2914 1.0694 -1.1163 0.28147 0.33189 0.11019 2.2641 -1.586 -0.25082 1.7779 -1.4835 2.1992 -0.23978 -0.92993 0.78115 0.923 -0.68547 0.54338 0.91778 1.0399 0.35478 -1.1883 0.86996 0.069031 -0.31739 1.334 0.019925 -0.01851 0.92693 0.12161 -1.1496 0.38748
-0.044255 -1.6248 -0.37882 0.073568 0.23294 1.2414 0.43234 -0.36585 1.6604 0.80167 0.6126 0.98979 0.51875 2.2027 -1.3347 -1.3886 1.6479 -1.5302 1.7033 0.56593 -0.98525 0.72791 1.2649 -0.60339 0.13105 0.97304 -0.18413 1.0421 -0.84636 -0.10209 0.99424 -1.3644 1.6597 0.50006 -1.2223 0.64113 0.45596 -0.97584 -0.049303
0.64504 -1.6328 0.34471 0.1868 0.14071 1.9215 -0.50678 -1.2848 1.2083 0.39015 -0.28456 0.39387 0.89655 2.0465 -0.87429 -1.5 1.0868 -1.1561 0.50124 1.3745 -0.73064 -0.37119 1.4721 -0.19449 -0.28616 0.95912 -1.0275 1.462 -0.28007 -0.82165 1.6755 -2.4816 1.3808 0.95973 -2.1585 -0.39029 0.81236 -0.78721 -0.41512
1.0336 -1.3837 0.47709 0.43919 0.12917 1.6857 -0.85379 -1.5567 0.58574 0.42056 -0.66697 0.27387 0.95005 1.4658 -0.34215 -1.1808 0.84157 -0.15455 -0.05554 1.7311 0.16 -1.8006 1.1313 -0.016303 -0.52706 0.7568 -1.2433 1.4295 0.1029 -0.73927 1.7801 -2.5103 1.0381 1.5563 -1.5908 -0.94801 1.2905 -0.21525 -0.77397
0.3796 -1.5124 -0.24713 0.56363 0.35391 1.1223 0.32096 -1.5151 0.16972 0.71766 -0.16869 0.08822 1.0477 0.82131 0.51239 -0.89762 0.74259 0.89482 -1.5279 1.8048 0.48929 -2.2006 0.22396 0.63741 -0.70051 0.33686 -1.0085 0.97959 -0.086315 -0.59351 0.98259 -1.7128 0.34407 1.7692 0.0055891 -1.1675 1.1594 0.46083 -0.90398
0.89783 -1.4489 -0.20026 0.63379 0.72089 0.39019 1.1574 -1.2766 -0.083392 0.71983 0.43898 -0.33325 1.0427 0.62579 0.509 -1.5136 0.52427 0.70206 -1.9419 2.3197 1.638 -1.4902 0.036996 1.5254 -0.085354 0.00033409 -0.36749 0.37909 -0.17269 -0.66795 -0.39332 -0.66779 -0.59136 1.4744 1.4632 -0.92135 0.53093 0.96993 -0.78774
1.1795 -1.1816 -0.58127 0.78241 1.0477 0.42442 1.1771 -0.28655 -0.99214 1.0424 0.33205 0.30508 1.0544 0.6886 0.43831 -1.5127 0.20223 0.21275 -1.7376 1.7158 2.2065 -0.52879 -0.26015 1.3249 0.42801 -0.16197 -0.095735 -0.24493 0.15604 -0.74948 -1.3475 0.6953 -1.2777 0.89914 2.0002 -0.58683 -0.33631 1.0755 -0.4688
1.335 -0.96517 -1.3336 0.9578 1.0896 -0.5699 2.2987 -0.093524 -1.0157 0.73599 1.0036 -0.091606 0.98333 0.87743 0.36689 -1.2145 -0.06042 -0.53626 -1.1965 0.61418 2.364 0.21937 -0.42662 0.71 0.86674 -0.30044 -0.33203 -0.52065 0.98598 -0.68798 -1.4482 1.3365 -1.3004 -0.44287 1.6423 -0.4301 -0.83081 0.43197 -0.15049
1.4674 -1.0895 -1.3727 0.71111 0.57126 -0.46769 1.812 0.83891 -0.28928 0.18108 1.2319 0.40063 0.87723 0.51695 0.14751 -0.77125 -0.2785 -0.95624 -0.6208 0.1776 1.9921 0.85345 -0.69278 0.43145 0.99371 -0.29076 -0.70453 -0.59576 1.4058 -0.51614 -1.0392 1.62 -0.3986 -1.6657 0.76471 0.20852 -0.69531 -0.26466 0.10755
1.5812 -1.0233 -1.4287 0.5811 0.25861 -0.62344 1.2503 1.2146 0.16316 0.31109 0.64099 0.80382 0.80133 0.11902 -0.27108 -0.050207 -0.44226 -1.3681 -0.032484 0.56536 0.81878 1.0257 -0.59003 0.39842 0.50883 -0.18567 -0.94713 -0.45695 1.2793 -0.22351 -0.41513 1.5101 0.63657 -2.6578 0.091446 0.90354 -0.63995 -0.8134 0.28641
1.6333 -1.1537 -1.5991 0.4857 -0.16695 -0.43787 1.2874 1.5235 0.2205 0.49542 0.7004 0.9575 0.74044 -0.17754 -0.30153 0.52748 -0.516 -1.2771 0.67356 0.94913 -0.49155 0.55423 0.22189 0.17008 0.084101 -0.042049 -0.64045 -0.070637 0.93498 0.1076 0.03714 1.3036 0.6612 -2.6388 -0.13455 1.1002 -0.80542 -0.85266 0.26595
1.5802 -1.1752 -1.0338 0.4176 0.043164 -0.32059 1.7862 1.3531 0.42643 -0.067422 1.1078 0.83572 0.80259 -0.44578 -0.22097 0.52101 -0.34378 -1.1385 0.94585 1.4259 -1.929 0.53494 0.86987 -0.36245 -0.30403 0.04897 -0.23405 0.36683 0.39237 0.22982 0.15261 0.83243 -0.39499 -1.4174 0.29249 0.70085 -1.0817 -0.2467 0.081983
1.2128 -1.511 -0.80032 0.37569 -0.5347 0.20151 2.8345 0.26268 -0.069493 0.37723 1.1728 0.47481 0.89643 -0.33369 -0.0040205 0.68152 -0.15615 -1.0054 1.2969 0.99213 -2.1293 0.82163 0.71399 -0.71249 -0.30433 0.03177 0.23222 0.64807 0.03549 0.030666 -0.07375 0.13384 -1.876 0.30607 0.65502 -0.034438 -0.96887 0.18099 -0.22819
1.1497 -1.18 -0.78045 0.25775 -0.45909 0.34448 3.3591 -0.83984 -0.13423 1.1963 1.2022 0.0082943 0.90021 -0.22381 0.2304 0.59239 -0.23882 -1.2268 1.1897 -0.24028 -1.3164 1.4522 0.52302 -1.221 0.21628 -0.087659 0.40982 1.1087 0.070229 -0.25976 -0.11202 -0.65738 -2.9846 1.5943 0.68101 -0.85258 -0.1654 0.35077 -0.59929
0.99055 -1.2654 -1.0178 0.30323 -0.9293 0.71701 2.78 -1.5558 1.083 1.341 0.03975 0.50839 0.8505 0.10762 0.62236 0.54137 -0.53018 -1.3704 0.79112 -1.847 -0.166 1.3667 0.3225 -1.2424 0.19663 -0.35292 0.031853 1.6275 0.23933 -0.077289 0.02301 -1.3 -3.2261 1.6422 0.040269 -1.1008 0.91941 0.5056 -1.1191
1.4781 -0.95082 -0.52474 0.44243 -0.92114 1.1779 1.7391 -0.61812 1.4229 0.73714 -0.25167 0.79496 0.75617 0.040917 1.4333 0.70589 -0.62168 -1.1636 -0.027778 -2.9133 0.40156 1.5845 -0.60047 -0.37935 0.15934 -0.75297 -0.7329 1.8647 0.59233 0.48258 0.5612 -1.2873 -1.8001 0.99485 -1.1084 -0.87529 1.6659 0.1514 -1.5603
1.3254 -0.96099 -0.66919 0.027031 -1.6574 0.95536 0.84078 0.58044 2.0747 0.68165 -0.24855 1.3866 0.63609 -0.42102 2.2831 1.0571 -0.11347 -0.99726 -0.51162 -3.8942 0.4236 0.82111 -0.8738 0.69094 0.74914 -1.4915 -1.7926 1.4335 0.72782 1.0516 1.1396 -0.84211 0.5212 0.071549 -1.8099 -0.27275 1.2056 0.042331 -1.5892
1.6244 -0.47896 -0.11222 -0.41588 -1.5847 0.6116 -0.10587 0.68516 1.2104 0.54106 0.26789 0.34115 0.40409 -1.2545 2.7097 1.4296 0.37414 -0.38797 -0.55253 -2.7001 0.4537 -0.46194 -0.58915 1.0859 0.25323 -2.1055 -2.2531 0.56549 0.37338 1.392 1.8715 -0.17762 2.7866 -0.62618 -1.7738 0.44322 -0.044539 -0.44712 -1.0749
0.87681 0.53919 0.062919 -0.25648 -1.6896 -0.092732 -0.13711 -0.6241 1.8694 -0.082215 1.2003 0.26426 -0.029428 -2.3966 2.5282 1.529 0.77921 0.32651 -0.51532 -0.97779 -0.048177 -1.1726 -0.22007 0.40481 0.24373 -2.3117 -1.8982 -0.57999 -0.34934 0.82591 1.9429 -0.20581 3.7626 -1.0018 -0.63244 0.51225 -0.71425 -1.1144 0.11522
0.32282 1.6293 0.4923 0.68221 -1.5714 0.0028217 -2.0024 -1.0059 1.0592 0.56894 1.5241 1.7562 -1.0309 -2.9301 2.3137 1.1539 1.3291 1.5997 -0.36352 0.95631 -0.67035 -0.91035 -0.069951 -0.28347 -0.47747 -2.1255 -0.67777 -1.5359 -1.3891 -0.34577 1.2674 -0.36869 3.0591 -0.73166 0.46949 0.12867 -0.60049 -1.2573 1.459
-0.65073 1.4625 0.93956 0.9036 -1.1987 0.69213 0.10556 0.05864 0.48759 0.61344 0.36514 0.72565 -1.4581 -2.9203 1.4503 0.52196 0.82526 1.5649 -0.99596 1.4804 -1.1037 -0.20821 -0.14157 0.028238 -1.116 -1.2915 0.94702 -1.9496 -1.8926 -1.4241 0.38343 -0.60154 1.6461 -0.35086 1.0597 -0.64357 0.19809 -1.5253 2.54
-1.6706 1.3477 1.2804 0.90581 -0.62377 0.47817 0.86644 0.16541 0.21085 0.38857 -0.33481 1.2297 -1.456 -2.1911 0.52061 -0.69202 -0.26283 1.3116 -1.0038 1.9221 -0.54579 -0.036866 -0.38357 0.14767 -1.5846 -0.19832 2.1608 -1.7001 -1.5192 -2.0598 -0.85976 -0.82274 -0.55314 -0.34908 0.75378 -1.1356 0.66678 -0.69223 2.7905
-1.9615 1.7389 0.43558 1.1884 0.50038 0.028776 2.047 -0.77059 1.4031 0.45528 -0.084226 -0.27526 -1.4048 -1.1174 -0.037728 -1.1186 -0.90713 1.1704 -1.3182 1.6762 -0.84543 0.45519 -1.3223 0.61309 -2.2589 0.93393 2.7063 -1.026 -0.52542 -1.4047 -1.5943 -0.53451 -1.9362 -0.36539 0.26661 -1.1344 0.30582 0.28461 2.1078
-1.7914 1.4652 0.43189 0.045142 -0.46289 -1.7328 0.48203 -2.0123 1.4027 0.0090159 1.7989 -1.2625 -0.81845 -0.056018 0.038191 -0.89512 -1.3886 0.21994 -1.7353 -0.22959 -1.5308 0.2227 -1.6969 0.75789 -1.2881 1.3861 2.4754 -0.55399 0.61664 -0.55832 -1.985 -0.014787 -2.5407 -0.36687 -0.2322 -0.38573 -0.15923 1.2584 0.94622
-1.7559 1.5102 -1.1135 -0.43732 -0.56561 -0.83626 1.4573 -0.87805 1.2748 -0.35528 1.4407 -0.4261 -0.53529 0.74359 -0.13118 -0.38002 -1.0605 -0.81162 -1.6291 -1.1886 -1.3765 0.17145 -1.6997 0.35614 -0.68334 1.409 1.7208 -0.65132 0.77437 0.17657 -1.512 0.82344 -1.7716 0.52778 -0.50697 1.1553 -0.76412 2.0226 -0.21524
-1.1802 1.4933 -0.098065 0.16256 0.12098 -1.0346 0.62281 -1.5031 1.0558 -1.1626 1.2221 -0.97346 -0.20126 1.2052 -0.41733 0.079407 -1.1684 -1.3352 -0.88428 -1.5516 -1.0486 -0.36369 -0.9518 0.0063055 0.16536 1.1316 0.91242 -1.1916 0.64595 0.51312 -0.63481 1.1535 -0.48402 1.3379 -0.40266 2.5328 -0.7482 1.7002 -0.72962
-1.1526 1.5151 0.58208 -0.64859 -0.92933 -1.6953 -0.010024 -2.1189 0.4231 -1.3063 0.21034 -0.22377 -0.12676 1.2565 -0.96744 -0.16897 -0.72614 -0.82368 -0.22651 -1.0914 0.0065931 -0.25911 0.54922 -0.45533 1.0877 0.70349 0.46076 -1.2623 0.034005 0.59455 -0.11284 1.2265 0.42073 1.7898 -0.33015 3.2926 -0.1863 1.4074 -0.95
-0.88242 1.252 0.60186 0.10762 -1.3623 -2.0625 -0.23255 -2.0983 1.3339 -1.276 0.31669 -0.21105 -0.015561 1.2756 -1.6604 0.19508 -0.68152 -0.93905 -0.30776 -1.2334 0.55642 -0.36497 2.1052 -0.24968 1.252 0.52857 0.28765 -0.46283 -0.19657 1.2903 0.3836 1.0188 0.56628 1.8907 -0.27619 2.6127 0.31187 0.93505 -1.2236
-0.29211 1.1217 -0.077105 -0.96571 -1.244 -1.3314 -0.14843 -2.5853 1.022 -0.1626 1.3289 -0.72803 -0.069127 1.505 -1.7519 -0.39106 -0.28859 -1.2187 0.34678 -0.56486 1.5399 -0.48865 3.1781 0.16172 1.6105 0.13492 -0.23291 0.87041 0.44703 1.7216 0.67225 1.1029 0.16054 1.1534 -0.9855 0.87337 -0.032826 0.73708 -1.5706
-0.28492 0.043152 -0.82571 -0.95053 -1.0355 -1.5213 -0.38811 -0.68563 0.9758 1.0126 1.3446 0.76709 0.058425 1.5742 -0.84791 -0.19566 0.83365 -0.43751 0.70833 -0.75236 2.1136 -0.80386 2.8161 0.34255 1.7919 -0.61331 -1.144 2.0173 1.0465 2.1847 0.96842 0.97246 0.20134 0.46263 -0.93203 -1.1252 -1.0024 0.43741 -1.8083
-0.019021 -0.41781 -0.010339 -0.8734 -1.4224 -1.2679 -0.33696 -0.091592 0.41513 1.8991 0.53215 0.97876 0.21236 0.6883 0.17065 0.84865 1.4844 0.15434 1.3004 -1.0489 1.6227 -1.9855 1.8888 -0.77589 2.3079 -1.3298 -1.8887 2.3524 1.6892 1.7678 1.0909 0.25058 0.076935 -0.29212 -0.43558 -2.5628 -1.4154 -0.36395 -1.5325
0.95544 -0.0080121 -0.0070226 0.10695 -1.9092 -0.73653 -0.2632 -0.028403 0.22097 2.086 0.9644 0.98268 -0.2087 -0.33159 0.95892 1.523 2.2025 0.14562 1.0087 -0.62999 1.4726 -1.4575 0.55283 -1.6876 1.7913 -1.7374 -2.0345 1.5402 1.1403 0.5807 0.72238 -0.19821 0.36212 -0.80938 0.60314 -2.6583 -0.72203 -1.2716 -0.7134
0.76342 1.3249 0.57872 0.83542 -1.3106 -1.0647 -1.4636 0.20448 -0.21942 1.2176 0.67482 1.8429 -1.1727 -0.86246 1.5203 1.904 2.0752 0.48526 0.65236 -0.50361 1.2477 -1.0293 -0.68675 -1.5319 0.88845 -1.8442 -1.3506 0.21901 -0.026928 -0.59643 0.96598 -0.19929 0.59247 -0.66962 1.1696 -1.729 0.3199 -1.8664 0.35713
-0.58165 1.4487 1.6036 1.2704 -0.73755 0.29865 -1.5368 -0.70142 -1.5251 1.1157 -0.53824 2.4229 -1.5397 -1.2262 1.2108 1.4006 1.5296 0.71763 0.65661 -0.35471 0.61218 -0.11262 -1.0786 -0.64195 -0.044743 -1.5396 -0.38971 -1.0411 -1.0434 -1.4267 0.89531 0.42954 0.66531 -0.59417 0.97974 -0.60194 0.64153 -2.1243 1.2446
-1.0259 1.3572 1.1741 1.0264 -1.2069 -0.43492 -0.29529 0.47849 0.013259 1.0969 -0.55098 1.3102 -1.6122 -1.2418 0.43247 0.84224 0.77258 1.6351 1.0987 -0.073738 0.65475 -0.37786 -0.66827 -0.63836 -0.5157 -0.83773 0.25019 -1.5623 -1.5038 -1.6877 0.15475 0.19364 0.57611 -0.40197 0.83565 -0.079098 0.60665 -1.9008 1.6178
-0.85934 1.152 1.6808 1.2023 -0.6686 -1.0055 -1.0227 1.8255 -0.20965 0.58882 -0.23477 1.7668 -1.5408 -0.83558 -0.34677 0.07782 0.36707 1.208 1.5729 0.40779 0.52784 0.12459 -0.6344 -0.84959 -1.7665 -0.17855 0.56818 -1.267 -1.4536 -1.4746 -0.1725 -0.26501 0.31464 -0.62457 0.43059 -0.29219 0.5368 -1.3445 1.5466
-0.71567 1.0112 1.4871 1.1322 -0.95313 0.1267 -0.94884 -0.12264 0.41344 0.90219 0.56777 0.54675 -1.4732 -0.63014 -0.47583 -0.27504 -0.2826 0.52106 0.54449 0.19649 0.44853 0.47739 -1.0686 -0.211 -2.0613 0.15588 1.01 -1.1446 -1.9736 -1.1404 -1.2328 -1.0274 0.090024 -1.1665 0.71814 -0.39188 0.48697 -0.43104 1.3291
-0.50094 1.0929 1.0606 1.3333 0.85703 1.2736 -0.93556 0.73542 -1.3784 1.2256 -0.23124 1.0765 -1.4861 -0.5472 -0.58553 -0.78704 -0.5127 0.95631 0.43422 0.089227 -0.58917 0.29077 -1.4532 0.2258 -1.9648 0.52626 1.6655 -1.3182 -2.1465 -0.82758 -1.7687 -1.638 -0.084986 -0.91117 0.73002 0.021555 0.19621 0.8921 1.315
-1.0968 1.0485 0.999 1.4108 -0.22043 1.4808 -0.8259 0.5613 -0.18975 0.028053 -1.4555 -0.39004 -1.5663 0.37302 -1.4815 -2.4479 -0.77834 -0.49926 -0.24398 0.23311 -1.2188 0.93391 -1.0278 -0.19135 -1.2738 1.0119 2.3765 -1.472 -1.9598 -0.31227 -2.033 -1.415 0.42153 -0.58113 1.1673 0.88652 -0.01648 1.4659 1.3727
-1.9361 0.8098 1.3805 0.4233 -0.93633 -0.55243 -0.82082 0.55002 -0.037241 -0.40002 -0.31955 -0.16322 -1.3082 1.5706 -2.1855 -2.8829 -0.83383 -1.5235 -1.0762 0.20085 -0.53923 1.3145 -0.61859 -0.4392 -0.35864 1.5721 2.7881 -1.0763 -1.1202 0.16289 -1.4097 -0.78202 0.71856 0.29522 0.82903 1.7849 0.033036 1.7136 1.0827
-1.2934 0.50831 -0.038602 0.48078 0.49965 -0.23813 -0.29756 -0.194 0.69089 -0.70784 0.59684 -0.85558 -0.80038 2.4645 -2.2903 -2.9238 -0.67793 -1.9647 -1.3306 0.92509 -0.79051 2.2412 0.23478 0.12879 0.090239 1.9073 2.0689 -0.045104 0.34889 0.78146 0.3582 0.87849 0.70537 0.78215 0.085377 1.728 0.06967 1.2313 0.38616
0.77645 -1.1178 -2.3223 0.47729 -1.9588 -0.65213 -1.0295 -0.71805 1.0296 0.26641 -0.57184 0.67383 -0.25326 3.282 -2.0931 -2.6693 -0.2955 -0.89525 -0.47992 1.0982 -0.19408 1.2494 1.3857 0.16915 0.80566 1.8722 0.39384 0.86765 1.6271 0.92552 1.5854 2.0638 0.37383 0.88647 -0.60681 1.1244 -0.25783 0.68005 -0.49277
1.7232 -1.319 -1.6996 0.44784 -2.1295 -0.29291 -0.6622 -0.089042 1.1432 0.636 -0.69035 0.2823 0.23638 3.1319 -1.6088 -1.9167 0.29168 -0.15977 1.0771 1.1141 0.23095 1.1205 1.3294 -0.32098 0.62742 1.501 -1.6199 1.5001 2.5611 0.67759 2.5984 2.2857 -0.25938 1.1131 -1.0739 0.010616 -0.34067 0.034333 -1.1214
1.7704 -0.86156 -1.7761 0.68012 -1.1588 -0.33057 0.8967 -0.13744 1.85 1.0878 -0.41802 0.52103 0.3405 1.9162 -0.98682 -0.34857 0.27015 0.47529 1.5354 0.79911 0.78946 0.67157 1.0181 -0.67558 0.74833 0.95753 -2.8004 1.4238 2.4633 0.27789 2.1003 1.5158 -0.83222 0.61676 -0.59127 -0.96895 -0.012564 -0.27956 -1.3023
2.1564 -1.0436 -1.7015 0.67967 -0.84748 0.34857 0.37431 0.5419 0.90051 1.2906 -0.64764 0.31667 0.30692 0.29795 -0.18104 0.7074 0.19845 2.1065 1.8883 0.55101 1.0286 0.41099 0.43351 -0.070945 0.19687 0.50494 -2.6234 0.85927 1.5913 -0.10758 1.0734 0.3852 -1.3551 -0.0099222 -0.41431 -1.2608 0.29421 -0.23006 -1.0396
1.8551 -1.1728 -1.539 0.73653 -0.59653 1.2727 0.34511 0.33988 1.7922 0.58806 -0.12573 0.30696 0.41661 -0.21889 -0.28011 0.62646 0.21777 1.8158 1.9146 -0.24431 0.68536 0.43141 -0.059054 0.059031 0.46813 0.21075 -1.5351 0.36856 0.33798 -0.11674 -0.055253 -0.40456 -0.96171 -0.61233 0.12351 -0.9087 0.23228 -0.008549 -0.65965
1.7757 -1.3437 -1.2545 0.70436 0.046902 1.5672 0.056398 0.56901 1.6127 0.85519 -0.94883 0.80989 0.42867 -0.40831 -0.43765 0.56635 0.11663 1.1334 1.5927 -0.99277 0.25738 0.4148 -0.593 -0.077806 0.31419 0.15027 -0.26651 0.15743 -0.42108 -0.1122 -1.24 -1.2594 -0.2708 -0.83415 0.048214 -0.15795 -0.14542 0.18269 -0.41762
1.3316 -1.3242 -1.2701 0.62873 0.30204 1.6298 -0.21299 0.87851 1.5667 1.1587 -0.62357 0.76946 0.49133 -0.43148 -0.20522 0.33946 0.093958 0.8582 0.92511 -0.30182 -0.10393 0.8985 -0.24403 -0.18192 0.68147 0.040529 0.26792 0.57568 -0.61462 -0.099279 -1.4326 -1.7019 0.34675 -0.748 -0.4244 0.34321 -0.057416 -0.22348 -0.37087
1.7026 -1.4179 -0.92064 0.8508 -0.039868 2.1065 -0.3209 0.67869 1.9661 0.65874 -0.34148 0.84787 0.47274 -0.073537 0.059951 0.043275 0.051117 0.3118 0.041175 0.03419 -0.31729 0.25864 0.21264 -0.19352 0.4663 -0.10313 0.36572 0.913 -0.70848 -0.12077 -0.95785 -1.6106 0.50767 -0.55413 -0.9474 0.62541 0.066073 -0.24118 -0.50062
1.4195 -1.3564 -1.2418 0.79213 0.10312 1.8033 -0.47916 0.12283 2.0532 0.21716 -0.59536 0.61345 0.4755 0.072416 0.49214 -0.28302 0.063671 -0.39943 -0.4715 -0.11705 -0.58857 -0.33607 0.20075 0.0447 -0.04804 -0.27824 0.11115 1.1376 -0.66076 -0.055663 -0.35128 -1.1913 -0.082339 -0.59722 -1.5548 0.58048 0.19442 -0.28613 -0.7637
1.5959 -1.2672 -1.3224 0.74207 0.30585 1.8139 0.42826 0.40175 2.4096 1.1726 -0.86686 1.404 0.32921 -0.030193 0.83363 -0.46965 -0.092319 0.0056129 -0.7018 -0.13527 -0.6582 -0.83906 0.3968 -0.023553 0.20325 -0.5211 -0.53738 1.1329 -0.55418 -0.02975 0.11023 -0.71989 -0.73772 -0.57471 -1.3764 0.57603 0.28876 -0.027361 -0.98989
1.8034 -1.0999 -1.41 0.72609 -0.12245 1.161 0.2474 -0.0051726 1.6263 1.1375 -0.54089 0.85503 0.3102 -0.26917 1.4266 -0.66171 0.054392 0.36556 -0.91929 -0.40064 -1.181 -1.6149 0.78857 0.14985 0.24699 -1.0173 -1.2827 0.8264 -0.31369 -0.01604 0.24269 -0.34109 -0.81334 -0.42137 -1.2482 0.41757 0.45988 0.30293 -1.0361
1.6534 -0.64166 -1.5899 0.76805 -0.52017 0.99271 -0.74611 -0.043122 0.76923 1.1223 -0.74364 0.47434 0.10938 -0.85518 1.6031 -0.82491 -0.010629 0.1288 -1.0773 -1.2666 -1.2218 -1.8144 1.0348 0.3538 0.27278 -1.3753 -1.6559 0.5034 0.53953 0.0097151 -0.00072247 -0.0049413 -0.32659 0.11747 -0.58691 -0.20086 0.60757 0.34461 -0.8115
1.1829 -0.40231 -1.7055 0.51019 0.71163 1.1099 -0.45459 -0.041345 0.85005 1.344 -0.41344 1.3262 -0.12904 -1.7736 1.5736 -0.71139 -0.019804 -0.018948 -0.92425 -1.1392 -1.1885 -2.3094 0.6892 0.78813 0.53492 -1.5694 -1.4117 -0.036903 1.6981 0.22527 -0.47287 -0.00109 0.47101 1.07 0.4426 -1.3275 0.27066 0.41303 -0.29416
1.2982 0.34445 -1.846 1.1053 0.50962 0.9014 -0.76795 -1.635 0.1142 1.4786 -0.22607 1.1546 -0.8468 -2.1903 1.6529 0.55112 -0.053226 0.19414 -0.71697 -0.41873 -0.41504 -1.6561 0.049585 0.87616 0.76077 -1.5911 -0.56946 -0.36865 2.4791 0.55088 -1.0518 -0.095193 0.97706 1.7185 0.8897 -1.8538 -0.50645 -0.26616 0.26737
0.081702 0.26557 -2.446 0.57707 -0.068757 0.15006 -2.0294 -1.1666 0.24453 1.972 -0.41373 1.144 -1.0236 -2.086 1.3352 1.8213 0.45117 -0.53556 -1.11 0.054897 0.63679 -0.83956 -1.3098 0.45342 0.84196 -1.398 0.39662 -0.66334 2.376 0.55425 -0.79452 0.18149 0.74191 2.2647 1.2266 -1.3375 -0.96277 -1.0764 0.76268
-0.7619 0.36878 -1.97 0.66719 -0.10443 0.56655 -0.36955 -0.8808 -1.0336 1.8608 0.32264 2.0081 -1.2359 -1.7076 1.0668 2.5462 0.69354 -1.5415 -1.1693 -0.012022 1.4361 -0.81806 -1.5815 -0.4228 -0.40661 -1.0189 1.0685 -0.84703 1.2264 0.51192 -0.1214 0.59951 0.3981 1.3604 0.85937 -0.40632 -0.9691 -1.3593 0.93342
-0.69685 1.0235 0.20405 0.64751 0.22335 0.2561 -0.33759 0.0090672 -0.25249 0.56951 0.35637 1.3494 -1.3061 -1.3307 0.68783 2.7349 0.55231 -0.60863 -0.37031 0.057282 2.593 -0.33654 -1.1057 -0.39226 -1.0354 -0.59235 1.3119 -0.86712 -0.44606 -0.26751 0.71504 1.0955 -0.29607 0.075798 0.84602 0.79015 -0.67561 -1.2594 0.87875
-0.6707 0.8397 0.84512 1.6305 -0.97653 -0.67492 -0.85335 1.0212 0.22909 -0.96858 -0.60599 1.7861 -1.4458 -0.70652 0.4716 2.3799 0.76836 0.0059483 0.015513 0.31947 1.4324 -0.23576 -0.84954 -0.54316 -1.0231 -0.44766 1.0784 -0.83943 -1.8068 -0.7797 1.2039 1.298 -0.24456 -1.1078 0.73785 1.6511 -0.29719 -0.34514 0.63165
-0.73386 0.9651 0.7408 1.3922 -1.2418 -0.34979 -0.99403 0.86933 -0.67586 0.44082 -1.1879 0.056749 -1.4342 -0.29847 0.092136 1.05 -0.064583 -0.0021449 0.31897 -0.70498 0.79139 0.51493 -0.14281 -0.75877 -1.3716 -0.22798 0.70717 -0.42863 -1.8706 -0.863 0.48896 0.96663 0.32823 -1.6545 0.2994 1.6585 -0.19779 0.32762 0.36406
-0.90555 0.97993 0.59406 1.2356 0.46067 0.88005 -1.1885 1.9423 -0.34993 1.3552 -0.11553 -0.031033 -1.5469 -0.34476 -0.12685 -0.020537 -0.36381 0.35774 0.88253 -0.12607 0.027126 0.18973 1.1467 -0.77724 -0.92314 -0.15504 0.39638 -0.026583 -1.1101 -0.60512 0.11784 0.27566 0.68536 -1.014 -0.015033 0.90319 -0.098735 0.99539 0.24011
-1.2489 0.74186 0.45525 1.3437 0.057718 0.19878 -0.62344 -0.27007 -0.52641 0.75701 -0.59835 0.97349 -1.5613 -0.28321 0.22497 0.40606 -0.39174 0.10858 0.97872 0.88523 -0.15168 0.024456 1.1203 -0.61994 -0.41805 -0.13618 0.3735 0.3444 -0.20262 0.21065 -0.46844 -0.52757 1.0607 -0.59642 -0.67628 -0.29819 0.023325 1.2192 0.14115
-0.9186 0.68167 0.062705 0.19022 -0.47322 0.79043 -1.5078 0.68103 0.37955 0.725 -0.59074 0.23598 -1.431 -0.030357 0.35692 0.60052 -0.13136 0.164 0.18789 0.8156 -0.21076 -0.033358 0.27205 -0.76498 0.5094 -0.096533 0.44834 0.4153 0.13124 0.35495 -0.71808 -0.82766 0.19649 -0.019542 -0.61536 -0.80941 0.61864 0.77805 0.13927
-1.0577 0.97556 0.78578 0.92677 0.11999 1.0042 -0.28901 0.65003 -0.012168 1.5781 -1.2705 0.3078 -1.5434 0.18803 0.46066 0.34196 0.16934 -0.76559 -0.31972 0.83654 -0.33557 -0.71301 -0.29193 -0.68033 0.37108 -0.024251 0.22962 0.088754 -0.28625 0.23508 -0.43853 -0.63658 -0.60199 -0.14085 -0.52914 -0.37533 1.262 0.4654 0.13859
-1.0222 1.3464 1.8146 1.5405 -1.3685 0.56563 0.5739 1.2366 -0.39497 0.67544 -1.5246 0.72778 -1.6481 0.19446 0.49159 0.24087 -0.044171 -0.52269 -0.010291 0.25036 0.073438 -0.66157 0.27084 0.4933 0.25478 0.018875 -0.045474 -0.23334 -0.64798 -0.39129 -0.20687 -0.003121 -1.0569 -0.30277 -0.062599 0.20997 1.811 0.075751 0.15506
-0.77371 1.2979 1.0301 1.06 0.26396 0.015356 -0.63112 0.55442 -0.87073 1.1817 -1.4222 0.74744 -1.539 -0.0040294 0.31415 0.031394 -0.04287 -0.35361 -0.11017 -0.013961 -0.5918 -0.71239 0.38421 1.2404 0.65347 0.034863 -0.23199 -0.48248 -0.6903 -0.81082 0.4373 0.40532 -1.177 -0.39361 0.62257 0.54877 1.5826 0.037241 0.13676
-0.79441 1.232 0.32037 1.2621 -0.79035 0.41693 -0.18541 0.45956 -1.2682 0.5657 -0.49771 0.66545 -1.5278 -0.024793 0.014815 -0.47783 -0.71808 -0.42326 0.068844 -0.8148 -0.71756 -0.16977 0.33713 1.83 0.5294 0.12997 -0.20609 -0.49878 -0.61635 -0.74435 0.36948 0.3501 -0.82969 -0.44148 0.71596 0.33358 0.76853 -0.056787 0.11073
-1.0198 1.1683 0.69237 0.47789 -0.74163 0.77803 -0.89025 0.043716 -0.44533 1.5544 0.297 1.0276 -1.4603 -0.11964 -0.15866 -0.61178 -0.91343 -0.016814 0.38321 -0.91722 -0.76399 0.24856 0.73787 1.7632 0.31758 0.14592 -0.08689 -0.31455 -0.36916 -0.55025 0.29617 0.3557 -0.48365 -0.09153 0.60353 0.28745 0.23188 -0.22432 0.07239
